0.00000000 3.00000000 0.00000000 0.00000000 0.00000000 0.00000000 0.00000000 0.00000000 0.00000000 1.00000000 0.00000000 0.00000000 0.00000000 0.00000000
0.10000500 3.00159249 0.01245225 0.00058884 0.00355166 0.09178830 0.09938407 0.10633138 0.01420962 0.54239715 0.04900240 0.04829308 0.00881506 0.02318618
0.20001000 3.00278463 0.00602926 0.00069380 0.00304636 0.07056888 0.16665115 0.18224468 0.03724434 0.31066639 0.06920022 0.08901754 0.02421050 0.04042689
0.30001500 3.00289214 0.00386245 0.00054096 0.00195659 0.04228077 0.18637928 0.22354010 0.05792370 0.22116566 0.05900856 0.11882462 0.04014750 0.04436982
0.40002000 3.00228956 0.00321174 0.00058818 0.00135158 0.02739278 0.19434156 0.22488466 0.06654990 0.17872820 0.07458634 0.14221480 0.04793402 0.03821623
0.50002500 3.00321325 0.00279440 0.00063576 0.00122870 0.02367194 0.21938861 0.21644615 0.07332255 0.13144567 0.08677161 0.15379271 0.05188146 0.03862044
0.60003000 3.00214190 0.00300971 0.00061006 0.00159013 0.03229931 0.21769941 0.19853155 0.07989399 0.11489667 0.08094720 0.16072004 0.06284935 0.04695260
0.70003500 3.00035815 0.00287711 0.00072394 0.00192182 0.03843391 0.21285309 0.18861812 0.09367006 0.08802147 0.09969770 0.15430138 0.06705522 0.05182619
0.80004000 2.99917759 0.00252061 0.00069777 0.00172411 0.03491925 0.22881530 0.18760734 0.10524811 0.07619928 0.09039428 0.14183502 0.08284453 0.04719439
0.90004500 2.99721451 0.00210044 0.00074129 0.00130814 0.02254190 0.24132894 0.19296821 0.11986616 0.06464999 0.09921886 0.12678432 0.08884475 0.03964701
1.00005000 2.99677125 0.00158623 0.00067956 0.00109382 0.01966029 0.24633897 0.19236854 0.13365874 0.04920793 0.10363956 0.12377340 0.08968318 0.03830977
1.10005500 2.99738986 0.00127847 0.00066833 0.00073988 0.01096922 0.26205353 0.18914111 0.15121811 0.04541147 0.09374928 0.10874270 0.09631075 0.03971714
1.20006000 2.99636501 0.00141350 0.00056656 0.00098399 0.01482679 0.27461210 0.18648409 0.16006809 0.04249754 0.07935263 0.10005756 0.09540062 0.04373654
1.30006500 2.99598684 0.00150771 0.00055343 0.00100196 0.01650031 0.27946533 0.18857390 0.16506968 0.04300357 0.07613192 0.08891488 0.09677963 0.04249767
1.40007000 2.99551485 0.00168453 0.00051475 0.00120205 0.02044654 0.28326406 0.19111819 0.16591924 0.03749123 0.08078343 0.08344410 0.09551852 0.03861336
1.50007500 2.99562766 0.00145726 0.00052789 0.00089077 0.01720955 0.29819391 0.19451181 0.17144396 0.03775762 0.07550128 0.06692961 0.09833296 0.03724339
1.60008000 2.99429128 0.00114702 0.00055628 0.00061151 0.01143848 0.30351829 0.19676026 0.17388790 0.03433989 0.07361526 0.05954740 0.10442227 0.04015544
1.70008500 2.99353928 0.00118864 0.00054097 0.00065136 0.00759560 0.31293752 0.18777826 0.16974379 0.03882083 0.06878344 0.06157185 0.11599428 0.03439345
1.80009000 2.99269217 0.00117907 0.00050664 0.00059307 0.01295053 0.31807121 0.17926016 0.18405793 0.03297188 0.06418658 0.05990681 0.11717765 0.02913848
1.90009500 2.99034221 0.00110592 0.00049748 0.00058694 0.01314644 0.33033204 0.16926749 0.18878295 0.03110690 0.06188584 0.05731258 0.11850168 0.02747373
2.00010001 2.98970697 0.00077252 0.00054145 0.00031745 0.00416926 0.34137159 0.16379288 0.19556219 0.02702023 0.06470450 0.05244240 0.12182027 0.02748525
2.10010501 2.98825804 0.00114342 0.00046807 0.00070759 0.01272855 0.34298871 0.14976553 0.20289115 0.02857422 0.06270927 0.05062249 0.11894281 0.02845820
2.20011001 2.98824820 0.00106821 0.00049409 0.00063292 0.01251277 0.34743953 0.14188852 0.20998464 0.02656618 0.06441925 0.04922779 0.12166249 0.02410362
2.30011501 2.98656633 0.00081533 0.00045657 0.00036236 0.00580287 0.35351976 0.14247385 0.21028913 0.02606202 0.05842988 0.04944427 0.12530467 0.02703932
2.40012001 2.98612645 0.00095687 0.00040325 0.00059496 0.01062123 0.36098602 0.13394021 0.21792571 0.02365198 0.05495568 0.04843962 0.12372933 0.02379514
2.50012501 2.98492382 0.00075978 0.00041087 0.00043740 0.00683331 0.36354397 0.12620113 0.22613955 0.02391156 0.05429664 0.04123722 0.13160898 0.02461961
2.60013001 2.98361793 0.00086213 0.00038518 0.00051499 0.01081671 0.36993459 0.12147047 0.23348191 0.02404868 0.04832198 0.03528980 0.13187634 0.02299722
2.70013501 2.98144574 0.00077715 0.00036137 0.00048349 0.00936783 0.37951389 0.12236346 0.23812196 0.01760929 0.04391078 0.03384564 0.13209199 0.02155314
2.80014001 2.98037462 0.00072627 0.00035857 0.00038870 0.00731698 0.37940271 0.12525257 0.23802801 0.01875280 0.04871658 0.02756493 0.13349412 0.01999775
2.90014501 2.97955426 0.00080191 0.00035233 0.00055632 0.01112147 0.38748909 0.12222179 0.23991040 0.01467261 0.03979586 0.02537307 0.13645232 0.02125283
3.00015001 2.97860093 0.00080397 0.00029586 0.00058032 0.01027352 0.39081505 0.12420611 0.24247149 0.01383088 0.03569780 0.02721916 0.13271980 0.02108604
3.10015501 2.97555767 0.00069189 0.00034727 0.00038675 0.00871518 0.38877271 0.11365949 0.24250562 0.01817664 0.03845637 0.02501234 0.14391803 0.01935771
3.20016001 2.97424229 0.00085077 0.00031493 0.00047575 0.00703435 0.39322132 0.10633334 0.24640925 0.02142015 0.03823900 0.02056292 0.14581550 0.01932273
3.30016501 2.97186884 0.00065784 0.00031040 0.00035587 0.00881161 0.40112970 0.09438795 0.25763314 0.01921551 0.03518714 0.02049057 0.14573961 0.01608064
3.40017001 2.97028518 0.00073478 0.00032386 0.00059133 0.01067538 0.40673322 0.08180433 0.25398890 0.01524664 0.03215790 0.02722440 0.15079611 0.01972314
3.50017501 2.96965781 0.00069718 0.00030945 0.00049397 0.00895859 0.41100721 0.07998828 0.25256435 0.01755459 0.03119452 0.02621781 0.15292447 0.01808958
3.60018001 2.96638110 0.00067371 0.00035103 0.00053996 0.00947873 0.41256484 0.07223727 0.25312543 0.01526826 0.03377438 0.02442914 0.15618432 0.02137293
3.70018501 2.96368105 0.00065605 0.00033554 0.00060241 0.01229045 0.41164401 0.06619411 0.25912992 0.01291119 0.03329337 0.02685784 0.15759716 0.01848795
3.80019001 2.96284625 0.00057225 0.00032463 0.00052329 0.01055296 0.41286711 0.06622730 0.25937321 0.00869957 0.04005775 0.02947817 0.15537729 0.01594646
3.90019501 2.96137742 0.00044645 0.00029064 0.00037742 0.00776822 0.41100943 0.06207216 0.26735727 0.01114601 0.03889453 0.02349899 0.16044813 0.01669075
4.00020001 2.96088970 0.00046350 0.00026062 0.00043861 0.00519020 0.41581659 0.06672959 0.26381933 0.00888167 0.03474599 0.02715881 0.15935746 0.01713762
4.10020501 2.96061265 0.00039117 0.00027452 0.00028102 0.00471700 0.41673631 0.06691001 0.26892478 0.00981655 0.03596387 0.02379774 0.16010052 0.01208651
4.20021001 2.95816942 0.00038736 0.00027769 0.00027211 0.00374156 0.41710094 0.06165272 0.27003710 0.00925623 0.03000381 0.02975709 0.16458046 0.01293294
4.30021501 2.95669326 0.00027625 0.00026983 0.00012986 0.00025693 0.41942871 0.06856081 0.27120289 0.00879037 0.02606571 0.02594183 0.16703286 0.01204395
4.40022001 2.95443818 0.00035504 0.00029691 0.00018338 0.00370711 0.41409804 0.06975381 0.27058043 0.00841237 0.03191703 0.02284375 0.16710760 0.01074454
4.50022501 2.95345728 0.00031821 0.00027183 0.00008684 0.00024271 0.41359814 0.07124955 0.26869410 0.01187503 0.03029524 0.02321407 0.16914069 0.01101358
4.60023001 2.95180006 0.00025926 0.00027176 0.00011779 0.00020404 0.41719253 0.06790233 0.27044865 0.00880903 0.02999298 0.02032312 0.17209409 0.01238442
4.70023501 2.95164694 0.00055561 0.00026980 0.00047805 0.01063853 0.41813258 0.05949781 0.26680691 0.00745009 0.02659427 0.01828209 0.17819645 0.01309782
4.80024001 2.94948257 0.00044239 0.00026367 0.00030698 0.00338077 0.42252957 0.06311562 0.26899574 0.00843297 0.02480581 0.01859155 0.17540521 0.01372971
4.90024501 2.94916865 0.00033892 0.00023222 0.00021940 0.00089605 0.42253443 0.05970034 0.27026952 0.01028822 0.02346220 0.02051374 0.17550164 0.01604333
5.00025001 2.94612265 0.00049401 0.00021719 0.00041343 0.00745920 0.42115399 0.05679902 0.26999077 0.00842795 0.02308563 0.02464879 0.17355242 0.01375759
5.10025501 2.94331830 0.00054844 0.00022739 0.00041228 0.01084317 0.42121365 0.05216018 0.27237438 0.00820525 0.02139729 0.03106602 0.17278729 0.00876466
5.20026001 2.94446637 0.00036734 0.00021861 0.00021869 0.00770566 0.42351641 0.05285328 0.27096981 0.00796802 0.01904393 0.03439228 0.17425124 0.00849474
5.30026501 2.94418599 0.00029114 0.00023349 0.00014266 0.00170516 0.42333585 0.05269980 0.27195755 0.00816823 0.02164168 0.03399862 0.17683143 0.00899439
5.40027001 2.94404049 0.00029920 0.00019683 0.00012461 0.00381491 0.42445301 0.04817814 0.27373621 0.01168416 0.01907498 0.03077181 0.17853897 0.00912718
5.50027501 2.94429309 0.00050926 0.00022332 0.00043612 0.00815803 0.42883955 0.04473581 0.27246819 0.00690713 0.01509125 0.02646558 0.18337769 0.01278808
5.60028001 2.94425289 0.00045629 0.00022485 0.00032453 0.00519334 0.42991521 0.04864039 0.27233821 0.00824068 0.01402053 0.02482853 0.18550120 0.01031624
5.70028501 2.94060648 0.00042047 0.00024523 0.00031834 0.00514802 0.42365844 0.05313135 0.27376175 0.00909184 0.01968131 0.01861396 0.18465326 0.01127602
5.80029001 2.93863311 0.00031472 0.00020696 0.00021304 0.00611093 0.42245465 0.05394130 0.27398620 0.00856958 0.01917523 0.01866737 0.18417697 0.01218306
5.90029501 2.93920320 0.00054539 0.00021465 0.00045634 0.00860334 0.42588384 0.05261155 0.26879427 0.00801447 0.02064622 0.01657738 0.18646102 0.01119153
6.00030002 2.93903116 0.00044396 0.00019914 0.00033240 0.00744164 0.42730822 0.04958222 0.26945345 0.01089625 0.01882453 0.01624191 0.18621466 0.01306162
6.10030502 2.93864053 0.00044378 0.00024383 0.00039681 0.00761946 0.43090724 0.04609158 0.27077292 0.00881588 0.02101973 0.01218203 0.18905629 0.01245046
6.20031002 2.93849019 0.00037646 0.00025501 0.00023248 0.00208839 0.43189154 0.04631876 0.26835366 0.01392386 0.02450112 0.01203426 0.18699867 0.01302579
6.30031502 2.93817522 0.00047926 0.00021624 0.00034831 0.00753269 0.43569389 0.04316305 0.26839893 0.01263501 0.02064388 0.01028648 0.18904706 0.01155521
6.40032002 2.93752275 0.00024354 0.00023370 0.00016912 0.00382213 0.44326288 0.04111297 0.26836204 0.00888266 0.02039823 0.01412881 0.18974315 0.00964077
6.50032502 2.93482787 0.00026023 0.00025871 0.00020971 0.00199085 0.44898723 0.03442990 0.26793478 0.00926011 0.02102142 0.01418762 0.18979787 0.01166158
6.60033002 2.93284903 0.00018773 0.00023604 0.00017546 0.00205474 0.45467354 0.03398520 0.27022652 0.00559816 0.01581869 0.01574200 0.19104521 0.01025671
6.70033502 2.93133301 0.00038593 0.00022589 0.00031642 0.00730335 0.45422864 0.03445872 0.27043298 0.00549965 0.01509780 0.01354166 0.19201470 0.00649427
6.80034002 2.92910000 0.00032249 0.00020134 0.00021985 0.00565412 0.45556329 0.03690108 0.27168491 0.00624258 0.01364694 0.01091700 0.19090352 0.00774289
6.90034502 2.92914406 0.00039444 0.00019711 0.00035082 0.00676965 0.45520056 0.03567588 0.27356959 0.00578930 0.01393314 0.00807959 0.19109959 0.00894032
7.00035002 2.92700462 0.00024376 0.00018261 0.00022413 0.00292276 0.45346957 0.03652258 0.27738614 0.00389373 0.01321590 0.01413810 0.18974579 0.00805494
7.10035502 2.92573688 0.00020843 0.00018396 0.00017344 0.00376884 0.45574801 0.03750698 0.27575578 0.00341279 0.01273201 0.01229573 0.18958025 0.00863380
7.20036002 2.92423440 0.00024253 0.00016658 0.00019806 0.00385970 0.45397338 0.03987600 0.27378681 0.00539075 0.01094675 0.01235560 0.18912648 0.01007736
7.30036502 2.92184393 0.00024820 0.00018092 0.00010569 0.00179673 0.45413302 0.03670634 0.27420295 0.00743620 0.01227936 0.01540548 0.19120375 0.00630136
7.40037002 2.92190321 0.00025391 0.00018926 0.00013813 0.00197781 0.45635933 0.03286524 0.27567753 0.00834099 0.01418462 0.01132529 0.19158926 0.00709862
7.50037502 2.92094711 0.00027274 0.00020195 0.00013564 0.00197289 0.45535130 0.03034740 0.27504295 0.00955218 0.01422464 0.01351855 0.19317915 0.00620061
7.60038002 2.91903686 0.00032477 0.00019361 0.00017970 0.00385639 0.45693191 0.03222825 0.27457040 0.00881886 0.01007657 0.01385257 0.19422751 0.00473947
7.70038502 2.91699471 0.00021224 0.00021313 0.00004001 0.00214243 0.45630134 0.03268305 0.27236763 0.00992005 0.01046432 0.01400940 0.19665357 0.00499283
7.80039002 2.91432636 0.00035170 0.00019976 0.00022494 0.00548704 0.45784393 0.03150656 0.27496017 0.00887511 0.01051797 0.01082034 0.19447816 0.00473430
7.90039502 2.91087750 0.00023997 0.00021206 0.00017719 0.00202285 0.46095764 0.03107741 0.27066437 0.00770660 0.01377588 0.01406953 0.19039005 0.00870644
8.00040002 2.91064081 0.00020579 0.00021913 0.00010556 0.00025527 0.45962959 0.02767624 0.27087082 0.01007804 0.01593099 0.01514351 0.19134948 0.00853557
8.10040502 2.91058201 0.00027687 0.00019660 0.00020039 0.00349911 0.46024178 0.02599832 0.26775988 0.00728909 0.01759978 0.01992251 0.19020195 0.00681371
8.20041002 2.90937725 0.00031187 0.00019174 0.00029506 0.00559330 0.46424283 0.02676364 0.27044718 0.00523721 0.01695453 0.01386437 0.18816371 0.00793455
8.30041502 2.90732530 0.00043059 0.00020484 0.00040229 0.00879396 0.46418912 0.02264295 0.27195481 0.00480252 0.01668397 0.01387222 0.18896726 0.00705548
8.40042002 2.90476443 0.00026048 0.00021418 0.00018338 0.00353732 0.46456906 0.02612041 0.27522585 0.00616195 0.01670554 0.01243170 0.18928538 0.00530478
8.50042502 2.90351156 0.00016246 0.00022122 0.00004501 0.00013224 0.47142812 0.02590290 0.27548339 0.00728556 0.01527020 0.01138627 0.18759707 0.00508555
8.60043002 2.90124517 0.00020078 0.00020475 0.00012823 0.00180285 0.47593555 0.02470325 0.27398724 0.00698708 0.01228336 0.01168266 0.18558910 0.00649516
8.70043502 2.89763963 0.00027338 0.00021292 0.00019886 0.00332343 0.48203180 0.02539413 0.26779514 0.00643567 0.01090392 0.01251715 0.18505621 0.00585738
8.80044002 2.89655901 0.00018376 0.00021570 0.00015102 0.00191068 0.48390078 0.02274750 0.26782264 0.00486369 0.01353253 0.01181011 0.18652835 0.00633324
8.90044502 2.89311440 0.00027275 0.00020432 0.00027646 0.00562916 0.48439564 0.02531724 0.26185854 0.00376436 0.01302788 0.01154956 0.18651363 0.00719047
9.00045002 2.89241792 0.00028368 0.00018233 0.00024461 0.00360187 0.48858327 0.01924627 0.26252557 0.00707499 0.01274134 0.01238972 0.18596749 0.00715886
9.10045502 2.89180492 0.00011102 0.00019852 0.00011198 0.00010371 0.49697537 0.01765560 0.26105033 0.00600564 0.01098425 0.01170968 0.18679153 0.00830237
9.20046002 2.88971222 0.00012710 0.00018425 0.00007822 0.00011587 0.49560274 0.02031552 0.26335339 0.00586799 0.01111347 0.01111600 0.18574614 0.00637930
9.30046502 2.88728485 0.00030568 0.00018235 0.00025367 0.00517313 0.49249236 0.02007926 0.26748423 0.00558587 0.00794133 0.00947915 0.18589973 0.00512324
9.40047002 2.88727214 0.00022313 0.00014896 0.00015801 0.00195752 0.49274598 0.02199385 0.26749180 0.00706598 0.00617971 0.01162547 0.18343355 0.00697604
9.50047502 2.88582891 0.00033207 0.00013771 0.00031563 0.00514544 0.49318135 0.02045508 0.26701024 0.00402988 0.00584972 0.01372523 0.18182098 0.00799667
9.60048002 2.88291578 0.00036743 0.00019207 0.00032229 0.00723598 0.49636285 0.01733344 0.26343190 0.00371584 0.00562368 0.01461522 0.18638950 0.00440981
9.70048502 2.88158654 0.00031021 0.00017917 0.00036017 0.00747113 0.49760012 0.01785312 0.25806559 0.00381880 0.00546880 0.01547786 0.18468632 0.00870870
9.80049002 2.87829419 0.00031264 0.00016071 0.00027020 0.00711590 0.49813267 0.02536509 0.25945428 0.00239110 0.00738091 0.01415860 0.18087144 0.00438648
9.90049502 2.87672692 0.00010009 0.00018779 0.00003835 0.00006626 0.49887846 0.02624445 0.26199468 0.00297147 0.00699239 0.01523398 0.18394667 0.00334541
10.00050003 2.87523541 0.00017272 0.00017305 0.00010043 0.00190848 0.50081521 0.02203292 0.26147505 0.00319175 0.00743368 0.01703934 0.18210302 0.00355437
10.10050503 2.87301807 0.00020797 0.00018696 0.00011783 0.00208965 0.49805751 0.01627142 0.25982533 0.00640197 0.00954715 0.01962303 0.18238305 0.00528813
10.20051003 2.87063304 0.00019988 0.00017495 0.00012080 0.00170548 0.49557116 0.02543494 0.26603907 0.00378051 0.00958427 0.01322924 0.18063055 0.00352916
10.30051503 2.86938084 0.00008948 0.00019192 0.00003564 0.00005473 0.49928434 0.02167551 0.26374983 0.00365670 0.01113821 0.01487467 0.18163571 0.00361327
10.40052003 2.86838808 0.00028989 0.00016661 0.00025872 0.00733734 0.50052058 0.01807747 0.26156433 0.00302888 0.01055191 0.01355599 0.17919657 0.00545170
10.50052503 2.86932207 0.00015798 0.00018572 0.00011555 0.00169610 0.50129756 0.02033972 0.26342001 0.00438025 0.01235848 0.01046051 0.18073823 0.00484989
10.60053003 2.86797640 0.00023180 0.00016796 0.00010267 0.00197909 0.50441806 0.01897592 0.26301846 0.00793562 0.00902293 0.01196923 0.17937259 0.00280567
10.70053503 2.86761433 0.00010069 0.00016561 0.00003067 0.00006825 0.51025063 0.02254891 0.26335800 0.00426022 0.00888266 0.01003075 0.17734310 0.00296051
10.80054003 2.86634332 0.00021672 0.00015682 0.00015786 0.00336799 0.51079683 0.02059546 0.26347379 0.00412523 0.00860875 0.00848850 0.17696381 0.00304825
10.90054503 2.86565004 0.00012619 0.00015418 0.00004596 0.00202518 0.50901949 0.02053677 0.26359155 0.00399049 0.00840932 0.01006880 0.17882545 0.00320661
11.00055003 2.86416671 0.00017619 0.00016023 0.00011027 0.00176983 0.51309005 0.01880482 0.26167388 0.00503798 0.00818314 0.00723854 0.17889271 0.00486237
11.10055503 2.86136971 0.00015197 0.00015701 0.00005262 0.00015997 0.51059816 0.01724797 0.26320297 0.00639959 0.00999495 0.01136658 0.17604691 0.00462129
11.20056003 2.86043557 0.00018504 0.00015900 0.00010243 0.00183564 0.51304235 0.01613637 0.26486286 0.00453750 0.00826216 0.01135510 0.17567362 0.00384791
11.30056503 2.85753786 0.00021424 0.00015018 0.00016753 0.00350333 0.51190971 0.01863720 0.26445176 0.00383723 0.00805190 0.01031700 0.17543644 0.00332347
11.40057003 2.85717075 0.00018674 0.00014784 0.00009027 0.00202016 0.51061106 0.01777207 0.26369250 0.00557139 0.00810748 0.01353968 0.17544112 0.00281970
11.50057503 2.85625663 0.00011099 0.00015230 0.00002757 0.00006559 0.50998841 0.01978294 0.26442061 0.00529065 0.00791825 0.01161368 0.17752043 0.00310857
11.60058003 2.85364854 0.00022168 0.00015244 0.00025082 0.00752977 0.51347861 0.01367525 0.26107525 0.00170304 0.01157875 0.00836140 0.17571496 0.00625804
11.70058503 2.85237588 0.00020574 0.00017143 0.00020201 0.00351048 0.51642617 0.01191168 0.26546115 0.00331307 0.01113187 0.00693693 0.17480939 0.00592009
11.80059003 2.85196813 0.00016731 0.00017951 0.00018506 0.00356021 0.52006296 0.01508546 0.26526403 0.00109985 0.00807252 0.00515372 0.17642099 0.00474839
11.90059503 2.85105057 0.00018603 0.00015948 0.00018904 0.00312415 0.51789590 0.01523261 0.26478551 0.00136821 0.00798499 0.00708697 0.17917413 0.00281299
12.00060003 2.84841749 0.00006633 0.00016904 0.00008791 0.00108657 0.51382214 0.01568260 0.26723910 0.00161754 0.01005663 0.00871971 0.17871310 0.00273933
12.10060503 2.84860743 0.00016257 0.00015870 0.00013528 0.00377193 0.51351586 0.01444987 0.26882033 0.00153275 0.00998104 0.00562025 0.17952408 0.00232735
12.20061003 2.84677350 0.00005108 0.00018324 0.00001976 0.00003910 0.51359316 0.01300995 0.27213274 0.00171319 0.00971363 0.00693416 0.18037723 0.00223276
12.30061503 2.84661620 0.00007408 0.00017835 0.00001739 0.00008200 0.51333422 0.01021406 0.27161813 0.00331270 0.01198536 0.00626921 0.18088394 0.00203055
12.40062003 2.84624496 0.00003415 0.00019654 0.00001242 0.00002658 0.52108163 0.00716691 0.26982670 0.00121548 0.01134303 0.00590727 0.18155210 0.00163719
12.50062503 2.84224885 0.00017153 0.00018570 0.00015486 0.00557595 0.51650901 0.00610081 0.27151958 0.00085858 0.00970666 0.00566279 0.18207906 0.00147548
12.60063003 2.84090211 0.00008378 0.00017979 0.00007107 0.00162545 0.51633042 0.00616537 0.27116127 0.00110833 0.01003718 0.00733607 0.18429133 0.00160994
12.70063503 2.84018521 0.00015639 0.00016492 0.00015063 0.00368425 0.51439758 0.00828897 0.27099892 0.00075100 0.01038362 0.00571720 0.18405495 0.00125156
12.80064003 2.83785403 0.00009685 0.00018567 0.00001722 0.00007451 0.51277873 0.00829023 0.26969544 0.00485485 0.01247296 0.00539673 0.18486720 0.00126961
12.90064503 2.83470661 0.00018669 0.00018023 0.00014816 0.00367556 0.51367533 0.00892698 0.27140505 0.00285154 0.01015043 0.00502944 0.18258897 0.00118162
13.00065003 2.83236640 0.00009538 0.00019271 0.00006277 0.00191985 0.51169294 0.01056113 0.27485939 0.00220564 0.00830965 0.00386089 0.18494530 0.00129435
13.10065503 2.83185525 0.00005185 0.00017521 0.00001384 0.00002709 0.51276700 0.01242505 0.27339028 0.00207843 0.00703473 0.00387619 0.18663279 0.00152756
13.20066003 2.82970540 0.00005979 0.00016871 0.00001825 0.00005727 0.51245651 0.01075615 0.27149040 0.00203465 0.00903985 0.00753052 0.18484454 0.00154336
13.30066503 2.82845099 0.00005764 0.00018381 0.00002492 0.00004917 0.51058427 0.01266242 0.26771772 0.00135077 0.01288836 0.00825563 0.18462585 0.00159946
13.40067003 2.82788916 0.00011607 0.00014954 0.00007753 0.00178453 0.51016306 0.01280377 0.26766491 0.00169864 0.01049808 0.00776929 0.18552441 0.00175017
13.50067503 2.82609342 0.00017279 0.00014040 0.00005431 0.00202544 0.50802647 0.01252355 0.26593042 0.00560623 0.00998266 0.00757058 0.18592005 0.00204710
13.60068003 2.82538921 0.00018225 0.00015903 0.00014173 0.00172573 0.51130838 0.01265194 0.26096140 0.00351837 0.00985376 0.00790804 0.18771743 0.00387195
13.70068503 2.82359907 0.00022410 0.00018863 0.00023879 0.00553297 0.50721737 0.01331380 0.25651013 0.00217182 0.00646259 0.00890089 0.19362127 0.00561762
13.80069003 2.82232203 0.00036936 0.00014956 0.00030605 0.00886980 0.50659430 0.01607581 0.25434442 0.00429602 0.00676710 0.01026144 0.19014462 0.00182152
13.90069503 2.82106944 0.00015806 0.00019746 0.00009442 0.00386188 0.50552353 0.01575920 0.25622120 0.00414990 0.01234807 0.00987072 0.18970974 0.00210583
14.00070004 2.82059788 0.00011242 0.00015688 0.00005523 0.00009093 0.50707390 0.01911894 0.25482479 0.00457628 0.01170539 0.00955097 0.18823904 0.00449523
14.10070504 2.81970939 0.00012189 0.00016410 0.00008739 0.00009081 0.50410419 0.01453779 0.25439762 0.00605033 0.01315524 0.01109777 0.19017885 0.00601403
14.20071004 2.81555212 0.00012952 0.00018074 0.00007885 0.00007446 0.50129158 0.00945391 0.25839633 0.00850750 0.01275928 0.01045490 0.19137207 0.00730087
14.30071504 2.81314797 0.00017798 0.00018504 0.00016425 0.00191044 0.49972433 0.00964678 0.26229202 0.00561371 0.01447870 0.00971613 0.18931991 0.00677070
14.40072004 2.81282876 0.00016556 0.00019250 0.00012080 0.00173314 0.50107720 0.00755419 0.26419270 0.00634373 0.01464108 0.00700168 0.19189652 0.00508090
14.50072504 2.81284639 0.00018863 0.00019145 0.00008727 0.00180396 0.50040863 0.00822427 0.26394386 0.00762578 0.01479725 0.00740775 0.19265881 0.00266233
14.60073004 2.81119182 0.00009232 0.00020926 0.00003977 0.00205682 0.49976197 0.00863038 0.26495142 0.00430416 0.01478993 0.00890188 0.19428742 0.00197468
14.70073504 2.80805351 0.00015610 0.00019992 0.00012239 0.00188879 0.49580379 0.00863597 0.26991339 0.00533493 0.01492612 0.00642435 0.19315677 0.00343747
14.80074004 2.80836826 0.00015946 0.00019146 0.00008821 0.00188894 0.49746007 0.00848978 0.26774537 0.00467483 0.01689768 0.00734396 0.19370543 0.00135482
14.90074504 2.80707176 0.00015992 0.00018218 0.00009890 0.00381724 0.49529005 0.01069837 0.26561199 0.00433362 0.01537538 0.00942197 0.19354039 0.00146999
15.00075004 2.80368519 0.00015576 0.00019100 0.00011304 0.00354520 0.49611282 0.01007708 0.26569044 0.00359986 0.01684412 0.00874402 0.19316162 0.00176504
15.10075504 2.80247540 0.00018237 0.00022023 0.00008284 0.00192044 0.49259982 0.01066028 0.26184260 0.00657958 0.01823556 0.00714373 0.19910179 0.00143075
15.20076004 2.80156311 0.00008948 0.00019569 0.00002096 0.00005671 0.49224761 0.01250149 0.26238271 0.00434265 0.01798662 0.00928081 0.19918737 0.00170790
15.30076504 2.79785292 0.00008157 0.00021962 0.00002132 0.00004327 0.48812593 0.01425259 0.26643082 0.00372185 0.01802740 0.01007149 0.19719623 0.00180791
15.40077004 2.79585431 0.00013779 0.00021555 0.00009642 0.00188415 0.48318776 0.01554985 0.26927167 0.00200081 0.01650694 0.01220847 0.19681808 0.00212249
15.50077504 2.79446511 0.00006820 0.00022480 0.00002247 0.00004546 0.48177685 0.01359229 0.27078783 0.00234487 0.01681820 0.01152685 0.20039232 0.00239986
15.60078004 2.79404319 0.00007595 0.00022580 0.00002646 0.00006938 0.48364550 0.01362657 0.26535669 0.00268449 0.01738019 0.01287547 0.20139182 0.00264169
15.70078504 2.79275556 0.00013578 0.00020748 0.00009129 0.00191782 0.48803303 0.01398908 0.26549276 0.00234631 0.01530507 0.01119011 0.19896166 0.00232959
15.80079004 2.79185037 0.00013692 0.00019676 0.00009431 0.00185211 0.48733762 0.01640548 0.26689034 0.00238146 0.01518895 0.00895991 0.19838633 0.00216981
15.90079504 2.79041198 0.00025793 0.00018323 0.00014715 0.00356887 0.48534742 0.01469523 0.26477518 0.00656609 0.01479842 0.01047803 0.19689575 0.00228671
16.00080004 2.79123223 0.00033535 0.00017523 0.00023095 0.00733627 0.48531865 0.01786455 0.26685105 0.00556016 0.01140457 0.00636421 0.19625049 0.00230851
16.10080504 2.78733982 0.00028783 0.00019304 0.00022489 0.00739114 0.47989659 0.01416983 0.26989878 0.00352181 0.01512590 0.01210023 0.19488569 0.00230428
16.20081004 2.78637226 0.00024509 0.00017045 0.00016525 0.00341594 0.48073753 0.01488490 0.26958302 0.00543867 0.01468445 0.01358006 0.19482456 0.00227010
16.30081504 2.78581582 0.00010578 0.00019792 0.00005865 0.00008390 0.48098202 0.01570904 0.27120452 0.00399494 0.00973666 0.01362752 0.19987888 0.00442017
16.40082004 2.78523400 0.00016541 0.00018195 0.00013047 0.00382308 0.48266996 0.01610253 0.26807413 0.00265096 0.00961311 0.01292774 0.19946086 0.00419981
16.50082504 2.78188754 0.00012228 0.00020189 0.00006488 0.00012936 0.48249930 0.01543015 0.26483955 0.00614553 0.01333912 0.01348332 0.19912013 0.00462448
16.60083004 2.78056417 0.00022848 0.00016811 0.00013713 0.00395654 0.48614774 0.01746309 0.26329155 0.00612457 0.01118382 0.01153581 0.19520878 0.00455439
16.70083504 2.77812676 0.00017703 0.00020545 0.00012544 0.00163382 0.48518681 0.01784807 0.26117293 0.00448437 0.01678567 0.01336791 0.19464913 0.00436336
16.80084004 2.77483351 0.00022021 0.00019254 0.00010786 0.00204519 0.48010277 0.01950328 0.26046160 0.00675078 0.01622459 0.01544105 0.19501850 0.00393162
16.90084504 2.77251759 0.00025334 0.00018041 0.00019173 0.00364266 0.48075832 0.02194662 0.25868302 0.00607841 0.01427754 0.01241712 0.19610070 0.00547013
17.00085004 2.77224293 0.00014496 0.00019026 0.00012061 0.00168197 0.48684778 0.02326636 0.25336307 0.00376606 0.01647969 0.01338569 0.19511919 0.00563435
17.10085504 2.76976370 0.00020159 0.00020086 0.00016544 0.00284066 0.48584545 0.01734914 0.25726822 0.00566653 0.01597430 0.01273722 0.19671116 0.00503942
17.20086004 2.76768048 0.00021209 0.00018691 0.00018390 0.00533022 0.48908828 0.01860920 0.25689508 0.00441927 0.01133960 0.01419496 0.19449012 0.00505036
17.30086504 2.76604284 0.00019781 0.00017553 0.00014444 0.00288412 0.48936320 0.02244389 0.25322554 0.00718921 0.01165171 0.01548993 0.19358401 0.00365060
17.40087004 2.76114195 0.00026829 0.00020754 0.00014836 0.00176428 0.48521079 0.02191713 0.25700650 0.00867078 0.01408558 0.01361265 0.19148959 0.00561852
17.50087504 2.75807446 0.00028269 0.00020656 0.00024711 0.00323903 0.48251050 0.02473189 0.25371628 0.00631673 0.01387779 0.01396942 0.19368887 0.00721313
17.60088004 2.75642633 0.00012653 0.00019353 0.00014282 0.00014998 0.48014302 0.02188513 0.26003991 0.00546823 0.01389207 0.01608273 0.19173147 0.01014458
17.70088504 2.75565345 0.00030779 0.00018954 0.00027714 0.00547623 0.47936344 0.02257862 0.26008126 0.00543634 0.01746384 0.01109569 0.19090192 0.00682818
17.80089004 2.75403716 0.00020856 0.00021124 0.00019450 0.00332717 0.47888974 0.02410832 0.26226727 0.00396462 0.02039872 0.01071726 0.19023303 0.00547958
17.90089504 2.75186101 0.00027658 0.00020354 0.00020643 0.00381899 0.47688800 0.02601143 0.26034878 0.00588391 0.01973778 0.01041603 0.19082191 0.00538663
18.00090005 2.75020312 0.00033217 0.00021220 0.00022102 0.00494150 0.47972143 0.02559389 0.25862520 0.00755649 0.01817831 0.00968072 0.19126287 0.00367421
18.10090505 2.74764085 0.00017198 0.00023781 0.00003000 0.00008190 0.48461007 0.02495638 0.26240341 0.00727458 0.02184448 0.00841350 0.18690423 0.00307166
18.20091005 2.74825464 0.00023259 0.00020081 0.00008157 0.00183586 0.48528491 0.02334105 0.26181472 0.00824935 0.02148131 0.00739256 0.18721825 0.00286703
18.30091505 2.74796184 0.00035402 0.00020594 0.00024593 0.00509296 0.48772961 0.02093636 0.26167284 0.00669132 0.02180111 0.00579476 0.18659051 0.00288466
18.40092005 2.74551586 0.00017018 0.00021140 0.00008717 0.00201637 0.48370938 0.02024062 0.26530957 0.00696918 0.02313396 0.00560599 0.18763569 0.00491049
18.50092505 2.74632876 0.00011954 0.00022453 0.00004276 0.00007367 0.48435088 0.01851533 0.26513091 0.00521945 0.02832074 0.00758523 0.18597295 0.00444402
18.60093005 2.74411828 0.00015051 0.00021094 0.00008503 0.00206009 0.48270883 0.01882463 0.26252226 0.00457304 0.02420716 0.01417976 0.18635080 0.00412694
18.70093505 2.74322823 0.00029103 0.00020139 0.00022758 0.00747263 0.48392795 0.01570914 0.26441900 0.00525766 0.02068966 0.01351325 0.18476201 0.00352872
18.80094005 2.74275567 0.00026552 0.00019626 0.00018127 0.00330524 0.48808309 0.02090109 0.26229496 0.00512100 0.01929757 0.01294061 0.18412813 0.00328526
18.90094505 2.74247945 0.00020387 0.00019592 0.00016550 0.00208006 0.49031117 0.01813351 0.26049064 0.00797395 0.01706178 0.01090521 0.18394048 0.00853791
19.00095005 2.74152679 0.00017742 0.00017718 0.00012168 0.00216818 0.48908369 0.02233716 0.25862793 0.00881973 0.01235249 0.01429755 0.18375871 0.00807828
19.10095505 2.74043505 0.00024440 0.00018361 0.00019926 0.00565006 0.48567232 0.01971577 0.26016833 0.00844249 0.01330555 0.01820895 0.18067019 0.00753908
19.20096005 2.74027213 0.00027712 0.00017888 0.00012441 0.00174514 0.48802922 0.02049073 0.26410461 0.00986109 0.01141783 0.01752387 0.18226946 0.00397764
19.30096505 2.73583816 0.00028464 0.00019985 0.00017147 0.00266774 0.48216316 0.02112954 0.26551812 0.00958909 0.01306178 0.01599619 0.18305709 0.00616132
19.40097005 2.73415414 0.00052454 0.00017137 0.00041021 0.01058989 0.48305903 0.02414209 0.26369904 0.00704251 0.01134310 0.01559495 0.17972745 0.00369581
19.50097505 2.73343624 0.00017404 0.00021052 0.00013345 0.00211048 0.48204933 0.02391920 0.26018044 0.00585717 0.01714782 0.01643250 0.18441190 0.00737316
19.60098005 2.73245285 0.00019446 0.00020891 0.00015640 0.00180558 0.48294311 0.02699257 0.26037362 0.00462128 0.01869985 0.01507539 0.18177451 0.00715432
19.70098505 2.73088475 0.00032304 0.00018176 0.00029243 0.00770751 0.48852035 0.02322487 0.26183147 0.00484231 0.01641900 0.00960723 0.17904743 0.00800261
19.80099005 2.72937825 0.00017105 0.00019467 0.00019006 0.00202993 0.49030751 0.02302086 0.26298507 0.00456913 0.01432052 0.01167315 0.18019223 0.01034581
19.90099505 2.72632126 0.00026033 0.00020208 0.00029130 0.00519669 0.49201368 0.02177190 0.26301341 0.00356031 0.01444191 0.00979173 0.18032893 0.00912773
20.00100005 2.72579140 0.00034186 0.00018949 0.00028590 0.00516605 0.49407174 0.01808948 0.26052414 0.01036656 0.01470984 0.00876949 0.17850479 0.00898066
20.10100505 2.72247192 0.00036916 0.00021315 0.00034470 0.00942276 0.49334339 0.01874178 0.25581187 0.00933487 0.01886801 0.00822382 0.17576357 0.00956291
20.20101005 2.72265751 0.00025438 0.00021100 0.00023034 0.00291579 0.49796706 0.01852812 0.25785550 0.00941538 0.01726056 0.00850398 0.17870587 0.00815200
20.30101505 2.72137085 0.00024483 0.00021808 0.00013696 0.00207394 0.49501456 0.02330271 0.25439648 0.00917399 0.01711821 0.01193236 0.18125267 0.00513522
20.40102005 2.71924716 0.00017873 0.00021496 0.00013895 0.00175564 0.49684277 0.02205275 0.25641826 0.00775379 0.01887479 0.01068876 0.17964922 0.00543138
20.50102505 2.71763266 0.00022592 0.00020763 0.00018330 0.00368822 0.49707973 0.02350964 0.25795326 0.00593668 0.01739327 0.01022748 0.17936611 0.00422876
20.60103005 2.71539428 0.00017809 0.00020320 0.00010539 0.00167797 0.49488908 0.02312046 0.25786696 0.00774531 0.02132903 0.01282801 0.17571173 0.00434478
20.70103505 2.71534174 0.00021662 0.00021134 0.00011860 0.00163536 0.49816112 0.02270831 0.25838504 0.00698312 0.01706565 0.01425700 0.17617685 0.00408100
20.80104005 2.71325666 0.00013611 0.00020676 0.00005953 0.00008068 0.49770619 0.02137227 0.25802326 0.00627070 0.01712104 0.01628767 0.17694275 0.00579304
20.90104505 2.71188621 0.00017852 0.00020172 0.00014263 0.00165810 0.49603855 0.01955627 0.25864114 0.00536611 0.01718295 0.01729497 0.17593564 0.00780340
21.00105005 2.71052249 0.00016468 0.00020804 0.00012013 0.00189297 0.50210133 0.01946173 0.25737537 0.00363064 0.01884838 0.01522958 0.17546688 0.00550026
21.10105505 2.70877151 0.00012189 0.00018582 0.00004865 0.00012049 0.50344776 0.01973898 0.25675336 0.00543966 0.01839622 0.01527260 0.17521685 0.00525773
21.20106005 2.70690997 0.00011858 0.00018011 0.00004037 0.00006507 0.50228181 0.02315538 0.26076036 0.00513518 0.01637332 0.01333453 0.17440440 0.00415089
21.30106505 2.70270425 0.00012380 0.00018891 0.00004009 0.00012834 0.50493338 0.02421466 0.26044879 0.00525970 0.01111947 0.01435618 0.17530946 0.00387724
21.40107005 2.70274125 0.00016719 0.00018476 0.00016939 0.00388900 0.50103915 0.02322190 0.25992289 0.00332734 0.01174046 0.01384322 0.17511274 0.00738195
21.50107505 2.70141048 0.00038506 0.00016485 0.00024820 0.00507176 0.49917712 0.02431681 0.26112876 0.00775187 0.01022386 0.01270938 0.17530540 0.00351692
21.60108005 2.70134726 0.00029391 0.00016449 0.00019942 0.00740523 0.50262490 0.02412946 0.26478306 0.00474747 0.00861970 0.00803379 0.17580786 0.00319073
21.70108505 2.70072481 0.00017192 0.00015004 0.00012217 0.00197460 0.50221295 0.02703855 0.26651454 0.00266264 0.00860949 0.00858885 0.17651298 0.00544127
21.80109005 2.70049685 0.00026236 0.00016774 0.00016346 0.00355117 0.50379748 0.02442602 0.26475450 0.00266282 0.01046657 0.00725994 0.17881372 0.00367423
21.90109505 2.69987360 0.00008173 0.00017845 0.00002401 0.00005151 0.50391831 0.02369024 0.26911352 0.00232914 0.00861985 0.00625284 0.18216987 0.00357054
22.00110006 2.69958900 0.00015386 0.00015431 0.00010408 0.00160281 0.50548404 0.02195818 0.26897994 0.00250043 0.00700555 0.00608831 0.18237615 0.00359233
22.10110506 2.69652081 0.00022394 0.00017368 0.00017963 0.00519609 0.50056264 0.02374418 0.26853820 0.00226115 0.01066925 0.00671349 0.17805623 0.00368152
22.20111006 2.69554468 0.00015780 0.00014275 0.00007312 0.00016966 0.50026042 0.02603472 0.26842364 0.00565945 0.00848562 0.00651363 0.17868756 0.00539162
22.30111506 2.69379890 0.00013287 0.00016273 0.00004668 0.00011533 0.49906185 0.02294552 0.27013004 0.00546933 0.01026006 0.00637216 0.18038532 0.00491811
22.40112006 2.69198075 0.00008160 0.00016711 0.00002406 0.00004805 0.50391568 0.02419405 0.26771854 0.00197067 0.01191557 0.00600674 0.18028310 0.00367481
22.50112506 2.69196004 0.00011756 0.00015623 0.00011276 0.00181398 0.50322451 0.02045452 0.26889352 0.00343058 0.01133794 0.00490523 0.18038780 0.00516537
22.60113006 2.68960936 0.00012105 0.00016076 0.00011881 0.00171177 0.50091620 0.02422155 0.26634617 0.00163577 0.01113237 0.00696311 0.18144450 0.00522794
22.70113506 2.68872533 0.00017127 0.00015435 0.00014808 0.00193692 0.50220684 0.02124582 0.26660284 0.00339496 0.01090605 0.00679979 0.18012991 0.00630317
22.80114006 2.68786298 0.00012591 0.00017330 0.00011687 0.00166493 0.50345810 0.01924371 0.26820989 0.00287378 0.01090775 0.00471919 0.18325096 0.00525561
22.90114506 2.68709946 0.00007398 0.00016182 0.00005535 0.00206114 0.50249976 0.01820743 0.27019594 0.00263497 0.00942304 0.00677895 0.18371944 0.00418818
23.00115006 2.68498715 0.00014505 0.00016771 0.00012814 0.00185006 0.49814757 0.01975033 0.27028890 0.00304200 0.00951546 0.00588804 0.18588035 0.00519637
23.10115506 2.68366810 0.00014263 0.00017877 0.00020418 0.00198066 0.49426487 0.01584677 0.27199856 0.00308013 0.01142136 0.00468978 0.18613643 0.01005584
23.20116006 2.68217901 0.00028526 0.00018610 0.00030049 0.00668165 0.49612778 0.01503490 0.27460254 0.00156326 0.01116726 0.00414192 0.18591632 0.00399253
23.30116506 2.67966033 0.00037361 0.00017539 0.00035470 0.00862450 0.49384056 0.01704986 0.27387983 0.00158193 0.01083900 0.00587661 0.18526522 0.00213879
23.40117006 2.67630024 0.00029123 0.00019531 0.00027930 0.00886813 0.49230656 0.01705352 0.27201149 0.00139865 0.01276574 0.00619194 0.18672090 0.00191723
23.50117506 2.67435776 0.00021652 0.00016843 0.00012805 0.00365351 0.49368696 0.02061055 0.26968662 0.00347535 0.01296822 0.00768930 0.18548978 0.00222672
23.60118006 2.67237366 0.00026368 0.00017424 0.00020443 0.00515118 0.49160356 0.01960265 0.26954274 0.00351424 0.01472887 0.00631322 0.18595059 0.00295060
23.70118506 2.67129364 0.00021291 0.00018230 0.00014254 0.00332835 0.48935174 0.02090433 0.27087588 0.00389522 0.01345068 0.00611139 0.18813940 0.00340526
23.80119006 2.67105675 0.00011294 0.00017828 0.00005798 0.00196765 0.49087854 0.02097442 0.27062133 0.00287503 0.01327015 0.00301300 0.19105171 0.00499898
23.90119506 2.67091775 0.00021623 0.00015794 0.00019585 0.00337323 0.49096504 0.02128377 0.27107065 0.00260021 0.01264364 0.00347105 0.18916273 0.00485966
24.00120006 2.67008497 0.00016968 0.00015267 0.00013385 0.00311315 0.49050334 0.02192134 0.26911411 0.00228708 0.01247701 0.00591623 0.18975286 0.00445867
24.10120506 2.66787024 0.00032769 0.00015681 0.00030023 0.00686322 0.48976710 0.02309204 0.27007018 0.00203899 0.00762973 0.00634500 0.19037618 0.00303283
24.20121006 2.66699660 0.00022744 0.00015736 0.00006891 0.00172632 0.49513944 0.02057360 0.26811036 0.00692197 0.00773296 0.00525160 0.19085987 0.00323015
24.30121506 2.66614251 0.00019322 0.00016400 0.00008582 0.00190854 0.49824796 0.01886163 0.26633828 0.00633507 0.00627240 0.00544280 0.19297736 0.00317292
24.40122006 2.66526672 0.00014662 0.00017549 0.00008723 0.00185858 0.49936921 0.02072163 0.26557410 0.00357071 0.00837426 0.00431374 0.19250694 0.00330148
24.50122506 2.66413521 0.00017273 0.00016657 0.00012194 0.00381952 0.50205481 0.01716576 0.26586172 0.00293658 0.00642015 0.00464644 0.19349675 0.00313702
24.60123006 2.66236601 0.00013036 0.00016787 0.00008340 0.00185270 0.50242891 0.01410345 0.26907172 0.00256172 0.00613314 0.00659946 0.19419836 0.00266891
24.70123506 2.65960366 0.00006646 0.00019251 0.00002032 0.00004369 0.49733392 0.01593138 0.27113119 0.00246735 0.00834989 0.00677669 0.19499249 0.00269411
24.80124006 2.65784830 0.00019681 0.00016166 0.00014266 0.00333366 0.49901401 0.01598762 0.26891367 0.00411913 0.00671080 0.00565202 0.19319985 0.00256810
24.90124506 2.65633471 0.00025589 0.00018407 0.00015090 0.00336547 0.49637704 0.01822313 0.26752307 0.00680247 0.01048294 0.00294017 0.19143289 0.00226197
25.00125006 2.65429002 0.00021985 0.00015881 0.00009415 0.00196629 0.49734486 0.01457729 0.26874287 0.00775784 0.00824004 0.00713918 0.19151342 0.00224540
25.10125506 2.65200299 0.00021264 0.00017809 0.00014912 0.00357583 0.49883008 0.01006086 0.26714596 0.00686871 0.01010487 0.00536374 0.19374101 0.00376909
25.20126006 2.65048171 0.00032234 0.00014929 0.00025346 0.00724387 0.49816394 0.01111072 0.26627254 0.00593042 0.00786830 0.00749805 0.19354593 0.00164113
25.30126506 2.64858172 0.00012134 0.00015193 0.00005601 0.00008764 0.49887256 0.01327300 0.26570196 0.00687389 0.00783882 0.00811726 0.19343474 0.00547086
25.40127006 2.64619600 0.00017951 0.00014746 0.00012455 0.00196019 0.49695721 0.01483484 0.26559638 0.00596700 0.00780561 0.00788880 0.19349334 0.00504510
25.50127506 2.64479933 0.00017342 0.00014610 0.00009372 0.00185801 0.49735960 0.01641565 0.26710186 0.00503056 0.00773644 0.00733734 0.19365600 0.00309129
25.60128006 2.64422386 0.00015000 0.00014144 0.00011558 0.00183543 0.50053904 0.01436931 0.26477520 0.00621475 0.00729233 0.00656763 0.19325200 0.00474730
25.70128506 2.64279479 0.00018301 0.00013611 0.00012432 0.00387836 0.49825387 0.01441820 0.26335954 0.00541600 0.00715757 0.00953673 0.19309291 0.00444337
