0.00000000 3.00000000 0.00000000 0.00000000 0.00000000 0.00000000 0.00000000 0.00000000 0.00000000 1.00000000 0.00000000 0.00000000 0.00000000 0.00000000
0.10000500 3.00256748 0.02398844 0.00161640 0.00772057 0.09449324 0.09891247 0.15994358 0.02632612 0.38524416 0.06549654 0.09565103 0.01164847 0.02895898
0.20001000 3.00253727 0.00729871 0.00156695 0.00395592 0.03439425 0.13305439 0.23102286 0.06178174 0.21500795 0.09253173 0.15075550 0.02706519 0.04156482
0.30001500 3.00173252 0.00378028 0.00095905 0.00268470 0.01789268 0.14772437 0.23344247 0.06788658 0.15251407 0.08659282 0.18677412 0.04083717 0.05891167
0.40002000 3.00000935 0.00477503 0.00088132 0.00313573 0.02483055 0.14573998 0.21433652 0.07595308 0.14335134 0.08744251 0.20277434 0.04798310 0.04879649
0.50002500 2.99948219 0.00548758 0.00088858 0.00276613 0.02415151 0.15628222 0.18628550 0.07841643 0.14894568 0.09310098 0.20808944 0.05131178 0.04427415
0.60003000 2.99815796 0.00457919 0.00105634 0.00229063 0.01614889 0.17139453 0.16722045 0.08959551 0.13105696 0.10026582 0.20825035 0.06168780 0.04645353
0.70003500 2.99752674 0.00429359 0.00108066 0.00239103 0.02244085 0.18264674 0.15392589 0.09441304 0.10793315 0.10412890 0.20777091 0.07173065 0.04724458
0.80004000 2.99673635 0.00334022 0.00098720 0.00172519 0.01185136 0.19711977 0.15296771 0.10801329 0.09199031 0.10299937 0.20407006 0.07688037 0.04805516
0.90004500 2.99292007 0.00268623 0.00098118 0.00191518 0.01190313 0.20299964 0.14390623 0.11382668 0.07961042 0.10690892 0.19357199 0.08328358 0.05840682
1.00005000 2.99261540 0.00225416 0.00094463 0.00121074 0.00799037 0.19977448 0.15118490 0.12538602 0.07523754 0.10947780 0.19331314 0.08641707 0.04680914
1.10005500 2.99214934 0.00294849 0.00098012 0.00180514 0.01562074 0.22122905 0.14666513 0.12962831 0.07027646 0.10468514 0.16966419 0.09147738 0.04501985
1.20006000 2.99037153 0.00254730 0.00100376 0.00110176 0.00915774 0.23002120 0.14434500 0.13550132 0.07742222 0.10936296 0.15372955 0.09011076 0.04569642
1.30006500 2.98937308 0.00355719 0.00087528 0.00189460 0.01926008 0.23635910 0.14805526 0.13806397 0.08337665 0.10714146 0.13114500 0.08956020 0.04071121
1.40007000 2.98654122 0.00304873 0.00099493 0.00171664 0.01479705 0.24025747 0.15828798 0.15021958 0.07737790 0.11043306 0.10988779 0.09209497 0.04088391
1.50007500 2.98643282 0.00280808 0.00094914 0.00156455 0.00848854 0.25278287 0.15995030 0.16021867 0.07091262 0.10901029 0.09539844 0.09503902 0.04287747
1.60008000 2.98393357 0.00254286 0.00086617 0.00141082 0.00868999 0.25469613 0.16779938 0.16325799 0.07092543 0.10688979 0.08375450 0.09428992 0.04487702
1.70008500 2.97663199 0.00296763 0.00105155 0.00122482 0.01216274 0.26536314 0.15641611 0.17236097 0.07213890 0.11135605 0.07566669 0.09586829 0.03342310
1.80009000 2.97503949 0.00297340 0.00095244 0.00159025 0.01074661 0.28657175 0.14390629 0.16941680 0.06534774 0.10836280 0.07577128 0.09869621 0.03566443
1.90009500 2.97186125 0.00243657 0.00088876 0.00093696 0.01066970 0.29350020 0.14974844 0.18075269 0.05573277 0.10397565 0.06991133 0.10088270 0.03056424
2.00010001 2.97117475 0.00305383 0.00095867 0.00192242 0.01765823 0.30622671 0.14044304 0.18193533 0.04980875 0.10071895 0.06368166 0.10416035 0.02943208
2.10010501 2.97223964 0.00213167 0.00097972 0.00149791 0.01679639 0.31758711 0.12889030 0.18969008 0.03933331 0.08997697 0.06461895 0.11576613 0.03273147
2.20011001 2.96850464 0.00183789 0.00107905 0.00098608 0.00561781 0.32433382 0.12295088 0.19709871 0.03820702 0.09218555 0.06113230 0.12330287 0.03126801
2.30011501 2.96775519 0.00195418 0.00102324 0.00124460 0.00904333 0.32690217 0.11359849 0.20150072 0.03437711 0.09457168 0.06246556 0.12400219 0.02931674
2.40012001 2.96585470 0.00221542 0.00091623 0.00134530 0.01162847 0.34156886 0.10137362 0.20449564 0.03250546 0.08900134 0.06077485 0.12801793 0.02615688
2.50012501 2.96135944 0.00188652 0.00080714 0.00114850 0.01004394 0.34078214 0.09812917 0.20957013 0.03080605 0.09177586 0.06220329 0.12706472 0.02578253
2.60013001 2.95668414 0.00158472 0.00072980 0.00143434 0.01185044 0.34154270 0.09178268 0.21046291 0.02584012 0.09004530 0.06214452 0.12921930 0.03336317
2.70013501 2.94946036 0.00132264 0.00084121 0.00086700 0.00756176 0.34887297 0.08364486 0.21935898 0.02612134 0.09235742 0.06353726 0.12856942 0.02694514
2.80014001 2.94713964 0.00126845 0.00082187 0.00069514 0.01012440 0.35275631 0.07279973 0.22331130 0.03105404 0.09178680 0.05976630 0.13132373 0.02429194
2.90014501 2.94169733 0.00147902 0.00083759 0.00117382 0.00913832 0.35745614 0.07887862 0.22244642 0.02574828 0.09300940 0.05309384 0.13225046 0.02448811
3.00015001 2.93690106 0.00171493 0.00076858 0.00117960 0.00923184 0.36252454 0.07839920 0.22533422 0.02875383 0.09399402 0.04935779 0.12937864 0.01936282
3.10015501 2.93507308 0.00155631 0.00072194 0.00114437 0.01149208 0.36356198 0.08885251 0.22565491 0.02328608 0.08784712 0.04076973 0.13421406 0.02089891
3.20016001 2.93033884 0.00133211 0.00080115 0.00099959 0.01113863 0.37127583 0.07414244 0.23480618 0.02277672 0.08215339 0.04184340 0.13896345 0.01976711
3.30016501 2.92609501 0.00098497 0.00081059 0.00056690 0.00277373 0.37687512 0.06762784 0.23162749 0.02457557 0.08306614 0.04443518 0.14362066 0.02303582
3.40017001 2.92472124 0.00138988 0.00083475 0.00090626 0.00523435 0.38315756 0.06795424 0.23220064 0.02711488 0.07535592 0.03871026 0.14645113 0.02069014
3.50017501 2.92302263 0.00162243 0.00078755 0.00098337 0.00852664 0.38387983 0.06252769 0.23743071 0.02689133 0.07397602 0.03840697 0.14792589 0.01704157
3.60018001 2.91848820 0.00145692 0.00086910 0.00076435 0.00686782 0.37998283 0.06114424 0.24212189 0.02875712 0.07302647 0.03629893 0.15599971 0.01271062
3.70018501 2.91443257 0.00153998 0.00071783 0.00105424 0.00998781 0.38434203 0.05971609 0.24126352 0.02478460 0.06987605 0.03779876 0.15380058 0.01511852
3.80019001 2.91244481 0.00130152 0.00075035 0.00072853 0.00572818 0.38782761 0.05684857 0.24661359 0.02564935 0.07063574 0.03618131 0.15417271 0.01356255
3.90019501 2.91240231 0.00095633 0.00074717 0.00049944 0.00378890 0.39223928 0.05173935 0.25016687 0.02266923 0.06946614 0.03512401 0.15938054 0.01322275
4.00020001 2.90756007 0.00111079 0.00060969 0.00082623 0.00503089 0.39200553 0.05160943 0.24953994 0.02129666 0.06666005 0.04002396 0.15518480 0.01610203
4.10020501 2.90351140 0.00099440 0.00061167 0.00052627 0.00368861 0.38992521 0.05579896 0.25027724 0.02113400 0.06566283 0.04141250 0.15752306 0.01244525
4.20021001 2.90290520 0.00063648 0.00065944 0.00024184 0.00531561 0.39865110 0.04971333 0.25033618 0.01820575 0.06764884 0.03714577 0.15870444 0.01274122
4.30021501 2.90011711 0.00084024 0.00067548 0.00034277 0.00334388 0.40100608 0.04520123 0.25516778 0.01996494 0.06614018 0.03640614 0.15901048 0.01190080
4.40022001 2.89679987 0.00084068 0.00073995 0.00047973 0.00413471 0.40095927 0.04512218 0.25333096 0.01745015 0.06752626 0.03351456 0.16344357 0.01245800
4.50022501 2.89466637 0.00067960 0.00069241 0.00039827 0.00255642 0.40301673 0.04627596 0.25317660 0.01661858 0.07165541 0.03117467 0.16145885 0.01229650
4.60023001 2.89458559 0.00085350 0.00058917 0.00065080 0.00500074 0.40029353 0.04739520 0.25734533 0.01519221 0.06421458 0.03169780 0.16355740 0.01320974
4.70023501 2.88862867 0.00101667 0.00053858 0.00071519 0.00777437 0.39508451 0.04688933 0.25913506 0.01589544 0.06237237 0.03377862 0.16486948 0.01193038
4.80024001 2.88524436 0.00162142 0.00058481 0.00131337 0.01147802 0.39285768 0.04799115 0.26125109 0.01546889 0.05959449 0.02966196 0.16571194 0.01246520
4.90024501 2.87372086 0.00154013 0.00067222 0.00128780 0.01093205 0.38646756 0.04933792 0.26228706 0.01427774 0.05806371 0.03430932 0.16850945 0.01231505
5.00025001 2.87150527 0.00114730 0.00063326 0.00068699 0.00682493 0.38602826 0.04943632 0.26686461 0.01671037 0.06143506 0.02853481 0.16903881 0.01265928
5.10025501 2.86632578 0.00090526 0.00061505 0.00033361 0.00394745 0.38397787 0.04653150 0.27448349 0.01869397 0.06192817 0.02659839 0.17099541 0.01098982
5.20026001 2.86466352 0.00087753 0.00073116 0.00050932 0.00307858 0.38330210 0.04320529 0.27600327 0.01654120 0.05950293 0.02771749 0.17646054 0.01207059
5.30026501 2.86172912 0.00056917 0.00064549 0.00027569 0.00148990 0.38197317 0.04365841 0.28292532 0.01478622 0.05728608 0.02982659 0.17516995 0.01139403
5.40027001 2.85893294 0.00079433 0.00059671 0.00043001 0.00312459 0.38065683 0.04212931 0.28597918 0.01659301 0.05489322 0.02857090 0.17587407 0.01035786
5.50027501 2.85535831 0.00049038 0.00060231 0.00028193 0.00154455 0.37826211 0.04234215 0.28795749 0.01385117 0.05448957 0.02780685 0.18068853 0.01168296
5.60028001 2.84912012 0.00115365 0.00063345 0.00085339 0.00845658 0.37832450 0.04076316 0.28844020 0.01456336 0.05171090 0.02483180 0.17889096 0.01137805
5.70028501 2.84753297 0.00091181 0.00058538 0.00066825 0.00460248 0.38272061 0.04004127 0.28545268 0.01686409 0.04724390 0.02587347 0.17999743 0.01503863
5.80029001 2.84440714 0.00098983 0.00061036 0.00045414 0.00357894 0.38149171 0.03781452 0.29130643 0.01924973 0.04574627 0.02509918 0.18284523 0.01081366
5.90029501 2.84208872 0.00061086 0.00059516 0.00035333 0.00386972 0.38560828 0.03638813 0.29364031 0.01475183 0.04644264 0.02508235 0.18171360 0.01094379
6.00030002 2.83627461 0.00077753 0.00055059 0.00060431 0.00488352 0.38446034 0.03840731 0.29219917 0.01351449 0.04745574 0.02527558 0.18133415 0.01053726
6.10030502 2.83080707 0.00066760 0.00058032 0.00050363 0.00431638 0.38805281 0.03874323 0.29334038 0.01312026 0.04379690 0.02605376 0.18022959 0.01059514
6.20031002 2.82804838 0.00045924 0.00057105 0.00018759 0.00224574 0.38948143 0.03590029 0.29550675 0.01263256 0.04527283 0.02721104 0.18116794 0.00936355
6.30031502 2.82350277 0.00069484 0.00057845 0.00045492 0.00292297 0.38593974 0.03432087 0.29830826 0.01312435 0.04190128 0.02747073 0.18527227 0.00901132
6.40032002 2.81970829 0.00085939 0.00056961 0.00064464 0.00624536 0.38739308 0.02991036 0.30303667 0.01101018 0.04262096 0.02397650 0.18637968 0.00735357
6.50032502 2.81700314 0.00073365 0.00055090 0.00042230 0.00332483 0.38662205 0.03063379 0.30153842 0.01232313 0.04089500 0.02704467 0.18839362 0.00751764
6.60033002 2.81106723 0.00059102 0.00057024 0.00031107 0.00153810 0.38960875 0.02857426 0.30176672 0.01366479 0.04116841 0.02422545 0.18888587 0.00909531
6.70033502 2.80305147 0.00078333 0.00054192 0.00065095 0.00622498 0.38821772 0.02519148 0.29837096 0.01312111 0.04253539 0.02683872 0.18633401 0.01118943
6.80034002 2.79920493 0.00087633 0.00049829 0.00054784 0.00526653 0.38917595 0.02785885 0.29832042 0.01478503 0.03710249 0.02795465 0.18890285 0.00871077
6.90034502 2.79118637 0.00126700 0.00062980 0.00084649 0.00740656 0.38776921 0.02463934 0.30016376 0.01482337 0.03398476 0.02978328 0.19145246 0.00723397
7.00035002 2.78453032 0.00110884 0.00061459 0.00087863 0.00777386 0.38676446 0.02666568 0.29792824 0.01357262 0.03393799 0.02691952 0.19475472 0.00908085
7.10035502 2.77638226 0.00058506 0.00063599 0.00040121 0.00414679 0.38368616 0.03282590 0.29865496 0.01320528 0.03480904 0.02779199 0.19421385 0.00904377
7.20036002 2.77323760 0.00081467 0.00055097 0.00051593 0.00530733 0.38705709 0.03128067 0.29598291 0.01598780 0.03345973 0.02751832 0.19094929 0.01057528
7.30036502 2.76995728 0.00058552 0.00053768 0.00054751 0.00396145 0.39189015 0.03391173 0.29398504 0.01260912 0.03635800 0.02865204 0.18522912 0.01173263
7.40037002 2.76504967 0.00049462 0.00057032 0.00028096 0.00247703 0.39276942 0.03221158 0.29462542 0.01380001 0.03951055 0.02701891 0.18452428 0.01171688
7.50037502 2.76137355 0.00049395 0.00052744 0.00035878 0.00266702 0.40103567 0.03088471 0.29581630 0.01340411 0.03279365 0.02691775 0.18582694 0.00927367
7.60038002 2.75802765 0.00050770 0.00047170 0.00032755 0.00223339 0.40312062 0.03452193 0.29458478 0.01279775 0.03191930 0.02468826 0.18390362 0.01092342
7.70038502 2.75490041 0.00076680 0.00050831 0.00063509 0.00452304 0.39949313 0.03494717 0.29606221 0.01215023 0.03086556 0.02305872 0.18707079 0.00991895
7.80039002 2.74698763 0.00088314 0.00051206 0.00051231 0.00363934 0.39496683 0.03235949 0.29701720 0.01599130 0.03068394 0.03106553 0.18481996 0.00754889
7.90039502 2.74214101 0.00063891 0.00050265 0.00034896 0.00368529 0.39852261 0.03269460 0.29635358 0.01428187 0.03227829 0.02658240 0.18434286 0.00976798
8.00040002 2.73661936 0.00063574 0.00058948 0.00027939 0.00332297 0.39912569 0.03017137 0.29913727 0.01477826 0.03086310 0.02729302 0.18628446 0.00751926
8.10040502 2.73563144 0.00063094 0.00047440 0.00028639 0.00339091 0.40120933 0.03017897 0.30034170 0.01506249 0.02675234 0.02865577 0.18522223 0.00779453
8.20041002 2.73378392 0.00071536 0.00048687 0.00044461 0.00507178 0.40042283 0.02851232 0.29879849 0.01535060 0.03066256 0.02597417 0.18562925 0.00793116
8.30041502 2.72770051 0.00093142 0.00051242 0.00054696 0.00484257 0.39951795 0.03137220 0.29643430 0.01623768 0.03069164 0.02752126 0.18484369 0.00654793
8.40042002 2.72523936 0.00063027 0.00054571 0.00041075 0.00294578 0.40157720 0.03006250 0.29806400 0.01592409 0.03145750 0.02337522 0.18635559 0.00865139
8.50042502 2.72286061 0.00093968 0.00049148 0.00041707 0.00520704 0.40724686 0.02866986 0.29115652 0.01915600 0.03076675 0.02208050 0.18633839 0.00752985
8.60043002 2.72095691 0.00060683 0.00054428 0.00027492 0.00149466 0.41015716 0.02906416 0.29473641 0.01417575 0.03311602 0.02147323 0.18744613 0.00691044
8.70043502 2.71572787 0.00049439 0.00057073 0.00022240 0.00402960 0.41142174 0.02798391 0.29422455 0.01208129 0.03604787 0.02265509 0.18373512 0.00653332
8.80044002 2.70958502 0.00073513 0.00056009 0.00036367 0.00312578 0.41148606 0.02489265 0.29379528 0.01623825 0.03613597 0.02607740 0.18002260 0.00656712
8.90044502 2.70785656 0.00086555 0.00046972 0.00034758 0.00336756 0.41237637 0.02582620 0.29579698 0.01847735 0.03383493 0.02446189 0.17752200 0.00665387
9.00045002 2.70612604 0.00063952 0.00053170 0.00033328 0.00264776 0.41192647 0.02467354 0.29570305 0.01526746 0.03905292 0.02576409 0.17678585 0.00667435
9.10045502 2.70148083 0.00034868 0.00049564 0.00016878 0.00026945 0.40962971 0.02929949 0.29830660 0.01300950 0.03908007 0.02316366 0.17848799 0.00774044
9.20046002 2.69568265 0.00067656 0.00049145 0.00026742 0.00294511 0.41140254 0.02686439 0.29656937 0.01582254 0.03980667 0.01946998 0.17972997 0.00595401
9.30046502 2.68771226 0.00088084 0.00053536 0.00044466 0.00528562 0.40403972 0.02662180 0.29469695 0.01757504 0.04022968 0.02227794 0.18049829 0.00691409
9.40047002 2.68110402 0.00095659 0.00058788 0.00077080 0.00780255 0.40189553 0.02383817 0.29600843 0.01414300 0.04308436 0.02244108 0.17842380 0.01004782
9.50047502 2.67903647 0.00086666 0.00057294 0.00080166 0.00626629 0.40682666 0.02816539 0.29629958 0.01162445 0.04518956 0.01994157 0.17511126 0.00833398
9.60048002 2.67841195 0.00071288 0.00053884 0.00045966 0.00280587 0.40786923 0.02848644 0.29774648 0.01394666 0.04600573 0.01844016 0.17583972 0.00714833
9.70048502 2.67776589 0.00055062 0.00050902 0.00033550 0.00334619 0.40975707 0.02814056 0.29928717 0.01220317 0.04525950 0.01860858 0.17518724 0.00681538
9.80049002 2.67409292 0.00046723 0.00046500 0.00046413 0.00264196 0.40740871 0.02777288 0.30276818 0.01123653 0.04155781 0.02143902 0.17380029 0.00997825
9.90049502 2.66933491 0.00055598 0.00056217 0.00061089 0.00376634 0.40329198 0.02976142 0.29781229 0.01208232 0.04537857 0.02252922 0.17095498 0.01269383
10.00050003 2.66789983 0.00044832 0.00050930 0.00038607 0.00206745 0.40780457 0.03089542 0.29631959 0.01006908 0.04806293 0.02004527 0.17130361 0.01208840
10.10050503 2.66715182 0.00052002 0.00047478 0.00049333 0.00377756 0.41037844 0.02853559 0.29681115 0.00962114 0.04233982 0.02360550 0.17199581 0.01144685
10.20051003 2.66607509 0.00052157 0.00042721 0.00030481 0.00277958 0.40964932 0.02970509 0.29919341 0.01211662 0.04175982 0.02467002 0.17097024 0.00790231
10.30051503 2.66466112 0.00092069 0.00047283 0.00072490 0.00686007 0.40922804 0.02607753 0.30158409 0.01060298 0.04237375 0.02175065 0.17034127 0.00906318
10.40052003 2.66382947 0.00034292 0.00052590 0.00016225 0.00140031 0.41542694 0.02791096 0.30329928 0.01045314 0.03891027 0.02124262 0.17383761 0.00648779
10.50052503 2.66148035 0.00039785 0.00055281 0.00015637 0.00035458 0.41779986 0.02601691 0.30313625 0.01067762 0.04112092 0.01886318 0.17339016 0.00753350
10.60053003 2.65564355 0.00074389 0.00051997 0.00075289 0.00489507 0.41828757 0.02309560 0.30850893 0.00802497 0.04047423 0.01545910 0.17020930 0.00902847
10.70053503 2.65314593 0.00050000 0.00055339 0.00043113 0.00681807 0.41891185 0.02271264 0.31172656 0.00656105 0.04111025 0.01414507 0.16969795 0.00683203
10.80054003 2.65018652 0.00048178 0.00054700 0.00020042 0.00225603 0.42115775 0.02430842 0.31215504 0.01114521 0.03953922 0.01137118 0.17060099 0.00623697
10.90054503 2.64417265 0.00050417 0.00050991 0.00039962 0.00397708 0.42224594 0.02090136 0.31497334 0.00891474 0.03756638 0.01249157 0.17070443 0.00681147
11.00055003 2.64236920 0.00024750 0.00051867 0.00008767 0.00018726 0.42040927 0.02156730 0.32063771 0.00800180 0.03941422 0.01385549 0.16902014 0.00605298
11.10055503 2.64026708 0.00047175 0.00047215 0.00041967 0.00516079 0.42196952 0.01886056 0.31677822 0.00800264 0.03931324 0.01256554 0.16746686 0.00851906
11.20056003 2.63858153 0.00051003 0.00045302 0.00041938 0.00363395 0.42376902 0.01952609 0.31547493 0.00918375 0.03521247 0.01235110 0.16909055 0.01037571
11.30056503 2.63045916 0.00037884 0.00049515 0.00040092 0.00230110 0.42046254 0.02266099 0.31594910 0.00827034 0.03339786 0.01510489 0.16969534 0.01088291
11.40057003 2.62687151 0.00063001 0.00049027 0.00050182 0.00444383 0.41774364 0.02582854 0.31541876 0.00962789 0.03401405 0.01470859 0.17033329 0.00625933
11.50057503 2.62346076 0.00043939 0.00047641 0.00031913 0.00329047 0.41713374 0.02646988 0.31323981 0.01015969 0.03515170 0.01413751 0.16999833 0.00918392
11.60058003 2.62024140 0.00073505 0.00046967 0.00058778 0.00447573 0.42022841 0.02189792 0.31565155 0.00929403 0.03274168 0.01675566 0.16890868 0.00825383
11.70058503 2.61522636 0.00053320 0.00048535 0.00052140 0.00454430 0.42041755 0.02673739 0.31057920 0.00904143 0.03501062 0.01724874 0.16550728 0.00937352
11.80059003 2.61240806 0.00053299 0.00048531 0.00053059 0.00567248 0.42218837 0.02689644 0.31128500 0.00821842 0.03327199 0.01675914 0.16476932 0.00938995
11.90059503 2.61063876 0.00026790 0.00043880 0.00029048 0.00031075 0.42469656 0.02788377 0.31550580 0.00703852 0.03255174 0.01513599 0.16480710 0.01107258
12.00060003 2.60672554 0.00055262 0.00044639 0.00048339 0.00381880 0.42544476 0.02996825 0.31140763 0.00851655 0.03108908 0.01602895 0.16361214 0.00863144
12.10060503 2.59970348 0.00061729 0.00049120 0.00058297 0.00551609 0.42184795 0.02724283 0.31559036 0.00797635 0.03319089 0.01621576 0.16287960 0.00784871
12.20061003 2.59605225 0.00042082 0.00049451 0.00038648 0.00175500 0.42298362 0.02564687 0.31840041 0.00761099 0.03629231 0.01461406 0.16182915 0.00956578
12.30061503 2.59092894 0.00060477 0.00050208 0.00039487 0.00356254 0.42567478 0.02385884 0.31871915 0.00910458 0.03477629 0.01358830 0.16232769 0.00688610
12.40062003 2.59069803 0.00044733 0.00043569 0.00019479 0.00149495 0.42332083 0.02146628 0.32635433 0.01144731 0.03287404 0.01536305 0.16101510 0.00558629
12.50062503 2.58492645 0.00061388 0.00049189 0.00055595 0.00311915 0.42363359 0.01936096 0.32358595 0.00955727 0.03312663 0.01286972 0.16516194 0.00792307
12.60063003 2.58042420 0.00064988 0.00044503 0.00056289 0.00295414 0.42353550 0.01942826 0.32078505 0.01028654 0.03135924 0.01690605 0.16387519 0.00921225
12.70063503 2.57989631 0.00023159 0.00043176 0.00021479 0.00020640 0.42244236 0.02162013 0.31952022 0.00871218 0.03115702 0.01738281 0.16844864 0.00963209
12.80064003 2.57595151 0.00021899 0.00047681 0.00013182 0.00021032 0.41824242 0.02082912 0.32053831 0.00816235 0.03492902 0.01967978 0.16981344 0.00676762
12.90064503 2.57322207 0.00045975 0.00040997 0.00031750 0.00183770 0.41669848 0.02398822 0.31828656 0.01032010 0.03419831 0.01807701 0.17040668 0.00499971
13.00065003 2.56956450 0.00045705 0.00042621 0.00029315 0.00357482 0.41611727 0.02620744 0.31687944 0.00792726 0.03881478 0.01316385 0.17176229 0.00437642
13.10065503 2.56746662 0.00063589 0.00039809 0.00046555 0.00475694 0.41616207 0.02367639 0.31952622 0.00758591 0.03171127 0.01768028 0.17020235 0.00719903
13.20066003 2.56182798 0.00034618 0.00046297 0.00027029 0.00043334 0.41488069 0.02610383 0.32523277 0.00851873 0.03265514 0.01397559 0.16676845 0.01035205
13.30066503 2.55776337 0.00062240 0.00050279 0.00054349 0.00414089 0.41503653 0.02374679 0.32232998 0.00919427 0.02900473 0.01443547 0.17112597 0.00931669
13.40067003 2.55554089 0.00063443 0.00042787 0.00032909 0.00716548 0.41524258 0.02515507 0.32231927 0.01239218 0.02911464 0.01240076 0.16889564 0.00592297
13.50067503 2.54790669 0.00078768 0.00048464 0.00071307 0.00603268 0.41663885 0.02201331 0.31734006 0.00993923 0.03337436 0.01766882 0.16616209 0.00884522
13.60068003 2.54529585 0.00050588 0.00049826 0.00036037 0.00491451 0.42159686 0.02798517 0.31671267 0.00710305 0.03319385 0.01443273 0.16799836 0.00469830
13.70068503 2.54292830 0.00030139 0.00046620 0.00006516 0.00014134 0.42514576 0.02797266 0.31737469 0.00783937 0.03271141 0.01423575 0.16830193 0.00544434
13.80069003 2.54113841 0.00056098 0.00040557 0.00037366 0.00355105 0.42462903 0.02713816 0.31747668 0.00768074 0.03091478 0.01285057 0.16657393 0.00784483
13.90069503 2.53564108 0.00056705 0.00042881 0.00041178 0.00377618 0.42346081 0.02414265 0.32059488 0.00720811 0.03086528 0.01544092 0.16665022 0.00645332
14.00070004 2.53276483 0.00058333 0.00042864 0.00046823 0.00350318 0.42377534 0.02804848 0.31710511 0.00675802 0.02628628 0.01643907 0.16840463 0.00819970
14.10070504 2.53045446 0.00063038 0.00041871 0.00045161 0.00288617 0.42383090 0.02527792 0.31517355 0.00914984 0.02475476 0.01804428 0.17182208 0.00755981
14.20071004 2.53023065 0.00037545 0.00042571 0.00017528 0.00033352 0.42389143 0.02251756 0.31646937 0.01052808 0.02682010 0.01599699 0.17439339 0.00807312
14.30071504 2.52719293 0.00058464 0.00037812 0.00061763 0.00323127 0.41927806 0.02149222 0.32019784 0.00767442 0.02161181 0.01991317 0.17453418 0.01048665
14.40072004 2.52027266 0.00069596 0.00041942 0.00063891 0.00510178 0.41387402 0.02384163 0.32008768 0.00768352 0.02129372 0.01921394 0.17832515 0.00882425
14.50072504 2.51500047 0.00065483 0.00041447 0.00052033 0.00424736 0.41027784 0.02518340 0.31985713 0.00967643 0.02323795 0.02250982 0.17621261 0.00720783
14.60073004 2.51064786 0.00045066 0.00041141 0.00018300 0.00133548 0.40634743 0.03274676 0.32486207 0.00822198 0.02454921 0.02005894 0.17382988 0.00700319
14.70073504 2.50836551 0.00044574 0.00041079 0.00015830 0.00150553 0.40531656 0.03307874 0.32445826 0.01096937 0.02137275 0.01724361 0.17844164 0.00659872
14.80074004 2.50664904 0.00049350 0.00046165 0.00026827 0.00164207 0.40889703 0.02857909 0.32416717 0.01119594 0.02056902 0.01401023 0.18190513 0.00781090
14.90074504 2.50528536 0.00052429 0.00048309 0.00025016 0.00190123 0.40958569 0.02874262 0.32008013 0.01083195 0.02149522 0.01645583 0.18435587 0.00529392
15.00075004 2.50294215 0.00045955 0.00043850 0.00032000 0.00154839 0.40782699 0.02987583 0.31801675 0.01111715 0.02198997 0.01719683 0.18172779 0.00948226
15.10075504 2.50161443 0.00062395 0.00039618 0.00036813 0.00271138 0.41159142 0.02865049 0.32031072 0.01164577 0.01959210 0.01794172 0.18010959 0.00605857
15.20076004 2.49725291 0.00055961 0.00037923 0.00032718 0.00335780 0.41678700 0.02991520 0.32193202 0.00892828 0.01729287 0.01669558 0.17760889 0.00621635
15.30076504 2.49367324 0.00040185 0.00041385 0.00023529 0.00149180 0.41555474 0.02932429 0.32031893 0.00944899 0.01722143 0.01652325 0.18049105 0.00857453
15.40077004 2.49198275 0.00042464 0.00039763 0.00015969 0.00046190 0.41889945 0.02417470 0.32231367 0.01095794 0.01761397 0.01648803 0.18077527 0.00733311
15.50077504 2.48998180 0.00062972 0.00044190 0.00048134 0.00469180 0.41832248 0.02375813 0.32007579 0.00878746 0.01948964 0.01477184 0.18167019 0.00687971
15.60078004 2.48798207 0.00035855 0.00036187 0.00030521 0.00144697 0.41855598 0.02688804 0.31638735 0.00930809 0.01819410 0.01603611 0.18250071 0.00965703
15.70078504 2.48286661 0.00039290 0.00040564 0.00042784 0.00392041 0.41824033 0.02488924 0.31461047 0.00677882 0.01996973 0.01491937 0.18477383 0.01067142
15.80079004 2.47928570 0.00057268 0.00040182 0.00042637 0.00268297 0.41252998 0.02465228 0.31948079 0.00923232 0.01994959 0.01988146 0.18163782 0.00855192
15.90079504 2.47612595 0.00034692 0.00037960 0.00025830 0.00333025 0.41254728 0.03061660 0.31936528 0.00632396 0.02041664 0.01902746 0.18129120 0.00609651
16.00080004 2.47325306 0.00052387 0.00035803 0.00023974 0.00540088 0.41335823 0.02876130 0.31906906 0.00848610 0.01649258 0.01688915 0.18272210 0.00769895
16.10080504 2.46808602 0.00050562 0.00041305 0.00042737 0.00326949 0.41408079 0.02819511 0.32062270 0.00620116 0.01856551 0.01555684 0.18431796 0.00784441
16.20081004 2.46730504 0.00034687 0.00040178 0.00006532 0.00027978 0.41273569 0.02802361 0.31848621 0.00804813 0.02219447 0.01834137 0.18418185 0.00689492
16.30081504 2.46394275 0.00046745 0.00038314 0.00024998 0.00180130 0.40758552 0.02533637 0.32062846 0.00808920 0.02073280 0.02111742 0.18667009 0.00693828
16.40082004 2.45628209 0.00048986 0.00061381 0.00024219 0.00161199 0.40650630 0.02297904 0.31720932 0.00845629 0.02856242 0.01976826 0.18710814 0.00645237
16.50082504 2.45056343 0.00040826 0.00045448 0.00009932 0.00031321 0.40285991 0.02707799 0.31898503 0.00965039 0.02759219 0.02019863 0.18610839 0.00625219
16.60083004 2.44877136 0.00033288 0.00044591 0.00020114 0.00129995 0.41035170 0.02519069 0.31797654 0.00704507 0.02592638 0.01775247 0.18729946 0.00617780
16.70083504 2.44745879 0.00043589 0.00035669 0.00034799 0.00175638 0.41151344 0.02877158 0.31589052 0.00692347 0.02198117 0.01944642 0.18425818 0.00831826
16.80084004 2.44420857 0.00053508 0.00038097 0.00042720 0.00539801 0.41372764 0.03070057 0.31569790 0.00697574 0.01763001 0.01624129 0.18456348 0.00772211
16.90084504 2.43604318 0.00069478 0.00045277 0.00055151 0.00613987 0.40762031 0.03019647 0.31541881 0.00801658 0.01814162 0.01745075 0.18836649 0.00695003
17.00085004 2.43415638 0.00076592 0.00043142 0.00046043 0.00543984 0.40566696 0.02901217 0.31533178 0.01127082 0.01854857 0.01864313 0.18802127 0.00640769
17.10085504 2.43103688 0.00060397 0.00043768 0.00031060 0.00166138 0.41019987 0.03029864 0.31521773 0.00998903 0.02064586 0.01438853 0.18749885 0.00874785
17.20086004 2.42454730 0.00075458 0.00044449 0.00053198 0.00419373 0.40337494 0.03325435 0.31926430 0.00906749 0.02426013 0.01299731 0.18465614 0.00720055
17.30086504 2.42066111 0.00170944 0.00035371 0.00140723 0.01584081 0.40343474 0.02730082 0.31736138 0.01062764 0.02103301 0.01260833 0.18181716 0.00650573
17.40087004 2.41612308 0.00083167 0.00038997 0.00068050 0.00424389 0.40676861 0.03169885 0.31959780 0.00973264 0.02261955 0.01354438 0.18062407 0.00926808
17.50087504 2.41315620 0.00042195 0.00049614 0.00033823 0.00209317 0.41174283 0.02760504 0.31483283 0.00768453 0.03004289 0.01334583 0.18288530 0.00851123
17.60088004 2.41056029 0.00045716 0.00046024 0.00037538 0.00495496 0.40927394 0.02654722 0.31698976 0.00624493 0.03129973 0.01301084 0.18397633 0.00640951
17.70088504 2.40820295 0.00032256 0.00044514 0.00022422 0.00139906 0.40725262 0.02457414 0.31845131 0.00721075 0.03055558 0.01251933 0.18929535 0.00774994
17.80089004 2.39803627 0.00061756 0.00046357 0.00058693 0.00483161 0.40643523 0.02190990 0.31611173 0.00628696 0.03110635 0.01690436 0.18588313 0.00886268
17.90089504 2.39723351 0.00051913 0.00045282 0.00056827 0.00299742 0.41146908 0.02276750 0.31320445 0.00677520 0.03093788 0.01435730 0.18593577 0.01001518
18.00090005 2.39601396 0.00024625 0.00040854 0.00021570 0.00024070 0.41537699 0.02766692 0.31546667 0.00575656 0.02731361 0.01330611 0.18543419 0.00856775
18.10090505 2.39214086 0.00033872 0.00040745 0.00026392 0.00316571 0.41490839 0.02891261 0.31713432 0.00603916 0.02583494 0.01120977 0.18571491 0.00607011
18.20091005 2.38882850 0.00032980 0.00045936 0.00011532 0.00217364 0.41515332 0.02701314 0.31931056 0.00728962 0.02857781 0.00931133 0.18449895 0.00576715
18.30091505 2.38565953 0.00037065 0.00042235 0.00022024 0.00255111 0.41202024 0.02615299 0.32111609 0.00755849 0.02978956 0.00899066 0.18465175 0.00615586
18.40092005 2.38260924 0.00093266 0.00037137 0.00089639 0.00840919 0.41165155 0.02179905 0.32087244 0.00546612 0.02687297 0.00867346 0.18423168 0.00982313
18.50092505 2.37863464 0.00050927 0.00045289 0.00054319 0.00388197 0.40882383 0.02252939 0.32798796 0.00576294 0.02832927 0.00759672 0.18440605 0.00917652
18.60093005 2.37770218 0.00052851 0.00040287 0.00038315 0.00343531 0.41083019 0.02788754 0.32753683 0.00469817 0.02696078 0.00841765 0.18426933 0.00464967
18.70093505 2.37296374 0.00038034 0.00043931 0.00023287 0.00169314 0.41149623 0.02604305 0.32681062 0.00423783 0.02875920 0.00995319 0.18449464 0.00545959
18.80094005 2.37175263 0.00043928 0.00046989 0.00028935 0.00262684 0.41068386 0.02376603 0.32466911 0.00537783 0.03064110 0.00943098 0.18553605 0.00606969
18.90094505 2.36697536 0.00062794 0.00039105 0.00047226 0.00428448 0.40921386 0.02291071 0.32595508 0.00535617 0.03002531 0.01378504 0.18041469 0.00656339
19.00095005 2.36201027 0.00063122 0.00040517 0.00051367 0.00632334 0.40656918 0.02388033 0.32576693 0.00493681 0.02953159 0.01357029 0.18172714 0.00614434
19.10095505 2.35968931 0.00033834 0.00046493 0.00021245 0.00374871 0.40461922 0.02074013 0.32908784 0.00423939 0.03141428 0.01301250 0.18641374 0.00570847
19.20096005 2.35540872 0.00053188 0.00044988 0.00053007 0.00435261 0.40697277 0.01913614 0.32395563 0.00406161 0.03171816 0.01604940 0.18490356 0.00733829
19.30096505 2.35233790 0.00024104 0.00048668 0.00022167 0.00131184 0.40688347 0.01853335 0.32585415 0.00591372 0.02890174 0.01769582 0.18787396 0.00608254
19.40097005 2.34972800 0.00024863 0.00046133 0.00014679 0.00023393 0.41334032 0.02197021 0.32463607 0.00587778 0.02637185 0.01448093 0.18519042 0.00704172
19.50097505 2.34740379 0.00062511 0.00039974 0.00045301 0.00496576 0.41261480 0.02090406 0.32310749 0.00709052 0.02532346 0.01666161 0.18255451 0.00529994
19.60098005 2.34394706 0.00061970 0.00047343 0.00043542 0.00395636 0.41403910 0.01983477 0.32157809 0.00927366 0.02736003 0.01863090 0.17854935 0.00524920
19.70098505 2.34041955 0.00071666 0.00037871 0.00062899 0.00614308 0.41084075 0.02165242 0.32188053 0.00763812 0.02485011 0.01798862 0.18004990 0.00723211
19.80099005 2.33805720 0.00080609 0.00035496 0.00062000 0.00674881 0.41231199 0.02159562 0.32460959 0.00731857 0.02416780 0.01548183 0.18055565 0.00542908
19.90099505 2.33559526 0.00033701 0.00045409 0.00004310 0.00015931 0.41261981 0.02343241 0.32503444 0.00982595 0.02457653 0.01465180 0.18331513 0.00555044
20.00100005 2.33055610 0.00041843 0.00047697 0.00019480 0.00186588 0.41532198 0.02198874 0.32587586 0.00810032 0.02703184 0.01257747 0.18129335 0.00485436
20.10100505 2.33057903 0.00035697 0.00043335 0.00011020 0.00203578 0.41871106 0.02323200 0.32350232 0.00903314 0.02732559 0.01086468 0.18002768 0.00436724
20.20101005 2.32953565 0.00047505 0.00042506 0.00032578 0.00323494 0.42285344 0.02184891 0.32398537 0.00635323 0.02559494 0.00914823 0.18114119 0.00461385
20.30101505 2.32580232 0.00021375 0.00043342 0.00004031 0.00013177 0.42127114 0.02332310 0.32734399 0.00654122 0.02375856 0.00890418 0.18319289 0.00484568
20.40102005 2.32301150 0.00023419 0.00039302 0.00004474 0.00016444 0.42169124 0.02270710 0.32771459 0.00677652 0.02265953 0.01082593 0.18154162 0.00524709
20.50102505 2.32266588 0.00021232 0.00042389 0.00002691 0.00012865 0.42716935 0.01841188 0.32454469 0.00644409 0.02302098 0.01001769 0.18484109 0.00475845
20.60103005 2.31886967 0.00055501 0.00039264 0.00028982 0.00280657 0.42850811 0.01668040 0.32141882 0.01007005 0.02097032 0.01083001 0.18271010 0.00476814
20.70103505 2.31272754 0.00055801 0.00036740 0.00051628 0.00488712 0.42544493 0.01741919 0.32091360 0.00693656 0.02106401 0.01539667 0.18021006 0.00628617
20.80104005 2.31325399 0.00041247 0.00036070 0.00022677 0.00146998 0.42662907 0.01739196 0.32074643 0.00946979 0.02107546 0.01720984 0.17918833 0.00581919
20.90104505 2.30764085 0.00018304 0.00042073 0.00007308 0.00011153 0.42309857 0.01863520 0.32447885 0.00822071 0.02261193 0.01771868 0.17938992 0.00505775
21.00105005 2.30398065 0.00032030 0.00036406 0.00020086 0.00182434 0.42044879 0.01888278 0.32468457 0.00799102 0.02160640 0.01808835 0.17889617 0.00669235
21.10105505 2.30379731 0.00040368 0.00033143 0.00018753 0.00202757 0.42035787 0.01898644 0.32703293 0.00934889 0.02083895 0.01860288 0.17743882 0.00444302
21.20106005 2.29562138 0.00067313 0.00033832 0.00043016 0.00319965 0.41194247 0.01971472 0.33255706 0.01109248 0.02048680 0.02002055 0.17467535 0.00486932
21.30106505 2.29286784 0.00048327 0.00036091 0.00021247 0.00156478 0.41005552 0.01940384 0.33196352 0.01233209 0.02106711 0.02061468 0.17455293 0.00738888
21.40107005 2.29019607 0.00023387 0.00043261 0.00007952 0.00015187 0.41259934 0.01858947 0.33485370 0.00983047 0.02127122 0.01868139 0.17684313 0.00643341
21.50107505 2.28737796 0.00053820 0.00039365 0.00036672 0.00297309 0.41534284 0.01890908 0.33080972 0.00907713 0.02315706 0.01738750 0.17629673 0.00474829
21.60108005 2.28391047 0.00078590 0.00037240 0.00068630 0.00708583 0.41664191 0.01866854 0.32847102 0.00966586 0.02003691 0.01653984 0.17647776 0.00456773
21.70108505 2.28191441 0.00038786 0.00034515 0.00012346 0.00214543 0.42199498 0.01881505 0.32774480 0.01035339 0.02011160 0.01629242 0.17580348 0.00588238
21.80109005 2.27718861 0.00037473 0.00042674 0.00024160 0.00149988 0.41663633 0.01896239 0.32870905 0.01108380 0.02231185 0.01678824 0.17791604 0.00504934
21.90109505 2.27673959 0.00025201 0.00038812 0.00020121 0.00029552 0.41906419 0.01848464 0.33049782 0.00947498 0.02269854 0.01409997 0.17735133 0.00719167
22.00110006 2.27321260 0.00051855 0.00038735 0.00022036 0.00165669 0.41429785 0.02139074 0.33058545 0.01093126 0.02292940 0.01507487 0.17779994 0.00420754
22.10110506 2.26967277 0.00027792 0.00042282 0.00004038 0.00014124 0.41218455 0.02234122 0.33357748 0.00999649 0.02466882 0.01452906 0.17714634 0.00467370
22.20111006 2.26775731 0.00053850 0.00035109 0.00032588 0.00318648 0.41403453 0.02159568 0.33243817 0.00867553 0.02417204 0.01479022 0.17500417 0.00488772
22.30111506 2.26525193 0.00061143 0.00033897 0.00042388 0.00697831 0.41271724 0.01828207 0.33300471 0.00828451 0.02366858 0.01691170 0.17427049 0.00450810
22.40112006 2.26005222 0.00048541 0.00039994 0.00016494 0.00165028 0.41054219 0.01858572 0.33285995 0.01099558 0.02398751 0.02111264 0.17421042 0.00500544
22.50112506 2.25834569 0.00057018 0.00034334 0.00036238 0.00491609 0.40955254 0.01829276 0.33666504 0.00970483 0.02188725 0.01874640 0.17355183 0.00540735
22.60113006 2.25566816 0.00029595 0.00034977 0.00006292 0.00024974 0.41073885 0.01768316 0.33995328 0.00963307 0.02185267 0.02130590 0.17310543 0.00476926
22.70113506 2.25292043 0.00076625 0.00036780 0.00038703 0.00319824 0.40908039 0.01531859 0.33710034 0.01310708 0.02044813 0.02048751 0.17500334 0.00473528
22.80114006 2.25084389 0.00072835 0.00039736 0.00054914 0.00426591 0.40563310 0.01567233 0.33644444 0.01096152 0.01937837 0.02303768 0.17614672 0.00678506
22.90114506 2.24843307 0.00059087 0.00034671 0.00049778 0.00317232 0.40342609 0.02189072 0.33607166 0.01021176 0.02048808 0.02143131 0.17366746 0.00820523
23.00115006 2.24158325 0.00065172 0.00034124 0.00043405 0.00302478 0.39917961 0.02412078 0.33539593 0.01231851 0.01979672 0.02492762 0.17328650 0.00652254
23.10115506 2.24091706 0.00036155 0.00035791 0.00017465 0.00130582 0.40072204 0.02515181 0.33709164 0.01177060 0.02278300 0.02325408 0.17104540 0.00598150
23.20116006 2.24050525 0.00031152 0.00041178 0.00006541 0.00015647 0.40142168 0.02371769 0.33305197 0.01360300 0.02774012 0.02129342 0.17337445 0.00485247
23.30116506 2.23982854 0.00036459 0.00035122 0.00014189 0.00030827 0.40347236 0.02530721 0.33248772 0.01285888 0.02567065 0.01828503 0.17401804 0.00673413
23.40117006 2.23824759 0.00033444 0.00036099 0.00016543 0.00030867 0.40539796 0.02429961 0.33104694 0.01296060 0.02410655 0.01777332 0.17508755 0.00815792
23.50117506 2.23436773 0.00057908 0.00043350 0.00034589 0.00369080 0.40750698 0.02240053 0.33306604 0.01128642 0.02336258 0.01371896 0.17763091 0.00597831
23.60118006 2.23046774 0.00056606 0.00040119 0.00040832 0.00343677 0.40365520 0.02473998 0.33551489 0.01041731 0.02449240 0.01386404 0.17593632 0.00656752
23.70118506 2.22697994 0.00026974 0.00055959 0.00020372 0.00021254 0.40173288 0.02114828 0.33848485 0.00933328 0.02941578 0.01215364 0.17780690 0.00867881
23.80119006 2.22363472 0.00023054 0.00044146 0.00022856 0.00030694 0.40398545 0.02044932 0.34300205 0.00843734 0.02710308 0.01228421 0.17546795 0.00806310
23.90119506 2.22001587 0.00034438 0.00039898 0.00039931 0.00146455 0.40679078 0.01878693 0.34581812 0.00671902 0.02344304 0.01407352 0.17354907 0.00821229
24.00120006 2.21874300 0.00054993 0.00045852 0.00048176 0.00461319 0.40494623 0.01883304 0.34369584 0.00655204 0.02766672 0.01258164 0.17523269 0.00438841
24.10120506 2.21884231 0.00023385 0.00048116 0.00016655 0.00208224 0.40202747 0.01601406 0.34464937 0.00631236 0.02906014 0.01353304 0.17978187 0.00565791
24.20121006 2.21628231 0.00033764 0.00043763 0.00010599 0.00204406 0.40295027 0.01494264 0.34544172 0.00740412 0.02899297 0.01280629 0.18017741 0.00435927
24.30121506 2.21432699 0.00036678 0.00043017 0.00016943 0.00135627 0.40098530 0.01398221 0.34508337 0.00825626 0.03062765 0.01179670 0.18287351 0.00407235
24.40122006 2.20880439 0.00015685 0.00045598 0.00003330 0.00011272 0.40229290 0.01293061 0.34581879 0.00633760 0.03054524 0.01276850 0.18488709 0.00366042
24.50122506 2.20544730 0.00034881 0.00044792 0.00034773 0.00257661 0.40463028 0.01136484 0.34147548 0.00583984 0.03053693 0.01399842 0.18290938 0.00552376
24.60123006 2.20271983 0.00013185 0.00049943 0.00003528 0.00008027 0.40812027 0.01229838 0.34690925 0.00545121 0.03109974 0.01290330 0.17937131 0.00309971
24.70123506 2.20048824 0.00038580 0.00046336 0.00023020 0.00369167 0.40802832 0.01081121 0.34603684 0.00726576 0.02952273 0.01082923 0.17994875 0.00278613
24.80124006 2.19745115 0.00015772 0.00046126 0.00006968 0.00016315 0.40952871 0.01406044 0.34524795 0.00445323 0.02864149 0.01241012 0.18212059 0.00268566
24.90124506 2.19630938 0.00014326 0.00041584 0.00002759 0.00008693 0.40887003 0.01604246 0.34509377 0.00495284 0.02642405 0.00966195 0.18519631 0.00308496
25.00125006 2.19381866 0.00022172 0.00045575 0.00009802 0.00127669 0.40811229 0.01477977 0.34355892 0.00570086 0.02834226 0.00851781 0.18553078 0.00340513
25.10125506 2.19155474 0.00018447 0.00044021 0.00012159 0.00018456 0.40863310 0.01593384 0.34425212 0.00472943 0.02519179 0.00996016 0.18548279 0.00488594
25.20126006 2.18879737 0.00019788 0.00042291 0.00013786 0.00021567 0.41087109 0.01592440 0.34266628 0.00502000 0.02191575 0.01165446 0.18612397 0.00484973
25.30126506 2.18514721 0.00047680 0.00038591 0.00043933 0.00408057 0.41247631 0.01338306 0.34362250 0.00526562 0.02241585 0.01222152 0.18109943 0.00413309
25.40127006 2.18152278 0.00017041 0.00037956 0.00003702 0.00008294 0.41448098 0.01620581 0.34733802 0.00540891 0.02232907 0.01080411 0.17947237 0.00329080
25.50127506 2.17843056 0.00035047 0.00037896 0.00021830 0.00151385 0.41359834 0.01568632 0.34399910 0.00579673 0.02173591 0.01280213 0.18028768 0.00363220
25.60128006 2.17626412 0.00027881 0.00038483 0.00018364 0.00131645 0.41454146 0.01445669 0.34188921 0.00766096 0.02212350 0.01270689 0.17906100 0.00539656
25.70128506 2.17397742 0.00017237 0.00040181 0.00008406 0.00207851 0.41465834 0.01281897 0.33972757 0.00545722 0.02321372 0.01457346 0.18199856 0.00481541
