0.00000000 2.00000000 0.00000000 0.00000000 0.00000000 0.00000000 0.00000000 0.00000000 0.00000000 1.00000000 0.00000000 0.00000000 0.00000000 0.00000000
0.10000500 2.00175310 0.01640517 0.00110504 0.00444721 0.07878987 0.11324077 0.14345171 0.01443772 0.47439709 0.06950656 0.05051736 0.01570991 0.01799160
0.20001000 2.00194812 0.00597815 0.00108096 0.00264807 0.03478305 0.15398679 0.21987016 0.04618492 0.26738224 0.08696570 0.10995174 0.03978162 0.03138658
0.30001500 2.00146815 0.00383929 0.00082285 0.00190681 0.02448866 0.16968960 0.23082502 0.05815059 0.18983714 0.09430150 0.14171899 0.04903545 0.03538409
0.40002000 2.00160064 0.00356602 0.00075529 0.00151155 0.01780944 0.18260748 0.22113620 0.06860772 0.15899766 0.09876190 0.15827040 0.05126762 0.03670875
0.50002500 2.00105347 0.00366119 0.00072783 0.00155626 0.02267146 0.18744215 0.19669429 0.07645070 0.14350388 0.10294959 0.17286856 0.05642973 0.03504436
0.60003000 2.00015313 0.00361787 0.00072594 0.00150269 0.01928519 0.18174285 0.20047676 0.08439320 0.13205364 0.10331293 0.17076691 0.06382507 0.03829695
0.70003500 2.00042712 0.00304766 0.00076938 0.00151158 0.01898291 0.19162030 0.19464428 0.10335046 0.09927085 0.10088569 0.17330802 0.07137417 0.04123470
0.80004000 1.99924797 0.00278147 0.00093015 0.00138331 0.01674353 0.21039753 0.17682649 0.10891679 0.08575403 0.10386216 0.16138519 0.08589336 0.04512598
0.90004500 1.99878843 0.00304493 0.00077995 0.00219521 0.02803580 0.21163122 0.16320445 0.11237690 0.07794707 0.09687416 0.16458876 0.08633776 0.05298377
1.00005000 1.99895924 0.00212127 0.00083228 0.00142287 0.01361917 0.23182358 0.15901039 0.12378816 0.06478602 0.10405121 0.15602197 0.08950477 0.05301831
1.10005500 1.99842222 0.00205829 0.00065951 0.00115307 0.01434497 0.23350378 0.16369316 0.13555106 0.06649684 0.09769960 0.15345560 0.08658605 0.04479806
1.20006000 1.99697072 0.00248614 0.00070237 0.00192689 0.02614986 0.25874531 0.15218462 0.13494049 0.05660469 0.09868395 0.13298470 0.08892787 0.04566310
1.30006500 1.99602851 0.00198085 0.00066887 0.00123243 0.01691589 0.27726983 0.16884675 0.14256148 0.05279502 0.09018781 0.11667472 0.09131201 0.03955434
1.40007000 1.99557569 0.00238548 0.00063113 0.00139545 0.02230854 0.28378005 0.16791843 0.15181277 0.05580393 0.08810736 0.10062882 0.09166869 0.03355935
1.50007500 1.99588198 0.00228671 0.00069367 0.00136640 0.01975554 0.29047863 0.17076583 0.16264379 0.04977810 0.09238742 0.08242142 0.09179649 0.03562601
1.60008000 1.99501675 0.00189607 0.00060134 0.00094708 0.01116979 0.30143306 0.17037317 0.17008845 0.05215558 0.08230626 0.07662600 0.09557089 0.03683232
1.70008500 1.99493767 0.00243079 0.00052938 0.00123296 0.01377712 0.30663114 0.16606203 0.17327694 0.05964741 0.07150570 0.07016382 0.10005683 0.03468588
1.80009000 1.99253690 0.00211525 0.00068389 0.00130639 0.01854809 0.32176295 0.15340326 0.17505825 0.04803112 0.07334643 0.06074666 0.10914847 0.03584922
1.90009500 1.99292709 0.00166928 0.00058314 0.00077836 0.01180470 0.32569575 0.15921063 0.18088381 0.04464468 0.07026569 0.06014360 0.11257161 0.03174876
2.00010001 1.99187486 0.00179675 0.00055235 0.00106624 0.01340228 0.32792903 0.15185315 0.18322590 0.04277922 0.06644851 0.06005194 0.11584420 0.03505042
2.10010501 1.99092711 0.00141394 0.00060637 0.00076997 0.01305587 0.34659175 0.14195753 0.19463074 0.03447763 0.05849873 0.05708949 0.12167241 0.02923558
2.20011001 1.98984258 0.00163062 0.00052091 0.00107017 0.01572327 0.35086530 0.12680695 0.20228426 0.03574176 0.06214674 0.05395829 0.11818279 0.03106894
2.30011501 1.98883240 0.00150360 0.00058686 0.00097886 0.01136083 0.35314495 0.11851639 0.21082302 0.03151361 0.06374999 0.05018370 0.12569518 0.03194301
2.40012001 1.98809148 0.00137471 0.00048967 0.00088233 0.01137497 0.35469836 0.11847604 0.20809956 0.03342648 0.05915254 0.05245307 0.12955987 0.03001240
2.50012501 1.98709461 0.00142025 0.00050902 0.00092874 0.01121013 0.35607757 0.10995067 0.20777500 0.03528061 0.05182941 0.05454932 0.13780900 0.03266027
2.60013001 1.98550278 0.00137226 0.00040786 0.00116792 0.01745151 0.36483458 0.10716652 0.21183374 0.02617715 0.04835403 0.05811458 0.13256978 0.03055004
2.70013501 1.98127705 0.00139034 0.00043187 0.00102650 0.01154683 0.36407557 0.10552352 0.21012995 0.03198809 0.04844605 0.05923274 0.13691657 0.02929197
2.80014001 1.98155400 0.00152311 0.00039552 0.00089650 0.01168432 0.37152036 0.11228281 0.21460477 0.03577900 0.04526001 0.05195048 0.13421934 0.01988378
2.90014501 1.98226484 0.00113952 0.00035572 0.00045568 0.00397206 0.38089234 0.11300137 0.22269636 0.03540301 0.03664953 0.04871297 0.13540606 0.02131539
3.00015001 1.98161720 0.00134915 0.00035041 0.00075892 0.01051130 0.38236163 0.10802407 0.23082065 0.03258569 0.03410293 0.04266679 0.13636437 0.02010408
3.10015501 1.98084364 0.00105650 0.00044604 0.00062775 0.00823463 0.39961752 0.08351406 0.23270351 0.03079098 0.03952950 0.04366290 0.13970343 0.02011319
3.20016001 1.97980807 0.00171252 0.00040528 0.00120222 0.01810771 0.39751216 0.07706496 0.23046511 0.02754383 0.04292502 0.04338338 0.14069244 0.01898540
3.30016501 1.97966226 0.00096011 0.00048780 0.00063907 0.00917605 0.40123146 0.07336448 0.23727420 0.02215012 0.04915771 0.03719017 0.14784883 0.02051999
3.40017001 1.97969136 0.00072597 0.00048648 0.00041668 0.00421321 0.40924743 0.06858158 0.23709741 0.02119657 0.05009156 0.03597589 0.15307712 0.01889011
3.50017501 1.97935468 0.00073600 0.00046310 0.00038791 0.00540405 0.40849466 0.06806334 0.24407033 0.01849721 0.04506757 0.03768186 0.15790434 0.01322963
3.60018001 1.97829314 0.00090576 0.00038330 0.00053026 0.00754414 0.40884988 0.06984542 0.24795239 0.01768565 0.03951965 0.03402727 0.15929478 0.01346150
3.70018501 1.97808386 0.00085008 0.00035269 0.00044314 0.00501736 0.41488083 0.06432260 0.24787956 0.01848977 0.04087651 0.03281103 0.16001040 0.01406602
3.80019001 1.97578019 0.00050530 0.00039610 0.00018589 0.00183186 0.40960166 0.06084686 0.25574326 0.01610109 0.04269550 0.03462613 0.16556348 0.01190288
3.90019501 1.97486804 0.00060121 0.00036260 0.00030333 0.00373959 0.40861184 0.05979948 0.25384653 0.01509319 0.04278389 0.03480511 0.16639514 0.01365810
4.00020001 1.97424522 0.00060949 0.00036678 0.00042600 0.00378932 0.40949730 0.05785078 0.25815108 0.01402036 0.03843275 0.03018516 0.16955209 0.01711890
4.10020501 1.97317666 0.00060956 0.00030675 0.00034326 0.00552224 0.41637513 0.05835133 0.26038396 0.01460127 0.03297969 0.02887968 0.16795447 0.01369265
4.20021001 1.97275548 0.00057583 0.00032537 0.00021504 0.00408287 0.42038889 0.05462382 0.25840139 0.01799674 0.03094252 0.02961299 0.17194184 0.01089270
4.30021501 1.97207225 0.00056185 0.00035530 0.00021534 0.00224839 0.41811954 0.05325084 0.26021144 0.01738815 0.03532560 0.02808782 0.17198812 0.01224761
4.40022001 1.97010225 0.00083244 0.00035969 0.00061534 0.00815502 0.41822313 0.04628283 0.26114753 0.01406104 0.03608162 0.02816178 0.17418804 0.01189154
4.50022501 1.96950686 0.00084438 0.00029409 0.00055336 0.00678509 0.41733009 0.04915876 0.26563475 0.01375145 0.03321985 0.02425649 0.17552122 0.01265047
4.60023001 1.96905245 0.00045772 0.00029154 0.00023033 0.00056846 0.41827769 0.04654567 0.27059496 0.01478071 0.03120678 0.02753301 0.17562902 0.01388410
4.70023501 1.96742747 0.00062736 0.00026157 0.00046100 0.00490776 0.41572711 0.04657362 0.27386176 0.01240986 0.02864034 0.02817147 0.17550922 0.01284895
4.80024001 1.96477885 0.00054678 0.00026157 0.00028661 0.00222775 0.41342039 0.04203409 0.27337315 0.01567926 0.02834272 0.03260689 0.17860217 0.01261862
4.90024501 1.96239063 0.00073649 0.00026259 0.00043563 0.00538452 0.41353030 0.04286305 0.27368983 0.01558328 0.02496692 0.03305433 0.17955035 0.00994269
5.00025001 1.96151603 0.00047248 0.00026327 0.00032632 0.00381306 0.41468213 0.04224203 0.27657755 0.01337613 0.02161995 0.03145201 0.18285710 0.01231797
5.10025501 1.96104379 0.00030997 0.00027655 0.00025721 0.00026761 0.41566049 0.04519049 0.27630269 0.01157084 0.02344137 0.02684784 0.18431890 0.01555604
5.20026001 1.96154766 0.00041188 0.00024406 0.00037844 0.00204458 0.41996490 0.04007552 0.27428396 0.01100693 0.02458886 0.02888570 0.18291823 0.01519695
5.30026501 1.96057522 0.00041163 0.00026374 0.00041151 0.00406381 0.41923072 0.04319514 0.27620832 0.00980312 0.02235210 0.02355213 0.18594511 0.01456267
5.40027001 1.95724436 0.00074199 0.00026193 0.00056469 0.00795031 0.40986404 0.04585408 0.28142688 0.01118295 0.02359284 0.02335607 0.18685430 0.00834991
5.50027501 1.95476589 0.00074110 0.00032793 0.00050006 0.00575038 0.40821368 0.04441829 0.27982498 0.01485020 0.02751366 0.01804200 0.19011976 0.00969797
5.60028001 1.95341775 0.00060381 0.00030930 0.00043583 0.00517623 0.41457952 0.04351099 0.27778686 0.01163409 0.02464734 0.01854730 0.19067698 0.01209175
5.70028501 1.95284776 0.00029276 0.00029403 0.00013139 0.00026384 0.41690965 0.04671101 0.27995649 0.00937163 0.02461545 0.01974556 0.19022437 0.01148381
5.80029001 1.95085428 0.00049782 0.00025288 0.00037361 0.00536368 0.41497855 0.04737352 0.28162108 0.00887831 0.02426893 0.01670201 0.18887856 0.01081105
5.90029501 1.94845735 0.00050997 0.00030255 0.00032658 0.00326030 0.41736075 0.04520080 0.28021034 0.00814502 0.02786901 0.02016035 0.18825735 0.00839699
6.00030002 1.94792693 0.00031181 0.00029519 0.00015421 0.00214069 0.42088782 0.03692487 0.28076864 0.00770927 0.03085159 0.02104058 0.18919676 0.00971859
6.10030502 1.94650238 0.00046591 0.00028402 0.00027976 0.00336885 0.42210244 0.03500882 0.27839537 0.00735300 0.02795707 0.02355791 0.19326111 0.00796574
6.20031002 1.94348349 0.00032340 0.00024868 0.00014243 0.00033198 0.41869378 0.03548426 0.27697166 0.01030061 0.02742069 0.02949763 0.19066519 0.00991969
6.30031502 1.94363762 0.00041142 0.00025890 0.00022304 0.00185467 0.41985480 0.03149269 0.27601056 0.01350425 0.02722552 0.02735460 0.19065022 0.01115934
6.40032002 1.94164869 0.00032840 0.00027076 0.00016087 0.00028604 0.41812739 0.03579060 0.27597303 0.01200604 0.02739067 0.02943351 0.19023814 0.00999454
6.50032502 1.94167168 0.00040712 0.00026330 0.00017614 0.00378235 0.42563662 0.03785732 0.27569890 0.01252508 0.02399274 0.02028068 0.19240844 0.00697131
6.60033002 1.93978980 0.00063535 0.00027865 0.00055487 0.00691186 0.42741604 0.03626089 0.27614924 0.00970686 0.02228314 0.01612747 0.19387293 0.00980271
6.70033502 1.93646382 0.00045944 0.00027482 0.00037331 0.00530558 0.42585655 0.03724108 0.28126421 0.00955696 0.01918079 0.01594680 0.19342363 0.01111684
6.80034002 1.93413335 0.00062066 0.00026700 0.00043726 0.00606758 0.42329194 0.03795259 0.28278721 0.01205277 0.02130015 0.01528780 0.19235370 0.00758134
6.90034502 1.93427984 0.00044806 0.00026078 0.00015938 0.00200563 0.42727728 0.03726632 0.28846225 0.01185873 0.01931170 0.01350423 0.19268799 0.00675764
7.00035002 1.93194125 0.00067780 0.00026745 0.00049413 0.00976635 0.43027026 0.03396404 0.28592190 0.00995779 0.01683199 0.01285432 0.19270840 0.00628557
7.10035502 1.93249164 0.00049241 0.00026580 0.00031956 0.00341299 0.43315647 0.03421725 0.28504537 0.00879207 0.01705902 0.01667977 0.19247335 0.00808596
7.20036002 1.93136995 0.00026194 0.00026857 0.00013416 0.00019253 0.43800856 0.03184682 0.28510713 0.00889535 0.02014583 0.01386915 0.19246990 0.00880006
7.30036502 1.92858414 0.00030659 0.00025684 0.00015636 0.00186438 0.43739663 0.03256611 0.29075150 0.00664895 0.01966430 0.01115899 0.19393073 0.00529861
7.40037002 1.92703701 0.00039741 0.00024559 0.00020757 0.00354854 0.43794553 0.02847179 0.28729443 0.00822097 0.02130544 0.01359024 0.19320901 0.00556349
7.50037502 1.92518704 0.00043844 0.00023010 0.00037159 0.00366912 0.43730101 0.02734473 0.28577218 0.00819383 0.02088224 0.01375848 0.19181447 0.01022382
7.60038002 1.92488680 0.00024835 0.00021970 0.00021025 0.00203569 0.43760962 0.03252410 0.28395433 0.00561834 0.02090069 0.01725325 0.19131566 0.00811003
7.70038502 1.92329296 0.00034340 0.00022248 0.00023951 0.00495207 0.43881639 0.03093088 0.28585160 0.00731609 0.02067616 0.01421476 0.19043336 0.00600329
7.80039002 1.92302899 0.00051127 0.00021982 0.00034782 0.00507786 0.43972936 0.03272699 0.28447806 0.00864186 0.02040608 0.01300010 0.18916667 0.00569410
7.90039502 1.92207697 0.00019250 0.00024270 0.00005202 0.00211106 0.44077880 0.03629092 0.28434883 0.00630723 0.02378814 0.01150320 0.18884153 0.00554307
8.00040002 1.91881339 0.00034426 0.00032140 0.00024135 0.00498972 0.44143390 0.03020054 0.28540059 0.00495671 0.02351456 0.00764505 0.19532955 0.00562237
8.10040502 1.91490470 0.00058212 0.00028173 0.00044725 0.00643441 0.43947722 0.03152280 0.28551032 0.00607450 0.02388540 0.00725301 0.19084533 0.00768591
8.20041002 1.91500334 0.00029248 0.00029275 0.00018403 0.00150623 0.44786833 0.02946515 0.28582476 0.00619426 0.02266334 0.00715790 0.19135081 0.00719996
8.30041502 1.91303605 0.00022917 0.00028385 0.00014202 0.00162928 0.44915207 0.02718567 0.28581113 0.00531210 0.02327937 0.00940191 0.19147357 0.00609985
8.40042002 1.91187330 0.00029545 0.00026394 0.00021106 0.00182744 0.44680211 0.02858624 0.28420932 0.00838165 0.02286972 0.01034138 0.18985492 0.00635678
8.50042502 1.90959326 0.00020565 0.00031421 0.00009782 0.00216485 0.44829581 0.02498600 0.28317523 0.00760831 0.02676063 0.01066432 0.18945412 0.00627305
8.60043002 1.91015016 0.00018641 0.00027394 0.00004052 0.00014880 0.45658669 0.02281787 0.28498351 0.00642541 0.02450566 0.01192885 0.18765021 0.00445215
8.70043502 1.90868298 0.00024889 0.00026372 0.00014369 0.00187062 0.45382360 0.02565157 0.28711664 0.00424213 0.02731659 0.00977033 0.18547945 0.00407277
8.80044002 1.90479304 0.00035604 0.00024550 0.00029742 0.00426494 0.45049259 0.02469746 0.28890155 0.00405138 0.02678149 0.01179916 0.18357886 0.00453360
8.90044502 1.90219226 0.00032826 0.00024135 0.00015661 0.00153610 0.45356317 0.02123941 0.29141033 0.00752445 0.02334394 0.01479114 0.18144122 0.00442403
9.00045002 1.90127691 0.00027475 0.00023220 0.00012870 0.00174023 0.45454725 0.02020442 0.28945347 0.00685143 0.02307905 0.01622507 0.18268802 0.00457540
9.10045502 1.90003930 0.00013834 0.00028068 0.00003336 0.00009520 0.45960596 0.01931784 0.28926456 0.00625749 0.01996725 0.01566552 0.18488155 0.00449226
9.20046002 1.89996243 0.00019649 0.00024365 0.00012073 0.00144304 0.46044975 0.02106105 0.28899700 0.00559927 0.02036698 0.01320195 0.18394261 0.00437747
9.30046502 1.89878424 0.00011527 0.00029922 0.00008100 0.00009090 0.46528787 0.01837841 0.29423393 0.00386175 0.01791195 0.00961406 0.18426702 0.00585860
9.40047002 1.89789184 0.00024180 0.00024863 0.00022604 0.00351611 0.46656775 0.01568385 0.29411047 0.00308992 0.01831256 0.00855139 0.18276059 0.00669089
9.50047502 1.89784265 0.00027069 0.00020633 0.00025073 0.00290110 0.46899636 0.01675309 0.29594220 0.00472879 0.01604233 0.00731970 0.18081278 0.00577588
9.60048002 1.89458243 0.00026028 0.00025653 0.00019237 0.00143138 0.46852536 0.02158636 0.29415303 0.00470407 0.01851407 0.00715748 0.17855102 0.00466806
9.70048502 1.89388877 0.00014223 0.00021345 0.00004885 0.00010568 0.46919605 0.02227232 0.29657510 0.00457062 0.01795742 0.00682651 0.17805798 0.00403378
9.80049002 1.89338470 0.00024916 0.00017683 0.00014338 0.00191519 0.46989221 0.02185382 0.29493592 0.00462538 0.01544289 0.00991920 0.17755214 0.00329387
9.90049502 1.89160637 0.00041530 0.00016705 0.00032921 0.00674071 0.47031544 0.01965269 0.29611933 0.00462630 0.01288677 0.00878841 0.17651141 0.00344739
10.00050003 1.89146765 0.00021172 0.00019393 0.00019539 0.00151403 0.47062858 0.02119712 0.29443217 0.00323748 0.01485311 0.01071408 0.17789221 0.00493018
10.10050503 1.89157633 0.00025622 0.00019209 0.00019731 0.00386217 0.47291681 0.01644827 0.29446805 0.00462032 0.01492930 0.00962165 0.17749375 0.00499406
10.20051003 1.89050314 0.00020297 0.00020179 0.00013191 0.00162071 0.47398389 0.01574851 0.30016020 0.00457764 0.01320543 0.00927333 0.17644869 0.00444493
10.30051503 1.88807141 0.00014500 0.00021458 0.00008958 0.00011415 0.47140762 0.01619548 0.30388945 0.00432859 0.01291731 0.01075436 0.17557104 0.00437283
10.40052003 1.88706170 0.00016879 0.00024570 0.00002716 0.00013268 0.47020989 0.01633208 0.30542321 0.00602423 0.01333533 0.00846933 0.17678587 0.00284573
10.50052503 1.88652478 0.00016230 0.00020285 0.00005799 0.00202804 0.47096574 0.01463102 0.30312721 0.00533747 0.01343921 0.01063930 0.17626499 0.00314389
10.60053003 1.88627982 0.00017822 0.00018506 0.00010271 0.00148305 0.47182719 0.01689353 0.30266386 0.00496662 0.01334296 0.00900299 0.17598093 0.00337287
10.70053503 1.88541529 0.00026566 0.00018504 0.00014967 0.00143045 0.47264210 0.01886963 0.29959221 0.00657800 0.01333333 0.00941818 0.17424732 0.00328842
10.80054003 1.88202618 0.00023029 0.00026026 0.00012238 0.00187491 0.47005992 0.01767782 0.30100585 0.00551180 0.01840124 0.00796493 0.17427273 0.00261787
10.90054503 1.88113158 0.00012332 0.00022047 0.00007931 0.00011713 0.47211924 0.01602985 0.30328186 0.00515112 0.01642976 0.00805922 0.17394867 0.00444004
11.00055003 1.87914333 0.00021197 0.00019920 0.00007165 0.00015817 0.46938828 0.01522735 0.30316787 0.00796490 0.01587092 0.00781955 0.17537372 0.00454642
11.10055503 1.87627842 0.00028923 0.00023522 0.00019958 0.00305258 0.46739886 0.01422437 0.30253866 0.00564276 0.02172400 0.00811391 0.17410326 0.00247758
11.20056003 1.87589676 0.00029691 0.00023867 0.00030884 0.00348231 0.46564217 0.01184373 0.30194511 0.00375998 0.02338469 0.00825823 0.17478937 0.00604999
11.30056503 1.87509288 0.00035055 0.00020049 0.00032956 0.00346344 0.46550175 0.01300645 0.30237099 0.00636959 0.01801994 0.01077779 0.17190683 0.00770262
11.40057003 1.87431180 0.00038077 0.00018114 0.00045115 0.00567587 0.47130372 0.01275566 0.29935963 0.00514872 0.01569257 0.00814964 0.17146295 0.00943819
11.50057503 1.87397514 0.00010396 0.00018322 0.00017015 0.00013858 0.47282875 0.01627362 0.29956511 0.00661603 0.01582914 0.00886166 0.17159378 0.00783600
11.60058003 1.87075693 0.00027439 0.00021072 0.00019813 0.00151572 0.46909693 0.01603979 0.30388221 0.00812646 0.01608084 0.00963636 0.17072930 0.00420915
11.70058503 1.86948510 0.00031173 0.00020630 0.00017561 0.00192485 0.46845667 0.01385598 0.30264118 0.00891537 0.01766769 0.01207272 0.17102816 0.00274375
11.80059003 1.86744767 0.00022859 0.00020610 0.00014111 0.00186408 0.46503483 0.01625132 0.30410264 0.00642846 0.01725191 0.01239855 0.17340451 0.00268788
11.90059503 1.86624398 0.00022709 0.00019963 0.00012966 0.00175962 0.46706603 0.01492215 0.30544196 0.00601740 0.01704975 0.01204275 0.17224263 0.00290133
12.00060003 1.86244130 0.00027525 0.00024122 0.00014724 0.00187351 0.46520651 0.01203193 0.30229328 0.00693198 0.01705192 0.01648036 0.17520706 0.00225973
12.10060503 1.85993320 0.00033785 0.00022729 0.00018661 0.00335485 0.46204849 0.01062394 0.30342599 0.00829992 0.01771611 0.01662182 0.17458212 0.00257500
12.20061003 1.85807331 0.00029424 0.00027416 0.00020407 0.00333322 0.46311773 0.00928433 0.30234502 0.00568072 0.02366461 0.01454650 0.17459849 0.00265692
12.30061503 1.85711058 0.00025355 0.00024545 0.00019355 0.00177471 0.46252060 0.01312579 0.30253589 0.00614745 0.01960523 0.01062525 0.17909283 0.00387970
12.40062003 1.85556771 0.00019234 0.00024682 0.00006971 0.00008966 0.46045767 0.01313836 0.30244479 0.00795866 0.02167063 0.01053070 0.17918008 0.00402058
12.50062503 1.85337185 0.00020844 0.00023163 0.00007902 0.00018659 0.46096399 0.01193518 0.30444326 0.00822903 0.02139051 0.00947404 0.17897061 0.00388770
12.60063003 1.85341231 0.00026796 0.00022119 0.00013135 0.00179348 0.46257124 0.01205694 0.30442486 0.00628756 0.01810874 0.01107539 0.18067396 0.00238732
12.70063503 1.85168596 0.00016048 0.00024564 0.00002655 0.00010633 0.46251127 0.01012842 0.30547657 0.00698834 0.02033292 0.01049480 0.17943359 0.00409508
12.80064003 1.85129616 0.00025411 0.00023734 0.00016414 0.00182890 0.46445570 0.01071680 0.30386096 0.00614609 0.01871518 0.00900565 0.18073081 0.00388432
12.90064503 1.85129757 0.00009698 0.00022484 0.00003815 0.00207722 0.46584150 0.01649514 0.30417284 0.00243919 0.01715163 0.00679109 0.18260919 0.00206223
13.00065003 1.84862978 0.00032173 0.00021570 0.00022723 0.00363520 0.46978792 0.01858012 0.30349003 0.00309725 0.01517092 0.00205128 0.18133542 0.00208719
13.10065503 1.84832371 0.00015509 0.00021814 0.00010494 0.00160211 0.47250792 0.01846419 0.30245345 0.00163555 0.01702228 0.00176877 0.18179821 0.00226934
13.20066003 1.84619046 0.00028677 0.00020986 0.00023591 0.00491123 0.46951483 0.01621883 0.30152344 0.00203965 0.01733006 0.00359998 0.18142181 0.00270762
13.30066503 1.84656449 0.00014077 0.00021579 0.00002038 0.00012376 0.46661868 0.01545568 0.30563930 0.00369565 0.01698511 0.00554585 0.18254113 0.00301791
13.40067003 1.84414080 0.00012716 0.00018935 0.00005012 0.00203602 0.46131391 0.01562413 0.30830615 0.00330642 0.01429848 0.00964651 0.18189210 0.00320964
13.50067503 1.84190730 0.00008756 0.00020062 0.00003438 0.00006200 0.46436856 0.01583945 0.30459513 0.00286352 0.01234432 0.01184033 0.18449136 0.00327277
13.60068003 1.84166068 0.00013608 0.00019034 0.00015407 0.00158184 0.46335293 0.01487494 0.30615802 0.00180556 0.01254431 0.00900423 0.18575440 0.00444328
13.70068503 1.84139744 0.00017399 0.00017984 0.00015735 0.00180079 0.46237161 0.01462914 0.30580206 0.00208882 0.01272168 0.00901583 0.18692481 0.00413408
13.80069003 1.84079452 0.00016230 0.00018026 0.00014313 0.00142567 0.46032212 0.01668421 0.30579355 0.00237495 0.01260831 0.00944541 0.18709576 0.00376433
13.90069503 1.84000606 0.00023936 0.00019215 0.00014103 0.00190010 0.46142787 0.01688588 0.30210228 0.00421464 0.01423777 0.00715001 0.18803993 0.00346899
14.00070004 1.83752674 0.00012324 0.00021285 0.00014732 0.00020240 0.45891840 0.01866712 0.29682644 0.00394803 0.01228645 0.01036331 0.19175586 0.00654858
14.10070504 1.83678196 0.00036166 0.00017884 0.00037656 0.00434895 0.46014714 0.01754338 0.29496744 0.00454359 0.00913809 0.01064841 0.19156849 0.00617746
14.20071004 1.83546695 0.00014714 0.00025085 0.00014330 0.00154132 0.46231855 0.01653128 0.29495884 0.00279575 0.01336054 0.00837293 0.19511121 0.00446828
14.30071504 1.83418225 0.00023971 0.00020982 0.00019711 0.00301186 0.46446293 0.01378848 0.29730799 0.00297323 0.01169067 0.00884579 0.19432859 0.00294383
14.40072004 1.83388359 0.00008898 0.00020104 0.00001818 0.00005718 0.46597355 0.01363408 0.30188411 0.00275414 0.01177912 0.00658390 0.19416218 0.00286354
14.50072504 1.83273966 0.00035383 0.00020162 0.00027539 0.00487701 0.46672350 0.01109950 0.29872087 0.00353241 0.01143135 0.00501175 0.19492266 0.00285011
14.60073004 1.83235291 0.00027086 0.00021340 0.00028248 0.00353593 0.46575039 0.00998387 0.29992127 0.00146080 0.01331688 0.00630253 0.19479805 0.00416354
14.70073504 1.82994075 0.00032231 0.00019715 0.00030833 0.00354850 0.46335045 0.01123996 0.30022748 0.00344092 0.01095479 0.00590841 0.19527013 0.00523158
14.80074004 1.82991702 0.00013957 0.00016984 0.00019879 0.00199646 0.46274657 0.01372556 0.29996833 0.00209973 0.01073039 0.00734748 0.19438486 0.00649241
14.90074504 1.82805949 0.00008008 0.00018686 0.00015794 0.00012031 0.46299954 0.01298698 0.29945803 0.00216962 0.01247713 0.00750172 0.19487843 0.00698334
15.00075004 1.82613759 0.00006803 0.00021472 0.00015136 0.00010087 0.46267160 0.01074465 0.29735063 0.00180684 0.01591190 0.00833400 0.19585114 0.00679425
15.10075504 1.82565473 0.00007890 0.00017682 0.00010641 0.00009392 0.46237014 0.01202377 0.29532164 0.00220260 0.01499872 0.01024163 0.19713268 0.00525277
15.20076004 1.82496546 0.00028376 0.00017164 0.00026719 0.00345476 0.46370063 0.01193130 0.29361553 0.00256877 0.01273340 0.00952528 0.19777880 0.00396894
15.30076504 1.82449257 0.00024160 0.00016359 0.00025387 0.00352314 0.46317003 0.01127978 0.29314801 0.00263114 0.01240022 0.00914137 0.19911815 0.00492910
15.40077004 1.82249952 0.00013365 0.00020965 0.00008676 0.00191570 0.46324361 0.01098598 0.29694926 0.00412393 0.01432072 0.00656765 0.19927676 0.00218631
15.50077504 1.82194867 0.00026213 0.00017878 0.00014285 0.00184793 0.46129044 0.01250266 0.29825100 0.00524115 0.01117263 0.00784276 0.19910714 0.00216051
15.60078004 1.82157770 0.00008378 0.00018617 0.00002840 0.00003969 0.46132199 0.01624209 0.29982981 0.00278723 0.01294990 0.00484844 0.19971213 0.00197037
15.70078504 1.82012516 0.00030981 0.00019136 0.00024704 0.00553374 0.45987561 0.01581666 0.29619058 0.00290039 0.01111219 0.00472515 0.20063026 0.00246721
15.80079004 1.81809317 0.00022127 0.00021628 0.00020376 0.00190129 0.45816073 0.01549532 0.29623005 0.00441168 0.00946583 0.00403913 0.20392712 0.00572756
15.90079504 1.81574193 0.00027608 0.00020436 0.00014559 0.00199535 0.46071084 0.01224488 0.29847641 0.00569404 0.00983616 0.00442979 0.20277222 0.00321427
16.00080004 1.81290147 0.00022165 0.00023343 0.00016656 0.00184210 0.45821714 0.01391372 0.29857999 0.00503055 0.01220785 0.00489163 0.20076159 0.00393378
16.10080504 1.81114442 0.00039817 0.00021007 0.00021976 0.00331116 0.45703229 0.01088006 0.29876472 0.00825575 0.01220220 0.00711271 0.19979073 0.00182239
16.20081004 1.80846460 0.00034091 0.00024489 0.00025773 0.00328795 0.45759351 0.01041611 0.29936354 0.00639332 0.01308568 0.00758232 0.19771238 0.00372166
16.30081504 1.80789211 0.00037473 0.00020325 0.00032488 0.00360258 0.45939309 0.00947186 0.29756665 0.00727103 0.01212591 0.00585464 0.19871110 0.00510028
16.40082004 1.80580845 0.00018974 0.00022311 0.00007857 0.00201124 0.46041231 0.00950485 0.29919968 0.00497123 0.01546591 0.00786312 0.19869898 0.00138124
16.50082504 1.80539487 0.00008972 0.00021136 0.00001148 0.00004829 0.46072811 0.00803253 0.29874738 0.00442460 0.01876654 0.00795746 0.19954661 0.00143593
16.60083004 1.80485919 0.00032021 0.00020466 0.00019979 0.00282941 0.46330673 0.00565066 0.29650391 0.00655537 0.01451612 0.00687629 0.20146857 0.00156827
16.70083504 1.80424541 0.00021420 0.00020181 0.00015165 0.00349137 0.46688561 0.00430670 0.29528023 0.00504816 0.01491989 0.00752952 0.20071246 0.00125839
16.80084004 1.80069728 0.00024634 0.00024319 0.00021112 0.00335255 0.47152811 0.00630869 0.29025009 0.00386501 0.01351129 0.00883652 0.20046733 0.00117978
16.90084504 1.79787506 0.00026478 0.00022960 0.00021257 0.00309091 0.46669176 0.00626502 0.28838035 0.00366153 0.01406629 0.01305415 0.20063200 0.00345103
17.00085004 1.79544735 0.00020901 0.00024254 0.00022858 0.00336049 0.46595785 0.00772566 0.28718814 0.00346220 0.01367048 0.01341311 0.20094098 0.00360095
17.10085504 1.79388998 0.00029015 0.00019502 0.00022503 0.00328383 0.46487155 0.00946156 0.28943659 0.00464897 0.01364421 0.01257356 0.19785264 0.00351690
17.20086004 1.79243410 0.00029160 0.00022873 0.00017803 0.00345255 0.46569400 0.00957466 0.29147279 0.00612404 0.01624118 0.00759678 0.19636330 0.00278235
17.30086504 1.79224727 0.00045791 0.00019551 0.00033407 0.00432127 0.46617268 0.00919840 0.29152455 0.00627186 0.01559809 0.00688400 0.19650916 0.00253249
17.40087004 1.78930364 0.00014893 0.00020619 0.00008935 0.00212882 0.46382198 0.01089832 0.29136300 0.00624213 0.01892162 0.00695022 0.19568721 0.00354223
17.50087504 1.78490076 0.00013091 0.00019990 0.00007067 0.00013724 0.46017779 0.01316471 0.29702769 0.00567950 0.01648560 0.00900466 0.19410902 0.00381232
17.60088004 1.78269808 0.00017083 0.00019500 0.00015361 0.00154514 0.45934135 0.01530472 0.29699970 0.00542718 0.01297016 0.00915505 0.19449379 0.00424347
17.70088504 1.78124146 0.00028136 0.00022240 0.00021423 0.00333356 0.46250197 0.01503180 0.29706937 0.00375285 0.01344249 0.00707512 0.19476377 0.00231109
17.80089004 1.78047362 0.00022134 0.00019232 0.00013990 0.00173347 0.46725227 0.01601498 0.29519862 0.00375677 0.01320698 0.00819434 0.19214981 0.00193921
17.90089504 1.77972414 0.00032072 0.00021200 0.00024510 0.00321611 0.46877167 0.01229754 0.29828539 0.00511695 0.01167239 0.00688528 0.18905855 0.00391829
18.00090005 1.77800013 0.00041664 0.00019626 0.00032752 0.00464586 0.46585927 0.01299949 0.29429740 0.00656949 0.01319150 0.00914728 0.18845557 0.00389372
18.10090505 1.77667555 0.00016907 0.00022581 0.00004215 0.00008516 0.46566997 0.01393596 0.29288271 0.00740404 0.01644679 0.00929000 0.19077472 0.00307362
18.20091005 1.77410021 0.00020081 0.00021802 0.00010608 0.00406310 0.46119581 0.01341421 0.29315067 0.00690484 0.01599103 0.01094722 0.18944448 0.00436374
18.30091505 1.77466338 0.00025396 0.00019173 0.00017084 0.00209111 0.46005193 0.01541182 0.29109027 0.00764683 0.01570750 0.01223415 0.18895857 0.00619130
18.40092005 1.77379009 0.00026618 0.00020202 0.00016096 0.00157286 0.46246577 0.01798918 0.28983088 0.00807575 0.01733528 0.00857017 0.18816604 0.00536489
18.50092505 1.77198893 0.00022523 0.00021843 0.00012872 0.00167220 0.46930813 0.01775907 0.28969770 0.00679034 0.01430627 0.00854800 0.18846947 0.00287644
18.60093005 1.76832187 0.00019505 0.00020968 0.00009867 0.00019647 0.46857249 0.01857814 0.29011578 0.00701380 0.01468440 0.00914429 0.18641766 0.00477357
18.70093505 1.76786628 0.00010570 0.00020033 0.00005500 0.00008054 0.47082347 0.01659299 0.29217607 0.00446027 0.01458288 0.00987028 0.18621725 0.00483523
18.80094005 1.76779466 0.00013622 0.00024624 0.00004289 0.00012497 0.47356131 0.01499357 0.29032320 0.00483281 0.01310707 0.00962699 0.18876218 0.00424255
18.90094505 1.76586551 0.00025353 0.00024504 0.00015250 0.00390852 0.47312301 0.01134704 0.28968794 0.00548119 0.01505117 0.00999596 0.18789284 0.00286126
19.00095005 1.76377060 0.00010521 0.00021789 0.00004173 0.00007383 0.47582014 0.01392164 0.29020295 0.00391955 0.01511341 0.01129220 0.18664560 0.00264585
19.10095505 1.76257378 0.00009150 0.00023488 0.00003479 0.00008449 0.47264272 0.01346798 0.28890702 0.00377013 0.01886940 0.01220363 0.18734598 0.00234749
19.20096005 1.76155534 0.00009577 0.00020283 0.00002390 0.00005921 0.47324985 0.01341339 0.28986538 0.00416905 0.01842198 0.01157130 0.18625997 0.00266738
19.30096505 1.75890220 0.00010279 0.00021406 0.00002494 0.00006843 0.47343162 0.01287902 0.29171690 0.00365479 0.01991875 0.01060533 0.18471867 0.00266470
19.40097005 1.75589778 0.00010783 0.00020456 0.00002546 0.00008796 0.47503319 0.01149997 0.29548182 0.00364142 0.01838561 0.01006297 0.18289482 0.00257438
19.50097505 1.75408994 0.00016121 0.00023240 0.00009827 0.00357273 0.47387769 0.01009018 0.29899048 0.00288047 0.01864516 0.00685997 0.18225427 0.00233718
19.60098005 1.75320084 0.00030389 0.00020328 0.00023200 0.00325676 0.47585654 0.01174048 0.29791966 0.00301042 0.01796766 0.00574377 0.18205286 0.00171268
19.70098505 1.75213128 0.00006942 0.00021827 0.00006854 0.00005583 0.47847982 0.01298312 0.29924007 0.00216316 0.01606755 0.00320364 0.18399429 0.00345628
19.80099005 1.75186697 0.00010141 0.00020110 0.00004252 0.00198849 0.47855568 0.01489160 0.29942457 0.00197496 0.01606942 0.00153421 0.18374922 0.00146679
19.90099505 1.74911179 0.00013179 0.00021496 0.00001839 0.00010002 0.47564203 0.01264564 0.30305365 0.00402513 0.01454279 0.00335893 0.18454658 0.00172010
20.00100005 1.74742100 0.00022932 0.00019632 0.00012770 0.00178430 0.47601491 0.01152205 0.30140518 0.00377923 0.01151567 0.00494913 0.18486792 0.00360827
20.10100505 1.74610090 0.00024657 0.00020779 0.00022644 0.00324012 0.47876080 0.00833876 0.30141820 0.00326585 0.01166110 0.00534790 0.18395210 0.00333436
20.20101005 1.74600061 0.00026017 0.00022588 0.00012876 0.00356791 0.47724577 0.00739211 0.30360760 0.00562801 0.00977211 0.00539743 0.18514863 0.00162561
20.30101505 1.74338603 0.00017610 0.00021834 0.00012046 0.00202852 0.47972531 0.00845737 0.30150029 0.00490018 0.01048735 0.00500580 0.18406872 0.00331156
20.40102005 1.74163468 0.00018926 0.00023040 0.00020849 0.00278598 0.48031268 0.00662536 0.30171562 0.00304127 0.01293297 0.00586950 0.18280833 0.00328013
20.50102505 1.73930955 0.00012124 0.00020199 0.00009391 0.00140383 0.48589039 0.00824587 0.29892429 0.00269281 0.01215198 0.00576084 0.18283135 0.00168151
20.60103005 1.73448219 0.00017416 0.00022206 0.00014282 0.00139182 0.47834597 0.00968375 0.30061683 0.00233808 0.01543624 0.00664108 0.18337889 0.00162829
20.70103505 1.73313931 0.00010485 0.00020320 0.00002162 0.00010777 0.47698268 0.01102231 0.30361797 0.00345012 0.01487242 0.00545988 0.18232372 0.00183345
20.80104005 1.73244897 0.00012054 0.00018947 0.00002286 0.00012904 0.47649104 0.01075686 0.30297604 0.00372778 0.01623571 0.00707818 0.18010775 0.00216474
20.90104505 1.73154830 0.00018016 0.00022632 0.00012903 0.00175258 0.47376299 0.01264736 0.30073497 0.00227968 0.01990995 0.00662463 0.17936577 0.00238656
21.00105005 1.72857225 0.00019781 0.00022695 0.00014818 0.00337202 0.47309030 0.01261996 0.30046598 0.00268208 0.01987972 0.00637346 0.17833705 0.00260649
21.10105505 1.72839989 0.00014950 0.00022365 0.00002763 0.00007979 0.47706679 0.01270494 0.29998543 0.00486776 0.01783149 0.00427737 0.18089264 0.00189302
21.20106005 1.72778527 0.00014765 0.00019832 0.00006166 0.00196363 0.47668590 0.01266278 0.30008163 0.00420330 0.01436606 0.00479603 0.18266809 0.00216495
21.30106505 1.72504421 0.00010504 0.00018055 0.00003987 0.00205529 0.47591022 0.01458891 0.29969615 0.00360680 0.01436909 0.00714650 0.17984399 0.00245758
21.40107005 1.72269636 0.00024431 0.00017997 0.00009175 0.00210164 0.47495774 0.01493034 0.29948894 0.00672206 0.01258619 0.00757057 0.17878716 0.00233932
21.50107505 1.72271848 0.00021591 0.00018881 0.00003507 0.00019346 0.47276958 0.01516861 0.29900249 0.00825292 0.01321964 0.00968601 0.17881948 0.00244802
21.60108005 1.72160872 0.00019751 0.00020537 0.00010473 0.00143299 0.47992778 0.01458435 0.29631053 0.00608259 0.01314897 0.00757708 0.17840734 0.00202075
21.70108505 1.72024797 0.00032843 0.00018398 0.00022483 0.00275479 0.47739234 0.01405365 0.29290930 0.00916379 0.01297261 0.00900867 0.17854177 0.00246584
21.80109005 1.72019341 0.00025345 0.00015985 0.00014558 0.00164353 0.47876343 0.01341836 0.29091653 0.00719611 0.01247191 0.01094508 0.17968828 0.00439789
21.90109505 1.71946555 0.00020909 0.00016108 0.00016118 0.00177401 0.48006528 0.01128648 0.29099498 0.00608766 0.01420871 0.01036798 0.18056994 0.00411361
22.00110006 1.71937369 0.00019669 0.00017954 0.00005826 0.00018652 0.47738221 0.01436138 0.28949980 0.00716124 0.01582870 0.01082873 0.18110976 0.00320717
22.10110506 1.71681449 0.00034951 0.00017130 0.00028014 0.00315814 0.47847167 0.01477208 0.28906657 0.00533643 0.01373102 0.01112327 0.18055944 0.00298043
22.20111006 1.71634002 0.00013212 0.00021401 0.00005926 0.00215658 0.47443809 0.01328828 0.28926263 0.00472590 0.01414632 0.01699855 0.18193896 0.00263931
22.30111506 1.71452218 0.00027166 0.00018494 0.00019335 0.00366672 0.47493229 0.01219243 0.29094950 0.00436213 0.01374804 0.01469058 0.18218524 0.00262313
22.40112006 1.71327645 0.00019744 0.00022617 0.00016451 0.00139218 0.47289193 0.01197570 0.29255535 0.00437487 0.01208869 0.01296636 0.18623785 0.00492894
22.50112506 1.71243096 0.00039988 0.00023586 0.00032885 0.00511888 0.47285710 0.01258951 0.29060179 0.00394268 0.01235784 0.01113675 0.18794742 0.00248344
22.60113006 1.71065800 0.00021734 0.00025105 0.00003573 0.00218833 0.47265864 0.01325653 0.29094253 0.00773017 0.01179839 0.01039538 0.18834939 0.00217651
22.70113506 1.71040672 0.00013785 0.00020761 0.00003129 0.00011289 0.47628788 0.01254594 0.29317420 0.00557647 0.01202757 0.01156883 0.18630274 0.00202674
22.80114006 1.70981377 0.00026565 0.00022393 0.00016839 0.00314421 0.47435936 0.01101766 0.29010476 0.00555484 0.01567354 0.00972592 0.18763842 0.00212332
22.90114506 1.70900703 0.00011843 0.00018772 0.00002870 0.00007424 0.47381501 0.01316830 0.29222798 0.00505960 0.01485126 0.01139705 0.18691804 0.00215368
23.00115006 1.70819493 0.00015693 0.00019054 0.00002704 0.00013615 0.47274189 0.01608158 0.29142049 0.00515221 0.01501964 0.01018918 0.18662745 0.00225690
23.10115506 1.70659156 0.00027920 0.00020360 0.00020941 0.00149732 0.46887287 0.01777952 0.29062789 0.00610041 0.01449565 0.00816202 0.18779999 0.00397212
23.20116006 1.70618657 0.00039958 0.00018214 0.00028701 0.00663196 0.46709467 0.01528699 0.28919035 0.00696261 0.01104497 0.01211117 0.18648787 0.00432067
23.30116506 1.70337114 0.00031380 0.00018775 0.00026386 0.00544780 0.46990865 0.01793606 0.29082562 0.00457857 0.01108851 0.00966535 0.18398946 0.00579456
23.40117006 1.70366300 0.00028505 0.00016808 0.00022136 0.00198353 0.46904239 0.01977387 0.28924502 0.00586792 0.01103260 0.01233873 0.18451191 0.00552955
23.50117506 1.70074892 0.00040421 0.00018283 0.00022296 0.00336608 0.46708988 0.01825249 0.28918168 0.00911673 0.00960147 0.01273018 0.18594413 0.00390734
23.60118006 1.70006968 0.00037365 0.00018608 0.00025430 0.00486992 0.46850617 0.01638143 0.28731942 0.00703882 0.01142042 0.01100676 0.18656792 0.00607511
23.70118506 1.69654865 0.00025198 0.00022891 0.00018674 0.00307498 0.46661247 0.01922879 0.28994387 0.00483034 0.01281742 0.01059375 0.18839732 0.00383342
23.80119006 1.69595635 0.00012373 0.00020644 0.00004398 0.00007054 0.46576916 0.02347864 0.29166209 0.00460091 0.01231751 0.01018278 0.18804480 0.00349942
23.90119506 1.69362570 0.00014131 0.00018804 0.00009267 0.00210516 0.46143163 0.02531542 0.29225816 0.00434645 0.01233210 0.00858579 0.18779007 0.00541321
24.00120006 1.69314000 0.00019609 0.00018657 0.00006705 0.00014604 0.46262202 0.02530108 0.29193579 0.00604085 0.01254864 0.00708643 0.18870698 0.00516246
24.10120506 1.69297340 0.00029945 0.00017746 0.00014742 0.00177188 0.46402998 0.02373529 0.28947018 0.00712208 0.01259099 0.00644465 0.18973139 0.00447922
24.20121006 1.69081251 0.00034819 0.00018268 0.00021615 0.00350427 0.46377827 0.02127836 0.28887286 0.00747955 0.01249278 0.00783666 0.18867341 0.00533681
24.30121506 1.69014428 0.00022918 0.00018564 0.00013042 0.00349632 0.46550953 0.02305718 0.28851150 0.00655148 0.01263744 0.00570166 0.18915589 0.00483375
24.40122006 1.68992236 0.00033048 0.00017228 0.00011031 0.00160102 0.46508335 0.02128929 0.29024256 0.00891849 0.01236886 0.00634087 0.19013295 0.00340955
24.50122506 1.68942062 0.00025937 0.00016777 0.00012596 0.00373110 0.46406054 0.02164178 0.28803158 0.00752856 0.01076544 0.01113560 0.18897467 0.00357762
24.60123006 1.68753152 0.00017899 0.00018877 0.00007930 0.00011363 0.46113293 0.02288842 0.28733787 0.00789855 0.01246881 0.01132005 0.19087162 0.00552107
24.70123506 1.68698229 0.00024075 0.00016758 0.00017810 0.00355766 0.46210692 0.02061260 0.28744943 0.00570396 0.01078747 0.01423304 0.18948860 0.00547390
24.80124006 1.68684333 0.00028067 0.00021180 0.00002823 0.00026901 0.46533519 0.01535625 0.28805722 0.00982362 0.01241294 0.01109017 0.19398285 0.00315205
24.90124506 1.68603236 0.00035876 0.00020695 0.00024164 0.00538552 0.46474285 0.01224313 0.28334316 0.00716883 0.01243219 0.01545811 0.19527485 0.00314402
25.00125006 1.68371458 0.00020860 0.00020051 0.00006474 0.00207966 0.46336068 0.01445844 0.28559159 0.00782682 0.01089609 0.01783108 0.19395113 0.00353065
25.10125506 1.68070162 0.00016958 0.00021511 0.00003180 0.00007624 0.46402564 0.01489622 0.28749252 0.00818941 0.01135650 0.01730331 0.19291022 0.00333343
25.20126006 1.67793306 0.00018961 0.00023505 0.00016696 0.00163628 0.46630120 0.01321496 0.28506917 0.00496280 0.01270843 0.01902826 0.19168615 0.00480113
25.30126506 1.67774033 0.00015239 0.00024138 0.00011246 0.00196874 0.46941186 0.01280278 0.28467418 0.00422619 0.01086816 0.01476675 0.19680443 0.00397069
25.40127006 1.67777530 0.00043765 0.00019651 0.00042172 0.00724868 0.47412697 0.00999864 0.28249021 0.00365875 0.00948771 0.01197218 0.19569860 0.00426239
25.50127506 1.67593415 0.00028624 0.00020164 0.00032531 0.00363996 0.47386033 0.00932331 0.28252396 0.00363938 0.01185714 0.01312993 0.19555694 0.00565587
25.60128006 1.67420832 0.00018832 0.00020925 0.00015665 0.00164038 0.47529883 0.01360898 0.28361810 0.00334020 0.01179613 0.01361740 0.19307769 0.00344808
25.70128506 1.67162820 0.00038512 0.00017091 0.00031835 0.00540914 0.47296038 0.01666098 0.28492365 0.00393943 0.00993199 0.01039855 0.19201308 0.00288842
