0.00000000 3.00000000 0.00000000 0.00000000 0.00000000 0.00000000 0.00000000 0.00000000 0.00000000 1.00000000 0.00000000 0.00000000 0.00000000 0.00000000
0.10000500 3.00191418 0.01783880 0.00072012 0.00613794 0.10020425 0.07922000 0.15081763 0.02016859 0.48282614 0.04480083 0.05268908 0.00709045 0.03748617
0.20001000 3.00173823 0.00666020 0.00095507 0.00364073 0.05237487 0.13816688 0.22128828 0.03913738 0.27685246 0.07552837 0.12180690 0.02621230 0.03737656
0.30001500 3.00167962 0.00414829 0.00067101 0.00237555 0.03241921 0.15612495 0.24763477 0.05426939 0.19187767 0.07370149 0.16030053 0.03723316 0.03924398
0.40002000 3.00150031 0.00368443 0.00070554 0.00181978 0.02266495 0.17130989 0.24121273 0.06287870 0.15553633 0.08261432 0.16872359 0.04649155 0.04235819
0.50002500 3.00080726 0.00380682 0.00077583 0.00175327 0.02396712 0.17715208 0.22144779 0.07315019 0.13303185 0.09314826 0.17357931 0.05777364 0.04041383
0.60003000 2.99847217 0.00343747 0.00085770 0.00177038 0.02168817 0.19711579 0.19601835 0.08318497 0.11103348 0.09801794 0.18030161 0.06082361 0.04575054
0.70003500 2.99828034 0.00365656 0.00082432 0.00220205 0.03235987 0.20860642 0.17648454 0.09332486 0.09487631 0.10242328 0.17322699 0.06482112 0.04719368
0.80004000 2.99714798 0.00354365 0.00086578 0.00222826 0.03122624 0.21474082 0.16520616 0.10301428 0.08188161 0.10635053 0.17357223 0.07702859 0.04034184
0.90004500 2.99747301 0.00208520 0.00079047 0.00076307 0.01019189 0.22152596 0.17222472 0.11532781 0.07799847 0.10111216 0.17223555 0.08524361 0.04050110
1.00005000 2.99787186 0.00204100 0.00068747 0.00111351 0.01610675 0.22130234 0.18403739 0.12063413 0.06749478 0.09465343 0.16215714 0.08672264 0.04304943
1.10005500 2.99801657 0.00176924 0.00070882 0.00085037 0.00943367 0.23419304 0.19219388 0.12690603 0.06232984 0.09292683 0.14424569 0.09126527 0.04317730
1.20006000 2.99631205 0.00210006 0.00066965 0.00121985 0.01324338 0.24709833 0.19241376 0.13649004 0.05774337 0.09021754 0.13008514 0.08752443 0.04119444
1.30006500 2.99552240 0.00244543 0.00063972 0.00134635 0.02187401 0.26198418 0.19624419 0.14307861 0.06024386 0.08617072 0.10416823 0.08412676 0.03767793
1.40007000 2.99407108 0.00219187 0.00067953 0.00109311 0.01504780 0.27901575 0.18951722 0.14593433 0.05734763 0.08918966 0.09458218 0.08918073 0.03622019
1.50007500 2.99345129 0.00203139 0.00066677 0.00082693 0.01297814 0.28655289 0.19024008 0.14602084 0.05307986 0.09314074 0.08990707 0.09161875 0.03293653
1.60008000 2.99179077 0.00192909 0.00069791 0.00090480 0.01278432 0.29218019 0.18059579 0.15184980 0.04952465 0.09453494 0.07872532 0.09873715 0.03753602
1.70008500 2.99135460 0.00204768 0.00061679 0.00119574 0.01450901 0.29760736 0.17502164 0.16364021 0.04472387 0.08870688 0.07540257 0.09742876 0.03909950
1.80009000 2.99061461 0.00235504 0.00069288 0.00153967 0.02045338 0.31108823 0.16476356 0.16586838 0.04046372 0.08462438 0.06997432 0.10372613 0.03445032
1.90009500 2.98782840 0.00171098 0.00071011 0.00083927 0.01168506 0.31711917 0.15770691 0.16601905 0.04396202 0.08489254 0.07119217 0.11125913 0.03290359
2.00010001 2.98619616 0.00186996 0.00064825 0.00113397 0.01175178 0.32583841 0.14638804 0.17533925 0.04226014 0.08423367 0.06903524 0.10794042 0.03356088
2.10010501 2.98399026 0.00148525 0.00063482 0.00090929 0.01120815 0.32857596 0.14777790 0.18089404 0.03542435 0.08418740 0.06785722 0.10770778 0.03333784
2.20011001 2.98243801 0.00137019 0.00066422 0.00062239 0.00908806 0.33856441 0.13738610 0.18895586 0.03680432 0.08220086 0.06136515 0.11561466 0.02736378
2.30011501 2.97819663 0.00172301 0.00061948 0.00120538 0.01779626 0.34333354 0.13173785 0.18576008 0.02835014 0.08149265 0.05545120 0.12079425 0.03173616
2.40012001 2.97575206 0.00162483 0.00059221 0.00111338 0.01518958 0.35271321 0.12576182 0.19363431 0.03098084 0.08091355 0.05246027 0.11614672 0.02886928
2.50012501 2.97323895 0.00113814 0.00063967 0.00074864 0.00736707 0.35647542 0.12507553 0.20213863 0.02450104 0.08183028 0.05063313 0.12091600 0.02853644
2.60013001 2.97046625 0.00141749 0.00060999 0.00102476 0.01400936 0.35480466 0.12055297 0.20562915 0.02485608 0.07816845 0.04629669 0.12478774 0.02784265
2.70013501 2.96607936 0.00146410 0.00056208 0.00079544 0.00798863 0.34675552 0.12149562 0.20639458 0.03400863 0.07681826 0.05207955 0.12546956 0.02616804
2.80014001 2.96389756 0.00115218 0.00058171 0.00073246 0.01074827 0.35364318 0.11098318 0.21312726 0.02898980 0.07691436 0.04679555 0.12773349 0.02859856
2.90014501 2.96008937 0.00107305 0.00057269 0.00073352 0.00905800 0.35224012 0.11227904 0.21937952 0.02582526 0.07348700 0.04861226 0.13232067 0.02441888
3.00015001 2.95706672 0.00113753 0.00062138 0.00062758 0.00722614 0.35833607 0.10270351 0.22617541 0.02751432 0.07492165 0.04651428 0.13194550 0.02227664
3.10015501 2.95483799 0.00103173 0.00055306 0.00051451 0.00709009 0.36595109 0.09885729 0.22330391 0.02788308 0.07314435 0.04777194 0.13104759 0.02285136
3.20016001 2.94692579 0.00112982 0.00054310 0.00051745 0.00640827 0.35757862 0.10292116 0.22476630 0.03095035 0.07394199 0.04986333 0.13116999 0.02020964
3.30016501 2.94362024 0.00136390 0.00053779 0.00075189 0.01234742 0.36462879 0.09270506 0.22385450 0.03182632 0.07018468 0.04904948 0.13279424 0.01995592
3.40017001 2.94023657 0.00142746 0.00048820 0.00101040 0.01270518 0.37499316 0.08978260 0.22618771 0.02580613 0.06110128 0.05030352 0.13522966 0.02096471
3.50017501 2.93895321 0.00100772 0.00057275 0.00058671 0.01013993 0.37552227 0.08517878 0.23200515 0.02387429 0.06045469 0.04244362 0.14744513 0.02076895
3.60018001 2.93767894 0.00084798 0.00054664 0.00041096 0.00717894 0.37380760 0.08959624 0.24038809 0.02288901 0.05921279 0.03804719 0.14804488 0.01902968
3.70018501 2.93364868 0.00121902 0.00049788 0.00089787 0.01497785 0.37848798 0.08404034 0.23896551 0.01973558 0.05472473 0.03776730 0.15132389 0.01736204
3.80019001 2.93281431 0.00115148 0.00047463 0.00068518 0.00857461 0.38234564 0.08594706 0.24722936 0.01965196 0.04980738 0.03460681 0.15214300 0.01738290
3.90019501 2.93231835 0.00082010 0.00045495 0.00036462 0.00432441 0.38825271 0.08429279 0.25487333 0.01881918 0.04697664 0.03387181 0.15144237 0.01550709
4.00020001 2.92866451 0.00061364 0.00044305 0.00023660 0.00378908 0.38977537 0.08605141 0.25082024 0.01736116 0.04741444 0.03862021 0.14954691 0.01532789
4.10020501 2.92652135 0.00063171 0.00039196 0.00024390 0.00375249 0.39064187 0.08716744 0.25096666 0.01735498 0.04542941 0.03608338 0.15257010 0.01476609
4.20021001 2.92667946 0.00076441 0.00042874 0.00042856 0.00550007 0.39682935 0.07956683 0.25220354 0.01340206 0.04655454 0.03251932 0.15798384 0.01381875
4.30021501 2.92655328 0.00060479 0.00040225 0.00029351 0.00357084 0.39507332 0.07903552 0.25763522 0.01402984 0.04249822 0.03025046 0.16039099 0.01621506
4.40022001 2.92460577 0.00060094 0.00040007 0.00032803 0.00399233 0.39495983 0.08054039 0.25330745 0.01414209 0.04023485 0.03258979 0.16109781 0.01780644
4.50022501 2.92446759 0.00097167 0.00034505 0.00059960 0.00865680 0.39698251 0.07648224 0.25427071 0.01844494 0.03676625 0.03015471 0.15963548 0.01669004
4.60023001 2.92230261 0.00052665 0.00037094 0.00032560 0.00177168 0.39817210 0.08029850 0.25702599 0.01466262 0.03669921 0.02838751 0.16173177 0.02002744
4.70023501 2.92122517 0.00050398 0.00034079 0.00018204 0.00434730 0.40160138 0.07407645 0.25891813 0.01683779 0.03618987 0.02624490 0.16294983 0.01780754
4.80024001 2.91812967 0.00075800 0.00043335 0.00043192 0.00312379 0.40857964 0.06991462 0.25373915 0.01797384 0.03160333 0.02722886 0.16964452 0.01656896
4.90024501 2.91457510 0.00071890 0.00035613 0.00041461 0.00559057 0.41221417 0.06733293 0.25614225 0.01709829 0.02512352 0.03019134 0.17016394 0.01465336
5.00025001 2.91130714 0.00068333 0.00035490 0.00043958 0.00724183 0.40897393 0.06358860 0.26327166 0.01560379 0.02509983 0.02955398 0.16829968 0.01688889
5.10025501 2.90680562 0.00074361 0.00032451 0.00062954 0.00684104 0.40898946 0.06218547 0.26781752 0.01585063 0.02172325 0.02843832 0.16714525 0.01931138
5.20026001 2.90461188 0.00084954 0.00032318 0.00077412 0.00859236 0.40979993 0.06079710 0.26704438 0.01305382 0.01832974 0.03085903 0.17050277 0.01907403
5.30026501 2.90401032 0.00088719 0.00036268 0.00068917 0.00657552 0.41433010 0.06758703 0.26070322 0.01414070 0.02003887 0.02417302 0.17456512 0.01594736
5.40027001 2.90259354 0.00069302 0.00037210 0.00050376 0.00640585 0.41309066 0.06091955 0.26326653 0.01348256 0.02766985 0.02423524 0.17560085 0.01376003
5.50027501 2.90186329 0.00039317 0.00035128 0.00019363 0.00221222 0.41375932 0.05835850 0.26566855 0.01210941 0.03231771 0.02496125 0.17590314 0.01377182
5.60028001 2.90028787 0.00051492 0.00031552 0.00033115 0.00377824 0.41766279 0.05897045 0.26572724 0.00865602 0.03092244 0.02499635 0.17737201 0.01075288
5.70028501 2.89745192 0.00051457 0.00028607 0.00029337 0.00363009 0.41839804 0.05593931 0.26903720 0.00914191 0.02962557 0.02344612 0.17865311 0.01103464
5.80029001 2.89492873 0.00048555 0.00032310 0.00024057 0.00210705 0.41312217 0.05158759 0.27042110 0.01109281 0.03146848 0.02766599 0.17866515 0.01282045
5.90029501 2.89214805 0.00050325 0.00033909 0.00022012 0.00201696 0.41547901 0.04647525 0.26944395 0.01314611 0.02807757 0.02968056 0.18266038 0.01195775
6.00030002 2.88827802 0.00045932 0.00031336 0.00031065 0.00552881 0.41612143 0.04757450 0.26742390 0.01025316 0.02949534 0.02876787 0.18064597 0.01310569
6.10030502 2.88736324 0.00037487 0.00036512 0.00032113 0.00396131 0.42317322 0.04274666 0.26687621 0.00800782 0.03453806 0.02601873 0.18104739 0.01256947
6.20031002 2.88774341 0.00059363 0.00030032 0.00047394 0.00512121 0.42585267 0.04170613 0.26996878 0.00813664 0.02755356 0.02672066 0.18232467 0.01124779
6.30031502 2.88725652 0.00070064 0.00030354 0.00058393 0.00745600 0.42273346 0.03770903 0.27020203 0.01181048 0.02564765 0.02282961 0.18711332 0.01291032
6.40032002 2.88401179 0.00049459 0.00034042 0.00041596 0.00376799 0.42256118 0.03969488 0.27221241 0.00908841 0.02456117 0.02303713 0.19032481 0.01350103
6.50032502 2.88351257 0.00046965 0.00032967 0.00039131 0.00508807 0.42588941 0.04016794 0.27246022 0.00910178 0.02361601 0.02038658 0.19170470 0.01039468
6.60033002 2.88102736 0.00037784 0.00034770 0.00033648 0.00782204 0.42778354 0.04276194 0.26889753 0.00692190 0.02524485 0.01541538 0.19372638 0.01036442
6.70033502 2.87539248 0.00029999 0.00031958 0.00022290 0.00032660 0.42677869 0.04671267 0.26947471 0.00925797 0.02668744 0.01954565 0.18873958 0.01163423
6.80034002 2.87490665 0.00031194 0.00033551 0.00015792 0.00223520 0.42445858 0.04553654 0.26999206 0.00894622 0.02565282 0.02170926 0.19156102 0.00910292
6.90034502 2.87286731 0.00041078 0.00029965 0.00023067 0.00368533 0.42550261 0.04485042 0.27173197 0.00905622 0.02403164 0.02110697 0.19043413 0.00865961
7.00035002 2.86847601 0.00055724 0.00030628 0.00040503 0.00339837 0.42668348 0.04391049 0.26848879 0.00915512 0.02428530 0.02164027 0.19023614 0.01093348
7.10035502 2.86478621 0.00058437 0.00032982 0.00040263 0.00488816 0.42844549 0.04611185 0.26468466 0.01144055 0.02620850 0.02140733 0.18433153 0.01116510
7.20036002 2.86190043 0.00068771 0.00030010 0.00060570 0.00714736 0.43089276 0.03963366 0.26509674 0.01165697 0.02465699 0.02220238 0.18305341 0.01406622
7.30036502 2.85773415 0.00084801 0.00027836 0.00068741 0.00798190 0.43196105 0.04403591 0.26301963 0.01159731 0.02404258 0.02163801 0.18269838 0.01121144
7.40037002 2.85638240 0.00051813 0.00031165 0.00035771 0.00393400 0.43426544 0.04410578 0.26140720 0.01139348 0.02357768 0.02256160 0.18643803 0.01112930
7.50037502 2.85485472 0.00049114 0.00025634 0.00036310 0.00748210 0.43444609 0.04391708 0.26337636 0.01148263 0.02149708 0.02220672 0.18242412 0.01205723
7.60038002 2.85254992 0.00038510 0.00029705 0.00027954 0.00738838 0.44110942 0.03788335 0.27123254 0.00826613 0.01773610 0.02234453 0.18362489 0.00945297
7.70038502 2.84944371 0.00061540 0.00029018 0.00054399 0.00585565 0.44117318 0.03647014 0.27721507 0.00852901 0.01839768 0.01688957 0.18292389 0.01109625
7.80039002 2.84793693 0.00045897 0.00026206 0.00040513 0.00515479 0.44157861 0.03445097 0.28030995 0.00832218 0.01815150 0.02019750 0.18169788 0.00901046
7.90039502 2.84552849 0.00037874 0.00031201 0.00036086 0.00549053 0.44537021 0.02720295 0.27815573 0.00845342 0.02215572 0.01765793 0.18400633 0.01045556
8.00040002 2.83970055 0.00049446 0.00030078 0.00044063 0.00527273 0.44369714 0.02919608 0.27739020 0.00822093 0.02158569 0.01942449 0.18502619 0.00895069
8.10040502 2.83664587 0.00037247 0.00031534 0.00032698 0.00330297 0.44913822 0.02885483 0.27655286 0.00813633 0.02175506 0.01758363 0.18423852 0.00942278
8.20041002 2.83304113 0.00034949 0.00029218 0.00031148 0.00328690 0.44757870 0.03079610 0.27743813 0.00588020 0.02130017 0.02049682 0.18339081 0.00887901
8.30041502 2.83021465 0.00039474 0.00027629 0.00026920 0.00386155 0.44862679 0.02899191 0.27728129 0.00769231 0.01956336 0.01971754 0.18425226 0.00907274
8.40042002 2.83016107 0.00040132 0.00026048 0.00028431 0.00363869 0.44840714 0.03183429 0.27849416 0.00735944 0.01800640 0.02015606 0.18283183 0.00832590
8.50042502 2.82683080 0.00038081 0.00026760 0.00024532 0.00369612 0.44587826 0.03645608 0.27989335 0.00677495 0.02009335 0.01819726 0.18186744 0.00624947
8.60043002 2.82405610 0.00026580 0.00029229 0.00014514 0.00160371 0.44751832 0.03504174 0.27990336 0.00661627 0.02121136 0.01815903 0.18307467 0.00616830
8.70043502 2.81981119 0.00027410 0.00030633 0.00010635 0.00022343 0.44747972 0.03619182 0.27509782 0.00933454 0.02440040 0.01573777 0.18271573 0.00813199
8.80044002 2.81867798 0.00047366 0.00029235 0.00033999 0.00473389 0.44936719 0.02959876 0.27875655 0.00741411 0.02544161 0.01561544 0.18014230 0.00782414
8.90044502 2.81834742 0.00037417 0.00027842 0.00022557 0.00296601 0.45149224 0.03152522 0.27878907 0.00729816 0.02350075 0.01506225 0.18193952 0.00654861
9.00045002 2.81486882 0.00025427 0.00029050 0.00019667 0.00097033 0.45182790 0.03084193 0.27690461 0.00874881 0.02526639 0.01469402 0.17971059 0.01029397
9.10045502 2.81171368 0.00048216 0.00032251 0.00025510 0.00361920 0.45647229 0.02696306 0.27760575 0.00965757 0.02371741 0.01545200 0.17988203 0.00557091
9.20046002 2.80885043 0.00049611 0.00030290 0.00032038 0.00539780 0.45299896 0.02682706 0.28056211 0.00981417 0.02546200 0.01213492 0.17867403 0.00700957
9.30046502 2.80753217 0.00041711 0.00027453 0.00016490 0.00151604 0.45537145 0.02990079 0.27889549 0.01253192 0.02512415 0.01254329 0.17833439 0.00492595
9.40047002 2.80554893 0.00036326 0.00026859 0.00013408 0.00157452 0.45610601 0.02936376 0.27872948 0.01084040 0.02493129 0.01441382 0.17796463 0.00531016
9.50047502 2.80333616 0.00040356 0.00027947 0.00012608 0.00166184 0.45338691 0.03060443 0.27814413 0.01350706 0.02681504 0.01239242 0.17737445 0.00530460
9.60048002 2.80372771 0.00027273 0.00033758 0.00004949 0.00020767 0.45561560 0.02611126 0.27637851 0.01305926 0.03034602 0.01189767 0.18132229 0.00440192
9.70048502 2.80153816 0.00023320 0.00031900 0.00005422 0.00214636 0.45301711 0.02597069 0.28046602 0.00806978 0.03043875 0.01497164 0.17975913 0.00455412
9.80049002 2.80097134 0.00043934 0.00027276 0.00030890 0.00516633 0.45369162 0.02268226 0.28081566 0.00723251 0.02982006 0.01527914 0.17939990 0.00489152
9.90049502 2.80018411 0.00028753 0.00026099 0.00006735 0.00028708 0.45341115 0.02216316 0.28261249 0.00935537 0.02652546 0.02061087 0.17718990 0.00722863
10.00050003 2.79815227 0.00045454 0.00029510 0.00037262 0.00480700 0.45449198 0.02147737 0.28310837 0.00696692 0.02498923 0.01895885 0.17711531 0.00696270
10.10050503 2.79621585 0.00020562 0.00033376 0.00020275 0.00156686 0.45739249 0.02193858 0.28527394 0.00550707 0.02707783 0.01594250 0.17592198 0.00863662
10.20051003 2.79494720 0.00033914 0.00031110 0.00018721 0.00274618 0.46357912 0.01883540 0.28528112 0.00743931 0.02500068 0.01419867 0.17582798 0.00625409
10.30051503 2.79152002 0.00037817 0.00029293 0.00030068 0.00331976 0.45839188 0.02151367 0.28516215 0.00713318 0.02550427 0.01391167 0.17664876 0.00744287
10.40052003 2.78953274 0.00045597 0.00026418 0.00031571 0.00482889 0.45934379 0.02252208 0.28473777 0.00621322 0.02195699 0.01788487 0.17569727 0.00577925
10.50052503 2.78409759 0.00032810 0.00026055 0.00022973 0.00189466 0.45622727 0.02341372 0.28823260 0.00776171 0.01859911 0.02123172 0.17468047 0.00714035
10.60053003 2.78324408 0.00029311 0.00027166 0.00014119 0.00174333 0.45254080 0.02525966 0.29361796 0.00741769 0.01861720 0.01955845 0.17495238 0.00558657
10.70053503 2.78136908 0.00045683 0.00025012 0.00027818 0.00320578 0.45717812 0.02481493 0.28810571 0.01124127 0.01699491 0.01678428 0.17347114 0.00721872
10.80054003 2.77711189 0.00030795 0.00027437 0.00012511 0.00203161 0.46002644 0.02985032 0.28498254 0.00887922 0.01752971 0.01782272 0.17318694 0.00498307
10.90054503 2.77593697 0.00022858 0.00025213 0.00015953 0.00021489 0.46134554 0.02866766 0.28323337 0.00868856 0.01714487 0.01736287 0.17402409 0.00867792
11.00055003 2.77617397 0.00033942 0.00024181 0.00026410 0.00354044 0.46334483 0.02729882 0.28523760 0.00634991 0.01553610 0.01766482 0.17363966 0.00654250
11.10055503 2.77327870 0.00033159 0.00022905 0.00021225 0.00307473 0.46405797 0.03245874 0.28469198 0.00649469 0.01380818 0.01627644 0.17321282 0.00515156
11.20056003 2.77305871 0.00077377 0.00025478 0.00058682 0.01053353 0.46567305 0.02698011 0.28108345 0.00881799 0.01242537 0.01269312 0.17456335 0.00561466
11.30056503 2.77222077 0.00067804 0.00024052 0.00052053 0.00849577 0.46883781 0.02948832 0.28016802 0.00742909 0.01092509 0.01033926 0.17582856 0.00704900
11.40057003 2.76957045 0.00056250 0.00021464 0.00048486 0.00899792 0.46495106 0.03062096 0.28503985 0.00703504 0.00932634 0.01170763 0.17246812 0.00859109
11.50057503 2.76592285 0.00070208 0.00020363 0.00056555 0.00763016 0.46374657 0.03067743 0.28564782 0.00811280 0.00934234 0.01021224 0.17305965 0.01009974
11.60058003 2.76394473 0.00027393 0.00026318 0.00011404 0.00037890 0.46407060 0.03789288 0.28848758 0.00731170 0.00980897 0.01164357 0.17336967 0.00638499
11.70058503 2.76189224 0.00053666 0.00021842 0.00039619 0.00648726 0.46243056 0.03586606 0.28645817 0.00732435 0.00988434 0.01126744 0.17300852 0.00612203
11.80059003 2.75777593 0.00065831 0.00029147 0.00040172 0.00648883 0.45791663 0.03565915 0.28631904 0.00781050 0.01367969 0.00887105 0.17579317 0.00611044
11.90059503 2.75378516 0.00060854 0.00028327 0.00044776 0.00719138 0.45307011 0.03555024 0.28453316 0.00626620 0.01894012 0.00926784 0.17717334 0.00666803
12.00060003 2.75295907 0.00023272 0.00027624 0.00015583 0.00018974 0.45740934 0.03375288 0.28501046 0.00726186 0.01836560 0.00888123 0.17893836 0.00952574
12.10060503 2.75009829 0.00020867 0.00029516 0.00013180 0.00018575 0.45718564 0.03084085 0.28699488 0.00550388 0.02160869 0.00880390 0.17991562 0.00832514
12.20061003 2.74696852 0.00022324 0.00028482 0.00019067 0.00182846 0.47065544 0.02500630 0.28521724 0.00245780 0.02272899 0.00733038 0.17711351 0.00696315
12.30061503 2.74468876 0.00039630 0.00026653 0.00034692 0.00532983 0.46943589 0.02480838 0.28907493 0.00175082 0.02249913 0.00533033 0.17672351 0.00403743
12.40062003 2.74329589 0.00034680 0.00031354 0.00027444 0.00275255 0.47055996 0.01952493 0.28862662 0.00405283 0.02278905 0.00724562 0.17971083 0.00380282
12.50062503 2.74213041 0.00034499 0.00031695 0.00030345 0.00449092 0.47626172 0.01469561 0.28717328 0.00362676 0.02361118 0.00701734 0.17863688 0.00352094
12.60063003 2.74024649 0.00025998 0.00029051 0.00015893 0.00144780 0.47370431 0.01688161 0.28809921 0.00472382 0.02325827 0.00716864 0.18064770 0.00335923
12.70063503 2.73742280 0.00013070 0.00032658 0.00003461 0.00010185 0.47520863 0.01984785 0.28655016 0.00394020 0.02461253 0.00509575 0.18130210 0.00284904
12.80064003 2.73526637 0.00026152 0.00029373 0.00025171 0.00513444 0.47578140 0.01592264 0.28370771 0.00355141 0.02613810 0.00427851 0.18007905 0.00459977
12.90064503 2.73532840 0.00030682 0.00029404 0.00020852 0.00226408 0.47469893 0.01446726 0.28592494 0.00530111 0.02432961 0.00485211 0.18275248 0.00460009
13.00065003 2.73217416 0.00026849 0.00028160 0.00024110 0.00325772 0.47617822 0.01768009 0.28470751 0.00392849 0.02100755 0.00404247 0.18382511 0.00458165
13.10065503 2.73045648 0.00019958 0.00030183 0.00008078 0.00020525 0.47613105 0.01569503 0.28389962 0.00708152 0.02115208 0.00621161 0.18451542 0.00452624
13.20066003 2.72907500 0.00026746 0.00028800 0.00014184 0.00347657 0.47577191 0.01650853 0.28365316 0.00625397 0.02001007 0.00654882 0.18427686 0.00280281
13.30066503 2.72743167 0.00013236 0.00025378 0.00002961 0.00007281 0.47392917 0.02050588 0.28777539 0.00524649 0.01833437 0.00699858 0.18370728 0.00301426
13.40067003 2.72691263 0.00027493 0.00023754 0.00021451 0.00151973 0.47749727 0.01517287 0.28636066 0.00777724 0.01477594 0.00492398 0.18512860 0.00611673
13.50067503 2.72444246 0.00032503 0.00023968 0.00028950 0.00370104 0.47412792 0.01242697 0.28837460 0.00507385 0.01616945 0.01119298 0.18308836 0.00499062
13.60068003 2.72219113 0.00039358 0.00023114 0.00024746 0.00335573 0.47306029 0.01158177 0.28803831 0.00683462 0.01587843 0.01355390 0.18279183 0.00403294
13.70068503 2.72167128 0.00041070 0.00022915 0.00037596 0.00519371 0.47518188 0.01531878 0.28963970 0.00289777 0.01561673 0.00860431 0.18333254 0.00319876
13.80069003 2.72160777 0.00023520 0.00022035 0.00016232 0.00146787 0.47515980 0.01600718 0.28931510 0.00486136 0.01537154 0.01052304 0.18393321 0.00274303
13.90069503 2.71691186 0.00013205 0.00023290 0.00004279 0.00008090 0.47451395 0.01780882 0.28891085 0.00451915 0.01354200 0.01233842 0.18480030 0.00307787
14.00070004 2.71660997 0.00010206 0.00022604 0.00004052 0.00202679 0.47389467 0.01602321 0.29084070 0.00373932 0.01391109 0.01109651 0.18512750 0.00297159
14.10070504 2.71523933 0.00040604 0.00022602 0.00036136 0.00878985 0.46977039 0.01636627 0.29159761 0.00344388 0.01049943 0.00978946 0.18590655 0.00284314
14.20071004 2.71479835 0.00028140 0.00021599 0.00011734 0.00157530 0.46925521 0.01593887 0.29386710 0.00738647 0.01045153 0.01138352 0.18621017 0.00331709
14.30071504 2.71264276 0.00024409 0.00023915 0.00015291 0.00152223 0.46893727 0.01783522 0.29182363 0.00670564 0.00890370 0.00900942 0.19009624 0.00453050
14.40072004 2.70748666 0.00012310 0.00024802 0.00011281 0.00013264 0.47180000 0.01619476 0.29097202 0.00448237 0.00907912 0.01120220 0.18990085 0.00575213
14.50072504 2.70536402 0.00012142 0.00025212 0.00010238 0.00013142 0.47141355 0.01398723 0.29390344 0.00395881 0.00914252 0.01374579 0.18728837 0.00595295
14.60073004 2.70418616 0.00010359 0.00021367 0.00008539 0.00008042 0.47079928 0.01396040 0.29605724 0.00309835 0.00746207 0.01405763 0.18746774 0.00661421
14.70073504 2.70378447 0.00010080 0.00019982 0.00010332 0.00009241 0.47067524 0.01432468 0.29764145 0.00309801 0.00566033 0.01469083 0.18782317 0.00558995
14.80074004 2.70080111 0.00013738 0.00018505 0.00007393 0.00200746 0.46916966 0.01734148 0.29730895 0.00354793 0.00570506 0.01347521 0.18763128 0.00341661
14.90074504 2.69862104 0.00018833 0.00021069 0.00011521 0.00343594 0.46933198 0.01651149 0.29549751 0.00498760 0.00564782 0.01134448 0.18931199 0.00341695
15.00075004 2.69782334 0.00022350 0.00018453 0.00018037 0.00151368 0.47111595 0.01886179 0.29359112 0.00499488 0.00543105 0.01109431 0.18767735 0.00513146
15.10075504 2.69599108 0.00026963 0.00019744 0.00016349 0.00389640 0.47039822 0.01716384 0.29211894 0.00635890 0.00489929 0.01160672 0.18838611 0.00454102
15.20076004 2.69125343 0.00024529 0.00022126 0.00016385 0.00147855 0.46719008 0.02031895 0.29172660 0.00626833 0.00492844 0.01532300 0.18793364 0.00420203
15.30076504 2.69003002 0.00018461 0.00022125 0.00009673 0.00015657 0.46803004 0.01899927 0.29040981 0.00711791 0.00364321 0.01570022 0.18969569 0.00574469
15.40077004 2.68328433 0.00043912 0.00023826 0.00024083 0.00350289 0.46068025 0.02145884 0.29049089 0.01072328 0.00589343 0.01359269 0.18869716 0.00404236
15.50077504 2.68161689 0.00036241 0.00019069 0.00018960 0.00564801 0.45895817 0.02172237 0.29060677 0.00961401 0.00580641 0.01649199 0.18643796 0.00397160
15.60078004 2.67911900 0.00037114 0.00023770 0.00020679 0.00325574 0.45736980 0.01822358 0.29117078 0.01221838 0.00767243 0.01557474 0.18954928 0.00414962
15.70078504 2.67816658 0.00027381 0.00022752 0.00005102 0.00021345 0.46239642 0.02144302 0.29203029 0.01086603 0.00766820 0.01413827 0.18767756 0.00301440
15.80079004 2.67739595 0.00039640 0.00020622 0.00023573 0.00545608 0.46270882 0.01982233 0.29228451 0.00848446 0.00782854 0.01279575 0.18697190 0.00280926
15.90079504 2.67576857 0.00036683 0.00020171 0.00017221 0.00588330 0.46430185 0.01865654 0.29407646 0.00906452 0.00759152 0.01082826 0.18582846 0.00302834
16.00080004 2.67325271 0.00025968 0.00023835 0.00014826 0.00380623 0.46479795 0.02243466 0.29199886 0.00550447 0.00963812 0.01048627 0.18732673 0.00336042
16.10080504 2.67131594 0.00031647 0.00022305 0.00025070 0.00369522 0.46527519 0.02051548 0.29363448 0.00524892 0.00804556 0.01068930 0.18682172 0.00528391
16.20081004 2.66842435 0.00045291 0.00022910 0.00030886 0.00497866 0.46403893 0.02126497 0.29554905 0.00542123 0.00968238 0.01022348 0.18450054 0.00334990
16.30081504 2.66789450 0.00017177 0.00023808 0.00004623 0.00010503 0.46353235 0.02482412 0.29355501 0.00532683 0.00946414 0.01001904 0.18921041 0.00350698
16.40082004 2.66635072 0.00026330 0.00020464 0.00010369 0.00155934 0.46381776 0.02268831 0.29508510 0.00703803 0.01055674 0.00852315 0.18633576 0.00382418
16.50082504 2.66631158 0.00036374 0.00019764 0.00020891 0.00776822 0.46355237 0.01935134 0.29492399 0.00550485 0.00994801 0.00712966 0.18737799 0.00367328
16.60083004 2.66288602 0.00031987 0.00022343 0.00021298 0.00332480 0.46464575 0.02170491 0.29446399 0.00505572 0.00783228 0.00947699 0.18883455 0.00390473
16.70083504 2.66105018 0.00029979 0.00021912 0.00025360 0.00155289 0.46321850 0.02349583 0.29381710 0.00361476 0.00994925 0.00720754 0.18879602 0.00757559
16.80084004 2.65856334 0.00034602 0.00022015 0.00030067 0.00358600 0.46264741 0.02386158 0.29172303 0.00376519 0.00833626 0.00920132 0.18907316 0.00693921
16.90084504 2.65773460 0.00026499 0.00025812 0.00005962 0.00019107 0.46549053 0.02190042 0.29164762 0.00847708 0.01089094 0.00650907 0.18971279 0.00459775
17.00085004 2.65667827 0.00023385 0.00028146 0.00012782 0.00191191 0.46374117 0.02091227 0.29633444 0.00500946 0.00748034 0.00645427 0.19416259 0.00335041
17.10085504 2.65581477 0.00017949 0.00023572 0.00010200 0.00155542 0.46453687 0.02027232 0.29656245 0.00428557 0.00799263 0.00782260 0.19267233 0.00378261
17.20086004 2.65304565 0.00011683 0.00022545 0.00002852 0.00206967 0.46334144 0.01849157 0.29708947 0.00391585 0.01043820 0.00959745 0.19090544 0.00378010
17.30086504 2.65262122 0.00040576 0.00023529 0.00029610 0.00435968 0.46540326 0.01392530 0.29655886 0.00599669 0.01166407 0.00945966 0.18813852 0.00355681
17.40087004 2.64901308 0.00022519 0.00020851 0.00024257 0.00195735 0.46379398 0.01873929 0.30032347 0.00445776 0.00942353 0.00804990 0.18625051 0.00632795
17.50087504 2.64639315 0.00031337 0.00024507 0.00028232 0.00375905 0.46290750 0.01624367 0.29695423 0.00514178 0.00941672 0.00824745 0.19047648 0.00601237
17.60088004 2.64302579 0.00023714 0.00023670 0.00024679 0.00189108 0.46726164 0.01767636 0.29402036 0.00446400 0.01248793 0.01049513 0.18399337 0.00698950
17.70088504 2.64132650 0.00019864 0.00025977 0.00017150 0.00186798 0.46639482 0.01904962 0.29148689 0.00297528 0.01196801 0.01180780 0.18989051 0.00392919
17.80089004 2.64016750 0.00009449 0.00024008 0.00004429 0.00006898 0.47117121 0.01658851 0.29261218 0.00320183 0.01169527 0.01070791 0.19028124 0.00329399
17.90089504 2.63879709 0.00011242 0.00021929 0.00003227 0.00006761 0.47092861 0.01949454 0.29074436 0.00353648 0.01195655 0.00939034 0.19015119 0.00336634
18.00090005 2.63638188 0.00029378 0.00021085 0.00021032 0.00332640 0.46786540 0.02154732 0.28890319 0.00400163 0.01213738 0.00893437 0.18888318 0.00368619
18.10090505 2.63194357 0.00044230 0.00025303 0.00039695 0.00485785 0.46665459 0.01925001 0.28901903 0.00355907 0.01371520 0.00794035 0.18835815 0.00555349
18.20091005 2.62949331 0.00059006 0.00020914 0.00059389 0.00944694 0.47206632 0.01944873 0.28680139 0.00468103 0.00862732 0.00637233 0.18629584 0.00486703
18.30091505 2.62506838 0.00045596 0.00025449 0.00043120 0.00729112 0.47282402 0.02133869 0.28370723 0.00375893 0.01281183 0.00507330 0.18640244 0.00565080
18.40092005 2.62487909 0.00011526 0.00028923 0.00003684 0.00008896 0.47230608 0.02267412 0.28802753 0.00359639 0.01449949 0.00640323 0.18887767 0.00308520
18.50092505 2.62191075 0.00012197 0.00024279 0.00002947 0.00007981 0.47319340 0.02050229 0.28588542 0.00558768 0.01272161 0.00823188 0.18995678 0.00344690
18.60093005 2.61996953 0.00041898 0.00020605 0.00035408 0.00535040 0.47438989 0.02004008 0.28356888 0.00514832 0.01085902 0.00778167 0.18697616 0.00490647
18.70093505 2.61599391 0.00032965 0.00024085 0.00029583 0.00294313 0.47500908 0.01641679 0.28260522 0.00640628 0.01287985 0.01108559 0.18526499 0.00652273
18.80094005 2.61179895 0.00055049 0.00030032 0.00044409 0.00711294 0.47368654 0.01706276 0.28240656 0.00489177 0.01865358 0.00901072 0.18295300 0.00292722
18.90094505 2.61045359 0.00031082 0.00024695 0.00024739 0.00303125 0.47759865 0.01888697 0.28272122 0.00427281 0.01640640 0.01007720 0.18302678 0.00317356
19.00095005 2.60806931 0.00008765 0.00028342 0.00007713 0.00010698 0.48181253 0.01701512 0.27949063 0.00220754 0.02131549 0.00967468 0.18309794 0.00483091
19.10095505 2.60590731 0.00017057 0.00025588 0.00015186 0.00144432 0.47828495 0.01511480 0.28071774 0.00284293 0.02041790 0.01138644 0.18432353 0.00488908
19.20096005 2.60451735 0.00023744 0.00025001 0.00013689 0.00145679 0.48049920 0.01514816 0.28035492 0.00444244 0.02009377 0.00937399 0.18480210 0.00320430
19.30096505 2.60122327 0.00017419 0.00023426 0.00010690 0.00279352 0.48020436 0.01426915 0.28062296 0.00598223 0.01688600 0.01145955 0.18405242 0.00321447
19.40097005 2.59859383 0.00035758 0.00024392 0.00027604 0.00307127 0.48064341 0.01180174 0.28044828 0.00721382 0.01723863 0.01066484 0.18342577 0.00461471
19.50097505 2.59577219 0.00010316 0.00024973 0.00002682 0.00005780 0.48280275 0.01536013 0.28403436 0.00377169 0.01731532 0.00990199 0.18359784 0.00277839
19.60098005 2.59465885 0.00010345 0.00023876 0.00002337 0.00005766 0.48646468 0.01558484 0.28413888 0.00374685 0.01540550 0.00795756 0.18375217 0.00252625
19.70098505 2.59146079 0.00027092 0.00023699 0.00020763 0.00327922 0.48279866 0.01599538 0.28776325 0.00306990 0.01233551 0.00637171 0.18486559 0.00280524
19.80099005 2.59125679 0.00016750 0.00022928 0.00010287 0.00159470 0.48207224 0.01747573 0.28984227 0.00273524 0.01248428 0.00493759 0.18537193 0.00298637
19.90099505 2.58874220 0.00017197 0.00025968 0.00011648 0.00169872 0.48559179 0.01826590 0.28571506 0.00186755 0.01451204 0.00281749 0.18592144 0.00306189
20.00100005 2.58769897 0.00006708 0.00023773 0.00002858 0.00003518 0.48929000 0.01990663 0.28545434 0.00105243 0.01277095 0.00212265 0.18624697 0.00278745
20.10100505 2.58327275 0.00025070 0.00021963 0.00010703 0.00175763 0.48685077 0.01756475 0.28390678 0.00480144 0.01233982 0.00247204 0.18668300 0.00304640
20.20101005 2.58045910 0.00021548 0.00023216 0.00015216 0.00140010 0.49124751 0.01965934 0.28032544 0.00280116 0.01219257 0.00469021 0.18400232 0.00308154
20.30101505 2.58010165 0.00022724 0.00022107 0.00019522 0.00322907 0.49116722 0.01652361 0.28058529 0.00221731 0.01387471 0.00481548 0.18415172 0.00279207
20.40102005 2.57949426 0.00020502 0.00020906 0.00011431 0.00147277 0.48758443 0.01608297 0.28524063 0.00386022 0.01186033 0.00718964 0.18310555 0.00307507
20.50102505 2.57808097 0.00027057 0.00022848 0.00020558 0.00328646 0.48600253 0.01547617 0.28534249 0.00318642 0.01194880 0.00508592 0.18647770 0.00248889
20.60103005 2.57697689 0.00021182 0.00021623 0.00010363 0.00168220 0.48654256 0.01519304 0.28537248 0.00456578 0.01222474 0.00543541 0.18564398 0.00280811
20.70103505 2.57515984 0.00010736 0.00021267 0.00004014 0.00009154 0.48682893 0.01669889 0.28394907 0.00284833 0.01400738 0.00922973 0.18300194 0.00298402
20.80104005 2.57473052 0.00022874 0.00021138 0.00007980 0.00206052 0.49047456 0.01142874 0.28382663 0.00558009 0.01215457 0.00796109 0.18333286 0.00266102
20.90104505 2.57345528 0.00020890 0.00025933 0.00013094 0.00185468 0.49064384 0.01060388 0.27963401 0.00458809 0.01551214 0.00827148 0.18595068 0.00234203
21.00105005 2.57051920 0.00007182 0.00028802 0.00001531 0.00004892 0.49344431 0.00966328 0.27777469 0.00371966 0.01510028 0.00641608 0.19139270 0.00206494
21.10105505 2.56904624 0.00026106 0.00027043 0.00021360 0.00335192 0.49308952 0.01033736 0.27350633 0.00338105 0.01532401 0.00649594 0.19180970 0.00195907
21.20106005 2.56057426 0.00025549 0.00030157 0.00021911 0.00717094 0.49550598 0.00733378 0.27568234 0.00287627 0.01651193 0.00474833 0.18799818 0.00139607
21.30106505 2.56073202 0.00013902 0.00028888 0.00009041 0.00153625 0.50026923 0.00904450 0.27714084 0.00285448 0.01394658 0.00482528 0.18835446 0.00151007
21.40107005 2.55879840 0.00012412 0.00029555 0.00008137 0.00387360 0.50310434 0.00683714 0.27653492 0.00157533 0.01644108 0.00234053 0.18762411 0.00116791
21.50107505 2.55783041 0.00005557 0.00029159 0.00005475 0.00004750 0.50023323 0.00661136 0.27506187 0.00157302 0.01481691 0.00444224 0.19359640 0.00321557
21.60108005 2.55686006 0.00021090 0.00022983 0.00018603 0.00301827 0.50356645 0.00647878 0.27730628 0.00179779 0.01456785 0.00279291 0.18832958 0.00151533
21.70108505 2.55562523 0.00014149 0.00024048 0.00011082 0.00176771 0.50558565 0.00378772 0.28155594 0.00119897 0.01440083 0.00213723 0.18821710 0.00085606
21.80109005 2.55382207 0.00003810 0.00021734 0.00001363 0.00003662 0.50351823 0.00570246 0.28182134 0.00105467 0.01421647 0.00426190 0.18822662 0.00089262
21.90109505 2.55240268 0.00003399 0.00020844 0.00005685 0.00002120 0.50208610 0.00550210 0.28198925 0.00113229 0.01400686 0.00425258 0.18770935 0.00300098
22.00110006 2.54938048 0.00005968 0.00023169 0.00004202 0.00195609 0.50048782 0.00882075 0.28032582 0.00085144 0.01413076 0.00321119 0.18882391 0.00105883
22.10110506 2.54861221 0.00003899 0.00019720 0.00001962 0.00001417 0.50007552 0.01229969 0.28003933 0.00099275 0.01363877 0.00331918 0.18804918 0.00131560
22.20111006 2.54608195 0.00004432 0.00022892 0.00001487 0.00001980 0.49816837 0.01163145 0.27822188 0.00123307 0.01511509 0.00332488 0.19026574 0.00173161
22.30111506 2.54205260 0.00006739 0.00022310 0.00002902 0.00005766 0.49404663 0.01115890 0.27541822 0.00149682 0.01481668 0.00906206 0.19149538 0.00212814
22.40112006 2.54057749 0.00013443 0.00026271 0.00009832 0.00186057 0.49354909 0.00818614 0.27812147 0.00171234 0.01466322 0.00807310 0.19140351 0.00193510
22.50112506 2.53915024 0.00012860 0.00022010 0.00020772 0.00149798 0.49212864 0.00821892 0.27953794 0.00220866 0.01136632 0.00780986 0.19074700 0.00592826
22.60113006 2.53839945 0.00006369 0.00023188 0.00008516 0.00006418 0.49241506 0.00930950 0.27932335 0.00197610 0.01181873 0.00777269 0.19221098 0.00472868
22.70113506 2.53584129 0.00006543 0.00023497 0.00002513 0.00003743 0.49514230 0.01281375 0.27722479 0.00205029 0.01386680 0.00696047 0.18953115 0.00204749
22.80114006 2.53279256 0.00006027 0.00024079 0.00002034 0.00003608 0.49826564 0.01202102 0.27661913 0.00174546 0.01404237 0.00592564 0.18883208 0.00219119
22.90114506 2.52946141 0.00022294 0.00022232 0.00019052 0.00312596 0.49433939 0.01271782 0.27473837 0.00208676 0.01542801 0.00721621 0.18727190 0.00243980
23.00115006 2.52728999 0.00013156 0.00022654 0.00002744 0.00011341 0.49214264 0.01474089 0.27712581 0.00385193 0.01490933 0.00484776 0.18959568 0.00228701
23.10115506 2.52408862 0.00034936 0.00024728 0.00031777 0.00495335 0.48416883 0.01408372 0.28047709 0.00215656 0.01355259 0.00560888 0.18955421 0.00453035
23.20116006 2.52115906 0.00028087 0.00025646 0.00022033 0.00362057 0.48112830 0.01653104 0.28249272 0.00222633 0.01728142 0.00475110 0.18884110 0.00236977
23.30116506 2.52031325 0.00021119 0.00023343 0.00015603 0.00329968 0.48277990 0.01668011 0.28167879 0.00261299 0.01683461 0.00444320 0.18847328 0.00259679
23.40117006 2.51766339 0.00029233 0.00025509 0.00023469 0.00491449 0.48400808 0.01636830 0.27773707 0.00287982 0.01661608 0.00449338 0.18938368 0.00281700
23.50117506 2.51544866 0.00016608 0.00027116 0.00001911 0.00004755 0.48774657 0.01556281 0.27764245 0.00584906 0.01896303 0.00379290 0.18737679 0.00256248
23.60118006 2.51345768 0.00012304 0.00028201 0.00002188 0.00008189 0.48586849 0.01370663 0.27702778 0.00361922 0.02232912 0.00580919 0.18849260 0.00263815
23.70118506 2.51141642 0.00019098 0.00023553 0.00013384 0.00339922 0.48588964 0.01415881 0.27904181 0.00338852 0.01691364 0.00602073 0.18791937 0.00270791
23.80119006 2.50994617 0.00017764 0.00022398 0.00012386 0.00170622 0.48693587 0.01453093 0.27792382 0.00295183 0.01628063 0.00602630 0.19063570 0.00248321
23.90119506 2.50712051 0.00013207 0.00025317 0.00003264 0.00211162 0.48555327 0.01145484 0.27597736 0.00451853 0.01620886 0.00756592 0.19400734 0.00218437
24.00120006 2.50498669 0.00016122 0.00023406 0.00009825 0.00146481 0.48566778 0.01298449 0.27842698 0.00419480 0.01648192 0.00675935 0.19118927 0.00233707
24.10120506 2.50264845 0.00007139 0.00026564 0.00007451 0.00009314 0.48771965 0.01167920 0.27842634 0.00284350 0.01906035 0.00548173 0.19052803 0.00375653
24.20121006 2.49846371 0.00026230 0.00024249 0.00022477 0.00306421 0.48316061 0.01365177 0.27813331 0.00474074 0.01554318 0.00600267 0.19092041 0.00405355
24.30121506 2.49708396 0.00010597 0.00026337 0.00002546 0.00008535 0.48490371 0.01276295 0.27992592 0.00562948 0.01322063 0.00731629 0.19368637 0.00207451
24.40122006 2.49309818 0.00023771 0.00021951 0.00003835 0.00020291 0.48176499 0.01912286 0.28003215 0.00764883 0.01179472 0.00662980 0.19018864 0.00211954
24.50122506 2.49054964 0.00019489 0.00021954 0.00008280 0.00022858 0.48004437 0.01511054 0.27817860 0.00779616 0.01173527 0.01240946 0.18982222 0.00417756
24.60123006 2.48490286 0.00050080 0.00022678 0.00048214 0.00699093 0.48054433 0.01728845 0.27555677 0.00482094 0.01173737 0.01148527 0.18593475 0.00443148
24.70123506 2.48408826 0.00027329 0.00024134 0.00014981 0.00145259 0.48239610 0.01730957 0.27802649 0.00486584 0.01357470 0.01120625 0.18776136 0.00274265
24.80124006 2.48373635 0.00027891 0.00022970 0.00026484 0.00317219 0.48184840 0.01638311 0.27760340 0.00370994 0.01349537 0.01139253 0.18682313 0.00479847
24.90124506 2.48209374 0.00035147 0.00024573 0.00023771 0.00354970 0.48505171 0.01473350 0.27606176 0.00548866 0.01523821 0.00897127 0.18740259 0.00266768
25.00125006 2.47948144 0.00032515 0.00025718 0.00019815 0.00369327 0.48309015 0.01436575 0.27553766 0.00625319 0.01671721 0.00674862 0.19039780 0.00241587
25.10125506 2.47626791 0.00047032 0.00027545 0.00031436 0.00428711 0.47702819 0.01238945 0.27817907 0.00776440 0.01707906 0.00787124 0.19143823 0.00290311
25.20126006 2.47460030 0.00019003 0.00024388 0.00003670 0.00211582 0.47561683 0.01687988 0.27978222 0.00730690 0.01887724 0.00517119 0.19147983 0.00229948
25.30126506 2.47293309 0.00043983 0.00021711 0.00036417 0.00717041 0.47420519 0.01200690 0.27799203 0.00655378 0.01661978 0.00955549 0.19096588 0.00390942
25.40127006 2.47074018 0.00045398 0.00022928 0.00038931 0.00482924 0.47489149 0.01446103 0.28388830 0.00408894 0.01338750 0.00544690 0.19160343 0.00633061
25.50127506 2.46779022 0.00021916 0.00023343 0.00031805 0.00378073 0.47792533 0.01393171 0.28176452 0.00284368 0.01547399 0.00390014 0.18860273 0.01100652
25.60128006 2.46281430 0.00014807 0.00024287 0.00026411 0.00401215 0.47569077 0.01292352 0.27993478 0.00267085 0.01879867 0.00743213 0.18733291 0.01054917
25.70128506 2.46228777 0.00006777 0.00025675 0.00013971 0.00008093 0.47553493 0.01754395 0.28035042 0.00214904 0.02193554 0.00831606 0.18792236 0.00570255
