0.00000000 2.00000000 0.00000000 0.00000000 0.00000000 0.00000000 0.00000000 0.00000000 0.00000000 1.00000000 0.00000000 0.00000000 0.00000000 0.00000000
0.10000500 2.00228644 0.02154367 0.00100624 0.00752500 0.10170484 0.11038583 0.13699084 0.03395740 0.42474703 0.03204890 0.08671816 0.01660163 0.02677047
0.20001000 2.00254370 0.00736044 0.00129410 0.00457089 0.05337151 0.15311655 0.21032828 0.05807217 0.22716235 0.05232679 0.14736520 0.04319039 0.04184133
0.30001500 2.00223024 0.00444042 0.00104456 0.00325091 0.03060988 0.16892571 0.21205938 0.08110163 0.16064761 0.05809711 0.17523948 0.05083099 0.05375232
0.40002000 2.00214079 0.00438781 0.00097769 0.00231987 0.02564914 0.17363457 0.20512710 0.09120749 0.14876957 0.06626302 0.18253738 0.06391722 0.03520913
0.50002500 2.00214022 0.00371001 0.00096419 0.00142898 0.01687109 0.18314853 0.19875884 0.09150801 0.13170808 0.08320217 0.18417554 0.06717709 0.03734746
0.60003000 2.00127917 0.00397887 0.00081440 0.00222403 0.02533502 0.20118316 0.17840086 0.09617814 0.11539851 0.08143201 0.17797508 0.07239230 0.04468764
0.70003500 2.00016536 0.00340508 0.00099796 0.00185818 0.02008540 0.20981259 0.17466143 0.10107040 0.09498426 0.09101834 0.17396868 0.08710071 0.04103697
0.80004000 1.99952133 0.00297158 0.00091217 0.00152232 0.01279713 0.21970857 0.16239202 0.11037120 0.08573902 0.09738773 0.17106208 0.08962033 0.04551585
0.90004500 1.99823241 0.00263770 0.00080513 0.00156533 0.01307597 0.23246504 0.15773667 0.11954569 0.07441656 0.09132069 0.16027748 0.09586345 0.05029029
1.00005000 1.99811243 0.00207834 0.00082362 0.00108292 0.00616196 0.24190956 0.15013061 0.13041644 0.07292876 0.09401532 0.15413970 0.09683505 0.04947771
1.10005500 1.99633467 0.00224046 0.00080220 0.00130827 0.00870588 0.24831257 0.14252401 0.13823799 0.06674011 0.09435654 0.15351961 0.09829070 0.04496167
1.20006000 1.99584168 0.00247525 0.00081335 0.00159803 0.01617759 0.25495749 0.14658994 0.14090048 0.06461854 0.09452604 0.13214566 0.10280263 0.04239499
1.30006500 1.99374009 0.00310975 0.00066892 0.00191192 0.01812288 0.25943837 0.15688155 0.13932144 0.07177709 0.09437397 0.11390516 0.09819729 0.04229166
1.40007000 1.99307611 0.00234637 0.00067964 0.00105957 0.00676248 0.26599896 0.16871645 0.14619910 0.06798137 0.08787653 0.11081978 0.10324577 0.03831397
1.50007500 1.99258687 0.00233552 0.00074408 0.00104834 0.01469818 0.27954326 0.16585733 0.15461725 0.06366551 0.08670246 0.09256838 0.10639296 0.03182675
1.60008000 1.99172393 0.00245426 0.00071086 0.00131143 0.01464641 0.28630470 0.17160028 0.15711880 0.05667637 0.08309320 0.08236140 0.11077244 0.03294985
1.70008500 1.99034699 0.00221956 0.00083443 0.00081044 0.00920648 0.30629091 0.15888039 0.16106803 0.05501255 0.08912743 0.07289588 0.11267920 0.03097470
1.80009000 1.98718630 0.00229266 0.00069593 0.00136609 0.01321017 0.31182019 0.15579984 0.15901622 0.04646056 0.08552984 0.07440552 0.11293781 0.03646517
1.90009500 1.98463354 0.00185007 0.00068329 0.00071298 0.00592014 0.32311598 0.15043222 0.16296930 0.04917027 0.08409795 0.07248112 0.11313348 0.03543320
2.00010001 1.98232945 0.00201474 0.00070568 0.00077141 0.00778387 0.32569016 0.13915515 0.17264906 0.05020722 0.08268315 0.07454890 0.11227195 0.03151871
2.10010501 1.98005276 0.00201302 0.00068237 0.00097124 0.00994534 0.33550416 0.12657179 0.17798985 0.04906574 0.07935623 0.06981592 0.11646739 0.03161694
2.20011001 1.97854804 0.00243466 0.00070455 0.00161073 0.01713816 0.34658444 0.11462344 0.17866925 0.04227787 0.07779718 0.06374163 0.12224459 0.03217351
2.30011501 1.97486375 0.00204869 0.00065444 0.00140045 0.01191332 0.34633622 0.11042414 0.18545656 0.04042233 0.07175996 0.06923295 0.12979283 0.03055813
2.40012001 1.97377283 0.00144744 0.00070032 0.00072932 0.00601166 0.34810085 0.11085218 0.18965646 0.03589661 0.07333358 0.06954338 0.13620879 0.02751941
2.50012501 1.97117175 0.00164697 0.00066216 0.00095813 0.00959494 0.36156989 0.10431837 0.19803152 0.03353272 0.07300132 0.05763680 0.13473512 0.02431207
2.60013001 1.96968621 0.00108121 0.00061917 0.00051372 0.00217067 0.36914230 0.10377432 0.20149387 0.03213305 0.06886615 0.05569066 0.13787852 0.02663637
2.70013501 1.96892374 0.00087091 0.00056209 0.00035874 0.00180294 0.37489795 0.10263176 0.20718438 0.02814057 0.06466119 0.05643457 0.13869439 0.02376050
2.80014001 1.96630470 0.00094780 0.00052611 0.00033431 0.00373271 0.38184980 0.09578229 0.21300355 0.02761764 0.06088147 0.05464248 0.13973906 0.02094277
2.90014501 1.96467312 0.00168281 0.00057796 0.00098727 0.01086416 0.38977228 0.08989856 0.20893200 0.02874062 0.05749817 0.04780062 0.14321958 0.02002596
3.00015001 1.96193691 0.00156536 0.00061548 0.00094138 0.01022378 0.39344088 0.08732805 0.20987302 0.02673467 0.05544144 0.04381679 0.14862918 0.02138997
3.10015501 1.95982162 0.00091513 0.00062619 0.00050807 0.00358093 0.39733038 0.08690773 0.21485751 0.02043941 0.06267552 0.04246460 0.14851041 0.02118411
3.20016001 1.95806802 0.00094913 0.00053972 0.00049274 0.00355433 0.40159191 0.08723228 0.21651141 0.01938336 0.06088014 0.04114387 0.14847682 0.01924429
3.30016501 1.95641150 0.00112361 0.00052475 0.00071036 0.00650066 0.40633248 0.08963409 0.21783417 0.01644993 0.06065033 0.03308901 0.14865827 0.01849235
3.40017001 1.95543688 0.00086377 0.00047966 0.00054538 0.00357643 0.40590047 0.08513095 0.22207447 0.01980857 0.05841524 0.03033702 0.15113017 0.02173789
3.50017501 1.95334574 0.00073438 0.00055232 0.00035217 0.00223578 0.40725900 0.08410484 0.22096151 0.01761652 0.06079443 0.02943461 0.15643273 0.01952171
3.60018001 1.95374224 0.00082673 0.00051411 0.00034008 0.00427272 0.41018512 0.07878037 0.22886912 0.02069918 0.05631331 0.02833134 0.15411833 0.01674957
3.70018501 1.94951468 0.00092826 0.00049578 0.00042236 0.00330238 0.41113193 0.07773584 0.23321623 0.01968171 0.04933119 0.03275419 0.15582486 0.01517528
3.80019001 1.94601387 0.00086745 0.00052338 0.00049826 0.00731298 0.41701643 0.07135402 0.23354995 0.01593578 0.04470998 0.03338335 0.15820027 0.01664815
3.90019501 1.94198184 0.00075856 0.00049967 0.00045601 0.00285643 0.42523002 0.06808323 0.23169053 0.01423862 0.04479285 0.03715084 0.15778694 0.01645631
4.00020001 1.94204518 0.00068927 0.00041892 0.00029501 0.00398381 0.42398105 0.06594687 0.23596374 0.01506610 0.04441664 0.03419988 0.15921965 0.01581906
4.10020501 1.94048702 0.00068285 0.00039510 0.00029271 0.00201066 0.42520083 0.06960997 0.23811259 0.01529157 0.03944117 0.03245939 0.16085031 0.01565284
4.20021001 1.93829706 0.00092182 0.00042875 0.00064203 0.00855288 0.42195880 0.06558795 0.23776390 0.01435391 0.03961196 0.03128410 0.16223659 0.01665731
4.30021501 1.93327105 0.00129663 0.00039640 0.00109716 0.01045072 0.41663543 0.06058116 0.24191286 0.01305322 0.04027929 0.03608560 0.16077602 0.01743551
4.40022001 1.93137923 0.00073762 0.00048032 0.00045719 0.00340997 0.42589236 0.05428275 0.24277174 0.01365520 0.04497146 0.03355650 0.16388411 0.01590077
4.50022501 1.92688130 0.00074527 0.00039961 0.00050426 0.00726309 0.42502740 0.05255173 0.24293794 0.01317942 0.04574932 0.03089051 0.16588573 0.01486572
4.60023001 1.92664537 0.00067237 0.00042506 0.00021504 0.00178996 0.42255501 0.05576757 0.24091367 0.01729621 0.04560724 0.03190469 0.17049902 0.01235416
4.70023501 1.92449652 0.00055341 0.00039630 0.00018954 0.00156917 0.42299413 0.05687479 0.24506896 0.01612349 0.04370397 0.03001881 0.16983663 0.01267080
4.80024001 1.92227325 0.00045058 0.00039473 0.00016623 0.00035613 0.42444094 0.05578597 0.24662921 0.01594265 0.04148042 0.02932045 0.16905469 0.01597799
4.90024501 1.92169076 0.00059326 0.00043230 0.00027055 0.00212763 0.42578528 0.05251220 0.24962125 0.01452108 0.03889678 0.02842992 0.17326438 0.01354536
5.00025001 1.91869862 0.00051093 0.00040078 0.00012468 0.00038982 0.42617674 0.05486888 0.24903308 0.01481514 0.03745702 0.03103335 0.17293238 0.01225720
5.10025501 1.91604379 0.00067225 0.00037206 0.00034083 0.00311272 0.42618903 0.04937130 0.24753326 0.01591751 0.03875701 0.03137941 0.17314864 0.01320599
5.20026001 1.91539168 0.00091048 0.00035487 0.00047317 0.00579034 0.43119355 0.04707395 0.24603114 0.01750560 0.03188856 0.03210050 0.17453188 0.01214595
5.30026501 1.91302484 0.00094146 0.00034639 0.00064693 0.00945515 0.42923000 0.04465026 0.24764105 0.01487852 0.03429440 0.03237956 0.17448817 0.01104811
5.40027001 1.90953280 0.00080711 0.00040434 0.00035536 0.00696871 0.42985835 0.04206197 0.24787330 0.01817744 0.03687488 0.02978409 0.17698913 0.00984532
5.50027501 1.90622720 0.00081575 0.00034458 0.00056861 0.00557525 0.43028724 0.04566869 0.25009373 0.01552474 0.03492003 0.02553190 0.17635442 0.01431506
5.60028001 1.90636326 0.00038463 0.00037531 0.00028648 0.00039925 0.43587770 0.04859370 0.25122986 0.01170821 0.03199900 0.02447367 0.18051812 0.01415406
5.70028501 1.90490715 0.00036001 0.00044127 0.00016220 0.00028290 0.43893234 0.04353001 0.25336640 0.01106215 0.03674447 0.02193480 0.18251552 0.01066793
5.80029001 1.90398849 0.00035094 0.00042723 0.00014997 0.00033499 0.44352974 0.04196573 0.25216150 0.00955381 0.03512910 0.02320146 0.18475243 0.00844311
5.90029501 1.90254699 0.00059393 0.00034388 0.00045716 0.00423262 0.44326509 0.04074229 0.25625498 0.00833378 0.03124555 0.02324317 0.18289051 0.00839705
6.00030002 1.90191416 0.00060627 0.00034547 0.00026019 0.00377078 0.44616669 0.04068199 0.25839327 0.01211272 0.02934204 0.01730472 0.18375254 0.00726333
6.10030502 1.90013682 0.00048870 0.00037601 0.00016728 0.00154971 0.45276972 0.04062326 0.25305289 0.01180244 0.02989940 0.01602019 0.18590199 0.00734842
6.20031002 1.89766476 0.00062317 0.00038197 0.00046256 0.00497416 0.45046604 0.03798362 0.25154174 0.00897416 0.03293383 0.01404745 0.18867642 0.00893490
6.30031502 1.89443920 0.00040909 0.00040798 0.00027117 0.00146855 0.45141096 0.03609075 0.25135022 0.00876646 0.03377738 0.01504358 0.19305346 0.00795041
6.40032002 1.89419202 0.00045592 0.00036339 0.00018871 0.00218166 0.45457732 0.03178143 0.25352154 0.01021377 0.03312472 0.01414074 0.19241303 0.00703776
6.50032502 1.89404250 0.00021357 0.00039097 0.00017289 0.00019920 0.45730159 0.02910472 0.25750099 0.00602539 0.03523761 0.01235328 0.19156884 0.00993096
6.60033002 1.89269200 0.00036050 0.00031764 0.00025625 0.00149690 0.45330075 0.02912392 0.25578940 0.00610376 0.03440688 0.01880820 0.19218533 0.00785046
6.70033502 1.89150125 0.00040670 0.00034707 0.00023512 0.00188287 0.45297453 0.02541656 0.25611726 0.00705025 0.03426059 0.01999923 0.19430056 0.00700926
6.80034002 1.88915771 0.00026064 0.00035887 0.00004948 0.00220435 0.45471479 0.02309299 0.25731210 0.00819282 0.03418278 0.01794127 0.19543145 0.00625845
6.90034502 1.88844891 0.00050961 0.00032427 0.00040703 0.00472971 0.45491249 0.02379043 0.26079432 0.00638824 0.03236209 0.01616556 0.19360683 0.00600942
7.00035002 1.88283368 0.00042545 0.00035777 0.00029935 0.00335788 0.45278356 0.02659680 0.25952515 0.00801141 0.03059523 0.01582880 0.19473830 0.00748031
7.10035502 1.88057213 0.00028666 0.00035836 0.00013621 0.00135792 0.45350104 0.02440815 0.26505827 0.00799953 0.03069083 0.01647634 0.19439150 0.00533518
7.20036002 1.87638549 0.00022190 0.00036421 0.00006713 0.00215425 0.45254399 0.02549812 0.26690312 0.00701459 0.03262502 0.01616979 0.19156366 0.00487422
7.30036502 1.87678272 0.00043126 0.00034097 0.00023098 0.00229027 0.45065635 0.02370348 0.26562019 0.01151504 0.02625903 0.01783678 0.19512346 0.00599219
7.40037002 1.87613061 0.00064553 0.00029951 0.00039901 0.00709777 0.45659253 0.02439155 0.26348355 0.01012548 0.02286372 0.01482053 0.19476069 0.00452013
7.50037502 1.87239428 0.00044778 0.00039947 0.00031425 0.00202257 0.45512620 0.02854920 0.26011306 0.00968885 0.02583120 0.01287581 0.19653006 0.00810154
7.60038002 1.87115416 0.00040411 0.00034478 0.00022206 0.00392618 0.45977778 0.03004657 0.26409862 0.00906593 0.02201033 0.01054401 0.19376848 0.00579114
7.70038502 1.87001973 0.00020892 0.00037337 0.00012573 0.00019689 0.46271771 0.02812844 0.26403585 0.00646895 0.02030318 0.01204527 0.19856989 0.00682579
7.80039002 1.86829357 0.00044939 0.00030395 0.00030593 0.00293537 0.46313312 0.02675941 0.26403827 0.00775292 0.02206471 0.01098986 0.19445994 0.00680712
7.90039502 1.86551848 0.00025269 0.00026591 0.00013695 0.00017780 0.46034064 0.03174575 0.26763969 0.00722181 0.02002932 0.01300728 0.19172443 0.00745771
8.00040002 1.86329155 0.00058680 0.00025157 0.00039134 0.00549069 0.46074242 0.02761459 0.26734200 0.00730387 0.01821086 0.01363538 0.19145315 0.00697733
8.10040502 1.86115670 0.00023506 0.00027322 0.00008380 0.00013771 0.45908625 0.03091316 0.26738515 0.00875432 0.01997603 0.01484394 0.19127935 0.00703200
8.20041002 1.85793832 0.00029844 0.00031420 0.00006638 0.00023634 0.46041355 0.02776396 0.26542473 0.00925141 0.01766869 0.01573081 0.19617882 0.00665267
8.30041502 1.85776448 0.00020583 0.00028375 0.00006419 0.00014489 0.46069988 0.02809054 0.26566826 0.00806654 0.01680784 0.01873560 0.19454027 0.00669241
8.40042002 1.85288948 0.00036900 0.00031597 0.00020062 0.00190896 0.46335247 0.02653497 0.26384328 0.00787805 0.01867617 0.01691790 0.19381211 0.00619050
8.50042502 1.85246170 0.00022140 0.00027108 0.00011675 0.00013869 0.46606789 0.02572066 0.26600330 0.00770166 0.01685589 0.01670970 0.19280185 0.00739114
8.60043002 1.84822565 0.00041669 0.00028347 0.00040059 0.00516294 0.46435938 0.02486045 0.26793096 0.00538648 0.01869946 0.01343463 0.19072672 0.00833822
8.70043502 1.84598106 0.00032194 0.00026921 0.00038773 0.00543462 0.46500167 0.02445122 0.26813860 0.00567476 0.01732104 0.01259088 0.18926948 0.01113885
8.80044002 1.84596925 0.00039247 0.00027096 0.00021897 0.00037422 0.46547321 0.02766719 0.26492294 0.01106166 0.01840680 0.01117849 0.19092608 0.00910701
8.90044502 1.84591998 0.00042351 0.00027151 0.00040094 0.00288288 0.46635310 0.02690408 0.26497236 0.00819165 0.01789011 0.00985483 0.19251292 0.00934212
9.00045002 1.84064835 0.00047723 0.00033494 0.00039947 0.00306253 0.46698482 0.03299342 0.26389809 0.00709305 0.01801261 0.01014916 0.19076954 0.00582514
9.10045502 1.83622545 0.00045821 0.00033547 0.00043061 0.00297624 0.46386959 0.03235183 0.26385952 0.00695482 0.01711765 0.01376456 0.19081777 0.00706373
9.20046002 1.83608550 0.00044956 0.00027274 0.00028483 0.00190569 0.46499936 0.03239586 0.26563963 0.00852196 0.01445924 0.01484226 0.18862903 0.00759983
9.30046502 1.83332786 0.00063875 0.00025105 0.00049434 0.00511112 0.46160709 0.03194096 0.26928671 0.00737944 0.01442410 0.01499072 0.18643105 0.00744467
9.40047002 1.83155456 0.00041196 0.00033689 0.00033873 0.00474539 0.46181983 0.02504584 0.26930857 0.00795634 0.01806218 0.01734850 0.18647252 0.00815324
9.50047502 1.83200479 0.00055525 0.00028397 0.00040991 0.00307853 0.46406535 0.02725872 0.26690172 0.00752216 0.02056645 0.01577394 0.18618251 0.00740149
9.60048002 1.83057622 0.00059150 0.00029305 0.00054429 0.00635089 0.46662918 0.02499256 0.26294872 0.00653071 0.02106001 0.01561261 0.18706904 0.00737743
9.70048502 1.82554787 0.00049916 0.00030075 0.00063607 0.00513682 0.46480422 0.02086074 0.26601098 0.00561641 0.02233161 0.01926373 0.18255244 0.01198708
9.80049002 1.82338311 0.00056380 0.00024886 0.00069355 0.00638696 0.46456804 0.02314195 0.26772779 0.00615974 0.02025989 0.01669827 0.18119543 0.01235573
9.90049502 1.81997383 0.00065121 0.00029035 0.00062514 0.00662467 0.46406134 0.02171723 0.27170817 0.00759518 0.01876870 0.01521122 0.18117145 0.01157533
10.00050003 1.81791176 0.00051995 0.00032032 0.00037246 0.00373936 0.46379676 0.02352089 0.27057057 0.00880763 0.02104219 0.01889857 0.18227015 0.00614114
10.10050503 1.81768498 0.00026376 0.00027929 0.00015533 0.00027394 0.46613799 0.02436031 0.27397510 0.00807008 0.02124143 0.01793521 0.18036618 0.00694135
10.20051003 1.81725137 0.00030990 0.00028196 0.00007463 0.00029273 0.47187444 0.02639022 0.27115509 0.00866206 0.01903568 0.01735345 0.17965283 0.00491702
10.30051503 1.81506169 0.00031973 0.00028561 0.00006654 0.00026046 0.47240715 0.02622115 0.27327633 0.00910408 0.01895127 0.01343913 0.18107965 0.00458890
10.40052003 1.81394990 0.00030903 0.00026192 0.00013507 0.00146844 0.46925395 0.02639046 0.27323024 0.00785952 0.02057237 0.01464838 0.18068152 0.00518910
10.50052503 1.81355724 0.00028528 0.00025011 0.00012837 0.00152316 0.47290650 0.02442736 0.27489557 0.00671593 0.02008732 0.01339479 0.17986050 0.00552511
10.60053003 1.81168338 0.00019539 0.00028891 0.00009489 0.00018439 0.47374050 0.02195191 0.27921578 0.00640750 0.01855612 0.01241475 0.18019869 0.00675118
10.70053503 1.81075393 0.00031970 0.00030739 0.00022063 0.00173286 0.47479419 0.01898749 0.27836966 0.00573061 0.02086775 0.01121859 0.18166102 0.00579012
10.80054003 1.80995613 0.00062392 0.00030202 0.00050507 0.00492446 0.48433834 0.01724335 0.27667869 0.00635899 0.01433143 0.00879993 0.18234952 0.00354427
10.90054503 1.80687795 0.00035609 0.00027298 0.00021893 0.00402286 0.48417255 0.01835959 0.27369301 0.00760409 0.01493715 0.01046792 0.18092431 0.00497051
11.00055003 1.80122858 0.00020296 0.00030526 0.00007838 0.00015864 0.49039626 0.01954417 0.26887482 0.00712681 0.01532718 0.01201491 0.18109648 0.00487414
11.10055503 1.80027455 0.00043627 0.00026722 0.00039409 0.00490058 0.48856951 0.01587937 0.26949874 0.00647566 0.01346704 0.01182736 0.18219749 0.00608668
11.20056003 1.79870227 0.00056093 0.00024356 0.00044393 0.00481461 0.49021776 0.01464296 0.27070064 0.00891736 0.01165594 0.01227007 0.17918211 0.00635014
11.30056503 1.79760290 0.00056338 0.00030243 0.00038268 0.00313408 0.49044838 0.01192607 0.27311744 0.00800091 0.01338032 0.01651394 0.17875144 0.00347894
11.40057003 1.79448836 0.00037157 0.00028425 0.00037679 0.00304147 0.49040094 0.01454757 0.27010648 0.00577955 0.01733103 0.01467953 0.17787730 0.00520353
11.50057503 1.79074973 0.00042962 0.00026309 0.00042107 0.00383231 0.48910343 0.01581163 0.27281471 0.00710912 0.01658303 0.01108602 0.17723575 0.00531023
11.60058003 1.79046820 0.00050144 0.00025160 0.00039638 0.00473768 0.48885642 0.01680585 0.27280947 0.00618839 0.01599371 0.00993158 0.18008880 0.00343869
11.70058503 1.78811584 0.00027056 0.00024831 0.00017098 0.00341140 0.48399119 0.02056541 0.27257818 0.00476211 0.01761602 0.01309972 0.17956630 0.00371982
11.80059003 1.78586844 0.00028208 0.00028062 0.00012627 0.00141707 0.48485823 0.02298212 0.27402972 0.00539152 0.01582332 0.00798963 0.18300812 0.00381132
11.90059503 1.78599685 0.00019002 0.00026405 0.00021109 0.00202616 0.48747451 0.01828562 0.27375044 0.00599629 0.01783653 0.00639422 0.18067447 0.00689660
12.00060003 1.78393096 0.00033353 0.00024298 0.00026048 0.00172559 0.48834352 0.01681001 0.27594665 0.00550848 0.01582227 0.00865280 0.17964457 0.00670911
12.10060503 1.78161550 0.00015838 0.00026224 0.00008638 0.00010955 0.49194694 0.01908491 0.27421804 0.00505410 0.01667541 0.01031083 0.17689738 0.00519585
12.20061003 1.77952735 0.00026169 0.00021327 0.00011876 0.00027670 0.49325290 0.01627503 0.27577316 0.00818406 0.01184023 0.01065242 0.17692044 0.00623134
12.30061503 1.77781706 0.00039236 0.00023213 0.00031139 0.00354204 0.49449162 0.01445870 0.27405355 0.00633264 0.01361136 0.00954695 0.17761134 0.00541592
12.40062003 1.77795317 0.00013670 0.00023899 0.00005146 0.00012002 0.49546344 0.01630003 0.27594119 0.00494427 0.01206016 0.01115184 0.18029623 0.00329568
12.50062503 1.77537277 0.00038902 0.00021812 0.00038679 0.00450840 0.49357275 0.01407514 0.27420919 0.00467989 0.01064048 0.01231347 0.17935946 0.00564730
12.60063003 1.77531300 0.00016850 0.00020952 0.00013567 0.00017778 0.49508103 0.01374239 0.27645012 0.00607407 0.01068905 0.01156574 0.17957027 0.00613584
12.70063503 1.77366583 0.00033270 0.00020004 0.00018099 0.00172982 0.49571980 0.01330964 0.27621435 0.00628115 0.01061267 0.01294627 0.17925313 0.00321944
12.80064003 1.77073723 0.00032215 0.00025627 0.00026836 0.00309302 0.49779429 0.00952516 0.27846726 0.00375857 0.01416071 0.01027180 0.17932146 0.00276094
12.90064503 1.77010342 0.00031713 0.00022412 0.00026783 0.00348407 0.49656308 0.01283152 0.27706911 0.00239493 0.01382767 0.00994588 0.18031602 0.00275863
13.00065003 1.76820594 0.00036778 0.00019788 0.00025470 0.00512613 0.49631562 0.01329127 0.27668134 0.00458504 0.01015263 0.00757846 0.18065252 0.00479663
13.10065503 1.76460697 0.00052580 0.00021133 0.00046432 0.00424494 0.49368189 0.01677616 0.27362497 0.00473811 0.01185349 0.00841990 0.18062832 0.00483076
13.20066003 1.76086969 0.00046593 0.00024045 0.00051485 0.00642290 0.48885524 0.01424885 0.27288799 0.00599445 0.01355692 0.00667262 0.18245940 0.00768040
13.30066503 1.75869606 0.00023583 0.00024122 0.00032010 0.00388188 0.49353288 0.01747860 0.26889313 0.00408886 0.01487743 0.00717725 0.18245534 0.00681747
13.40067003 1.75697548 0.00044965 0.00022749 0.00047205 0.00311676 0.49243737 0.01720171 0.26823965 0.00418298 0.01637258 0.00755757 0.18272290 0.00701929
13.50067503 1.75680707 0.00020846 0.00025286 0.00016493 0.00208860 0.49404455 0.01662339 0.27060656 0.00422710 0.01788182 0.00553517 0.18321422 0.00515235
13.60068003 1.75482565 0.00026563 0.00028119 0.00022916 0.00137103 0.49573864 0.01530554 0.26871870 0.00370717 0.01837150 0.00689121 0.18488996 0.00423027
13.70068503 1.75291734 0.00021172 0.00027105 0.00015303 0.00380144 0.49352983 0.01575153 0.26862927 0.00224694 0.01839703 0.00642795 0.18717282 0.00340739
13.80069003 1.74995409 0.00025811 0.00027811 0.00018968 0.00138348 0.49172364 0.01508694 0.27020774 0.00250779 0.01973631 0.00884376 0.18605420 0.00373024
13.90069503 1.74818526 0.00016329 0.00028582 0.00003716 0.00013028 0.49184354 0.01642541 0.26795039 0.00397822 0.01927902 0.00794501 0.18864123 0.00332063
14.00070004 1.74634348 0.00028804 0.00033690 0.00012346 0.00161061 0.49098234 0.01196574 0.26489603 0.00616173 0.02166471 0.00879771 0.19012001 0.00305270
14.10070504 1.74441923 0.00055942 0.00029766 0.00050320 0.00985832 0.48760474 0.00785701 0.26523473 0.00406934 0.02374314 0.00678907 0.19111973 0.00236364
14.20071004 1.74380054 0.00043921 0.00028543 0.00033653 0.00494261 0.48925785 0.00995892 0.27166002 0.00405327 0.02040677 0.00621214 0.19038994 0.00205731
14.30071504 1.73978499 0.00015183 0.00033906 0.00009248 0.00191772 0.48876275 0.01003726 0.27344922 0.00247362 0.02037410 0.00738887 0.19307487 0.00193821
14.40072004 1.74052035 0.00037212 0.00029343 0.00031376 0.00333132 0.48732517 0.01007876 0.27650894 0.00253356 0.02015253 0.00544535 0.19171992 0.00192512
14.50072504 1.73888368 0.00015140 0.00028233 0.00009001 0.00013247 0.48752045 0.01170188 0.27576217 0.00386797 0.01895743 0.00618544 0.19147763 0.00387083
14.60073004 1.73533475 0.00024207 0.00033251 0.00016510 0.00175766 0.48383797 0.01164529 0.27353796 0.00370840 0.02123513 0.00818013 0.19305643 0.00230136
14.70073504 1.73047130 0.00039225 0.00026817 0.00033955 0.00448924 0.47925876 0.01356603 0.27745963 0.00424657 0.01753813 0.00811207 0.19147530 0.00285429
14.80074004 1.72882318 0.00012473 0.00028111 0.00008762 0.00063076 0.48234799 0.01222140 0.27669175 0.00431163 0.02033586 0.00947267 0.19034329 0.00315120
14.90074504 1.72678138 0.00036669 0.00022807 0.00028182 0.00287199 0.48070341 0.01183820 0.27462342 0.00470399 0.01965784 0.01093392 0.19078726 0.00300340
15.00075004 1.72517058 0.00022205 0.00024945 0.00015475 0.00522940 0.47706108 0.01740584 0.27387049 0.00376481 0.01808906 0.00847833 0.19272993 0.00274482
15.10075504 1.72340741 0.00024695 0.00027394 0.00004705 0.00015258 0.47686735 0.01830471 0.27239011 0.00682588 0.01844542 0.01145467 0.19202317 0.00296816
15.20076004 1.72228563 0.00015861 0.00030330 0.00003577 0.00010245 0.47788447 0.01657293 0.27195805 0.00508623 0.01833609 0.01265894 0.19351809 0.00338509
15.30076504 1.72093885 0.00024195 0.00026290 0.00011061 0.00190564 0.47503286 0.01625100 0.26881316 0.00552313 0.02341365 0.01204049 0.19247742 0.00392718
15.40077004 1.72081261 0.00064363 0.00022755 0.00054356 0.00643080 0.47830986 0.01504142 0.27068404 0.00498618 0.01719255 0.00868318 0.19358600 0.00367122
15.50077504 1.71337002 0.00050321 0.00030637 0.00049201 0.00459720 0.47461291 0.01505822 0.26856772 0.00513694 0.01744837 0.01067726 0.19706463 0.00553515
15.60078004 1.70933350 0.00022505 0.00033886 0.00014529 0.00151510 0.47684609 0.01685655 0.26884661 0.00412877 0.02178968 0.01163648 0.19417876 0.00349276
15.70078504 1.70736392 0.00013031 0.00029378 0.00008540 0.00011750 0.47837413 0.01650086 0.26898503 0.00425865 0.02145715 0.01126574 0.19288991 0.00564154
15.80079004 1.70399107 0.00028687 0.00027183 0.00021173 0.00174378 0.47226730 0.01645139 0.27430485 0.00461856 0.02096430 0.01114684 0.19219172 0.00554083
15.90079504 1.70165019 0.00029384 0.00028312 0.00023998 0.00175730 0.46962885 0.01695366 0.27223987 0.00470250 0.02447735 0.01049646 0.19337081 0.00555626
16.00080004 1.69895228 0.00028724 0.00028561 0.00017741 0.00182710 0.46949438 0.01744259 0.27025146 0.00460151 0.02380657 0.01005342 0.19616198 0.00561073
16.10080504 1.69720829 0.00047655 0.00027605 0.00036567 0.00315043 0.46766518 0.01623477 0.27190140 0.00478751 0.02375738 0.00990865 0.19639999 0.00507642
16.20081004 1.69568607 0.00028131 0.00027506 0.00021162 0.00162245 0.46821616 0.01951188 0.27142126 0.00422089 0.02406246 0.00964779 0.19602506 0.00450405
16.30081504 1.69141469 0.00019264 0.00032069 0.00006276 0.00019308 0.47334992 0.01627697 0.27124411 0.00505222 0.02453255 0.01066298 0.19455272 0.00355935
16.40082004 1.68618390 0.00019377 0.00028860 0.00006547 0.00018732 0.46924672 0.01565398 0.27305226 0.00510247 0.02421428 0.01505603 0.19319813 0.00374096
16.50082504 1.68289738 0.00029044 0.00027714 0.00021749 0.00283023 0.46574010 0.01690283 0.27469229 0.00362010 0.02365168 0.01567713 0.19163879 0.00446179
16.60083004 1.68165982 0.00034403 0.00031496 0.00026533 0.00265615 0.46712389 0.01505986 0.27120588 0.00421463 0.02231622 0.01860134 0.19303904 0.00485866
16.70083504 1.67869697 0.00048020 0.00028136 0.00032091 0.00496600 0.46523903 0.01693390 0.27443736 0.00637938 0.01785316 0.01771773 0.19018909 0.00520189
16.80084004 1.67702887 0.00045324 0.00024790 0.00034590 0.00513954 0.46166995 0.01791846 0.27622869 0.00589783 0.01761744 0.01944559 0.19023603 0.00479943
16.90084504 1.67664706 0.00051412 0.00022396 0.00039285 0.00449226 0.46150868 0.01845187 0.27759110 0.00746456 0.01737264 0.01602578 0.19130361 0.00465856
17.00085004 1.67681943 0.00023168 0.00025192 0.00014878 0.00146682 0.46218865 0.01986348 0.28272325 0.00486888 0.01915002 0.01357103 0.19168616 0.00384933
17.10085504 1.67356452 0.00040687 0.00023309 0.00031220 0.00311546 0.46009541 0.01985782 0.27989545 0.00765609 0.01731753 0.01439760 0.19045852 0.00625397
17.20086004 1.67194420 0.00063201 0.00027303 0.00043542 0.00445018 0.45878517 0.02329468 0.28243263 0.00567795 0.01917893 0.00914197 0.19133024 0.00436779
17.30086504 1.67020926 0.00018366 0.00027278 0.00008561 0.00217407 0.46330523 0.02154122 0.27949562 0.00553630 0.02072866 0.00844226 0.19219771 0.00603687
17.40087004 1.66946325 0.00031731 0.00027178 0.00017998 0.00166403 0.46386945 0.02249219 0.27687905 0.00640433 0.02219054 0.00880500 0.19278918 0.00413715
17.50087504 1.66764258 0.00040280 0.00030652 0.00025235 0.00524225 0.46048248 0.02100728 0.27862853 0.00540080 0.02408605 0.00781746 0.19249642 0.00387705
17.60088004 1.66449145 0.00023357 0.00030165 0.00013157 0.00189944 0.46110502 0.02215025 0.28096017 0.00426465 0.02383962 0.00754657 0.19379354 0.00377395
17.70088504 1.66372567 0.00014410 0.00032832 0.00003175 0.00008517 0.46136619 0.02144363 0.27933447 0.00446045 0.02407834 0.00766030 0.19689268 0.00417459
17.80089004 1.66211588 0.00023389 0.00032532 0.00014414 0.00187278 0.46430565 0.01810240 0.28122371 0.00345768 0.02393776 0.00864216 0.19420757 0.00354696
17.90089504 1.65867451 0.00045741 0.00026501 0.00042696 0.00837544 0.45968057 0.01783366 0.28050862 0.00430461 0.01947771 0.01051460 0.19206808 0.00608733
18.00090005 1.65821574 0.00029554 0.00030281 0.00019874 0.00263905 0.46385775 0.01877866 0.28042583 0.00400076 0.02332418 0.00887585 0.19208944 0.00521141
18.10090505 1.65638562 0.00039180 0.00027555 0.00038312 0.00330761 0.46643916 0.01451652 0.28243847 0.00292373 0.02283731 0.00728678 0.19200951 0.00719044
18.20091005 1.65555722 0.00052698 0.00029827 0.00049212 0.00505655 0.46836839 0.01178756 0.28108336 0.00294180 0.02261820 0.00695341 0.19563178 0.00424157
18.30091505 1.65514671 0.00011048 0.00030197 0.00006879 0.00012122 0.46859271 0.01308628 0.28338243 0.00296447 0.02484998 0.00854381 0.19487291 0.00310495
18.40092005 1.65116040 0.00035362 0.00028060 0.00032315 0.00480688 0.46796111 0.01477307 0.28072389 0.00306937 0.02485174 0.00768165 0.19218266 0.00299225
18.50092505 1.64865358 0.00020842 0.00027715 0.00021918 0.00156047 0.46999174 0.01742073 0.28021684 0.00332673 0.02309428 0.00857982 0.19042000 0.00468465
18.60093005 1.64518758 0.00039208 0.00029468 0.00020729 0.00276717 0.46851155 0.01644164 0.27890587 0.00789323 0.02339056 0.00911654 0.18889735 0.00318205
18.70093505 1.64295207 0.00054423 0.00028947 0.00041503 0.00453932 0.46704713 0.01507963 0.27584991 0.00734049 0.02318781 0.01077184 0.18962568 0.00530947
18.80094005 1.63964862 0.00044410 0.00025225 0.00038652 0.00509520 0.46279396 0.01878441 0.28104128 0.00627982 0.01632608 0.01543874 0.18758642 0.00557121
18.90094505 1.63880268 0.00030161 0.00023463 0.00015981 0.00143672 0.46855879 0.02009387 0.28097908 0.00747854 0.01436922 0.01319152 0.18785828 0.00533793
19.00095005 1.63772486 0.00029374 0.00025128 0.00024655 0.00190970 0.46777193 0.02246777 0.28208816 0.00557794 0.01494169 0.01132886 0.18694694 0.00617546
19.10095505 1.63734671 0.00059742 0.00020862 0.00046180 0.00638553 0.46624685 0.02237283 0.28186311 0.00704553 0.01327444 0.01053698 0.18640698 0.00459991
19.20096005 1.63519706 0.00048789 0.00022269 0.00028923 0.00272585 0.46912846 0.02345241 0.28033412 0.00740439 0.01146820 0.01271762 0.18684653 0.00492260
19.30096505 1.63421818 0.00035720 0.00024759 0.00017100 0.00201591 0.47120694 0.02327809 0.27523609 0.00694977 0.01370416 0.01679373 0.18560522 0.00443431
19.40097005 1.63333524 0.00042641 0.00020522 0.00025958 0.00189626 0.47143949 0.02183999 0.27538920 0.00819970 0.01158560 0.01653359 0.18538049 0.00684448
19.50097505 1.63314916 0.00017113 0.00022937 0.00003697 0.00009935 0.47548292 0.02149437 0.27717831 0.00583444 0.01144511 0.01511805 0.18766429 0.00524569
19.60098005 1.63045535 0.00022161 0.00025371 0.00004995 0.00215527 0.47584495 0.01934521 0.27555041 0.00682441 0.01174779 0.01360938 0.19060313 0.00379417
19.70098505 1.63055280 0.00053157 0.00024443 0.00043768 0.00511569 0.47610576 0.02016252 0.27611792 0.00465137 0.01240847 0.00931358 0.19112341 0.00378759
19.80099005 1.62938139 0.00029420 0.00025742 0.00018579 0.00170583 0.47858333 0.02035704 0.27739215 0.00487666 0.01290933 0.00885333 0.19085777 0.00372716
19.90099505 1.62859976 0.00029893 0.00025297 0.00013210 0.00137803 0.48063672 0.01739929 0.27959116 0.00685451 0.01356684 0.00828026 0.18795230 0.00365689
20.00100005 1.62744875 0.00022368 0.00023035 0.00003343 0.00022259 0.48714517 0.01431164 0.27851476 0.00711388 0.01313356 0.00897885 0.18697616 0.00311593
20.10100505 1.62547242 0.00034010 0.00025030 0.00027889 0.00413818 0.48421463 0.01365318 0.27695465 0.00452743 0.01463224 0.00962662 0.18794818 0.00343559
20.20101005 1.62287287 0.00017982 0.00023007 0.00017485 0.00138900 0.48147366 0.01568608 0.28263813 0.00378297 0.01444520 0.00848174 0.18721294 0.00430554
20.30101505 1.61910780 0.00018195 0.00023646 0.00010432 0.00199120 0.47938366 0.01326696 0.28015343 0.00398952 0.01820218 0.01188108 0.18602428 0.00458498
20.40102005 1.61626917 0.00043756 0.00023935 0.00034332 0.00500609 0.47859927 0.01292809 0.27836312 0.00679341 0.01626299 0.01162529 0.18453528 0.00486624
20.50102505 1.61423736 0.00034191 0.00021953 0.00032676 0.00152216 0.48273855 0.01495602 0.27538834 0.00598167 0.01568086 0.01237775 0.18397271 0.00649373
20.60103005 1.61268094 0.00029755 0.00021350 0.00026463 0.00173884 0.48150236 0.01516684 0.27555546 0.00534225 0.01688681 0.01343253 0.18384187 0.00575737
20.70103505 1.61058661 0.00041441 0.00024545 0.00030881 0.00525799 0.47971910 0.01353857 0.27728530 0.00631595 0.01686178 0.01054803 0.18588836 0.00361624
20.80104005 1.60955328 0.00055984 0.00022769 0.00040002 0.00491040 0.47814131 0.01606029 0.27685698 0.00631508 0.01835573 0.00855813 0.18641830 0.00319624
20.90104505 1.60793718 0.00017066 0.00023195 0.00003793 0.00006742 0.48579320 0.01707962 0.27477484 0.00676459 0.01653732 0.00912159 0.18666269 0.00275818
21.00105005 1.60587756 0.00024453 0.00027705 0.00015202 0.00186127 0.48841892 0.01679751 0.27291355 0.00334637 0.01664148 0.00849379 0.18774900 0.00310452
21.10105505 1.60559001 0.00011608 0.00024519 0.00002571 0.00007407 0.49182934 0.01292925 0.27324217 0.00354939 0.01697354 0.01008547 0.18770976 0.00322004
21.20106005 1.60165028 0.00017516 0.00031425 0.00003130 0.00017701 0.48753984 0.01249721 0.27328627 0.00494019 0.01766083 0.00888579 0.19119881 0.00329334
21.30106505 1.59978166 0.00011576 0.00030567 0.00010658 0.00214468 0.48576788 0.01213264 0.27354119 0.00382831 0.01640700 0.01066439 0.18997825 0.00500764
21.40107005 1.59774243 0.00010467 0.00026776 0.00004973 0.00013154 0.48818911 0.01267677 0.27811229 0.00263006 0.01425917 0.01334705 0.18717167 0.00306018
21.50107505 1.59637741 0.00016374 0.00024705 0.00012445 0.00126782 0.48744732 0.01200660 0.27975246 0.00311590 0.01485753 0.01220038 0.18569565 0.00312111
21.60108005 1.59336380 0.00016528 0.00024994 0.00010867 0.00137325 0.48789785 0.01188322 0.28268335 0.00309365 0.01396489 0.01023245 0.18520397 0.00314348
21.70108505 1.59278781 0.00009251 0.00022962 0.00013933 0.00014483 0.48991783 0.01148632 0.28205083 0.00268800 0.01408579 0.00702720 0.18571594 0.00642183
21.80109005 1.59240217 0.00010878 0.00022252 0.00007335 0.00011576 0.48996692 0.01275624 0.28204029 0.00291399 0.01409413 0.00844000 0.18567614 0.00359187
21.90109505 1.59165703 0.00025857 0.00026203 0.00013078 0.00336155 0.49329637 0.00940629 0.27845324 0.00512422 0.01223933 0.00730421 0.18774902 0.00241438
22.00110006 1.58825901 0.00023159 0.00025278 0.00019283 0.00187765 0.49229484 0.01016682 0.28037372 0.00442742 0.01280705 0.00735256 0.18627162 0.00375113
22.10110506 1.58519512 0.00013681 0.00027181 0.00004002 0.00015997 0.49389105 0.01052820 0.27864566 0.00428268 0.01281744 0.01054643 0.18637403 0.00230589
22.20111006 1.58396226 0.00013047 0.00025604 0.00002458 0.00007879 0.49066493 0.01268500 0.27852955 0.00446004 0.01628634 0.00811226 0.18626314 0.00250886
22.30111506 1.58139716 0.00030559 0.00026989 0.00015077 0.00148796 0.49277520 0.00896240 0.27505401 0.00796310 0.01464020 0.00695611 0.18726070 0.00417407
22.40112006 1.57780086 0.00050027 0.00029892 0.00031568 0.00498935 0.48930990 0.00893626 0.27534740 0.00832633 0.01786079 0.00516874 0.18718299 0.00176337
22.50112506 1.57722257 0.00034460 0.00026114 0.00017486 0.00173843 0.48754026 0.01120843 0.27599093 0.00688028 0.01738990 0.00587574 0.19081776 0.00177766
22.60113006 1.57632202 0.00020594 0.00024370 0.00012605 0.00129104 0.48587284 0.01325893 0.27496516 0.00607568 0.01718859 0.00873833 0.18972971 0.00230402
22.70113506 1.57426230 0.00018018 0.00025512 0.00016019 0.00022521 0.48628118 0.01362902 0.27541230 0.00582059 0.01437857 0.00802344 0.18967283 0.00596138
22.80114006 1.57439414 0.00010092 0.00024152 0.00015536 0.00009166 0.49003619 0.01093099 0.27799880 0.00419569 0.01328683 0.00808450 0.18843666 0.00644089
22.90114506 1.57383844 0.00011214 0.00021336 0.00010043 0.00009279 0.48962048 0.01175001 0.28011898 0.00393327 0.01305393 0.01043204 0.18699325 0.00357932
23.00115006 1.57191634 0.00010691 0.00021959 0.00009663 0.00010528 0.48966680 0.01008021 0.28218147 0.00412984 0.01275231 0.00965610 0.18717984 0.00382503
23.10115506 1.57069489 0.00019176 0.00019536 0.00015583 0.00132046 0.48938073 0.00983864 0.27843883 0.00453838 0.01238427 0.01222435 0.18760081 0.00373057
23.20116006 1.57005515 0.00039036 0.00020283 0.00028125 0.00295373 0.48791939 0.01007054 0.27627602 0.00590058 0.01207344 0.01104836 0.18952832 0.00335519
23.30116506 1.56818963 0.00026724 0.00020037 0.00017701 0.00163923 0.48981863 0.01083188 0.27682617 0.00530226 0.01195964 0.01082817 0.18919518 0.00295421
23.40117006 1.56593537 0.00022243 0.00031213 0.00006560 0.00029234 0.49353857 0.01117892 0.27188850 0.00588220 0.01217360 0.01045478 0.19208719 0.00190374
23.50117506 1.56416376 0.00037755 0.00027204 0.00033960 0.00494870 0.49186346 0.01000758 0.27156971 0.00309021 0.01434443 0.00921914 0.19195035 0.00201722
23.60118006 1.56435345 0.00022146 0.00024892 0.00003864 0.00215501 0.49224198 0.01170894 0.27129500 0.00596559 0.01457760 0.00604052 0.19163650 0.00386984
23.70118506 1.56247516 0.00029948 0.00021950 0.00023264 0.00171050 0.49333732 0.01157576 0.27099850 0.00506204 0.01253835 0.00928894 0.19090633 0.00383064
23.80119006 1.56089222 0.00012441 0.00020957 0.00005629 0.00011817 0.49341084 0.01217085 0.27193676 0.00484256 0.01216565 0.01119834 0.19027718 0.00348939
23.90119506 1.55928441 0.00013425 0.00019069 0.00005208 0.00009671 0.49138690 0.01374936 0.27204676 0.00456113 0.01206914 0.01218224 0.19030652 0.00322423
24.00120006 1.55842276 0.00019530 0.00020987 0.00003394 0.00008652 0.49089866 0.01299619 0.27086110 0.00660538 0.01206997 0.01131730 0.19196040 0.00276536
24.10120506 1.55805250 0.00027704 0.00022333 0.00017364 0.00316783 0.49074663 0.00957597 0.27132876 0.00601065 0.01230513 0.01027072 0.19339615 0.00252414
24.20121006 1.55773894 0.00016703 0.00023064 0.00008048 0.00014404 0.49250462 0.00953937 0.27006895 0.00813443 0.01299170 0.00988896 0.19220410 0.00404569
24.30121506 1.55706939 0.00031043 0.00026143 0.00017943 0.00185732 0.49241451 0.00842891 0.27029940 0.00654847 0.01143972 0.01068914 0.19558495 0.00198631
24.40122006 1.55604821 0.00047743 0.00022059 0.00044824 0.00444455 0.49353780 0.00836946 0.26870495 0.00570600 0.00942985 0.01022995 0.19410681 0.00432437
24.50122506 1.55463594 0.00045610 0.00018919 0.00036448 0.00354596 0.49256879 0.01068561 0.27026548 0.00681170 0.00883576 0.01000767 0.19214078 0.00412848
24.60123006 1.55341813 0.00014269 0.00021148 0.00004495 0.00008945 0.49630596 0.01457617 0.26677119 0.00506942 0.00885584 0.01160561 0.19385552 0.00247172
24.70123506 1.55205950 0.00033486 0.00018741 0.00025412 0.00299828 0.49467930 0.01179213 0.26839550 0.00484636 0.00868637 0.01090832 0.19205142 0.00486593
24.80124006 1.55108734 0.00012727 0.00020648 0.00019058 0.00012294 0.49463531 0.01193324 0.26655113 0.00491106 0.01049310 0.01041387 0.19211399 0.00830105
24.90124506 1.55061429 0.00014371 0.00017421 0.00020102 0.00022054 0.49476936 0.01268784 0.26630635 0.00512578 0.00995007 0.01025529 0.19280001 0.00736583
25.00125006 1.54623453 0.00018062 0.00024907 0.00015508 0.00023477 0.49429985 0.01057786 0.26822620 0.00511809 0.01329208 0.01040319 0.19193279 0.00533038
25.10125506 1.54529243 0.00013988 0.00020225 0.00009343 0.00204319 0.49776932 0.01071221 0.26626464 0.00464341 0.01100574 0.01110168 0.19275805 0.00326621
25.20126006 1.54339455 0.00029872 0.00020810 0.00029311 0.00292942 0.49944456 0.00699888 0.26630555 0.00468141 0.01084161 0.01103035 0.19320018 0.00376812
25.30126506 1.54256717 0.00018321 0.00019301 0.00020371 0.00140341 0.49795537 0.00927592 0.26560521 0.00513161 0.01076536 0.01048029 0.19348105 0.00532184
25.40127006 1.53875371 0.00025597 0.00025596 0.00022335 0.00163262 0.49367256 0.01335443 0.26343727 0.00332918 0.01659807 0.01242213 0.19203613 0.00278231
25.50127506 1.53749156 0.00010379 0.00030649 0.00004552 0.00206187 0.49349433 0.01343061 0.26237037 0.00378884 0.01636966 0.00817305 0.19745915 0.00239631
25.60128006 1.53470392 0.00022409 0.00023733 0.00019498 0.00140730 0.49601216 0.01142444 0.26101387 0.00535594 0.01587715 0.00947834 0.19485950 0.00391491
25.70128506 1.53331094 0.00032592 0.00026572 0.00023400 0.00252835 0.49816539 0.01080802 0.25943487 0.00462496 0.01439621 0.00975402 0.19573781 0.00372472
