0.00000000 13.00000000 0.00000000 0.00000000 0.00000000 0.00000000 0.00000000 0.00000000 0.00000000 1.00000000 0.00000000 0.00000000 0.00000000 0.00000000
0.10000500 13.00366026 0.02042328 0.00152316 0.00595032 0.07823182 0.11460984 0.12851591 0.01639895 0.43821418 0.07372664 0.07423318 0.01174141 0.03643132
0.20001000 12.99990143 0.00765274 0.00109288 0.00459819 0.05463837 0.15026582 0.20090089 0.04263415 0.24126074 0.08230641 0.14625000 0.02970073 0.03869908
0.30001500 12.99307175 0.00448841 0.00098837 0.00334800 0.03628878 0.15497089 0.20579305 0.07209394 0.16880371 0.08340494 0.18144649 0.04454186 0.04383157
0.40002000 12.98828329 0.00415158 0.00098681 0.00225956 0.02296033 0.16400562 0.19302565 0.08657946 0.14494627 0.08907885 0.19758836 0.05734926 0.03706825
0.50002500 12.98058389 0.00423087 0.00092602 0.00221653 0.02075557 0.16811169 0.17479369 0.09846228 0.13695939 0.08926312 0.20705902 0.05723688 0.03998494
0.60003000 12.97376592 0.00459139 0.00099704 0.00244037 0.02556897 0.17582637 0.16718479 0.10485956 0.12336121 0.09127267 0.20320623 0.05704435 0.04364704
0.70003500 12.96580950 0.00400275 0.00114188 0.00245922 0.02304311 0.18356738 0.15393883 0.11461878 0.10506097 0.09928205 0.19933619 0.06938991 0.04415894
0.80004000 12.96093185 0.00339385 0.00110926 0.00206770 0.02455093 0.19752270 0.15258350 0.12563738 0.09040994 0.10135096 0.18528353 0.07437970 0.04171054
0.90004500 12.95053923 0.00302029 0.00107774 0.00224175 0.01862553 0.20919284 0.14556921 0.12581869 0.07758377 0.10126664 0.17978169 0.08464409 0.05117776
1.00005000 12.95049198 0.00281403 0.00100492 0.00174067 0.01583371 0.22550704 0.14396686 0.13818210 0.07666438 0.09848375 0.16590988 0.08482219 0.04507048
1.10005500 12.94313835 0.00314908 0.00099356 0.00219503 0.02514137 0.23575488 0.14245493 0.14384292 0.07410541 0.09869994 0.14670517 0.08270870 0.04424901
1.20006000 12.92960147 0.00276608 0.00107500 0.00209707 0.02519401 0.24624572 0.14770172 0.16052607 0.05937185 0.10496789 0.12715704 0.07918532 0.04371223
1.30006500 12.91120415 0.00303931 0.00119252 0.00222636 0.02025368 0.26144696 0.15230195 0.16306363 0.06068841 0.10963882 0.10978929 0.08065807 0.03570100
1.40007000 12.90124332 0.00220771 0.00119108 0.00150937 0.00912070 0.27328005 0.14925191 0.16823713 0.05658283 0.10849763 0.09719016 0.09279411 0.04013731
1.50007500 12.88952586 0.00231672 0.00113248 0.00156649 0.01326497 0.28155900 0.14682980 0.17006853 0.05484925 0.10662534 0.08674662 0.09261464 0.04242616
1.60008000 12.88005693 0.00243223 0.00116129 0.00163112 0.01139820 0.29282364 0.14546957 0.17153258 0.05300494 0.10528333 0.07548483 0.09519917 0.04457911
1.70008500 12.87529342 0.00239670 0.00107909 0.00149485 0.01600221 0.30000197 0.13552170 0.17762270 0.05115948 0.10301295 0.07851797 0.09628329 0.03690709
1.80009000 12.86431106 0.00201567 0.00115510 0.00121534 0.00952180 0.30006168 0.13847911 0.18117817 0.04452877 0.10512216 0.08983099 0.09248289 0.03440832
1.90009500 12.85505467 0.00234169 0.00110218 0.00123009 0.01658855 0.31144092 0.13420719 0.18728549 0.04667304 0.09596751 0.08273251 0.09020390 0.03022692
2.00010001 12.84227588 0.00231025 0.00104268 0.00150970 0.01670140 0.31297315 0.14120960 0.19110889 0.04121966 0.08831050 0.07876861 0.09256477 0.03228078
2.10010501 12.83676302 0.00195373 0.00101190 0.00110636 0.01298013 0.32621563 0.13464374 0.19274467 0.04345590 0.08735920 0.07038998 0.09866861 0.02947017
2.20011001 12.82660908 0.00208125 0.00118976 0.00140161 0.01213185 0.32537928 0.12714311 0.20074161 0.03778329 0.09309280 0.06233720 0.10359655 0.03312170
2.30011501 12.81484996 0.00138480 0.00118132 0.00079650 0.00841554 0.33555875 0.12658875 0.20843921 0.02973051 0.10139726 0.05116679 0.10542345 0.02991710
2.40012001 12.80697743 0.00171146 0.00113952 0.00118299 0.01049375 0.34300798 0.11245417 0.21520163 0.03171999 0.09446092 0.04463901 0.11018995 0.03379863
2.50012501 12.79781743 0.00149385 0.00116080 0.00072885 0.00983574 0.35131212 0.11031319 0.22604714 0.03106178 0.08477702 0.04469643 0.11070292 0.02787016
2.60013001 12.78328058 0.00165231 0.00112353 0.00107923 0.00944777 0.35932818 0.10216663 0.23138419 0.03175296 0.08900800 0.04259045 0.10515610 0.02531066
2.70013501 12.77291254 0.00181182 0.00110625 0.00138870 0.01672795 0.36615706 0.09434007 0.22874243 0.02615212 0.08924514 0.04234112 0.10874911 0.02323822
2.80014001 12.76128513 0.00157804 0.00111211 0.00103365 0.01250699 0.36758819 0.09652147 0.23271618 0.02687684 0.08502161 0.04241835 0.11356191 0.01906467
2.90014501 12.74891816 0.00138700 0.00111306 0.00096644 0.00939062 0.36548442 0.09268130 0.24585493 0.02347442 0.08691872 0.03636320 0.11462887 0.02173702
3.00015001 12.73101286 0.00129804 0.00116722 0.00082046 0.00715833 0.37440944 0.08316394 0.24998063 0.02296402 0.08477258 0.03716620 0.11367014 0.02342901
3.10015501 12.71901397 0.00135319 0.00108272 0.00076121 0.00744107 0.37443844 0.08103425 0.25181041 0.02548484 0.08019769 0.04002788 0.11447074 0.02189758
3.20016001 12.70995413 0.00116445 0.00104499 0.00089634 0.00704285 0.38582254 0.07520038 0.24978133 0.02016304 0.08053198 0.04026628 0.11681915 0.02126665
3.30016501 12.70140792 0.00127153 0.00105891 0.00088274 0.00797882 0.39350820 0.07282155 0.25246585 0.02061991 0.07103240 0.03729464 0.12193464 0.01913082
3.40017001 12.69331355 0.00108042 0.00102911 0.00086592 0.01067306 0.39154182 0.07593074 0.25418667 0.01862452 0.06988758 0.03483636 0.12335482 0.01798898
3.50017501 12.68671506 0.00126278 0.00097797 0.00099007 0.00810979 0.38691623 0.07957348 0.25730828 0.02031733 0.06398307 0.03574749 0.12681444 0.01799906
3.60018001 12.67149626 0.00112903 0.00100458 0.00072228 0.00895879 0.38010997 0.07432089 0.26249568 0.02258280 0.07014967 0.03532340 0.12424010 0.01896280
3.70018501 12.66807184 0.00160546 0.00094877 0.00091602 0.01268671 0.37970940 0.06649946 0.26612062 0.02684714 0.07210771 0.03396393 0.12511350 0.01348128
3.80019001 12.66107418 0.00113385 0.00102107 0.00079620 0.00606522 0.38330260 0.06690821 0.26895135 0.02075142 0.07189382 0.03584242 0.12683115 0.01650267
3.90019501 12.65165534 0.00103987 0.00092958 0.00067081 0.00953157 0.38854243 0.06520331 0.27407447 0.01673397 0.06625587 0.04248581 0.12019765 0.01433466
4.00020001 12.64217283 0.00069822 0.00097999 0.00019319 0.00253760 0.39093608 0.06511890 0.27686461 0.01910230 0.06971089 0.03789087 0.12150842 0.01445891
4.10020501 12.62826663 0.00115392 0.00091628 0.00076705 0.01036909 0.39931210 0.05326362 0.27746598 0.01853144 0.06204241 0.03969136 0.12226323 0.01422351
4.20021001 12.60839951 0.00097793 0.00102440 0.00085236 0.00864195 0.39480132 0.05332618 0.27718389 0.01571882 0.06934863 0.04018499 0.12164175 0.01629776
4.30021501 12.60333882 0.00079448 0.00099839 0.00070965 0.00500725 0.39417178 0.05280105 0.27855489 0.01514390 0.06615305 0.03800446 0.13012190 0.01753921
4.40022001 12.59234299 0.00108536 0.00100718 0.00071476 0.01025878 0.38826915 0.05333361 0.28100683 0.01974944 0.06402440 0.03215938 0.13369244 0.01469866
4.50022501 12.57934607 0.00124094 0.00092333 0.00105345 0.01564932 0.38354293 0.05562544 0.28424350 0.01556796 0.06225075 0.04053868 0.12703949 0.01232422
4.60023001 12.57434113 0.00070730 0.00097620 0.00032186 0.00250709 0.38532977 0.06018556 0.28761781 0.01964962 0.06255771 0.03549538 0.12951851 0.01513319
4.70023501 12.56752300 0.00058155 0.00094897 0.00028884 0.00043902 0.38409922 0.06708745 0.28108532 0.01718169 0.06153506 0.03998002 0.13233143 0.01444142
4.80024001 12.55489671 0.00117299 0.00092481 0.00072317 0.01204248 0.37730282 0.05776011 0.28776753 0.02188713 0.05590110 0.03579093 0.13610375 0.01262319
4.90024501 12.54543410 0.00086454 0.00102362 0.00051399 0.00522336 0.37954470 0.06039656 0.28761449 0.01803868 0.05681095 0.03521656 0.14100623 0.01374633
5.00025001 12.52743401 0.00104424 0.00102561 0.00078760 0.01143508 0.38174793 0.05084198 0.28426818 0.01765963 0.05731496 0.03736342 0.14164332 0.01486804
5.10025501 12.51857190 0.00092348 0.00112087 0.00063372 0.00450580 0.38010001 0.05376311 0.28962874 0.01951930 0.05815435 0.03283419 0.14299603 0.01582041
5.20026001 12.50250952 0.00093130 0.00104888 0.00074306 0.00939345 0.38219535 0.05794074 0.28880952 0.01632562 0.05430648 0.03195677 0.14163977 0.01470905
5.30026501 12.49141528 0.00161557 0.00100522 0.00139217 0.01402164 0.37941877 0.05431769 0.29431749 0.01751662 0.05614648 0.02739973 0.13711203 0.01573658
5.40027001 12.48337562 0.00085961 0.00102515 0.00057081 0.00365233 0.38167547 0.05252180 0.30144504 0.02037463 0.05628935 0.02588770 0.13956499 0.01613312
5.50027501 12.46721785 0.00096202 0.00093810 0.00081424 0.00527936 0.38160468 0.05364568 0.30158128 0.01817613 0.05356686 0.02858789 0.13630907 0.01853468
5.60028001 12.45309882 0.00077382 0.00095198 0.00052574 0.00340972 0.37843445 0.05530519 0.30040600 0.01675244 0.05506284 0.03480652 0.13514474 0.01842658
5.70028501 12.44439997 0.00078333 0.00103489 0.00072788 0.00882786 0.37503267 0.05530907 0.30008861 0.01460721 0.04755384 0.03592868 0.14228999 0.01781597
5.80029001 12.43591699 0.00099356 0.00104273 0.00100027 0.00877767 0.37186166 0.05555262 0.30257466 0.01409150 0.04941591 0.03331192 0.14310504 0.01827246
5.90029501 12.42770306 0.00074170 0.00099818 0.00061904 0.00392333 0.36395273 0.05332184 0.30962811 0.01716813 0.04768565 0.03411865 0.14773533 0.02010731
6.00030002 12.41874118 0.00104173 0.00094830 0.00090555 0.00652380 0.36714764 0.04797554 0.31554614 0.01636064 0.04145434 0.03815044 0.14690357 0.01704230
6.10030502 12.40926506 0.00097868 0.00091021 0.00073617 0.00702412 0.36237907 0.05354158 0.31419960 0.01812694 0.04139772 0.03804531 0.14511340 0.01754720
6.20031002 12.39063138 0.00100629 0.00097417 0.00084156 0.00883031 0.35668998 0.05840724 0.31312738 0.01664629 0.04417299 0.03826197 0.14303548 0.01800634
6.30031502 12.38715804 0.00085888 0.00091462 0.00056848 0.00870584 0.35932398 0.05525606 0.31678119 0.02089447 0.04180539 0.03309633 0.14517482 0.01661993
6.40032002 12.38211891 0.00091233 0.00092336 0.00057975 0.00545904 0.35972891 0.06060221 0.32002282 0.01762202 0.04448961 0.03218724 0.14483531 0.01263740
6.50032502 12.37317528 0.00070565 0.00097871 0.00043855 0.00360869 0.35998546 0.06109834 0.31858911 0.01567595 0.04811331 0.03160995 0.14633341 0.01286287
6.60033002 12.36044763 0.00081338 0.00086621 0.00044742 0.00487372 0.35246675 0.05985536 0.32354837 0.01804634 0.04571826 0.03762573 0.14340041 0.01233805
6.70033502 12.34219485 0.00170633 0.00081546 0.00134481 0.01411373 0.34576493 0.05657645 0.32460337 0.02253936 0.04179406 0.03606121 0.13902218 0.01565812
6.80034002 12.32462892 0.00144902 0.00098631 0.00122786 0.01448318 0.34547318 0.05720564 0.32102537 0.01752085 0.05296954 0.03478727 0.13754560 0.01532617
6.90034502 12.30637156 0.00136730 0.00090908 0.00086759 0.01021825 0.34236192 0.05667033 0.32030433 0.02261514 0.05147291 0.04010368 0.13895177 0.01415772
7.00035002 12.29074164 0.00165884 0.00092623 0.00107513 0.01224674 0.34601114 0.05395232 0.31899562 0.02992790 0.04915646 0.03256659 0.14091055 0.01257248
7.10035502 12.28166179 0.00143012 0.00086730 0.00093572 0.00975080 0.34441195 0.06455595 0.31425622 0.02641066 0.04672559 0.03371197 0.14173895 0.01520478
7.20036002 12.26908397 0.00150603 0.00089401 0.00109400 0.01276561 0.34560150 0.07047978 0.31118699 0.02226641 0.04730573 0.03758684 0.13701177 0.01230132
7.30036502 12.25866341 0.00128805 0.00095089 0.00087683 0.00824438 0.33851314 0.07364769 0.31741132 0.01909485 0.04707116 0.03812952 0.14005349 0.01471867
7.40037002 12.25234095 0.00091440 0.00086700 0.00053483 0.00337632 0.33456999 0.07567475 0.31818556 0.02090073 0.04464640 0.04131768 0.14173105 0.01728130
7.50037502 12.23917822 0.00130694 0.00086244 0.00062848 0.00551923 0.33459634 0.06917759 0.31383784 0.03136025 0.04471489 0.04211974 0.13998849 0.01588776
7.60038002 12.21979407 0.00119178 0.00095930 0.00089705 0.00997033 0.33785462 0.06704527 0.31299154 0.02559766 0.04344464 0.03905764 0.14074989 0.02024028
7.70038502 12.20988752 0.00134182 0.00092542 0.00075771 0.01043938 0.33097404 0.06697074 0.32086618 0.02550809 0.04279170 0.04007638 0.14244265 0.01690588
7.80039002 12.19602873 0.00088174 0.00094883 0.00046730 0.00334005 0.33561886 0.07165514 0.31829419 0.02285745 0.04330218 0.04223451 0.14383594 0.01656382
7.90039502 12.18282397 0.00114043 0.00092425 0.00054707 0.00467517 0.33474965 0.06420236 0.32316817 0.02745189 0.04437647 0.04153457 0.14278147 0.01444850
8.00040002 12.17998909 0.00080197 0.00093118 0.00047836 0.00775233 0.34751449 0.06081626 0.32685184 0.01863706 0.04050084 0.03884116 0.14220166 0.01467286
8.10040502 12.17004900 0.00106430 0.00092851 0.00072244 0.00590282 0.34787712 0.06211038 0.32706038 0.01968527 0.04265353 0.03871114 0.13948046 0.01380365
8.20041002 12.14728214 0.00123123 0.00089394 0.00095566 0.01045826 0.34371797 0.06412750 0.33064973 0.01931947 0.04209705 0.03376954 0.13664132 0.01613835
8.30041502 12.13496345 0.00111069 0.00090720 0.00080660 0.00734771 0.34199358 0.06606841 0.32856874 0.02036756 0.03955831 0.03320208 0.14097218 0.01909695
8.40042002 12.12390248 0.00133482 0.00087070 0.00095424 0.00892630 0.33990901 0.06130091 0.32765313 0.02413032 0.04539932 0.03335190 0.13816784 0.01800152
8.50042502 12.12027778 0.00109485 0.00083113 0.00077447 0.01010064 0.34109779 0.05586960 0.33078713 0.02317311 0.04304265 0.03332543 0.14224130 0.01766191
8.60043002 12.10977251 0.00071985 0.00086205 0.00074802 0.00576550 0.33790487 0.06018446 0.33140203 0.01784928 0.04443120 0.03328434 0.14339984 0.02344855
8.70043502 12.09511729 0.00081418 0.00095207 0.00065045 0.00564151 0.34380230 0.05384666 0.33037169 0.01828985 0.04913963 0.03521127 0.14173430 0.01954609
8.80044002 12.08457221 0.00093853 0.00098960 0.00065567 0.00543881 0.34344714 0.05142855 0.32991630 0.01894907 0.05236270 0.03500523 0.14528427 0.01558415
8.90044502 12.07027401 0.00130884 0.00095856 0.00098758 0.01298739 0.34338407 0.04805136 0.32984396 0.01918579 0.04774887 0.03622754 0.14606453 0.01325149
9.00045002 12.05734562 0.00093691 0.00099639 0.00062405 0.00521097 0.34278448 0.05238805 0.33110180 0.01976999 0.04649487 0.03426514 0.15062246 0.01480490
9.10045502 12.04874368 0.00100620 0.00093867 0.00077458 0.00795156 0.34195381 0.05887500 0.32472385 0.01619686 0.05099012 0.03617708 0.14539356 0.01501872
9.20046002 12.03470482 0.00102475 0.00086830 0.00082656 0.00793384 0.34420617 0.06706491 0.32314294 0.01734306 0.04361589 0.03321366 0.14616670 0.01459322
9.30046502 12.02158513 0.00112062 0.00092060 0.00084204 0.01060683 0.34401718 0.06130884 0.31536534 0.01837555 0.04539169 0.03531924 0.15030519 0.01642687
9.40047002 12.01227147 0.00118501 0.00093846 0.00082290 0.00807419 0.35544121 0.05815934 0.31848396 0.02104771 0.04167336 0.03557011 0.14546300 0.01314074
9.50047502 12.00652387 0.00109195 0.00095942 0.00073855 0.00635711 0.35595062 0.06139616 0.31882007 0.01779764 0.04050512 0.03655824 0.14576476 0.01406034
9.60048002 11.99347294 0.00120278 0.00097299 0.00104075 0.01083750 0.35386742 0.06406732 0.30922196 0.01750087 0.04164962 0.03574627 0.14428801 0.01960450
9.70048502 11.97792284 0.00117980 0.00100898 0.00098975 0.00891514 0.35705009 0.06068521 0.31614986 0.01627973 0.04360314 0.03478398 0.14418793 0.01516639
9.80049002 11.96356134 0.00131612 0.00098419 0.00101127 0.01126844 0.35567640 0.06105318 0.31613111 0.01718917 0.03684990 0.03943043 0.14435840 0.01473139
9.90049502 11.95132093 0.00122742 0.00089556 0.00081102 0.00431931 0.35557818 0.06047254 0.31019586 0.02598975 0.03688606 0.03726720 0.14444435 0.02191276
10.00050003 11.94625161 0.00086984 0.00089181 0.00043500 0.00260630 0.36139598 0.05921191 0.30930861 0.02564613 0.04059823 0.03876713 0.14180537 0.01846369
10.10050503 11.93140998 0.00065099 0.00097486 0.00056987 0.00390461 0.36786364 0.05763940 0.30550097 0.01895218 0.04053410 0.04039416 0.14312642 0.01988879
10.20051003 11.92516533 0.00099100 0.00085794 0.00074931 0.00563864 0.36598117 0.06105256 0.30414356 0.01871905 0.03954560 0.04057801 0.14547173 0.01627144
10.30051503 11.90971907 0.00080110 0.00098916 0.00061170 0.00468026 0.37454077 0.05217742 0.30400528 0.01701341 0.04362904 0.03612669 0.15083575 0.01458943
10.40052003 11.90632510 0.00060631 0.00093850 0.00026254 0.00171505 0.36946479 0.05456313 0.31362026 0.01881217 0.04448496 0.03429493 0.14949150 0.01174585
10.50052503 11.89766790 0.00094830 0.00087799 0.00062633 0.00500120 0.37252370 0.05227423 0.30795616 0.01731578 0.03910581 0.03894892 0.14953634 0.01488523
10.60053003 11.88613246 0.00072951 0.00093292 0.00040794 0.00338846 0.37357844 0.05750393 0.30952766 0.01508862 0.04467686 0.03683814 0.14728411 0.01004339
10.70053503 11.87086962 0.00091014 0.00087224 0.00062331 0.00459617 0.37415739 0.05473850 0.31200192 0.01680608 0.04539834 0.03599268 0.14157011 0.01233312
10.80054003 11.85721018 0.00126469 0.00091117 0.00103428 0.01165801 0.37264546 0.04744186 0.31217670 0.01763635 0.04590775 0.03386984 0.14035891 0.01509497
10.90054503 11.84806682 0.00103749 0.00092632 0.00078311 0.00787560 0.36830305 0.04558775 0.31248125 0.02040191 0.04761863 0.04052078 0.13867075 0.01579335
11.00055003 11.83410890 0.00091547 0.00087104 0.00068687 0.00473019 0.36328408 0.05323122 0.31126044 0.02028713 0.04614186 0.03931652 0.14244258 0.01683259
11.10055503 11.81172560 0.00159479 0.00080288 0.00137060 0.01520205 0.35729473 0.05529778 0.30858565 0.02138822 0.04220549 0.03952681 0.13911124 0.01761975
11.20056003 11.79792881 0.00156018 0.00093461 0.00115844 0.01534085 0.35480328 0.05996860 0.30910334 0.01961259 0.03934173 0.04004553 0.14181705 0.01631381
11.30056503 11.78975813 0.00103556 0.00093364 0.00077644 0.00657932 0.35876678 0.06741118 0.30395044 0.02011256 0.03932968 0.03926670 0.14501946 0.01681824
11.40057003 11.77679188 0.00131880 0.00099337 0.00118071 0.01066337 0.35881624 0.06175059 0.30758246 0.01885960 0.03902783 0.03722890 0.14558009 0.01699803
11.50057503 11.76043601 0.00168113 0.00095227 0.00141199 0.01572789 0.34970330 0.06291754 0.31064313 0.01858870 0.04184726 0.03756653 0.14085404 0.01810622
11.60058003 11.75100443 0.00105602 0.00086675 0.00068777 0.01008610 0.35286853 0.06584162 0.31352621 0.01848162 0.04111592 0.03920998 0.13962258 0.01663689
11.70058503 11.73900061 0.00069036 0.00086857 0.00032916 0.00060927 0.34634159 0.07030777 0.31826070 0.02024039 0.04660144 0.03947653 0.13992770 0.01634651
11.80059003 11.73320112 0.00091489 0.00081233 0.00045264 0.00710100 0.34995368 0.06958464 0.31170742 0.02254042 0.04504949 0.03926791 0.13847708 0.01413849
11.90059503 11.72281503 0.00115228 0.00086044 0.00081656 0.00754077 0.34897777 0.06718361 0.31438358 0.02075533 0.03893346 0.04044070 0.14284476 0.01611076
12.00060003 11.71134818 0.00099168 0.00084985 0.00054363 0.00391495 0.34690763 0.06677255 0.32254479 0.02390458 0.04005082 0.03818768 0.13964690 0.01568493
12.10060503 11.70255100 0.00102043 0.00087645 0.00054294 0.00650290 0.35296776 0.06601751 0.31742283 0.02327480 0.04257131 0.03722164 0.13816165 0.01341978
12.20061003 11.68753490 0.00118571 0.00091348 0.00080574 0.00817025 0.35710502 0.06133104 0.31384890 0.02386985 0.04183860 0.03551826 0.13829400 0.01711916
12.30061503 11.67183526 0.00076747 0.00091941 0.00069599 0.00365765 0.36209267 0.05915345 0.31216839 0.01946288 0.04541981 0.03766093 0.13539972 0.02260163
12.40062003 11.66063272 0.00087613 0.00085384 0.00063906 0.00648609 0.35846961 0.05803021 0.30946439 0.01997039 0.04552999 0.04181229 0.13768216 0.02018582
12.50062503 11.64846144 0.00098738 0.00093471 0.00048926 0.00512010 0.35883193 0.05948581 0.30593186 0.02448704 0.04464078 0.03776865 0.14566072 0.01566176
12.60063003 11.63695837 0.00130920 0.00091087 0.00038703 0.00555917 0.35554841 0.05630779 0.30942380 0.03331414 0.04506026 0.03439146 0.14505666 0.01273121
12.70063503 11.62364867 0.00093422 0.00095950 0.00045920 0.00583481 0.35453507 0.05501307 0.31359442 0.02538014 0.04596767 0.04118597 0.14294335 0.01319259
12.80064003 11.61097255 0.00099409 0.00092693 0.00056077 0.00840514 0.35139691 0.05687712 0.31308819 0.02453248 0.04924716 0.04553774 0.13734081 0.01109265
12.90064503 11.60175555 0.00097626 0.00085137 0.00078450 0.00892600 0.35855156 0.06129899 0.30907160 0.02145758 0.04583268 0.03848044 0.13769279 0.01607624
13.00065003 11.59566126 0.00084395 0.00081215 0.00040054 0.00167243 0.36106348 0.06362303 0.30992255 0.02563848 0.04504966 0.03598243 0.13915216 0.01583914
13.10065503 11.58000445 0.00123838 0.00098194 0.00087929 0.01171174 0.35896407 0.05711770 0.31032275 0.02028805 0.04834681 0.03470734 0.14138443 0.01405751
13.20066003 11.55814528 0.00144362 0.00101274 0.00099749 0.01008130 0.35175479 0.05590349 0.31357475 0.01939002 0.04262014 0.03544737 0.15103758 0.01673672
13.30066503 11.54152791 0.00163309 0.00105284 0.00124510 0.01592135 0.35386874 0.05309588 0.31053581 0.01728572 0.05112169 0.03173238 0.14742092 0.01508647
13.40067003 11.53164653 0.00123443 0.00099139 0.00084797 0.00974451 0.35382077 0.05707882 0.31205510 0.01936992 0.05172994 0.03543688 0.14340281 0.01428745
13.50067503 11.52599625 0.00099700 0.00091931 0.00064452 0.00615746 0.35742587 0.05499436 0.31448428 0.02269772 0.04865382 0.03615347 0.14251672 0.01435548
13.60068003 11.51530286 0.00091420 0.00086675 0.00065477 0.00625022 0.35969525 0.05345182 0.32275970 0.02060986 0.04863602 0.03393512 0.13804229 0.01418401
13.70068503 11.50501977 0.00106405 0.00086047 0.00063376 0.00502381 0.36166891 0.05790962 0.31884518 0.02016012 0.04839162 0.03531069 0.14023381 0.00989795
13.80069003 11.49457226 0.00088949 0.00089966 0.00060226 0.00464060 0.36731872 0.05573378 0.31526542 0.01682896 0.05007476 0.03614789 0.13844143 0.01315702
13.90069503 11.48452302 0.00124749 0.00086798 0.00094714 0.01103087 0.36488477 0.05312363 0.31133206 0.01753818 0.05071095 0.03587931 0.13820424 0.01423338
14.00070004 11.47025920 0.00104230 0.00085717 0.00060420 0.00439097 0.36069799 0.05821878 0.31048354 0.02181498 0.04670332 0.03832922 0.14125798 0.01559954
14.10070504 11.45914252 0.00128668 0.00079434 0.00092390 0.00769496 0.36380196 0.05862460 0.31105266 0.01930657 0.03969407 0.04142003 0.14065697 0.01474325
14.20071004 11.45171273 0.00092770 0.00079487 0.00051777 0.00351854 0.37205320 0.06028209 0.30602032 0.02178253 0.04052848 0.03970952 0.13860313 0.01526186
14.30071504 11.44227782 0.00106781 0.00094950 0.00074215 0.00656227 0.36798654 0.05967437 0.30652150 0.01810568 0.04459453 0.03859943 0.14194794 0.01324830
14.40072004 11.43054591 0.00089765 0.00092682 0.00074151 0.00809019 0.36401198 0.06002070 0.31560051 0.01765129 0.04102406 0.03229578 0.14243662 0.01630288
14.50072504 11.42122922 0.00104673 0.00086602 0.00059742 0.00905315 0.36290675 0.05437347 0.31444000 0.02258643 0.03867782 0.03804181 0.14510941 0.01230099
14.60073004 11.40080905 0.00176791 0.00089922 0.00133763 0.01638355 0.35650890 0.05097595 0.31678377 0.02166671 0.03745514 0.03793848 0.14635296 0.01192977
14.70073504 11.38591588 0.00124727 0.00098832 0.00079417 0.01113758 0.35401553 0.05027527 0.32696411 0.02065253 0.04165109 0.03299729 0.14638095 0.01289587
14.80074004 11.37203568 0.00136801 0.00098015 0.00111673 0.01430699 0.34341640 0.05190948 0.32266024 0.01715257 0.04807648 0.03767488 0.14886674 0.01247134
14.90074504 11.36284096 0.00067604 0.00088863 0.00053681 0.00688869 0.33818999 0.05461683 0.33086814 0.01567680 0.04850785 0.04008541 0.14754539 0.01551941
15.00075004 11.35584638 0.00076850 0.00090125 0.00052839 0.00331759 0.34610585 0.04999779 0.33825276 0.01467707 0.04976445 0.03898660 0.14497568 0.01172405
15.10075504 11.34523702 0.00112349 0.00091375 0.00083734 0.00967444 0.35324804 0.04259875 0.33841605 0.01740942 0.04740395 0.03637036 0.14201822 0.00998621
15.20076004 11.33444211 0.00092227 0.00100703 0.00077885 0.00813587 0.34763829 0.04598976 0.33894578 0.01268008 0.05129223 0.03425487 0.14311667 0.01523830
15.30076504 11.32844244 0.00078970 0.00091879 0.00061959 0.00691984 0.34870369 0.04400040 0.33814150 0.01393130 0.05031398 0.03605947 0.14592204 0.01367970
15.40077004 11.31994887 0.00103110 0.00087449 0.00084065 0.00934528 0.35020934 0.04110959 0.33845439 0.01305823 0.04755842 0.03171141 0.14890337 0.01690373
15.50077504 11.30928027 0.00084238 0.00088594 0.00055556 0.00834303 0.35721449 0.04242428 0.33435127 0.01500951 0.05059198 0.03178543 0.14695632 0.01103981
15.60078004 11.30143425 0.00148158 0.00079812 0.00092113 0.01066596 0.35992809 0.04668332 0.32791788 0.01478884 0.05097528 0.02850644 0.14638063 0.01095274
15.70078504 11.29976740 0.00112792 0.00087171 0.00083627 0.00759852 0.35943798 0.04627168 0.33479923 0.01502734 0.05057325 0.02530848 0.14631783 0.01182980
15.80079004 11.28547308 0.00090066 0.00094186 0.00071023 0.00589539 0.35617198 0.04699998 0.33826476 0.01541109 0.04989667 0.03104609 0.14272473 0.01103656
15.90079504 11.27493902 0.00068835 0.00097299 0.00049964 0.00515777 0.35485830 0.04396991 0.33673914 0.01678550 0.04808204 0.03104475 0.14734754 0.01385409
16.00080004 11.26662385 0.00097609 0.00094159 0.00065858 0.00776509 0.35669729 0.04583122 0.33506944 0.01510417 0.04967928 0.02818736 0.14961240 0.00947750
16.10080504 11.25494064 0.00060014 0.00098220 0.00035004 0.00203878 0.36055139 0.04488706 0.33009262 0.01590658 0.05098542 0.02933547 0.15338838 0.01088194
16.20081004 11.24765286 0.00078720 0.00096101 0.00050117 0.00451131 0.36942591 0.04789542 0.32859884 0.01445692 0.04978790 0.02220461 0.15122634 0.00964336
16.30081504 11.23725199 0.00069718 0.00090620 0.00043171 0.00533427 0.37348016 0.04582375 0.32948339 0.01369036 0.05004250 0.02011750 0.15008775 0.00990523
16.40082004 11.22574928 0.00065633 0.00094323 0.00031105 0.00362581 0.36792111 0.05224157 0.32937095 0.01466644 0.05372271 0.01801901 0.14804200 0.01047979
16.50082504 11.21632266 0.00067336 0.00096096 0.00043015 0.00281944 0.37196228 0.04902120 0.32321265 0.01216699 0.05253196 0.02185051 0.15533216 0.00903836
16.60083004 11.20979494 0.00085856 0.00093585 0.00068438 0.00659692 0.37566382 0.04030373 0.32937934 0.00950945 0.05150494 0.02148113 0.15251605 0.01056582
16.70083504 11.20115125 0.00071813 0.00097388 0.00040039 0.00406882 0.37354882 0.04136493 0.33015467 0.01041445 0.05222276 0.02171324 0.15509986 0.00932004
16.80084004 11.19609637 0.00062254 0.00095550 0.00051959 0.00355982 0.36862933 0.04069376 0.32961280 0.01031450 0.05136153 0.02506143 0.15544084 0.01322836
16.90084504 11.18899996 0.00081183 0.00087316 0.00073775 0.00683072 0.37259791 0.04135467 0.33197785 0.00959478 0.04359147 0.02435641 0.15295962 0.01431384
17.00085004 11.17762733 0.00066052 0.00094411 0.00060757 0.00658987 0.37393127 0.04191749 0.32284083 0.00882369 0.04785856 0.02728592 0.15442523 0.01411493
17.10085504 11.16283690 0.00091188 0.00083472 0.00093914 0.01019117 0.36809462 0.04299152 0.32856913 0.00989946 0.04284517 0.03009573 0.14965636 0.01497111
17.20086004 11.15039876 0.00063636 0.00084289 0.00051810 0.00330415 0.37725817 0.04509691 0.32911556 0.01147973 0.04229757 0.03081055 0.14448581 0.01415420
17.30086504 11.13799041 0.00087044 0.00084389 0.00066503 0.00632840 0.37516647 0.04579520 0.33153611 0.01121227 0.03958243 0.02802264 0.14687110 0.01310601
17.40087004 11.13240636 0.00079978 0.00090688 0.00044504 0.00587496 0.36695566 0.04700599 0.32802687 0.01478604 0.04514870 0.02588865 0.15096189 0.01319956
17.50087504 11.12235808 0.00050927 0.00100504 0.00035501 0.00375346 0.36589225 0.04894489 0.31901901 0.01103991 0.05460504 0.02537631 0.15547865 0.01402115
17.60088004 11.10990221 0.00098348 0.00095575 0.00078101 0.00832785 0.36100207 0.05005496 0.31780425 0.01440170 0.04690909 0.02650192 0.15732885 0.01494907
17.70088504 11.10092369 0.00097305 0.00087433 0.00043554 0.00533961 0.36555958 0.05124328 0.31604542 0.01693932 0.04886819 0.03063792 0.15265247 0.01043127
17.80089004 11.08967713 0.00090266 0.00083700 0.00070233 0.00854061 0.36407814 0.05108061 0.31654433 0.01516835 0.04535533 0.03484463 0.14918520 0.01276081
17.90089504 11.07026561 0.00113230 0.00093818 0.00093637 0.01226261 0.37037884 0.04856875 0.31426705 0.01268840 0.04655353 0.03115199 0.14986239 0.01125958
18.00090005 11.05662060 0.00081305 0.00091674 0.00041785 0.00454187 0.37030929 0.04490905 0.31989989 0.01727916 0.05242366 0.03261488 0.14445042 0.01142413
18.10090505 11.05278631 0.00051886 0.00082106 0.00015270 0.00232867 0.37699103 0.05716225 0.31474825 0.01441489 0.04844784 0.03023609 0.14299182 0.01118655
18.20091005 11.03915986 0.00103884 0.00090863 0.00076385 0.01044055 0.37509162 0.05683150 0.30820906 0.01289487 0.05199501 0.02499618 0.14579569 0.01103422
18.30091505 11.03057296 0.00061357 0.00099869 0.00042590 0.00168646 0.37834421 0.05398424 0.31000825 0.01283472 0.05536543 0.02327866 0.14928342 0.01317643
18.40092005 11.01758608 0.00112722 0.00082697 0.00098979 0.00908026 0.37594455 0.05100061 0.30962130 0.01341162 0.05026646 0.02910524 0.14334071 0.01528525
18.50092505 11.00727315 0.00065551 0.00088016 0.00051920 0.00658381 0.37628910 0.05592572 0.30896751 0.01212917 0.04884929 0.02844377 0.14701395 0.01374283
18.60093005 10.99985183 0.00132063 0.00083865 0.00109756 0.00974112 0.37434264 0.05554684 0.30546105 0.01569116 0.04956960 0.02888320 0.14378806 0.01371949
18.70093505 10.99145492 0.00081488 0.00092747 0.00059484 0.00815962 0.37901264 0.05559150 0.30449771 0.01275702 0.05128627 0.02768339 0.14627590 0.01239875
18.80094005 10.98433018 0.00059082 0.00087895 0.00038274 0.00180728 0.37436222 0.05138186 0.30559990 0.01594975 0.05428385 0.03410701 0.14487508 0.01578054
18.90094505 10.97110067 0.00073737 0.00086664 0.00064094 0.00329402 0.37126539 0.05036192 0.30574495 0.01445725 0.04994377 0.03797196 0.14817924 0.01653654
19.00095005 10.95359880 0.00133074 0.00087528 0.00103299 0.01139081 0.36777126 0.05489143 0.30396807 0.01416963 0.04902982 0.03640915 0.14635558 0.01277525
19.10095505 10.94331763 0.00067090 0.00092784 0.00054959 0.00706198 0.36213332 0.05186568 0.30508705 0.01444391 0.05579717 0.03392990 0.14805461 0.01947805
19.20096005 10.93843163 0.00132684 0.00082291 0.00082903 0.00870329 0.36425928 0.05038354 0.30670164 0.02145465 0.05493183 0.03136489 0.14528434 0.01393776
19.30096505 10.92639085 0.00133742 0.00085761 0.00102834 0.01307009 0.36076984 0.05387107 0.30749955 0.02040538 0.05409059 0.02881001 0.14478241 0.01347770
19.40097005 10.91548988 0.00095178 0.00083439 0.00071670 0.00756648 0.35911299 0.05876101 0.31503790 0.01806127 0.04925797 0.03018264 0.14375674 0.01576012
19.50097505 10.91044288 0.00122134 0.00086172 0.00107728 0.00894086 0.35696584 0.05130328 0.31554071 0.01922412 0.04981570 0.03104747 0.14681604 0.01718565
19.60098005 10.90239048 0.00109868 0.00082979 0.00078276 0.00429128 0.35793637 0.05223474 0.31488639 0.02443611 0.04664251 0.02852543 0.14770494 0.02063101
19.70098505 10.89332760 0.00088950 0.00088638 0.00069840 0.00350358 0.36452683 0.05311895 0.30975126 0.02177771 0.04957302 0.02837582 0.14526251 0.02163605
19.80099005 10.88262932 0.00066648 0.00095674 0.00025027 0.00058524 0.37291398 0.05185542 0.31511075 0.01991460 0.04511739 0.03221223 0.14790114 0.01251575
19.90099505 10.87188709 0.00071094 0.00091340 0.00058889 0.00418056 0.37069954 0.04638521 0.31386788 0.01464410 0.04850302 0.03739120 0.14601617 0.01609909
20.00100005 10.86399571 0.00077111 0.00079186 0.00064171 0.01022378 0.37305649 0.04904974 0.31435549 0.01372367 0.04218489 0.03788031 0.14161128 0.01570967
20.10100505 10.85685762 0.00101985 0.00081544 0.00102450 0.00901569 0.37188895 0.04353822 0.31940036 0.01475395 0.04013317 0.03721162 0.14176209 0.01943616
20.20101005 10.84904201 0.00105149 0.00083824 0.00083106 0.00776682 0.37039922 0.04046463 0.31882324 0.01702281 0.04009277 0.03895272 0.14984654 0.01391048
20.30101505 10.84562132 0.00073916 0.00087483 0.00045191 0.00486045 0.37158098 0.04326145 0.32027571 0.01701847 0.04121705 0.03372534 0.15605142 0.00994324
20.40102005 10.83258463 0.00061136 0.00090829 0.00044576 0.00803187 0.36454315 0.04901380 0.32083700 0.01304547 0.04053669 0.03431122 0.15717487 0.01054052
20.50102505 10.81754898 0.00110978 0.00090431 0.00099835 0.00800077 0.36150841 0.04524736 0.32075319 0.01338343 0.03994286 0.03711343 0.15689124 0.01414688
20.60103005 10.81217970 0.00121826 0.00083155 0.00105210 0.01246563 0.36548498 0.05003666 0.31991993 0.01366814 0.03883643 0.03401073 0.15092711 0.01154847
20.70103505 10.80289505 0.00086515 0.00080376 0.00054370 0.00439977 0.36517028 0.05614015 0.32241346 0.01836939 0.03518669 0.03010937 0.15442581 0.01157247
20.80104005 10.78937085 0.00108844 0.00085328 0.00083887 0.00882001 0.37360030 0.05365876 0.31534923 0.01800585 0.03291363 0.02799309 0.15328356 0.01359497
20.90104505 10.77683549 0.00102539 0.00089930 0.00084174 0.00638955 0.37668569 0.05414149 0.30888558 0.01692184 0.03897523 0.02709918 0.15255419 0.01558080
21.00105005 10.76151388 0.00101068 0.00095920 0.00075717 0.00639113 0.38165000 0.05188576 0.30505537 0.01701413 0.04252045 0.02282213 0.15581498 0.01411900
21.10105505 10.75842297 0.00099746 0.00088274 0.00078154 0.00944090 0.38453084 0.04794634 0.30907649 0.01657221 0.03750520 0.02385333 0.15600473 0.01240821
21.20106005 10.74538344 0.00122520 0.00087468 0.00101522 0.01154489 0.37964259 0.04924087 0.30992049 0.01294367 0.03540123 0.03093348 0.15616101 0.01109666
21.30106505 10.73679067 0.00105606 0.00077002 0.00056199 0.00853741 0.37950543 0.04681886 0.31016897 0.01717628 0.03416783 0.03733738 0.15338775 0.01051203
21.40107005 10.72915472 0.00068101 0.00078872 0.00048049 0.00409040 0.38756814 0.05177900 0.30802473 0.01536834 0.03208997 0.03754314 0.14952842 0.01205761
21.50107505 10.72088609 0.00055537 0.00082906 0.00035057 0.00427665 0.39174564 0.04706913 0.30507712 0.01499385 0.03759466 0.03855704 0.14475352 0.01419738
21.60108005 10.71248365 0.00055135 0.00079576 0.00021970 0.00043943 0.38689377 0.04664129 0.30640870 0.02002614 0.03893570 0.03854003 0.14696608 0.01358206
21.70108505 10.69524124 0.00098246 0.00081317 0.00054148 0.00766889 0.37759096 0.04875380 0.30397005 0.01969929 0.04197575 0.03908440 0.14765008 0.01126967
21.80109005 10.68644766 0.00113810 0.00081027 0.00072529 0.00794955 0.37545114 0.04896355 0.30660150 0.02017687 0.03944139 0.03318574 0.14969570 0.01586089
21.90109505 10.67628255 0.00133340 0.00086381 0.00096072 0.00887841 0.37422124 0.05127071 0.30535514 0.01958262 0.04484748 0.02560252 0.15271233 0.01437161
22.00110006 10.67260166 0.00078134 0.00085997 0.00056145 0.00664697 0.37423737 0.05307397 0.30615482 0.01786772 0.04897368 0.02348669 0.15177416 0.01558187
22.10110506 10.65528107 0.00093188 0.00094677 0.00054007 0.00463753 0.37222515 0.05095724 0.30630860 0.02188324 0.05165550 0.02595002 0.15486398 0.00910002
22.20111006 10.64563682 0.00112624 0.00080486 0.00075241 0.00817270 0.37013572 0.05179875 0.30481174 0.02105130 0.04562763 0.03007581 0.15262004 0.01302278
22.30111506 10.63397554 0.00079297 0.00081612 0.00042704 0.00641453 0.37133039 0.05394759 0.30317196 0.02024922 0.04704455 0.03183214 0.15163698 0.01233650
22.40112006 10.62670294 0.00087335 0.00080118 0.00042461 0.00750362 0.37634995 0.04786100 0.30187765 0.01785910 0.04536362 0.03400598 0.15160761 0.01547234
22.50112506 10.62040613 0.00075881 0.00091742 0.00040782 0.00195270 0.37288367 0.04688385 0.29848166 0.01978471 0.05194324 0.03729777 0.15377401 0.01491435
22.60113006 10.61107544 0.00116048 0.00086602 0.00071800 0.00666499 0.37266012 0.04592275 0.29716290 0.02149606 0.04992101 0.04139085 0.14938996 0.01264687
22.70113506 10.59838013 0.00087444 0.00085299 0.00077747 0.00687796 0.37351719 0.04347865 0.30414661 0.01630035 0.04972171 0.04004603 0.14776150 0.01564510
22.80114006 10.59041355 0.00097492 0.00085415 0.00053875 0.00868526 0.37352834 0.04973650 0.30614172 0.01912105 0.04845148 0.03457837 0.14902431 0.00836516
22.90114506 10.58730021 0.00076162 0.00084880 0.00036094 0.00528240 0.37986929 0.04757711 0.30974210 0.02094379 0.04668438 0.03247080 0.14685542 0.00860335
23.00115006 10.58109774 0.00086522 0.00082460 0.00036996 0.00190341 0.37689331 0.04812879 0.31318752 0.02207481 0.04529980 0.03206224 0.14779477 0.01059558
23.10115506 10.56691015 0.00059238 0.00085189 0.00015747 0.00042399 0.37919336 0.04786859 0.31638038 0.01886940 0.04004043 0.03516635 0.14953394 0.01092182
23.20116006 10.55441902 0.00088991 0.00085804 0.00037562 0.00545832 0.37394890 0.04911419 0.31647729 0.02209868 0.03644406 0.03509758 0.14827171 0.01096571
23.30116506 10.54695764 0.00097943 0.00083503 0.00068325 0.00648377 0.38049818 0.04586132 0.31953755 0.01856396 0.03278202 0.03508118 0.14634722 0.01234709
23.40117006 10.54098316 0.00075574 0.00085926 0.00045983 0.00358091 0.37616307 0.05070199 0.31886652 0.01804022 0.03323798 0.03268643 0.15287317 0.01177489
23.50117506 10.52737655 0.00077108 0.00082774 0.00039389 0.00469657 0.37884361 0.05296306 0.30905017 0.02063190 0.03469741 0.03146829 0.15458106 0.01107520
23.60118006 10.52438122 0.00134459 0.00075960 0.00073590 0.01113970 0.38195674 0.04894432 0.30962860 0.02275338 0.03700036 0.02543677 0.15065470 0.00964533
23.70118506 10.51553422 0.00111918 0.00076196 0.00062297 0.00498411 0.38378710 0.04840744 0.31092885 0.02377650 0.03841912 0.02842639 0.14810296 0.01066341
23.80119006 10.49912975 0.00064596 0.00074089 0.00040353 0.00384769 0.37684875 0.05134847 0.31857290 0.01893070 0.03622630 0.03115582 0.14761116 0.01366784
23.90119506 10.49414799 0.00107894 0.00079076 0.00079526 0.00702658 0.37157510 0.05119988 0.31569323 0.01813339 0.03939807 0.03274465 0.14854284 0.01302130
24.00120006 10.48250670 0.00118920 0.00082232 0.00076944 0.00756900 0.37534906 0.04929658 0.31166958 0.02069558 0.04100038 0.03037658 0.14715866 0.01410363
24.10120506 10.47307103 0.00118025 0.00078304 0.00073715 0.00724391 0.37224748 0.04794314 0.30692075 0.02475181 0.04185307 0.03241764 0.14619566 0.01772610
24.20121006 10.46479440 0.00101878 0.00075838 0.00075127 0.00504070 0.37572372 0.04858072 0.31148978 0.02002831 0.04111112 0.03210547 0.14691701 0.01647475
24.30121506 10.45010464 0.00088371 0.00091543 0.00068068 0.00539306 0.37740214 0.04956045 0.31025177 0.01791443 0.04477649 0.02971629 0.14665417 0.01585139
24.40122006 10.44444004 0.00060568 0.00083619 0.00028802 0.00379447 0.38291210 0.05160278 0.31021590 0.02004807 0.03954464 0.02935234 0.14849117 0.01230864
24.50122506 10.43541728 0.00117303 0.00081398 0.00092032 0.01084946 0.38153119 0.04686966 0.31111117 0.01908988 0.04026304 0.02492307 0.14628062 0.01617460
24.60123006 10.42744682 0.00103232 0.00084462 0.00062155 0.00460296 0.38598739 0.04986383 0.31709481 0.01695247 0.04260355 0.02407395 0.14546962 0.01085291
24.70123506 10.42136603 0.00138002 0.00081819 0.00095364 0.01093604 0.38468961 0.04910258 0.31107616 0.01785612 0.03783487 0.02827113 0.14558116 0.01150046
24.80124006 10.41772664 0.00085296 0.00084407 0.00053581 0.00785540 0.38931920 0.04800592 0.31865522 0.01428496 0.03115121 0.02552877 0.15203031 0.01093618
24.90124506 10.40659364 0.00067846 0.00081826 0.00032706 0.00215934 0.38752265 0.04584833 0.31270570 0.01713314 0.03493903 0.03513651 0.15201436 0.01071716
25.00125006 10.40141664 0.00067493 0.00074786 0.00040477 0.00523645 0.38432485 0.04777604 0.31886012 0.01378799 0.03334069 0.03378906 0.15072648 0.01033076
25.10125506 10.38872123 0.00079980 0.00086363 0.00043183 0.00485559 0.38571143 0.04106719 0.31674510 0.01693153 0.03725206 0.03065139 0.15342778 0.01126268
25.20126006 10.38416847 0.00074615 0.00082602 0.00044364 0.00437093 0.39434389 0.03789052 0.31867416 0.01609477 0.03289923 0.02735243 0.15525670 0.01110156
25.30126506 10.37810082 0.00095837 0.00081383 0.00070677 0.00689137 0.40187892 0.03209379 0.32010860 0.01231435 0.03328326 0.02718514 0.15191538 0.01185022
25.40127006 10.36351385 0.00090561 0.00087614 0.00073491 0.00669665 0.40120033 0.04006660 0.31386041 0.01249910 0.03395719 0.02607013 0.15210594 0.01102700
25.50127506 10.34686985 0.00108807 0.00085873 0.00095599 0.00952386 0.40185826 0.03882381 0.30693968 0.01354061 0.03507931 0.02992224 0.14926401 0.01214543
25.60128006 10.33491463 0.00075471 0.00088743 0.00072635 0.00552882 0.39833056 0.03696767 0.31366921 0.01224591 0.04164995 0.02778043 0.14746285 0.01399611
