0.00000000 11.00000000 0.00000000 0.00000000 0.00000000 0.00000000 0.00000000 0.00000000 0.00000000 1.00000000 0.00000000 0.00000000 0.00000000 0.00000000
0.10000500 11.00371675 0.02685821 0.00158317 0.00730933 0.07779969 0.10431618 0.16260269 0.02429567 0.41281777 0.05400663 0.08597560 0.01179835 0.03063671
0.20001000 10.99834467 0.00872158 0.00137406 0.00448045 0.03733919 0.13137177 0.24999630 0.04174082 0.23238604 0.06634446 0.15664639 0.02916889 0.04043006
0.30001500 10.99168163 0.00530423 0.00104314 0.00340907 0.02623236 0.14122884 0.24577441 0.05493010 0.16786961 0.06813367 0.20256504 0.04266424 0.04084528
0.40002000 10.98543280 0.00531433 0.00108567 0.00310995 0.02479056 0.14838642 0.21898971 0.05651245 0.15287079 0.07964662 0.21239758 0.05236884 0.04452708
0.50002500 10.98142722 0.00546474 0.00113103 0.00250743 0.02088863 0.16144219 0.18322893 0.06330012 0.15054217 0.08577976 0.22297896 0.05834689 0.04438913
0.60003000 10.97431742 0.00582928 0.00110081 0.00299536 0.03184719 0.17147341 0.15688859 0.06858600 0.13980960 0.08860717 0.22817562 0.06223260 0.04245437
0.70003500 10.96870995 0.00512775 0.00120990 0.00250032 0.02016713 0.18396465 0.15834952 0.07656445 0.12035459 0.09098503 0.22908622 0.06927596 0.04241446
0.80004000 10.96184926 0.00471617 0.00123774 0.00281326 0.01950554 0.20221153 0.14264301 0.08464644 0.10311182 0.09902039 0.21972870 0.07088390 0.04948149
0.90004500 10.95545605 0.00312014 0.00123226 0.00173608 0.01200283 0.21843307 0.13531315 0.09243217 0.09248576 0.09737954 0.21884365 0.07852296 0.04849839
1.00005000 10.94639562 0.00341994 0.00111646 0.00219609 0.01409693 0.21626115 0.14202353 0.10746422 0.08552770 0.08785646 0.21026111 0.07730172 0.05247470
1.10005500 10.93882874 0.00296414 0.00120435 0.00144564 0.00997570 0.23057423 0.14362519 0.11152115 0.09010483 0.09427573 0.19253393 0.07442454 0.04735057
1.20006000 10.93239271 0.00365157 0.00119104 0.00150153 0.01081749 0.23316144 0.15121441 0.11095466 0.10241982 0.09354178 0.16795382 0.07915109 0.04444136
1.30006500 10.91785491 0.00388277 0.00119918 0.00168659 0.01772694 0.23917487 0.16204101 0.11810900 0.09576482 0.09071293 0.14893736 0.08080402 0.03996051
1.40007000 10.91167728 0.00400690 0.00116227 0.00162707 0.01165125 0.25821927 0.16160989 0.12013321 0.10012170 0.09107868 0.12792873 0.08540657 0.03705445
1.50007500 10.89886295 0.00422657 0.00114144 0.00176080 0.01395301 0.26640374 0.16499244 0.13175018 0.09898461 0.09121335 0.10951316 0.08149129 0.03456941
1.60008000 10.88544538 0.00393394 0.00111764 0.00176801 0.02089680 0.27219668 0.16719558 0.14266697 0.08792091 0.08819430 0.09795325 0.08182441 0.03433150
1.70008500 10.87441473 0.00390820 0.00131428 0.00187775 0.01648884 0.28169138 0.15721112 0.14845639 0.08580417 0.09188699 0.08670473 0.08465096 0.04000518
1.80009000 10.85580982 0.00352686 0.00128259 0.00249383 0.01801773 0.28570527 0.15384852 0.15323784 0.06833759 0.09844563 0.09079181 0.08332868 0.04098365
1.90009500 10.85063480 0.00396976 0.00123596 0.00240161 0.01688203 0.29416377 0.14830809 0.16331057 0.06587998 0.10128110 0.07788708 0.08800861 0.03667144
2.00010001 10.83792895 0.00376391 0.00122480 0.00238267 0.01796154 0.29690505 0.14252694 0.17047693 0.06487683 0.09322478 0.08024307 0.09016844 0.03624504
2.10010501 10.82590637 0.00331195 0.00130895 0.00223196 0.01860730 0.30625411 0.12310555 0.17687404 0.06123023 0.09294564 0.08279801 0.09461727 0.03671500
2.20011001 10.81165264 0.00338492 0.00122179 0.00210532 0.01772179 0.30013002 0.11343674 0.18839028 0.05885292 0.09350546 0.08845848 0.09675246 0.03603984
2.30011501 10.80584744 0.00287171 0.00122914 0.00177828 0.01409679 0.30879487 0.11369617 0.20279431 0.05278784 0.08571401 0.08414680 0.09946767 0.03262241
2.40012001 10.79626715 0.00285326 0.00126436 0.00186630 0.01483504 0.31464287 0.10877760 0.20352672 0.04873081 0.08260033 0.09009739 0.10196572 0.02883960
2.50012501 10.78891426 0.00262108 0.00120711 0.00149428 0.01240134 0.32153069 0.10488128 0.20192771 0.05128838 0.08433234 0.08842960 0.09900215 0.03088404
2.60013001 10.78035428 0.00241379 0.00125885 0.00148509 0.01264167 0.32328957 0.10252120 0.20557807 0.04720015 0.07616403 0.08540950 0.11170948 0.03032862
2.70013501 10.77039755 0.00219488 0.00141444 0.00141949 0.00984728 0.33289038 0.10372963 0.20757660 0.03911514 0.08109263 0.07378015 0.11902595 0.02791343
2.80014001 10.75807553 0.00195993 0.00136165 0.00116464 0.00981838 0.33727261 0.09797619 0.21639235 0.03493167 0.08301798 0.07242758 0.11795541 0.02572161
2.90014501 10.74745512 0.00229081 0.00125860 0.00149801 0.01070860 0.34570631 0.09308912 0.21721404 0.03735233 0.08176238 0.07080480 0.11005867 0.02825634
3.00015001 10.74276033 0.00210098 0.00114808 0.00104586 0.00789599 0.35772115 0.09012278 0.21925048 0.04417997 0.07244478 0.06770747 0.10743551 0.02894696
3.10015501 10.73091500 0.00184905 0.00117426 0.00130273 0.00913112 0.35759521 0.08956022 0.22714605 0.03696868 0.07164864 0.06765120 0.10443585 0.03153700
3.20016001 10.71990805 0.00261829 0.00111306 0.00184545 0.01288683 0.36240669 0.08915737 0.22513397 0.04040893 0.07572978 0.05971466 0.10161651 0.02736847
3.30016501 10.70511145 0.00136596 0.00127700 0.00096294 0.00232979 0.37612362 0.08565414 0.23118740 0.03449296 0.07671329 0.05653344 0.10469870 0.02866077
3.40017001 10.68250282 0.00192260 0.00120142 0.00161627 0.01254548 0.36611997 0.08321317 0.24044728 0.03007118 0.07373150 0.05898833 0.10649983 0.02364297
3.50017501 10.67026557 0.00176793 0.00129619 0.00123853 0.00909521 0.36124009 0.08472890 0.25211763 0.02986377 0.07218316 0.05085624 0.11316293 0.02244942
3.60018001 10.66449437 0.00193642 0.00115646 0.00120767 0.01052002 0.36432020 0.08242752 0.25508154 0.03318308 0.06642942 0.05192512 0.11101238 0.02080017
3.70018501 10.65764717 0.00154165 0.00109288 0.00102607 0.00982229 0.37035898 0.08030736 0.25588374 0.03203567 0.06154322 0.05291572 0.11112118 0.02235125
3.80019001 10.64527691 0.00188226 0.00120324 0.00123622 0.00759641 0.38181087 0.07334111 0.25723524 0.03089001 0.05784785 0.04891049 0.11790281 0.02014350
3.90019501 10.63835795 0.00135691 0.00118850 0.00058646 0.00807147 0.37404848 0.06893557 0.26029789 0.03121337 0.05844619 0.05284681 0.12401895 0.01898941
4.00020001 10.63066476 0.00131149 0.00121709 0.00070276 0.00938245 0.37180261 0.06150496 0.26775322 0.03108975 0.06254029 0.04847249 0.12468678 0.01953610
4.10020501 10.61893938 0.00140932 0.00119558 0.00113142 0.00890823 0.36921516 0.06461608 0.26783825 0.02897833 0.05882323 0.04676816 0.12892778 0.02218844
4.20021001 10.61166801 0.00286478 0.00109787 0.00242838 0.02065716 0.36775646 0.06545905 0.26428584 0.02723243 0.05963135 0.04687240 0.12522847 0.01648580
4.30021501 10.59004732 0.00197298 0.00122068 0.00148925 0.01361281 0.36880599 0.06574693 0.26203407 0.02924902 0.06063825 0.04950133 0.12930101 0.01642770
4.40022001 10.57684952 0.00139949 0.00115465 0.00068350 0.00454745 0.36683121 0.06673735 0.27114364 0.03471143 0.05670393 0.05003014 0.12816656 0.01789065
4.50022501 10.56750305 0.00160308 0.00122762 0.00111460 0.00780296 0.36955496 0.06580256 0.27414171 0.02669746 0.06120219 0.04871100 0.12387352 0.01826835
4.60023001 10.55772842 0.00151364 0.00117624 0.00099535 0.00589906 0.37043709 0.06243394 0.26851928 0.03036033 0.06325200 0.05359361 0.12061538 0.02120407
4.70023501 10.54727489 0.00125969 0.00110860 0.00099208 0.00567398 0.36830968 0.06052029 0.27682841 0.02778674 0.05837272 0.05473523 0.12138059 0.02303200
4.80024001 10.53651851 0.00134924 0.00116462 0.00093345 0.00401656 0.37400272 0.05977609 0.27224241 0.02795145 0.06050115 0.05502186 0.12208909 0.02095134
4.90024501 10.51940510 0.00135989 0.00128992 0.00068402 0.00330761 0.36723749 0.06646724 0.27810775 0.03021644 0.06213622 0.05084443 0.12122862 0.01712037
5.00025001 10.50924549 0.00220215 0.00120643 0.00144543 0.01265727 0.36130323 0.06127422 0.27553067 0.02935300 0.06336309 0.04788869 0.12859658 0.01517924
5.10025501 10.49766855 0.00159396 0.00122137 0.00105540 0.00717897 0.35304843 0.06666445 0.28277355 0.02563946 0.06396744 0.04837685 0.13098921 0.01749090
5.20026001 10.47976091 0.00121560 0.00124080 0.00064226 0.00731294 0.35627377 0.06474663 0.28480172 0.02444783 0.06412457 0.04755732 0.12955915 0.01807741
5.30026501 10.47117455 0.00115636 0.00126163 0.00083335 0.00661659 0.36445223 0.06021574 0.28154144 0.02456607 0.06676681 0.04383497 0.12997790 0.01877693
5.40027001 10.45703755 0.00214873 0.00123472 0.00152662 0.01427921 0.36189293 0.05495840 0.28273349 0.02690464 0.06857056 0.03991345 0.12956831 0.01626894
5.50027501 10.44412588 0.00181722 0.00128179 0.00131086 0.00941445 0.35208656 0.05750837 0.29030893 0.02713130 0.07247660 0.04036644 0.12784610 0.01845136
5.60028001 10.43776903 0.00175164 0.00124820 0.00127790 0.00650231 0.35259171 0.05313441 0.29405803 0.02861804 0.06728429 0.04321577 0.13081777 0.01949993
5.70028501 10.42195713 0.00123612 0.00125068 0.00077781 0.00444968 0.35692604 0.05827663 0.29435830 0.02547364 0.06682371 0.04167363 0.13264127 0.01611250
5.80029001 10.41474425 0.00160975 0.00127268 0.00069544 0.00651492 0.35950102 0.04983223 0.30046006 0.02996730 0.06509938 0.03976856 0.13366686 0.01161180
5.90029501 10.40431862 0.00121703 0.00134827 0.00066546 0.00643092 0.35578519 0.04576896 0.30329515 0.02288919 0.06171901 0.04728742 0.13985237 0.01374101
6.00030002 10.39193226 0.00124830 0.00121787 0.00080236 0.00599825 0.35937466 0.05049214 0.29881823 0.02204098 0.06178197 0.04510254 0.13880727 0.01431544
6.10030502 10.37850825 0.00104555 0.00126243 0.00063615 0.00605016 0.36492335 0.05074399 0.29747824 0.02274903 0.06569855 0.04458456 0.13063744 0.01419057
6.20031002 10.36660242 0.00109649 0.00128562 0.00056236 0.00354096 0.37051359 0.05587667 0.29320550 0.02154564 0.06654571 0.04163760 0.13244958 0.01174027
6.30031502 10.35767775 0.00129244 0.00123583 0.00076307 0.00649640 0.37398662 0.05051110 0.29328364 0.02250657 0.06547326 0.03785699 0.13402066 0.01257343
6.40032002 10.33976661 0.00115126 0.00121119 0.00072507 0.00539949 0.36924532 0.04627931 0.30358975 0.02291469 0.06496151 0.03652624 0.13499224 0.01300394
6.50032502 10.33177075 0.00125182 0.00131389 0.00115478 0.01142550 0.36410726 0.04833010 0.30407664 0.01696373 0.05586438 0.03704693 0.14263783 0.01582715
6.60033002 10.32103286 0.00154317 0.00130050 0.00148990 0.01072251 0.36354059 0.04215841 0.30392791 0.01786651 0.06021361 0.03429878 0.14501740 0.01792072
6.70033502 10.29982133 0.00120566 0.00131283 0.00079917 0.00580808 0.36385429 0.05126835 0.29968369 0.01935346 0.06277593 0.03491484 0.14637326 0.01265045
6.80034002 10.28649470 0.00115499 0.00147641 0.00070859 0.00705035 0.37273506 0.04518505 0.29778691 0.02150255 0.06649581 0.02794465 0.14550581 0.01245382
6.90034502 10.27435143 0.00122146 0.00127426 0.00084289 0.00606120 0.37475587 0.04803674 0.31027092 0.01719534 0.06265224 0.02703032 0.13904672 0.01161205
7.00035002 10.25319432 0.00153065 0.00127344 0.00108284 0.00903057 0.36801917 0.05050356 0.30404728 0.02127625 0.05853475 0.02911922 0.14412535 0.01145692
7.10035502 10.24437969 0.00110849 0.00124776 0.00071287 0.00630054 0.36657248 0.05286158 0.30629296 0.01940626 0.05829154 0.03216565 0.14359526 0.01144462
7.20036002 10.23098161 0.00186653 0.00122648 0.00121104 0.01083618 0.37051344 0.04830358 0.30367424 0.02357039 0.05302627 0.02886205 0.14555956 0.01135023
7.30036502 10.21547765 0.00124716 0.00143587 0.00076441 0.00800719 0.36844959 0.04515362 0.30687306 0.01751776 0.06105331 0.03109646 0.14818817 0.01021339
7.40037002 10.20072221 0.00135280 0.00123894 0.00094896 0.00819733 0.36760988 0.04953327 0.30485503 0.01733094 0.05977027 0.03016504 0.14652588 0.01247166
7.50037502 10.19184474 0.00118767 0.00129995 0.00079368 0.00641870 0.37249574 0.04801060 0.30504570 0.01550131 0.06215876 0.03042122 0.14499984 0.01166682
7.60038002 10.17896096 0.00092649 0.00140213 0.00081641 0.00422943 0.38002524 0.03978979 0.29687988 0.01813473 0.06117445 0.03116032 0.15051830 0.01494283
7.70038502 10.16073469 0.00167971 0.00130635 0.00154665 0.01134266 0.37157460 0.03928425 0.30004676 0.01771493 0.06149290 0.03461685 0.14557940 0.01381495
7.80039002 10.14406418 0.00178866 0.00138662 0.00151959 0.01319545 0.36499149 0.04515298 0.29235449 0.01851890 0.06116273 0.03255967 0.15410466 0.01326475
7.90039502 10.13328895 0.00182919 0.00134132 0.00139447 0.01108990 0.36438700 0.04218822 0.29001592 0.01952698 0.06479461 0.03549046 0.15546114 0.01248079
8.00040002 10.11602357 0.00094244 0.00148076 0.00049981 0.00291562 0.35715126 0.05086340 0.29341835 0.01791463 0.07465048 0.03528670 0.15529916 0.00957739
8.10040502 10.10482586 0.00097423 0.00134986 0.00040370 0.00408476 0.36638767 0.04940346 0.29564110 0.01914347 0.06858012 0.03360665 0.15004125 0.01038373
8.20041002 10.09774247 0.00099786 0.00128944 0.00053073 0.00320407 0.37086976 0.04636211 0.29309113 0.02026371 0.07076574 0.03177177 0.14798394 0.01286975
8.30041502 10.08032149 0.00103507 0.00131486 0.00054585 0.00500572 0.36611273 0.04199812 0.30152624 0.02449624 0.06216257 0.03063217 0.14888359 0.01628684
8.40042002 10.07299916 0.00129102 0.00127777 0.00079655 0.00849151 0.36499834 0.03644374 0.30236032 0.02791401 0.06777415 0.02970924 0.14758942 0.01135393
8.50042502 10.06068556 0.00142498 0.00144423 0.00103177 0.00810517 0.35975208 0.04037312 0.30495685 0.02187265 0.07062057 0.03166344 0.14922628 0.00952887
8.60043002 10.05272333 0.00115963 0.00145054 0.00077502 0.00745454 0.35966958 0.03830305 0.29983784 0.02270985 0.06457125 0.03417854 0.16047080 0.00941936
8.70043502 10.04085667 0.00134976 0.00139339 0.00093411 0.00720651 0.36259896 0.03480256 0.30194952 0.02352460 0.06126562 0.03703347 0.15479251 0.01314898
8.80044002 10.02919358 0.00090992 0.00133857 0.00045789 0.00368512 0.36334097 0.04235044 0.30210749 0.01970139 0.06298674 0.04177225 0.15222623 0.00912298
8.90044502 10.01569378 0.00144456 0.00128980 0.00088435 0.00699441 0.36367436 0.03933808 0.29943806 0.02252476 0.06238158 0.03981378 0.15121621 0.01100006
9.00045002 10.00253480 0.00110630 0.00126126 0.00063054 0.00407459 0.36270409 0.04283129 0.29611113 0.02221509 0.06342967 0.04820312 0.14649385 0.01093907
9.10045502 9.99419820 0.00107228 0.00122998 0.00070228 0.00646278 0.35812851 0.04300670 0.29887025 0.02124271 0.06199673 0.04655638 0.14777453 0.01295687
9.20046002 9.97828437 0.00116487 0.00118766 0.00095269 0.00851893 0.35554842 0.04320998 0.29635293 0.02122253 0.06233764 0.04629807 0.14857336 0.01463294
9.30046502 9.96842808 0.00126366 0.00126167 0.00086397 0.00684107 0.35295085 0.03892968 0.29854197 0.02479159 0.06202058 0.04317995 0.15322493 0.01613008
9.40047002 9.96053229 0.00086667 0.00123635 0.00045654 0.00372565 0.35959336 0.04767558 0.29970732 0.02362932 0.05508105 0.04057115 0.15438192 0.01307509
9.50047502 9.95098884 0.00127740 0.00123634 0.00113201 0.00974534 0.35454547 0.04468758 0.30753917 0.02081261 0.05338574 0.03898751 0.15329327 0.01335755
9.60048002 9.93926919 0.00100316 0.00126787 0.00078051 0.00751150 0.35302706 0.04850808 0.31315516 0.02079079 0.05670701 0.03489032 0.14784290 0.01451564
9.70048502 9.91879126 0.00128274 0.00135303 0.00102572 0.01071328 0.36389527 0.04048146 0.31669521 0.02158191 0.05675260 0.03334340 0.14130389 0.01157149
9.80049002 9.90668283 0.00127356 0.00132526 0.00105395 0.00611706 0.37183469 0.04152955 0.31029425 0.01891993 0.05473403 0.03161592 0.14781177 0.01349003
9.90049502 9.88959375 0.00147004 0.00139491 0.00101402 0.00953997 0.35715052 0.03977927 0.31604850 0.02053732 0.06261024 0.03220394 0.14879583 0.00945544
10.00050003 9.88390427 0.00134750 0.00122732 0.00078423 0.00660413 0.36026842 0.04068700 0.31544716 0.02009615 0.06212858 0.03143412 0.14892852 0.01104687
10.10050503 9.86482205 0.00183933 0.00118010 0.00112559 0.00926925 0.35215700 0.03491928 0.31206706 0.02859884 0.06109658 0.03653630 0.14949927 0.01171141
10.20051003 9.85627796 0.00121519 0.00130091 0.00099871 0.00914564 0.34447065 0.03043417 0.31205081 0.02628216 0.06299844 0.04590678 0.15317918 0.01201735
10.30051503 9.83971532 0.00162345 0.00135365 0.00114334 0.00677822 0.34630904 0.02977520 0.31741439 0.02467952 0.06481521 0.04329717 0.15010772 0.01270310
10.40052003 9.82748219 0.00098567 0.00134459 0.00057539 0.00512819 0.34480304 0.03182983 0.31982188 0.02521597 0.06420365 0.04486338 0.14982684 0.01140158
10.50052503 9.81180605 0.00124291 0.00130986 0.00073832 0.00474196 0.34441164 0.03267318 0.32376434 0.03013687 0.06128763 0.03917972 0.14922653 0.01128703
10.60053003 9.79433346 0.00159009 0.00124715 0.00123661 0.00772074 0.35111571 0.03318249 0.32610912 0.02475624 0.05985745 0.03635556 0.14367057 0.01315827
10.70053503 9.78613373 0.00098182 0.00119409 0.00090620 0.00612791 0.35377330 0.03324571 0.32951150 0.02072604 0.05940364 0.03938805 0.14211746 0.01262425
10.80054003 9.77096590 0.00114906 0.00125871 0.00081955 0.00678204 0.34935469 0.03558901 0.32358911 0.02201544 0.06345741 0.03874670 0.14634008 0.01089818
10.90054503 9.75977797 0.00110466 0.00134643 0.00101397 0.00740806 0.35050907 0.03964214 0.31959532 0.01892191 0.06340823 0.03600097 0.14714096 0.01390830
11.00055003 9.74542556 0.00171296 0.00130046 0.00112576 0.00937948 0.34869742 0.03408139 0.31868903 0.02691526 0.06252740 0.03579702 0.14678569 0.01298814
11.10055503 9.73707543 0.00101960 0.00129521 0.00051252 0.00195131 0.34752980 0.03898644 0.31873854 0.02706378 0.06752013 0.03892389 0.14491633 0.01154246
11.20056003 9.72756648 0.00077657 0.00127840 0.00048851 0.00379550 0.34802389 0.04024053 0.31649874 0.02410544 0.06360372 0.03662509 0.15059526 0.01396837
11.30056503 9.71335964 0.00096294 0.00138352 0.00063245 0.00372348 0.34114685 0.03731034 0.31772895 0.02158990 0.07517406 0.03567217 0.14856661 0.01610872
11.40057003 9.69934627 0.00117829 0.00128309 0.00094400 0.00514724 0.34139499 0.03484426 0.32050569 0.02080330 0.07272365 0.03876351 0.14609259 0.01631940
11.50057503 9.69301096 0.00075863 0.00129089 0.00044796 0.00474132 0.34053153 0.03945396 0.32075814 0.01882606 0.07167985 0.04155520 0.14773959 0.01221688
11.60058003 9.68453167 0.00097735 0.00119989 0.00036035 0.00208582 0.34201488 0.04177996 0.32213339 0.02296625 0.07000098 0.03971571 0.14665086 0.01011456
11.70058503 9.67227343 0.00112226 0.00125947 0.00065355 0.00583895 0.34545624 0.04073413 0.31770984 0.02255924 0.07493093 0.03600830 0.14264352 0.01108357
11.80059003 9.66255997 0.00083645 0.00124084 0.00032428 0.00459670 0.34782395 0.04398758 0.31860064 0.02331375 0.07160122 0.03483252 0.14073334 0.01210874
11.90059503 9.65304245 0.00083448 0.00114297 0.00042329 0.00295798 0.35037435 0.04054698 0.31904073 0.01992153 0.06749985 0.04714021 0.13994211 0.01017554
12.00060003 9.64411071 0.00134360 0.00124092 0.00091200 0.00794503 0.35037805 0.04573418 0.32374695 0.02060968 0.05517620 0.03950626 0.14345788 0.00994925
12.10060503 9.62822802 0.00213586 0.00118921 0.00158436 0.01272222 0.34179817 0.04553822 0.32385926 0.02576805 0.05326933 0.03675068 0.14388403 0.01150061
12.20061003 9.60571766 0.00159088 0.00127812 0.00121795 0.00906089 0.34966272 0.04483913 0.31771054 0.02334092 0.05557334 0.03379862 0.14577529 0.01615161
12.30061503 9.59372725 0.00125069 0.00126256 0.00110004 0.00684361 0.35696550 0.04432552 0.32197580 0.02013032 0.05303486 0.03493180 0.14276127 0.01541803
12.40062003 9.58154051 0.00155188 0.00125734 0.00113062 0.01025512 0.36161452 0.04369476 0.32121528 0.02258349 0.05247453 0.03285324 0.13943833 0.01193087
12.50062503 9.57328614 0.00158506 0.00116224 0.00094816 0.00687455 0.36398017 0.04181140 0.31923361 0.02335979 0.04989670 0.03506230 0.14372728 0.01235873
12.60063003 9.56122572 0.00124767 0.00107449 0.00096882 0.00670836 0.35980297 0.04485559 0.31818939 0.02147072 0.05038490 0.04054984 0.14254826 0.01219899
12.70063503 9.54871613 0.00090500 0.00120342 0.00057925 0.00392765 0.36119660 0.04814185 0.32211501 0.02024215 0.05449308 0.03479264 0.14099188 0.01141147
12.80064003 9.54048204 0.00121050 0.00115633 0.00070749 0.00453934 0.35869976 0.04464774 0.32301060 0.02008207 0.05488748 0.03394811 0.14424582 0.01286475
12.90064503 9.52966359 0.00084494 0.00120710 0.00041913 0.00271577 0.36163417 0.04662542 0.31675906 0.01995754 0.05664993 0.03343459 0.14774974 0.01200261
13.00065003 9.51882640 0.00061246 0.00131128 0.00023204 0.00046348 0.36182685 0.04625529 0.31058289 0.01669637 0.06303417 0.03234904 0.15324482 0.01339131
13.10065503 9.50124733 0.00122101 0.00136305 0.00092983 0.00725799 0.35498647 0.04196739 0.31265164 0.01580472 0.05958018 0.03213911 0.15741866 0.01467994
13.20066003 9.48557326 0.00118036 0.00125635 0.00081030 0.00506624 0.35911781 0.04282898 0.30751219 0.01898793 0.06213565 0.03639437 0.15197799 0.01273182
13.30066503 9.46659650 0.00117270 0.00125263 0.00085145 0.00764222 0.36403128 0.04601214 0.30095525 0.02026314 0.06086394 0.03927269 0.14289691 0.01478566
13.40067003 9.45334718 0.00165095 0.00131217 0.00123964 0.01169980 0.36566506 0.04177484 0.30260205 0.02220286 0.05442434 0.03506974 0.14799638 0.01436217
13.50067503 9.44136883 0.00166893 0.00130225 0.00091083 0.01167051 0.36649447 0.04321051 0.30205942 0.02618039 0.05430478 0.03091063 0.15183909 0.00944819
13.60068003 9.42680707 0.00171642 0.00128408 0.00130551 0.00961576 0.36330427 0.05095513 0.30258364 0.02175135 0.05417526 0.02971363 0.15265275 0.01094221
13.70068503 9.42043165 0.00152698 0.00128952 0.00084967 0.00497603 0.36870748 0.05444660 0.30614979 0.02232305 0.05747677 0.02574991 0.14637644 0.01012777
13.80069003 9.40194636 0.00119688 0.00124702 0.00077243 0.00793412 0.36605499 0.05676513 0.30615896 0.02050709 0.05860201 0.02424013 0.14193701 0.01458423
13.90069503 9.39217744 0.00143090 0.00107816 0.00079289 0.00961717 0.36703317 0.05394315 0.30834903 0.02202358 0.05422090 0.02547321 0.14331875 0.01271909
14.00070004 9.38575797 0.00164581 0.00109061 0.00122035 0.01039838 0.36726815 0.04712528 0.31483305 0.02266173 0.05184129 0.02547008 0.14296690 0.01347837
14.10070504 9.37969572 0.00103287 0.00117894 0.00080023 0.00532450 0.37244519 0.04862875 0.31189723 0.02030931 0.04952695 0.02658143 0.14895168 0.01332290
14.20071004 9.36400369 0.00130854 0.00123808 0.00103456 0.00763002 0.36611066 0.04884503 0.31180789 0.01880715 0.05567895 0.02857742 0.14516442 0.01379728
14.30071504 9.35106523 0.00169756 0.00116596 0.00107376 0.00880474 0.36844712 0.05153515 0.30242440 0.02175981 0.05157557 0.03377809 0.14638696 0.01135088
14.40072004 9.33537038 0.00108773 0.00112246 0.00068877 0.00535645 0.36368072 0.05078135 0.30695991 0.02122710 0.04861932 0.03647999 0.14761758 0.01637861
14.50072504 9.32332145 0.00116524 0.00109618 0.00085750 0.00665479 0.36367675 0.04846414 0.31073886 0.02187727 0.04672575 0.03489123 0.14576245 0.01808982
14.60073004 9.30948890 0.00132393 0.00110041 0.00069433 0.00390442 0.35525715 0.04490593 0.31806151 0.02602480 0.04377189 0.04171001 0.14780904 0.01543657
14.70073504 9.29639020 0.00089171 0.00122581 0.00046683 0.00302859 0.36382069 0.04098901 0.32399004 0.02159433 0.04807443 0.03913542 0.14488903 0.01189411
14.80074004 9.28351133 0.00117705 0.00114689 0.00102063 0.00811070 0.36642597 0.04026040 0.31936761 0.01884336 0.05013242 0.03851728 0.14292710 0.01207059
14.90074504 9.27606481 0.00131446 0.00110578 0.00102809 0.00697491 0.36801172 0.04003355 0.32370776 0.01802504 0.04618843 0.03567702 0.14698631 0.01094693
15.00075004 9.26867321 0.00060714 0.00112672 0.00057617 0.00162718 0.36908330 0.04208040 0.32310007 0.01713781 0.04952902 0.03095839 0.14916088 0.01501292
15.10075504 9.25466618 0.00098545 0.00110559 0.00062520 0.00738295 0.36843340 0.04374932 0.31759515 0.01877576 0.05053995 0.03283877 0.14632591 0.01164256
15.20076004 9.24250700 0.00119319 0.00115319 0.00077599 0.01000507 0.37007782 0.03957012 0.32128417 0.01910913 0.04997509 0.02874075 0.14950972 0.00860575
15.30076504 9.23126726 0.00101428 0.00116020 0.00060090 0.00522844 0.37389170 0.04117847 0.31812831 0.01839048 0.05396663 0.02772299 0.14885316 0.00986444
15.40077004 9.22285486 0.00086838 0.00116622 0.00063662 0.00409416 0.37312159 0.03791330 0.31738927 0.01727926 0.05815463 0.02736116 0.14816829 0.01384712
15.50077504 9.21204743 0.00108608 0.00117389 0.00068956 0.00325939 0.36758479 0.04169665 0.31701797 0.02082453 0.05725018 0.02633820 0.15097317 0.01210559
15.60078004 9.20209509 0.00083399 0.00112118 0.00065784 0.00464437 0.37213379 0.04848774 0.31769950 0.01660085 0.05570614 0.01952405 0.15133938 0.01125116
15.70078504 9.19089092 0.00103280 0.00119819 0.00070577 0.00419868 0.37169108 0.04839415 0.31139479 0.01734296 0.05528938 0.02194872 0.15642655 0.01037691
15.80079004 9.17052382 0.00118480 0.00116732 0.00065758 0.00659652 0.37313757 0.04634299 0.31121660 0.02012159 0.05508907 0.01986908 0.15138944 0.01322745
15.90079504 9.15289730 0.00092369 0.00127155 0.00041071 0.00173256 0.36988614 0.04507342 0.31328883 0.02051842 0.06103751 0.02398595 0.14851597 0.01335526
16.00080004 9.14134826 0.00085945 0.00126154 0.00037656 0.00378941 0.36631787 0.04032202 0.31477021 0.01854967 0.06408103 0.02767766 0.15156935 0.01042523
16.10080504 9.13396287 0.00127529 0.00120227 0.00078869 0.00517655 0.37031004 0.03570240 0.31228794 0.01765975 0.06320385 0.03387996 0.14899589 0.00951735
16.20081004 9.12594841 0.00077353 0.00114639 0.00057296 0.00560936 0.36435567 0.03530574 0.31139121 0.01652199 0.05989045 0.03726707 0.15521628 0.01194935
16.30081504 9.10084727 0.00120973 0.00116151 0.00082317 0.00767995 0.36455475 0.03640333 0.30480260 0.01977760 0.05867929 0.04247196 0.15080184 0.01163427
16.40082004 9.08948915 0.00079480 0.00119531 0.00035789 0.00227698 0.36763585 0.03805216 0.31059346 0.01836328 0.06015336 0.04352531 0.14642202 0.01062957
16.50082504 9.07735679 0.00101639 0.00117284 0.00062234 0.00474765 0.36321110 0.04500336 0.30593064 0.01840792 0.05910042 0.04358557 0.14658498 0.01061676
16.60083004 9.06432670 0.00161496 0.00107957 0.00115283 0.01176964 0.36175704 0.04393518 0.30544913 0.01955490 0.05684247 0.03909628 0.14487180 0.01287622
16.70083504 9.05610320 0.00079702 0.00112546 0.00050072 0.00271236 0.36417380 0.04258363 0.31015241 0.01982374 0.05831466 0.03867808 0.14423367 0.01690446
16.80084004 9.04401758 0.00109653 0.00115027 0.00072259 0.00491409 0.36635674 0.04006250 0.30630916 0.01974077 0.06093572 0.03710159 0.14724812 0.01436193
16.90084504 9.03799867 0.00099836 0.00111458 0.00058569 0.00436618 0.36718663 0.04271529 0.30717565 0.02159696 0.05567571 0.03647223 0.15084743 0.01126530
17.00085004 9.02717135 0.00135260 0.00110802 0.00106422 0.00802177 0.36100117 0.04099432 0.30806231 0.02453043 0.05733810 0.03360040 0.14849040 0.01443627
17.10085504 9.01779685 0.00106398 0.00107536 0.00064333 0.00628088 0.36550189 0.04782856 0.30865397 0.02246743 0.05561856 0.03018804 0.14915022 0.01152778
17.20086004 9.00479350 0.00133828 0.00111910 0.00081845 0.00595340 0.36704138 0.04095901 0.30732203 0.02279001 0.05504821 0.03427535 0.15146928 0.01186549
17.30086504 8.99071656 0.00122845 0.00117537 0.00072070 0.00462485 0.36043889 0.03999680 0.30764622 0.02673037 0.06100865 0.03001818 0.15173087 0.01468065
17.40087004 8.97303108 0.00123068 0.00122994 0.00088182 0.00455731 0.35912788 0.03702366 0.31293557 0.02358307 0.06240603 0.03058102 0.15230059 0.01414244
17.50087504 8.96311878 0.00105097 0.00125448 0.00065346 0.00478752 0.36280994 0.03648098 0.31310901 0.02110025 0.06138463 0.03217555 0.15344194 0.01175127
17.60088004 8.94988811 0.00169162 0.00115568 0.00112484 0.01177359 0.35645266 0.03743873 0.30914308 0.02566371 0.05928872 0.03374289 0.15195986 0.01056463
17.70088504 8.93417950 0.00174074 0.00130999 0.00140972 0.01878923 0.35715403 0.03997476 0.29722924 0.02475799 0.05728955 0.03352205 0.15501719 0.01180551
17.80089004 8.92484341 0.00137659 0.00127155 0.00083201 0.00682511 0.35805866 0.04658038 0.30106455 0.02596951 0.05819407 0.03506121 0.15541117 0.00935518
17.90089504 8.90973484 0.00131446 0.00124766 0.00097400 0.01052993 0.35702517 0.04434319 0.30045167 0.02079237 0.06206229 0.03653834 0.15121321 0.01350770
18.00090005 8.89943985 0.00135883 0.00123873 0.00110143 0.00735902 0.35269761 0.04651308 0.30768240 0.01952497 0.06031611 0.03710381 0.15006515 0.01503886
18.10090505 8.88434964 0.00191417 0.00111887 0.00126053 0.01116571 0.35671378 0.04593760 0.29911630 0.02767676 0.05599810 0.03726390 0.14705296 0.01478133
18.20091005 8.87311945 0.00206830 0.00109678 0.00151542 0.01077249 0.36384321 0.04466733 0.29725296 0.02675687 0.05451806 0.03905031 0.14528899 0.01316928
18.30091505 8.86613299 0.00132773 0.00105589 0.00083180 0.00836425 0.36164301 0.04712868 0.30238770 0.02381541 0.05567174 0.04252232 0.14324165 0.01200981
18.40092005 8.85577150 0.00063651 0.00112303 0.00037214 0.00424833 0.36626036 0.05329063 0.29994037 0.01920780 0.05470273 0.04593202 0.14197351 0.01231257
18.50092505 8.83507126 0.00161335 0.00105467 0.00141217 0.01123872 0.36245785 0.05248274 0.29871187 0.02256303 0.04859610 0.04404562 0.14117952 0.01464438
18.60093005 8.82492415 0.00160736 0.00107910 0.00070637 0.00386238 0.36074907 0.05331992 0.29740346 0.03149907 0.04955940 0.04262726 0.14320896 0.01437763
18.70093505 8.81638681 0.00181726 0.00106076 0.00107008 0.00811530 0.35474543 0.05090469 0.29572496 0.02960071 0.04952320 0.04450052 0.14694565 0.01599145
18.80094005 8.79967955 0.00151919 0.00108573 0.00086061 0.00722949 0.34931602 0.05437916 0.29237898 0.03091431 0.05071110 0.04736223 0.14850817 0.01573501
18.90094505 8.78374500 0.00147085 0.00114103 0.00098507 0.00930627 0.34765645 0.05929394 0.29679690 0.02865325 0.04756290 0.04359724 0.14684273 0.01669339
19.00095005 8.77343426 0.00139668 0.00115217 0.00099635 0.00863755 0.34850230 0.05559447 0.30066337 0.02735255 0.04609704 0.04298987 0.14958512 0.01703252
19.10095505 8.77004055 0.00181355 0.00110338 0.00124216 0.00982505 0.34805955 0.05513941 0.30069486 0.03053560 0.04547503 0.03824068 0.15066718 0.01720357
19.20096005 8.76474107 0.00129516 0.00105597 0.00087996 0.01183231 0.35234484 0.05684845 0.29756547 0.02746219 0.04602175 0.04103085 0.15101198 0.01265108
19.30096505 8.74931204 0.00150703 0.00114616 0.00106091 0.00760224 0.35932232 0.05974748 0.29636768 0.02398295 0.04720055 0.04120276 0.14796329 0.01289662
19.40097005 8.73352969 0.00147952 0.00119362 0.00093949 0.00676611 0.36060618 0.05391301 0.29569239 0.02375258 0.05312781 0.04138564 0.14938000 0.01176365
19.50097505 8.72259803 0.00134042 0.00123282 0.00084841 0.00932862 0.36483305 0.05254105 0.29646487 0.02143540 0.05764370 0.03395140 0.14982556 0.01055470
19.60098005 8.71402026 0.00139194 0.00106369 0.00116107 0.00857543 0.37131556 0.04537073 0.29684300 0.02176628 0.05435725 0.03595225 0.14642050 0.01578231
19.70098505 8.70603403 0.00165307 0.00104135 0.00163358 0.01095634 0.37203988 0.04591032 0.30083794 0.01921615 0.05461705 0.03010528 0.14546377 0.01652526
19.80099005 8.68930138 0.00206448 0.00106536 0.00166031 0.01529479 0.37606416 0.04024042 0.29735327 0.02176811 0.05588787 0.02804157 0.14562934 0.01493033
19.90099505 8.67672576 0.00115129 0.00117791 0.00074477 0.00685883 0.37443888 0.04346922 0.29487847 0.01888760 0.06168451 0.03492340 0.14782024 0.01396489
20.00100005 8.66158882 0.00115466 0.00126735 0.00096066 0.00676858 0.36191765 0.04559015 0.29461256 0.01925339 0.06793841 0.03268999 0.15226403 0.01558258
20.10100505 8.64842158 0.00152820 0.00125094 0.00125013 0.00845395 0.35610582 0.03954760 0.29451704 0.02070516 0.06762412 0.03808402 0.15250208 0.01843094
20.20101005 8.64324074 0.00150832 0.00121669 0.00097461 0.00766477 0.35242569 0.04530644 0.29969646 0.01994281 0.06921485 0.03821926 0.15344631 0.01038380
20.30101505 8.63560103 0.00077322 0.00111012 0.00062179 0.00508266 0.36051608 0.05121970 0.29383782 0.01658175 0.06538130 0.03572417 0.15515469 0.01399671
20.40102005 8.62653588 0.00086674 0.00121108 0.00064602 0.00299041 0.35875419 0.04919848 0.29262862 0.01864715 0.06782079 0.04017665 0.15358531 0.01347455
20.50102505 8.61859361 0.00081292 0.00120298 0.00050319 0.00249395 0.35919552 0.04504683 0.29343672 0.01944299 0.06917119 0.03848433 0.15499358 0.01521579
20.60103005 8.61440743 0.00109492 0.00117037 0.00060159 0.00704054 0.35954464 0.04480212 0.29718047 0.01807316 0.06990393 0.03492881 0.15420060 0.01145886
20.70103505 8.59614957 0.00124315 0.00126427 0.00074674 0.00841857 0.34980411 0.04469359 0.29559555 0.02152827 0.06870390 0.03483195 0.16063217 0.01253774
20.80104005 8.58930772 0.00090913 0.00123273 0.00044495 0.00291945 0.35478787 0.05026349 0.30019183 0.01923938 0.06666380 0.03296209 0.15912377 0.01126151
20.90104505 8.57609354 0.00131797 0.00114339 0.00077094 0.00795460 0.35565207 0.05312661 0.30118052 0.02273251 0.06095327 0.03204592 0.15107075 0.01205145
21.00105005 8.56805555 0.00082127 0.00118507 0.00045959 0.00178969 0.36583789 0.05303327 0.30175010 0.02106465 0.06462343 0.02806362 0.14660351 0.01476791
21.10105505 8.55694705 0.00100456 0.00105343 0.00054231 0.00416083 0.36454292 0.05301078 0.30530072 0.02166218 0.05789866 0.03267956 0.14520427 0.01293978
21.20106005 8.54642638 0.00143470 0.00122748 0.00100802 0.00596157 0.36025053 0.05421041 0.29823335 0.02132045 0.06203998 0.03232615 0.14824867 0.01373870
21.30106505 8.52545441 0.00141926 0.00115679 0.00070130 0.00633002 0.36083373 0.05144150 0.29344951 0.02643181 0.05904994 0.03798127 0.14751003 0.01369484
21.40107005 8.51429535 0.00132909 0.00125089 0.00080550 0.00737612 0.35814875 0.04592053 0.29330918 0.02428385 0.06252632 0.03922062 0.15076486 0.01506429
21.50107505 8.50117629 0.00132159 0.00115044 0.00080046 0.00872050 0.35635736 0.04911868 0.29031796 0.02461078 0.05835840 0.04149040 0.15381586 0.01393759
21.60108005 8.49282503 0.00117112 0.00115305 0.00075914 0.00599259 0.35826952 0.05243947 0.29607427 0.02377109 0.06123410 0.03943115 0.14926905 0.01043545
21.70108505 8.47854158 0.00126913 0.00119782 0.00082730 0.00585449 0.36164269 0.04931514 0.29829233 0.02236100 0.06267243 0.03629507 0.15019473 0.01007787
21.80109005 8.46689551 0.00133917 0.00109853 0.00095633 0.00824519 0.36577557 0.04494081 0.29362798 0.02167501 0.06011425 0.04201020 0.14938368 0.01083330
21.90109505 8.45292047 0.00138519 0.00107124 0.00110786 0.01227449 0.35853285 0.04644421 0.29496351 0.02067984 0.05823785 0.03948231 0.15119456 0.01462611
22.00110006 8.43700809 0.00165229 0.00111581 0.00133014 0.01364901 0.34911097 0.05010116 0.30320278 0.02160172 0.05706756 0.03591464 0.15150287 0.01375104
22.10110506 8.42531278 0.00136174 0.00119982 0.00116900 0.00736553 0.34853558 0.04720846 0.30372897 0.02084931 0.06142386 0.03513196 0.15511178 0.01691400
22.20111006 8.41187195 0.00084474 0.00114687 0.00057722 0.00376246 0.34566046 0.04443125 0.31223483 0.02010798 0.06157976 0.03826393 0.15337808 0.01801243
22.30111506 8.40790009 0.00132710 0.00113468 0.00116942 0.00826789 0.34118033 0.04264861 0.31860393 0.01737716 0.05848492 0.04106391 0.15459614 0.01414590
22.40112006 8.39375043 0.00102560 0.00112178 0.00075953 0.00589964 0.35180095 0.04605276 0.31298626 0.01841836 0.05862693 0.04097107 0.14946408 0.01287305
22.50112506 8.38546255 0.00147570 0.00113305 0.00096423 0.01001306 0.35607455 0.04034311 0.31221847 0.02265646 0.05814318 0.03747790 0.14643076 0.01306954
22.60113006 8.36788151 0.00185645 0.00110161 0.00147687 0.01404255 0.35072943 0.04293738 0.31221928 0.02404491 0.05450211 0.03524852 0.14544757 0.01639331
22.70113506 8.36123053 0.00142362 0.00102811 0.00078184 0.00699158 0.35337257 0.04941139 0.31734884 0.02639409 0.05009653 0.03503577 0.14615395 0.01196171
22.80114006 8.34986886 0.00141401 0.00107615 0.00091974 0.00787231 0.35530511 0.04958282 0.32007298 0.02458785 0.04886236 0.03135258 0.14668340 0.01227068
22.90114506 8.33893962 0.00112027 0.00110729 0.00085092 0.00866666 0.35733635 0.04728144 0.32116345 0.02415746 0.04625344 0.02843336 0.15013947 0.01348989
23.00115006 8.33117000 0.00081835 0.00120630 0.00061681 0.00235889 0.35938043 0.04711605 0.32118627 0.02087083 0.04834200 0.03027612 0.15188500 0.01594295
23.10115506 8.32732183 0.00069955 0.00106604 0.00020785 0.00049143 0.36413181 0.04789251 0.32676322 0.02095923 0.04816062 0.03133247 0.14587831 0.01241696
23.20116006 8.31883864 0.00066233 0.00100596 0.00029880 0.00156514 0.36579615 0.04336109 0.32447523 0.02035864 0.04900121 0.03579293 0.14572145 0.01196107
23.30116506 8.30531296 0.00084233 0.00108437 0.00045889 0.00522936 0.36309790 0.03654031 0.32592677 0.01817463 0.05090123 0.03722271 0.14898974 0.01153177
23.40117006 8.29529976 0.00177166 0.00101885 0.00147575 0.01044436 0.36254399 0.03032031 0.32391062 0.01957599 0.05050273 0.03823604 0.14802380 0.01217588
23.50117506 8.28479255 0.00107919 0.00110027 0.00068424 0.00413955 0.35462269 0.03572004 0.31857634 0.02268668 0.05817738 0.03822863 0.15352333 0.01146167
23.60118006 8.27539920 0.00117068 0.00107686 0.00091473 0.00557782 0.35624823 0.03342256 0.32065844 0.01931754 0.05742751 0.03702901 0.15458896 0.01256767
23.70118506 8.26680700 0.00124523 0.00105514 0.00082374 0.00558544 0.35434359 0.03462375 0.32638359 0.02316598 0.05527189 0.03363370 0.15294578 0.01092215
23.80119006 8.24870786 0.00085962 0.00111579 0.00077575 0.00509905 0.35598479 0.03725331 0.32553580 0.01820985 0.05889565 0.03417884 0.15046798 0.01162358
23.90119506 8.23798434 0.00056176 0.00108441 0.00022369 0.00037405 0.35590171 0.03922189 0.33096527 0.01940544 0.06026401 0.03446305 0.14778461 0.00975012
24.00120006 8.22556861 0.00089922 0.00108795 0.00060007 0.00371448 0.35515118 0.03944892 0.33198034 0.01797279 0.05714130 0.03415983 0.14663922 0.01120470
24.10120506 8.22028194 0.00064833 0.00111073 0.00017216 0.00425287 0.35789285 0.04154381 0.33455679 0.01896814 0.05247711 0.03144094 0.14796252 0.00897374
24.20121006 8.21213446 0.00069363 0.00104557 0.00022726 0.00333736 0.35551088 0.04213293 0.33171766 0.02056370 0.05419240 0.02975849 0.15153349 0.00928662
24.30121506 8.19957039 0.00087217 0.00116587 0.00035012 0.00280809 0.35304851 0.04176609 0.32820920 0.02270880 0.05289185 0.02992070 0.15668458 0.00957403
24.40122006 8.18460452 0.00105478 0.00114264 0.00046646 0.00492779 0.34733237 0.04242800 0.32837552 0.02420777 0.05927265 0.02890459 0.15187682 0.01001062
24.50122506 8.16854457 0.00086689 0.00114593 0.00033135 0.00346501 0.34735084 0.04262741 0.32759156 0.02091210 0.06162786 0.03237992 0.15228382 0.00941732
24.60123006 8.16096062 0.00090171 0.00116736 0.00029481 0.00181530 0.35260280 0.03811519 0.32768593 0.02738916 0.06192329 0.03068676 0.14862063 0.00879705
24.70123506 8.15522103 0.00097112 0.00101567 0.00046909 0.00380961 0.35128128 0.04341091 0.33005781 0.02009446 0.06330068 0.03136430 0.14634456 0.00788051
24.80124006 8.14595542 0.00098687 0.00102497 0.00060479 0.00403830 0.35235690 0.04272685 0.32947225 0.02095077 0.06170623 0.02827169 0.14743965 0.01042072
24.90124506 8.13661766 0.00061594 0.00121726 0.00023692 0.00041257 0.35160839 0.04225090 0.33005437 0.01787621 0.06452870 0.02486216 0.15459129 0.01174529
25.00125006 8.11830955 0.00109396 0.00130868 0.00084777 0.00603826 0.34835386 0.04037585 0.32715712 0.01457330 0.07266280 0.02640650 0.15051754 0.01066435
25.10125506 8.10848340 0.00144718 0.00121015 0.00103950 0.00961584 0.35446272 0.03945589 0.32390704 0.01856929 0.06516719 0.02523804 0.14925291 0.01063426
25.20126006 8.09735977 0.00124972 0.00110851 0.00090877 0.00944238 0.35244143 0.04270014 0.32981887 0.01558716 0.06252223 0.02560417 0.15010895 0.00850765
25.30126506 8.08453603 0.00102147 0.00102539 0.00053184 0.00477648 0.34644586 0.04049078 0.33613908 0.02144175 0.06171720 0.02982427 0.14667247 0.00991342
25.40127006 8.08061245 0.00076089 0.00104984 0.00030117 0.00165360 0.35098896 0.04243032 0.33121152 0.02462418 0.06183527 0.02597084 0.14891440 0.01025900
25.50127506 8.06933876 0.00085328 0.00111725 0.00051799 0.00337626 0.34414374 0.04740340 0.32485620 0.01831020 0.05962532 0.03082579 0.15625748 0.01271307
25.60128006 8.06286040 0.00112087 0.00114525 0.00053084 0.00665089 0.34435813 0.03888023 0.32500880 0.02056691 0.06354763 0.03310010 0.15394018 0.01115016
25.70128506 8.05222728 0.00109159 0.00110745 0.00065848 0.00656264 0.34644914 0.04066076 0.32171720 0.02018192 0.05803244 0.03477788 0.15669378 0.01206672
