0.00000000 13.00000000 0.00000000 0.00000000 0.00000000 0.00000000 0.00000000 0.00000000 0.00000000 1.00000000 0.00000000 0.00000000 0.00000000 0.00000000
0.20004001 12.99944779 0.07842025 0.00067587 0.01203793 0.09262066 0.01234475 0.27137751 0.01026173 0.14147246 0.00956165 0.28045615 0.00515599 0.08561505
0.40008002 13.00852755 0.02291476 0.00086806 0.02161933 0.05606296 0.01239462 0.31960435 0.01406503 0.21121765 0.01110684 0.24761571 0.01156544 0.07096526
0.60012002 13.06145219 0.03263671 0.00169007 0.01131618 0.08237828 0.01680291 0.13733546 0.01572747 0.40815401 0.01792882 0.16988182 0.01585072 0.09029755
0.80016003 13.11639926 0.02819769 0.00127022 0.01188344 0.07370063 0.01943397 0.17060563 0.02070615 0.08025740 0.01850947 0.50156552 0.01608018 0.05778971
1.00020004 13.13128872 0.02490099 0.00135586 0.01232435 0.07565887 0.01953158 0.14436687 0.02023566 0.19988515 0.02293987 0.33804555 0.01993702 0.12081824
1.20024005 13.17396408 0.03158784 0.00169982 0.00953487 0.08736802 0.02102942 0.14177089 0.02497971 0.28780240 0.02485752 0.24888992 0.02143351 0.09904607
1.40028006 13.14437087 0.01723180 0.00168859 0.01306082 0.07032035 0.02682417 0.27573067 0.02731880 0.15417295 0.02828936 0.29628874 0.02187906 0.06719469
1.60032006 13.11577084 0.02530835 0.00168487 0.01360302 0.08138756 0.02783104 0.28999594 0.02605741 0.15465137 0.03210470 0.25998884 0.02232197 0.06506495
1.80036007 13.04782844 0.03283218 0.00220862 0.01397844 0.07018356 0.02729589 0.11489943 0.02935879 0.36311790 0.03552512 0.21953754 0.02961156 0.06145097
2.00040008 12.98667649 0.01979376 0.00221388 0.01007320 0.05236828 0.02879656 0.14443094 0.03428217 0.15740077 0.03886941 0.37225514 0.02783796 0.11167793
2.20044009 12.95235703 0.03699971 0.00233558 0.01341921 0.07454759 0.03192442 0.09483837 0.03683300 0.28900421 0.03935800 0.29500753 0.02954898 0.05618340
2.40048010 12.94036281 0.03105163 0.00257701 0.01365561 0.05033974 0.04052024 0.15227882 0.03719701 0.41158491 0.04659836 0.13581783 0.03110736 0.04727150
2.60052010 12.95457827 0.01770705 0.00253971 0.01028263 0.05847920 0.03704472 0.34964753 0.03871426 0.08860304 0.04811678 0.26025420 0.03558451 0.05302636
2.80056011 12.95731303 0.02561388 0.00273631 0.01403103 0.05117587 0.04122434 0.14343348 0.03671138 0.38106724 0.05193013 0.14691803 0.03539782 0.06976050
3.00060012 12.97829479 0.03367665 0.00263747 0.00985823 0.07622598 0.04592327 0.12902068 0.03917326 0.32752333 0.05414835 0.18240790 0.03411762 0.06528725
3.20064013 12.97988950 0.01431129 0.00262803 0.01060786 0.05907505 0.04740846 0.19598247 0.03936711 0.09713616 0.05635534 0.35638507 0.04024102 0.08050214
3.40068014 12.98229456 0.02425742 0.00267530 0.01387890 0.06167105 0.04867849 0.14112266 0.04080497 0.21613989 0.05866854 0.26911277 0.03917267 0.08381735
3.60072014 12.99938656 0.02365113 0.00264037 0.01123157 0.06710169 0.05679934 0.16698688 0.03836684 0.21736810 0.05801986 0.25451290 0.03617357 0.06714777
3.80076015 12.99620330 0.01367441 0.00286502 0.00987165 0.06148697 0.05469070 0.21115928 0.04047138 0.11856767 0.06163423 0.32419988 0.04033864 0.06104018
4.00080016 12.98306746 0.02417240 0.00283278 0.01247482 0.06603988 0.05199998 0.15486710 0.04095612 0.24662031 0.06157833 0.21475812 0.04463275 0.07906742
4.20084017 12.95606867 0.02654140 0.00320757 0.01304069 0.06273986 0.05628181 0.11897715 0.04419817 0.32082235 0.06627321 0.17966269 0.04003920 0.06821591
4.40088018 12.92728204 0.01716632 0.00299184 0.01061106 0.05950948 0.05878623 0.22959663 0.04407711 0.13489538 0.06368992 0.29035746 0.04045487 0.04786369
4.60092018 12.89411187 0.02655353 0.00306699 0.01105657 0.06147145 0.05614467 0.15474397 0.04496870 0.28560568 0.06893372 0.18873542 0.04288588 0.05583342
4.80096019 12.87118253 0.02400597 0.00309745 0.01246862 0.05726146 0.06210899 0.13094691 0.04973323 0.21892217 0.06689702 0.27421804 0.04616327 0.05417687
5.00100020 12.87411073 0.02103376 0.00358073 0.01107065 0.05952264 0.06452770 0.13240412 0.04957340 0.16883282 0.07165314 0.30325897 0.04466499 0.06987708
5.20104021 12.87763566 0.02627496 0.00367966 0.01046220 0.05681191 0.06991618 0.08701231 0.05448208 0.33526442 0.07752496 0.17098562 0.04839708 0.05918861
5.40108022 12.89633560 0.01554944 0.00330635 0.00923978 0.05955192 0.06765289 0.21755844 0.05581815 0.16055023 0.07425203 0.23293850 0.05497053 0.04861174
5.60112022 12.88932848 0.01616163 0.00396809 0.00879797 0.05314998 0.06849846 0.21226290 0.05794802 0.19602430 0.08403751 0.19436248 0.05154786 0.05324079
5.80116023 12.89167578 0.02158894 0.00354200 0.00988145 0.05350332 0.07392786 0.15328882 0.06133780 0.24979684 0.07969294 0.18500177 0.04749934 0.06093890
6.00120024 12.87723239 0.01733701 0.00385823 0.00827014 0.04845639 0.06922228 0.15084503 0.06160140 0.16565020 0.08416900 0.26765754 0.05314905 0.06978374
6.20124025 12.86472732 0.01677284 0.00349787 0.00788148 0.05253779 0.06412026 0.12719147 0.06430513 0.15742033 0.08460150 0.30048128 0.05347518 0.06771486
6.40128026 12.85632151 0.02109208 0.00365268 0.00894194 0.04718111 0.06822705 0.12320582 0.07014070 0.23459236 0.08676303 0.22289531 0.04921649 0.06409144
6.60132026 12.83841738 0.01909815 0.00352375 0.01021253 0.04528319 0.07054645 0.18961497 0.06858676 0.20388029 0.08680655 0.19956755 0.05253644 0.05034336
6.80136027 12.84378012 0.01451886 0.00365502 0.00858206 0.04696238 0.06742028 0.21586783 0.06992141 0.15242621 0.08958695 0.23190751 0.05341628 0.04573521
7.00140028 12.81877341 0.02417100 0.00369434 0.00842322 0.04951570 0.06742625 0.11215415 0.07221674 0.31518111 0.09088630 0.15049002 0.05377632 0.05206485
7.20144029 12.80929075 0.01850617 0.00381028 0.00814314 0.04672121 0.07177146 0.13971569 0.07122158 0.19797487 0.09516877 0.23468132 0.05402786 0.05825765
7.40148030 12.79125713 0.01742865 0.00387134 0.00947805 0.05226249 0.07439102 0.14609557 0.06971589 0.17888827 0.10141401 0.25052356 0.05260768 0.04332346
7.60152030 12.78162383 0.02080017 0.00380260 0.00835809 0.05010043 0.07348632 0.11965612 0.07469250 0.23577940 0.09936568 0.20340440 0.06065285 0.04990145
7.80156031 12.79054259 0.01428001 0.00403395 0.00720998 0.04750527 0.07631991 0.15125244 0.07386142 0.13669923 0.10731755 0.27443926 0.05846712 0.04861387
8.00160032 12.79354602 0.01912185 0.00381373 0.00897640 0.05417445 0.08616201 0.11134840 0.07331523 0.23118363 0.09782494 0.20638756 0.05688404 0.05080776
8.20164033 12.80511175 0.01807203 0.00418512 0.00903264 0.05296119 0.08507526 0.13971999 0.07463547 0.21269075 0.10148537 0.19294705 0.05661872 0.05257641
8.40168034 12.79930682 0.01373636 0.00373045 0.00766507 0.04959011 0.08573137 0.16540461 0.07198867 0.17626680 0.10023346 0.21775171 0.06031600 0.04758541
8.60172034 12.79035356 0.01665586 0.00390121 0.00849450 0.05295067 0.08876479 0.15950506 0.07357355 0.19396844 0.10150093 0.20177735 0.05425945 0.04464818
8.80176035 12.77355697 0.01726104 0.00402013 0.00897378 0.04638040 0.09507733 0.13572859 0.07230888 0.20114936 0.10086358 0.21524294 0.05773002 0.04526396
9.00180036 12.75384200 0.01532885 0.00414046 0.00742100 0.04058369 0.09496785 0.12773718 0.07033663 0.15192386 0.10498860 0.26168727 0.05956640 0.06131822
9.20184037 12.74911567 0.01947778 0.00390472 0.00940905 0.04620943 0.09600252 0.11203038 0.07097540 0.19579877 0.09833663 0.23886811 0.06078067 0.04820655
9.40188038 12.73705619 0.02008851 0.00426279 0.00753147 0.04796413 0.09704343 0.11452483 0.07329662 0.25734250 0.10261282 0.16958477 0.05678428 0.04896385
9.60192038 12.73793351 0.01244767 0.00417198 0.00747788 0.04274800 0.09878787 0.20246410 0.07564494 0.14778492 0.10399253 0.20776761 0.05740262 0.03930988
9.80196039 12.72722398 0.01791312 0.00417962 0.00812762 0.04014302 0.10038792 0.14672635 0.07571955 0.22688656 0.10269166 0.17054419 0.06502119 0.04165920
10.00200040 12.72506550 0.01822617 0.00445043 0.00660197 0.03908056 0.10145552 0.10981581 0.07610145 0.23375979 0.11012834 0.19667019 0.05986420 0.04384558
10.20204041 12.71384778 0.01309649 0.00411323 0.00584644 0.03870797 0.10411672 0.12865241 0.08338972 0.15614767 0.09934258 0.25492038 0.06103768 0.05062870
10.40208042 12.70624557 0.01649135 0.00449596 0.00739736 0.04011014 0.10107867 0.10663656 0.08149401 0.20150948 0.10806504 0.22641634 0.06086626 0.04543883
10.60212042 12.71521932 0.01421618 0.00414851 0.00682999 0.03941932 0.10347992 0.13082973 0.08104338 0.17381205 0.10287231 0.23134717 0.06845582 0.04354562
10.80216043 12.70809569 0.01290860 0.00437709 0.00500794 0.03399281 0.10298401 0.14010809 0.08751422 0.18732816 0.10438341 0.21186159 0.06074120 0.04879286
11.00220044 12.70579970 0.01418822 0.00424734 0.00637821 0.03562568 0.09843812 0.14525308 0.08890162 0.19896372 0.10505347 0.20069548 0.06135938 0.04089567
11.20224045 12.68856033 0.01477409 0.00464474 0.00616956 0.03709044 0.10169948 0.12606526 0.08410161 0.21188534 0.10810257 0.19670333 0.06545153 0.04331204
11.40228046 12.67479687 0.01301638 0.00465861 0.00520694 0.03370898 0.10477998 0.12937266 0.08794969 0.17829231 0.10519150 0.23082321 0.06342016 0.04357959
11.60232046 12.65560938 0.01462750 0.00499290 0.00585711 0.03722564 0.10411583 0.12331406 0.08424130 0.19390017 0.11345336 0.21751154 0.06119655 0.03956405
11.80236047 12.63888411 0.01550378 0.00450438 0.00712601 0.03641469 0.10581848 0.12214039 0.08542875 0.18898927 0.10893046 0.22107286 0.06531787 0.03875305
12.00240048 12.63757194 0.01300106 0.00446654 0.00673734 0.03741916 0.10854145 0.12858102 0.08587873 0.15161728 0.11121319 0.24203503 0.06590004 0.04460917
12.20244049 12.63455966 0.01793183 0.00460799 0.00643742 0.03582388 0.11081281 0.09375812 0.08704020 0.25109296 0.11130052 0.17370598 0.06423841 0.04324987
12.40248050 12.63297624 0.01420723 0.00438283 0.00745655 0.03554765 0.11283349 0.14470043 0.09044027 0.18476151 0.11123493 0.19173115 0.06310842 0.03959553
12.60252050 12.62225344 0.01241361 0.00483254 0.00631768 0.03312520 0.11436441 0.14982303 0.09111991 0.17228138 0.11871239 0.19550721 0.06297069 0.03853196
12.80256051 12.61331818 0.01508601 0.00433302 0.00543843 0.03229137 0.11456893 0.10801569 0.09089827 0.21383383 0.11399098 0.18957166 0.06820873 0.04376308
13.00260052 12.60696628 0.01361087 0.00430063 0.00639552 0.03811283 0.11778497 0.11349579 0.09062596 0.16893587 0.11392523 0.23137059 0.06336314 0.03807859
13.20264053 12.59619759 0.01344061 0.00469925 0.00598772 0.03375925 0.11441178 0.10443719 0.08816903 0.17526558 0.11975669 0.23052680 0.06496318 0.04458292
13.40268054 12.59495194 0.01516396 0.00441464 0.00735928 0.03658178 0.11534121 0.10839231 0.09101550 0.18407107 0.11521515 0.21535418 0.06601344 0.04107749
13.60272054 12.58936984 0.01343468 0.00438366 0.00621041 0.03662587 0.11654520 0.11677224 0.09424835 0.19784365 0.12231835 0.19118815 0.06050437 0.03992508
13.80276055 12.58545040 0.01223632 0.00504846 0.00603378 0.02986503 0.11322501 0.13875010 0.09727384 0.16792269 0.13015116 0.19577609 0.06630146 0.03741607
14.00280056 12.57394088 0.01259358 0.00462876 0.00546440 0.03306330 0.11188430 0.11331615 0.09793225 0.19771407 0.12577274 0.18444769 0.07378188 0.03940089
14.20284057 12.56567863 0.01428011 0.00483678 0.00679143 0.03493094 0.11415821 0.09828052 0.09667112 0.18058154 0.12934714 0.20831804 0.06898668 0.04281749
14.40288058 12.56020732 0.01312718 0.00499188 0.00652730 0.02836465 0.11774772 0.10373345 0.10199619 0.16504829 0.12990789 0.22835441 0.06335625 0.03684478
14.60292058 12.55203063 0.01353280 0.00451653 0.00498277 0.02819867 0.11918217 0.09768270 0.10933176 0.19885367 0.12500435 0.19212084 0.06996512 0.03662863
14.80296059 12.55065203 0.00986108 0.00489565 0.00468748 0.02798574 0.12315811 0.12896909 0.09899036 0.14853417 0.13623908 0.21895873 0.06671674 0.03100380
15.00300060 12.54364417 0.01340080 0.00459801 0.00527033 0.03063513 0.12467439 0.10460991 0.10113794 0.19833680 0.12701203 0.18217568 0.07257755 0.03557142
15.20304061 12.54202363 0.01327969 0.00484244 0.00557575 0.03088296 0.12180902 0.10819836 0.10624399 0.20012458 0.13167725 0.17241011 0.06742723 0.03752863
15.40308062 12.53740163 0.01239145 0.00472967 0.00665048 0.02712526 0.12046088 0.12005943 0.10505808 0.16120756 0.13419904 0.19906816 0.07155225 0.03749773
15.60312062 12.53056840 0.01270467 0.00482492 0.00565623 0.02481675 0.12445814 0.10617604 0.10726600 0.17953890 0.13340501 0.19141295 0.07204586 0.03769453
15.80316063 12.52655013 0.01244371 0.00475294 0.00556330 0.02902334 0.12739540 0.10211017 0.10510877 0.17477611 0.13927282 0.19822233 0.06546999 0.03586111
16.00320064 12.51833812 0.01190444 0.00453429 0.00595867 0.02900579 0.12987358 0.10839858 0.10309071 0.16132018 0.13675751 0.20299204 0.06974383 0.03642039
16.20324065 12.52074092 0.01166301 0.00468747 0.00617240 0.02690413 0.13056537 0.10872544 0.10510788 0.15781145 0.13661849 0.20241654 0.07302072 0.03630710
16.40328066 12.50852761 0.01418245 0.00515687 0.00596708 0.03347837 0.13301616 0.09185892 0.10684996 0.19457367 0.13273257 0.17652916 0.06824436 0.03741043
16.60332066 12.50123014 0.01150553 0.00493937 0.00568463 0.03292507 0.13699965 0.11975214 0.10415918 0.16366445 0.13447743 0.18430467 0.06742429 0.03416360
16.80336067 12.49328289 0.01137119 0.00485910 0.00514527 0.03416982 0.13509244 0.11639563 0.10104215 0.16611173 0.13274589 0.18390506 0.07626035 0.03290139
17.00340068 12.48001628 0.01395790 0.00527790 0.00624611 0.03285384 0.13147851 0.09358281 0.10270566 0.18233738 0.14296675 0.18584500 0.06957110 0.03317705
17.20344069 12.47413571 0.01152322 0.00456276 0.00574630 0.03291061 0.13963006 0.09635006 0.10661075 0.15027210 0.13283264 0.21175261 0.07036371 0.03744517
17.40348070 12.46304968 0.01469302 0.00514532 0.00672359 0.03295098 0.13985408 0.08722868 0.09786464 0.18111076 0.14397266 0.18845635 0.06716323 0.03483668
17.60352070 12.46625800 0.01199717 0.00496339 0.00653329 0.03575590 0.13875957 0.11015820 0.09816650 0.15782148 0.13805394 0.19134182 0.07405652 0.03239222
17.80356071 12.46165743 0.01152269 0.00471825 0.00515173 0.02975229 0.13855040 0.11301569 0.10174042 0.16685480 0.13579917 0.18345772 0.07719168 0.03224516
18.00360072 12.45150890 0.01177914 0.00509418 0.00472025 0.03421018 0.13667496 0.10309611 0.10242887 0.18414001 0.14640020 0.16959173 0.06740171 0.03446265
18.20364073 12.44453091 0.01232191 0.00509321 0.00706071 0.03518474 0.13922205 0.10570009 0.10100624 0.16375153 0.13836557 0.18486489 0.07431286 0.03311622
18.40368074 12.43025101 0.01129010 0.00503136 0.00463237 0.03172864 0.13795428 0.09884299 0.10231097 0.16226886 0.14222726 0.19403624 0.07047605 0.03920089
18.60372074 12.42803137 0.01239365 0.00503187 0.00605308 0.03302905 0.13662544 0.09598986 0.10761953 0.16629247 0.14132957 0.19060049 0.06939351 0.03564148
18.80376075 12.42100366 0.01358772 0.00493179 0.00692498 0.03600752 0.13629692 0.10116179 0.10600610 0.16955568 0.14110794 0.17710972 0.07365717 0.03365265
19.00380076 12.41791197 0.00996712 0.00488013 0.00487207 0.03259843 0.13811751 0.11489723 0.10516951 0.14094698 0.14472941 0.19429276 0.07310336 0.03642548
19.20384077 12.41216266 0.01241418 0.00494021 0.00512147 0.03418511 0.13655230 0.09692209 0.10890980 0.17531161 0.14543972 0.17035521 0.07215788 0.03769042
19.40388078 12.40736071 0.01282264 0.00484671 0.00584328 0.03179488 0.14044548 0.10427881 0.11658798 0.17222554 0.14258603 0.16775013 0.06953371 0.03128480
19.60392078 12.40132073 0.01091119 0.00517573 0.00506873 0.03142613 0.13533956 0.11462605 0.11459440 0.14730264 0.14820693 0.18536612 0.06868330 0.03329922
19.80396079 12.39161203 0.01221973 0.00489327 0.00464862 0.02735298 0.13461015 0.09308957 0.11465113 0.17456820 0.14424986 0.17509021 0.07959550 0.03503077
20.00400080 12.38082877 0.01097620 0.00519246 0.00499298 0.02727690 0.13606638 0.10343518 0.11832979 0.15105391 0.14405302 0.19196312 0.07435827 0.03230180
20.20404081 12.37516735 0.01073790 0.00539198 0.00386971 0.02597689 0.13896644 0.09783953 0.11454903 0.16303154 0.15018986 0.18351851 0.07290261 0.03302600
20.40408082 12.36918295 0.01063859 0.00520031 0.00416350 0.02796907 0.14215215 0.09630580 0.11895261 0.16208531 0.14566962 0.17737120 0.08002522 0.02946661
20.60412082 12.36481759 0.01106391 0.00554967 0.00506044 0.02803859 0.14303868 0.10594221 0.12203665 0.15191173 0.15179973 0.17002664 0.07357517 0.03195657
20.80416083 12.36084765 0.01173652 0.00519182 0.00558644 0.02761188 0.15133275 0.10288592 0.11806452 0.16518314 0.14657142 0.16140882 0.07483941 0.02958737
21.00420084 12.35410705 0.01372896 0.00532010 0.00713992 0.03061417 0.15299883 0.09462991 0.11707577 0.15614480 0.14793034 0.16806309 0.07667487 0.02967925
21.20424085 12.34458614 0.01025468 0.00544415 0.00456107 0.03251196 0.14962030 0.08835562 0.11928099 0.14547831 0.15205779 0.18247214 0.07959668 0.03036632
21.40428086 12.34208653 0.00979119 0.00532490 0.00383453 0.02949851 0.14946767 0.09492386 0.12057334 0.14383238 0.14852388 0.18124817 0.08011013 0.03287146
21.60432086 12.33750718 0.01180142 0.00523287 0.00465321 0.02708881 0.15143844 0.09419660 0.12053363 0.16696964 0.15069534 0.16474834 0.07409964 0.02854207
21.80436087 12.33740378 0.01010106 0.00511142 0.00371778 0.02632320 0.15268647 0.10333637 0.11613697 0.14482479 0.15492575 0.17961822 0.07513930 0.02807867
22.00440088 12.33380609 0.01026495 0.00539418 0.00328703 0.02108581 0.15262370 0.09952089 0.12062164 0.15829735 0.15299245 0.16772487 0.08036794 0.02781919
22.20444089 12.32794415 0.01049422 0.00543042 0.00402830 0.02214429 0.15529203 0.09257409 0.12295316 0.16628085 0.15728597 0.15714893 0.07703833 0.02932941
22.40448090 12.32468514 0.00921072 0.00532334 0.00290148 0.02153644 0.15577061 0.10238762 0.12042571 0.14129247 0.16157827 0.17349258 0.07890198 0.02717878
22.60452090 12.31618622 0.00955453 0.00531571 0.00260245 0.02245207 0.16097144 0.09294774 0.11867564 0.15335059 0.15454829 0.16741214 0.08448883 0.02768057
22.80456091 12.31400327 0.00932702 0.00553610 0.00328418 0.01912766 0.16403278 0.09458128 0.11903039 0.14374703 0.16192923 0.17510273 0.07747140 0.02683018
23.00460092 12.30908044 0.00954381 0.00560186 0.00316798 0.01714552 0.16130187 0.08852877 0.12370923 0.15217721 0.16015875 0.16947267 0.08122820 0.02796413
23.20464093 12.30516223 0.00964156 0.00584844 0.00308987 0.01605997 0.16143703 0.09085615 0.11911436 0.15470132 0.16601732 0.16575048 0.08158276 0.02590075
23.40468094 12.30119252 0.00841372 0.00563409 0.00239630 0.01838699 0.16477764 0.09906492 0.11978487 0.14853525 0.16461606 0.16418980 0.07918724 0.02501311
23.60472094 12.29516892 0.00836911 0.00541602 0.00270796 0.01956506 0.16275524 0.09836875 0.12155272 0.15119830 0.16239967 0.16147164 0.08187625 0.02431928
23.80476095 12.28849426 0.01065322 0.00545490 0.00403522 0.02291453 0.15847990 0.09298451 0.11907049 0.14799104 0.16935796 0.16519463 0.07763665 0.02622694
24.00480096 12.27257404 0.01067139 0.00517682 0.00444786 0.02585230 0.15525224 0.08825240 0.11933085 0.15091224 0.16556652 0.16827751 0.07867347 0.02758638
24.20484097 12.26672957 0.01001216 0.00498609 0.00385902 0.02833166 0.15489168 0.09315731 0.12600140 0.13554417 0.16022065 0.17561769 0.07790009 0.02947809
24.40488098 12.25931297 0.01203663 0.00560383 0.00524057 0.02723705 0.15323026 0.08463116 0.12310431 0.15741140 0.16808342 0.16089870 0.07397810 0.02854457
24.60492098 12.25246692 0.01093365 0.00498923 0.00557570 0.02701072 0.15380633 0.09893387 0.12354129 0.14324022 0.16287714 0.16549422 0.07678592 0.02681173
24.80496099 12.24776461 0.00923405 0.00520322 0.00329283 0.02752261 0.15255807 0.09927954 0.12659543 0.14442471 0.16577402 0.16271173 0.07786917 0.02553461
25.00500100 12.24421359 0.00953923 0.00527441 0.00317448 0.02443045 0.15606279 0.08536429 0.12718357 0.15794518 0.16910336 0.15579610 0.07837577 0.02775036
25.20504101 12.23876575 0.00904114 0.00517265 0.00376833 0.02161479 0.16318475 0.08965802 0.12353563 0.14233257 0.17023951 0.16694056 0.07786736 0.02664469
25.40508102 12.22932647 0.01062159 0.00528491 0.00375337 0.02225054 0.16002603 0.08600956 0.12580250 0.14857316 0.17480384 0.16188510 0.07408263 0.02690676
25.60512102 12.22523936 0.01049539 0.00517073 0.00499095 0.02519326 0.15405022 0.08974892 0.13058504 0.13833863 0.16878505 0.16699014 0.07940887 0.02624280
25.80516103 12.22134379 0.01105580 0.00520467 0.00530682 0.02563584 0.15620353 0.08279953 0.12941464 0.14834146 0.17227218 0.15903630 0.07890488 0.02582434
26.00520104 12.22071446 0.00977860 0.00545399 0.00441602 0.02906886 0.16565144 0.08351878 0.12289952 0.14724025 0.17751286 0.15588761 0.07448209 0.02408997
26.20524105 12.21725450 0.00869310 0.00538361 0.00357050 0.02521049 0.16098023 0.08522464 0.12486648 0.14311765 0.17535351 0.15908189 0.08341607 0.02510182
26.40528106 12.21685346 0.00956139 0.00499798 0.00362591 0.02371882 0.16094479 0.08079733 0.12719151 0.14539653 0.17277824 0.16312637 0.08208739 0.02577374
26.60532106 12.20987565 0.00905696 0.00535988 0.00437152 0.02425771 0.16781791 0.08243415 0.12446384 0.14222529 0.17757258 0.16259447 0.07478570 0.02505999
26.80536107 12.20401941 0.00940054 0.00500006 0.00353731 0.02497855 0.17479136 0.08393374 0.12460570 0.14447364 0.17186673 0.15987991 0.07373604 0.02379639
27.00540108 12.20022874 0.00835363 0.00486028 0.00353872 0.02446468 0.16897400 0.08285125 0.12660446 0.13495418 0.17122223 0.17052461 0.07833894 0.02531302
27.20544109 12.19689919 0.01021279 0.00492085 0.00424077 0.02735685 0.16671964 0.07372898 0.12594813 0.14660117 0.17330238 0.16115092 0.07910891 0.02670861
27.40548110 12.19145039 0.01094630 0.00506634 0.00575422 0.02931877 0.16827413 0.08021444 0.12579446 0.14880448 0.17240606 0.15153875 0.07645891 0.02542314
27.60552110 12.18064450 0.00914093 0.00524284 0.00466356 0.02628485 0.17331787 0.09192655 0.12328352 0.13677267 0.17571920 0.15496823 0.07443647 0.02424330
27.80556111 12.16929169 0.01011690 0.00497413 0.00365704 0.02784219 0.17780964 0.08359469 0.12335540 0.14337712 0.17043885 0.15222277 0.07742188 0.02518939
28.00560112 12.15923675 0.01040348 0.00538971 0.00559004 0.02642282 0.17891790 0.07452313 0.12638055 0.14541986 0.17243517 0.15559161 0.07687656 0.02204916
28.20564113 12.14912934 0.01082465 0.00541426 0.00568973 0.02678122 0.17644708 0.08029212 0.12460509 0.13650679 0.17179488 0.16094718 0.07573860 0.02495840
28.40568114 12.14422247 0.00962873 0.00530658 0.00418047 0.02648597 0.18036113 0.07597886 0.12600397 0.13544314 0.16630386 0.16266917 0.08202437 0.02561375
28.60572114 12.14227129 0.00900497 0.00529533 0.00378825 0.03161597 0.17800099 0.07575694 0.13062891 0.14232400 0.17024473 0.15150195 0.07982994 0.02200803
28.80576115 12.14406689 0.00895541 0.00539162 0.00426808 0.02408332 0.17954202 0.08399647 0.14011538 0.13651804 0.17271671 0.14663601 0.07623418 0.02154276
29.00580116 12.13909740 0.00785474 0.00534441 0.00325792 0.01964935 0.17512463 0.08450444 0.14170155 0.13980817 0.17439777 0.14741679 0.07943154 0.02150869
29.20584117 12.13144529 0.00844122 0.00524697 0.00274455 0.02259394 0.17816986 0.07344984 0.14166690 0.13941939 0.17084142 0.15109812 0.08207476 0.02425303
29.40588118 12.12701069 0.00866907 0.00559287 0.00408072 0.02094814 0.17882379 0.07695662 0.13683305 0.13121651 0.17677245 0.15896804 0.07997774 0.02116101
29.60592118 12.11885751 0.00959931 0.00545137 0.00375233 0.02120541 0.17439790 0.07390196 0.14078055 0.14247324 0.17622059 0.15274377 0.07714949 0.02232408
29.80596119 12.11009585 0.00858611 0.00511792 0.00315945 0.02218231 0.16512074 0.07952301 0.14734905 0.13068703 0.17207851 0.16267361 0.07833367 0.02518858
30.00600120 12.11122137 0.00784955 0.00525963 0.00338347 0.02297263 0.16504626 0.08115363 0.14301675 0.13522281 0.17499319 0.15813837 0.07968407 0.02327963
30.20604121 12.10646490 0.00937843 0.00543022 0.00342757 0.02661586 0.16907098 0.08009072 0.13805094 0.15016377 0.17496335 0.14094909 0.08048441 0.02137465
30.40608122 12.10286975 0.00755080 0.00540460 0.00231511 0.02104473 0.16877951 0.08606359 0.14014498 0.13666443 0.17574993 0.15588311 0.07592089 0.02447833
30.60612122 12.09471556 0.00845559 0.00528791 0.00273343 0.02027846 0.16923839 0.07761478 0.14792031 0.13444905 0.17455540 0.15641171 0.07899789 0.02405707
30.80616123 12.08992997 0.00858797 0.00541073 0.00348926 0.02053193 0.17559935 0.07669776 0.14291993 0.14018337 0.17507854 0.15189181 0.07899135 0.02061800
31.00620124 12.08754485 0.00812733 0.00543881 0.00294763 0.01971001 0.18379181 0.08286195 0.13538978 0.13021603 0.17861396 0.15387147 0.07676553 0.02226568
31.20624125 12.08172357 0.00770259 0.00551929 0.00320508 0.01980063 0.18187625 0.07887453 0.13698762 0.12784465 0.17684331 0.15744457 0.08077343 0.02312805
31.40628126 12.07076115 0.00934895 0.00519426 0.00395270 0.02695699 0.17621842 0.06974154 0.14229124 0.13644450 0.17731528 0.14857241 0.07898070 0.02498301
31.60632126 12.05789304 0.00838371 0.00558598 0.00299972 0.02399450 0.18062759 0.08292812 0.13815477 0.13376494 0.18072982 0.14349090 0.07690173 0.02243821
31.80636127 12.05319068 0.00899992 0.00529630 0.00390468 0.02239499 0.18436762 0.08299121 0.13518454 0.13394966 0.17935914 0.14092751 0.07779230 0.02483214
32.00640128 12.04715131 0.00951055 0.00521735 0.00410752 0.02280679 0.17870866 0.07475586 0.13682060 0.13520595 0.17650224 0.14879000 0.08475105 0.02282342
32.20644129 12.04322052 0.00832355 0.00522681 0.00329779 0.02064765 0.17976116 0.07875915 0.13699186 0.12601416 0.17938024 0.15569488 0.08263982 0.02326293
32.40648130 12.03328542 0.01070383 0.00547000 0.00475980 0.02522357 0.18060025 0.07166999 0.13433199 0.13902484 0.18533888 0.14505286 0.07625878 0.02156520
32.60652130 12.03086872 0.00932877 0.00528069 0.00443444 0.02326563 0.18257490 0.07972468 0.13633473 0.12766422 0.18287228 0.14747849 0.07693729 0.02410387
32.80656131 12.02701765 0.00948282 0.00517595 0.00414594 0.02490720 0.18074958 0.08087131 0.13557177 0.12790751 0.18219510 0.14371372 0.08230749 0.02297160
33.00660132 12.02495682 0.00959658 0.00546469 0.00484330 0.02489384 0.17917229 0.08138085 0.13274033 0.13781306 0.18752180 0.13360484 0.08110078 0.02186763
33.20664133 12.01916694 0.00872941 0.00535702 0.00345268 0.02088716 0.17921554 0.08771461 0.13580429 0.12828705 0.18326582 0.13973820 0.08235724 0.02519098
33.40668134 12.01064537 0.00859744 0.00562995 0.00291077 0.02054556 0.17893394 0.07709537 0.13745928 0.12937578 0.18610895 0.15134325 0.07586779 0.02613194
33.60672134 12.00734647 0.00851276 0.00541745 0.00330506 0.01773889 0.18541638 0.07688234 0.13572498 0.12787783 0.18340526 0.15168576 0.08003583 0.02399746
33.80676135 12.00015109 0.00859792 0.00548615 0.00315444 0.01875202 0.17900906 0.08190998 0.13595479 0.13083713 0.18745408 0.14696932 0.07809581 0.02377929
34.00680136 11.99789895 0.00820159 0.00540778 0.00267066 0.01555711 0.17837980 0.08408052 0.13494943 0.13050187 0.18627108 0.14683442 0.08099182 0.02615394
34.20684137 11.98813825 0.00901529 0.00523265 0.00361871 0.01616071 0.18143277 0.08028196 0.13638134 0.13462684 0.18271224 0.14697088 0.08224090 0.02132572
34.40688138 11.98662186 0.00802651 0.00549733 0.00221465 0.01553309 0.18037389 0.08540847 0.13760955 0.13625913 0.18852654 0.13915844 0.07799257 0.02339981
34.60692138 11.98432045 0.00789049 0.00540921 0.00215578 0.01505390 0.17819824 0.08579979 0.14297364 0.13378270 0.18928891 0.14161735 0.07412990 0.02370010
34.80696139 11.97534672 0.00898569 0.00509643 0.00335737 0.01485189 0.17958926 0.07677888 0.13972868 0.13046795 0.18500289 0.14991583 0.08058264 0.02564248
35.00700140 11.97036537 0.00866830 0.00520847 0.00321545 0.01635728 0.18065786 0.07857817 0.13666472 0.12516817 0.18815426 0.15414519 0.07931458 0.02386754
35.20704141 11.96863180 0.00894897 0.00538119 0.00346996 0.01411605 0.18185878 0.08299983 0.13613763 0.12949658 0.18644651 0.14668731 0.08017578 0.02428141
35.40708142 11.96831493 0.00877754 0.00485585 0.00319193 0.01514035 0.18577867 0.07906778 0.13669463 0.13387306 0.18243871 0.14721934 0.07823203 0.02473009
35.60712142 11.96908909 0.00771595 0.00493439 0.00224828 0.01853536 0.18365074 0.08195384 0.13747503 0.13039794 0.18424456 0.14978772 0.07369518 0.02536100
35.80716143 11.96455611 0.00919553 0.00488865 0.00393369 0.01734714 0.17981425 0.08845948 0.13743443 0.13487114 0.18331292 0.14021249 0.07854964 0.02198065
36.00720144 11.95417183 0.00964433 0.00491497 0.00421091 0.01948177 0.17976463 0.08967650 0.13273946 0.13352317 0.18671967 0.13832590 0.07586116 0.02513751
36.20724145 11.94687913 0.00723883 0.00500809 0.00235707 0.01810115 0.18514171 0.08219577 0.13430960 0.12908730 0.18620805 0.15044299 0.07533245 0.02457699
36.40728146 11.93860191 0.00892172 0.00466155 0.00327662 0.01879736 0.17812857 0.07393958 0.13753894 0.12874801 0.18257977 0.15733969 0.08109108 0.02497712
36.60732146 11.93264935 0.00909288 0.00518487 0.00281709 0.01924701 0.18066938 0.07384752 0.13281198 0.13722407 0.19256460 0.14934057 0.07276907 0.02443096
36.80736147 11.93142366 0.00842335 0.00501401 0.00348343 0.01918986 0.18629086 0.08390910 0.13076387 0.12803155 0.18977463 0.14829522 0.07415653 0.02266760
37.00740148 11.92849701 0.00809809 0.00482320 0.00287342 0.01746259 0.17946775 0.08418923 0.13400990 0.13185217 0.18366352 0.14624556 0.08203553 0.02527906
37.20744149 11.92788565 0.00822429 0.00514780 0.00238049 0.01762304 0.17548044 0.08282507 0.13607476 0.13847518 0.19277479 0.14455517 0.07252211 0.02391686
37.40748150 11.92270668 0.00847281 0.00491681 0.00364549 0.02044436 0.18380933 0.08250858 0.13531686 0.13221524 0.18738614 0.14545521 0.07257076 0.02325842
37.60752150 11.91530997 0.00814110 0.00516098 0.00325572 0.02135969 0.18041504 0.07548369 0.13517650 0.13083051 0.19473936 0.14516691 0.07450801 0.02576249
37.80756151 11.90913322 0.00876129 0.00474325 0.00371762 0.01830246 0.17499360 0.07830905 0.13488587 0.12375381 0.19094297 0.15617955 0.08043421 0.02497633
38.00760152 11.90561179 0.00845304 0.00501948 0.00338120 0.02125037 0.17582458 0.08040378 0.13062991 0.12833157 0.19601148 0.14772109 0.07851445 0.02445906
38.20764153 11.90470859 0.00936212 0.00485219 0.00347433 0.02363273 0.17692889 0.08232634 0.13116801 0.13505217 0.19697574 0.14056504 0.07207506 0.02358738
38.40768154 11.89937195 0.01002722 0.00485424 0.00513240 0.02272479 0.17357517 0.07940183 0.13420170 0.12816247 0.19462184 0.14483142 0.07474694 0.02771997
38.60772154 11.89670726 0.00955165 0.00485198 0.00464018 0.02556037 0.17241527 0.08165394 0.13447265 0.13117832 0.19707756 0.13781834 0.07718243 0.02359730
38.80776155 11.88791893 0.00853157 0.00507799 0.00355504 0.03073689 0.17524439 0.08149360 0.12848307 0.12969612 0.20185668 0.13670864 0.07533777 0.02327824
39.00780156 11.87616491 0.00871315 0.00486629 0.00383847 0.02991984 0.17504585 0.07869653 0.12795343 0.12533433 0.19774614 0.14480174 0.07838819 0.02469604
39.20784157 11.87373876 0.01032531 0.00489010 0.00474258 0.02764318 0.17559275 0.07360420 0.13195398 0.12364013 0.19804198 0.14634081 0.07752108 0.02570390
39.40788158 11.87403778 0.00889914 0.00495279 0.00359673 0.02364293 0.17632363 0.07614178 0.13202616 0.12880141 0.20417657 0.14408477 0.07252075 0.02483335
39.60792158 11.87167428 0.00856330 0.00491823 0.00347247 0.02369020 0.18016320 0.07950665 0.13149083 0.12873867 0.20118152 0.13985140 0.07424611 0.02417741
39.80796159 11.86769265 0.00939323 0.00499950 0.00454460 0.02150876 0.17785680 0.08018179 0.12823339 0.12430812 0.20452498 0.14403852 0.07438523 0.02602510
40.00800160 11.86396984 0.00853733 0.00476304 0.00331483 0.01715734 0.17643690 0.08079458 0.13603981 0.12686831 0.20099386 0.14293609 0.07776628 0.02439162
40.20804161 11.86033737 0.00790125 0.00491178 0.00287871 0.01872354 0.17566854 0.08581150 0.13492649 0.12501010 0.20434387 0.13889466 0.07614922 0.02478033
40.40808162 11.85173684 0.00826541 0.00503270 0.00290875 0.02212613 0.18080009 0.07543958 0.13093138 0.12941128 0.20174360 0.14230137 0.07749213 0.02354758
40.60812162 11.84551926 0.00842745 0.00469215 0.00370034 0.01875421 0.18028854 0.07214355 0.13237473 0.12099221 0.19988710 0.15026146 0.08075738 0.02772089
40.80816163 11.84155527 0.00824790 0.00476521 0.00359439 0.01699431 0.18040105 0.07927284 0.13568145 0.12411935 0.20609405 0.14014783 0.07505815 0.02562350
41.00820164 11.84182713 0.00873373 0.00485441 0.00362339 0.01919297 0.18135705 0.07994540 0.13754443 0.12693842 0.20753581 0.13114447 0.07470819 0.02442173
41.20824165 11.83848390 0.00749341 0.00490525 0.00313067 0.01800722 0.18290282 0.08222200 0.13531030 0.11631166 0.20607303 0.13770344 0.08080850 0.02513172
41.40828166 11.82877064 0.00816474 0.00510904 0.00309212 0.01521778 0.18714986 0.07808547 0.13314184 0.12423398 0.20543790 0.13517479 0.07916125 0.02603123
41.60832166 11.81161234 0.00978875 0.00512442 0.00458560 0.01886527 0.18105572 0.07898392 0.13112637 0.12378907 0.21025376 0.13521544 0.07643962 0.02477206
41.80836167 11.80422053 0.00850948 0.00478015 0.00371786 0.02361869 0.17918729 0.08032790 0.13212024 0.11825079 0.20520657 0.13725088 0.08070565 0.02632449
42.00840168 11.79859855 0.00912035 0.00499749 0.00423992 0.01903801 0.18057033 0.07883251 0.12850115 0.12171371 0.20759565 0.14197931 0.07633527 0.02707629
42.20844169 11.79865171 0.00937689 0.00493920 0.00397237 0.01876869 0.18108123 0.08208532 0.13107459 0.12327089 0.20028549 0.13909045 0.07861938 0.02743549
42.40848170 11.79258745 0.00842019 0.00540338 0.00351393 0.01993449 0.17924288 0.08309810 0.13107480 0.12521219 0.21006068 0.13270794 0.07421816 0.02711327
42.60852170 11.78357740 0.01047606 0.00502803 0.00529424 0.02037236 0.17607370 0.08319513 0.13206754 0.12726229 0.19970716 0.13422839 0.07912346 0.02717164
42.80856171 11.77681236 0.00835702 0.00499169 0.00367896 0.02147159 0.17535213 0.08620546 0.13612992 0.12049279 0.20237249 0.13303505 0.08115366 0.02675923
43.00860172 11.77031882 0.00846478 0.00519254 0.00369889 0.02603138 0.17660467 0.08373294 0.13249478 0.11819200 0.20710372 0.13545894 0.07460419 0.02842118
43.20864173 11.76581239 0.00978805 0.00502575 0.00459719 0.02446129 0.18147264 0.07657719 0.13187604 0.12391614 0.20168816 0.13728071 0.07593731 0.02737954
43.40868174 11.76297252 0.00970744 0.00491452 0.00425764 0.02451453 0.17690802 0.07950349 0.13484849 0.12091020 0.19897804 0.14006713 0.07635083 0.02903968
43.60872174 11.75879231 0.00877363 0.00476614 0.00396946 0.02552003 0.17832827 0.08659915 0.13528381 0.11354645 0.19935273 0.13810741 0.07826895 0.02748397
43.80876175 11.75299355 0.00949445 0.00495149 0.00453021 0.02317317 0.18568552 0.08748397 0.13020154 0.12558872 0.20184805 0.12417725 0.07331330 0.02955234
44.00880176 11.74003347 0.01015709 0.00490639 0.00474942 0.02766555 0.18723141 0.08825241 0.12533032 0.12075578 0.19770170 0.12892336 0.07483009 0.02949648
44.20884177 11.73167597 0.00854308 0.00473452 0.00397832 0.02561971 0.18005849 0.08618853 0.13033220 0.11877019 0.19748880 0.13678064 0.07938589 0.02811962
44.40888178 11.72473819 0.00976600 0.00487044 0.00449507 0.02677407 0.17744511 0.08493923 0.12905377 0.12192724 0.20151655 0.13396763 0.07711403 0.02813086
44.60892178 11.72056314 0.00900638 0.00486991 0.00435904 0.02411866 0.18450010 0.08158612 0.12630088 0.12202375 0.20319338 0.13849300 0.07313562 0.02841315
44.80896179 11.71480322 0.00950372 0.00467466 0.00460016 0.02582919 0.18005180 0.08066158 0.13146312 0.11437237 0.20061893 0.13935546 0.07919138 0.02967763
45.00900180 11.70906514 0.00900288 0.00498333 0.00459884 0.02771411 0.17670373 0.08315815 0.13459591 0.11712649 0.20425678 0.13247893 0.07946014 0.02592070
45.20904181 11.70222262 0.00957727 0.00510848 0.00503623 0.02683873 0.17920505 0.08536821 0.13272003 0.12351421 0.20661211 0.12242466 0.07635423 0.02724079
45.40908182 11.69136988 0.01079849 0.00503617 0.00530004 0.02699591 0.18223357 0.07896235 0.13378864 0.12115453 0.20482619 0.12732300 0.07811532 0.02546578
45.60912182 11.68558448 0.00946591 0.00515370 0.00488763 0.02843835 0.18022345 0.07587551 0.13871270 0.11635137 0.20510275 0.12600737 0.08080729 0.02897396
45.80916183 11.68282709 0.00954283 0.00512302 0.00510407 0.02583116 0.18083904 0.07869136 0.13653382 0.11042938 0.20787966 0.13101168 0.07962436 0.02938962
46.00920184 11.67575294 0.00835782 0.00557250 0.00442090 0.02508504 0.17792868 0.07659240 0.13631045 0.11293665 0.21151025 0.13270065 0.07867802 0.02990665
46.20924185 11.67358839 0.01113431 0.00510087 0.00643228 0.02443992 0.17564659 0.07830247 0.14007841 0.11256611 0.20694817 0.12749718 0.08222586 0.02962784
46.40928186 11.67209907 0.00928123 0.00510392 0.00573048 0.02727971 0.18402358 0.07969207 0.13435431 0.10988006 0.21178679 0.12449232 0.08073128 0.02764424
46.60932186 11.67135656 0.00865719 0.00513809 0.00451872 0.02496337 0.18735883 0.08272457 0.13199241 0.11780702 0.21230269 0.11552238 0.07920788 0.02980687
46.80936187 11.66567436 0.00865321 0.00516997 0.00335682 0.02441433 0.17983497 0.08341838 0.13802542 0.11490472 0.21468830 0.11915510 0.07828124 0.03009755
47.00940188 11.66177784 0.00886671 0.00483599 0.00496248 0.02551340 0.18332099 0.07619901 0.13688272 0.11204188 0.20635447 0.12893203 0.08260572 0.02948460
47.20944189 11.65171239 0.00927406 0.00526921 0.00450365 0.02345886 0.18856358 0.08126733 0.13191920 0.10594317 0.21180259 0.13186960 0.08044531 0.02568345
47.40948190 11.64470897 0.00876486 0.00519591 0.00469538 0.02154557 0.18612124 0.07432577 0.13946742 0.10818723 0.21469218 0.12787604 0.07852314 0.03060525
47.60952190 11.64399250 0.00930220 0.00510515 0.00405543 0.02375400 0.18272933 0.07306042 0.14205271 0.11335477 0.21159193 0.12962638 0.08052077 0.02484690
47.80956191 11.64325010 0.00911423 0.00505867 0.00472752 0.02156842 0.18109498 0.08239085 0.13875516 0.11053099 0.21083663 0.12482936 0.08225445 0.02883873
48.00960192 11.63779736 0.00853399 0.00526357 0.00394180 0.02267748 0.18500852 0.08155023 0.13712687 0.11594390 0.21534328 0.11523961 0.08325766 0.02611311
48.20964193 11.62982002 0.00871205 0.00556570 0.00387883 0.02354337 0.18685419 0.07955855 0.13813926 0.11220997 0.22122795 0.11392084 0.07821279 0.02817650
48.40968194 11.62091482 0.00801571 0.00508959 0.00331888 0.02073691 0.18387402 0.07707878 0.14413354 0.11013167 0.21512158 0.12163110 0.08578116 0.02508708
48.60972194 11.61831718 0.00824288 0.00547331 0.00327979 0.01944768 0.18156485 0.07414841 0.14639417 0.10393775 0.22204846 0.12579649 0.08451910 0.02514711
48.80976195 11.61629544 0.00900927 0.00551437 0.00486246 0.01883858 0.18947370 0.07521060 0.14521552 0.10206069 0.21964114 0.12350649 0.08015515 0.02651202
49.00980196 11.60994645 0.00818954 0.00520801 0.00312862 0.01914520 0.19145992 0.07585079 0.14535748 0.10413858 0.21737334 0.12031787 0.08260114 0.02722950
49.20984197 11.60872474 0.00735515 0.00526095 0.00333688 0.02026435 0.18748004 0.07852788 0.14889472 0.10531783 0.21631953 0.11504119 0.08604465 0.02615683
49.40988198 11.60764706 0.00840798 0.00519513 0.00399315 0.01956943 0.18751310 0.08222722 0.15241607 0.10662762 0.21909824 0.11155359 0.07977735 0.02362111
49.60992198 11.60292643 0.00922392 0.00517782 0.00489328 0.01793698 0.19822339 0.07604976 0.14474029 0.10913021 0.21992548 0.10924549 0.07793290 0.02752046
49.80996199 11.59590816 0.00822294 0.00516648 0.00385658 0.01986954 0.19672446 0.07262416 0.14328259 0.10511252 0.21972121 0.11607244 0.08310515 0.02624194
50.01000200 11.58980805 0.00766423 0.00491081 0.00351985 0.02298513 0.19120644 0.07370439 0.14768322 0.09804356 0.21900864 0.11873166 0.08519078 0.02735129
50.21004201 11.58233859 0.00829190 0.00517840 0.00435184 0.02933481 0.18861119 0.07427737 0.14718490 0.10040089 0.22100098 0.11940110 0.07602441 0.02594219
50.41008202 11.57928966 0.01040186 0.00488701 0.00597563 0.02874707 0.19515467 0.06703789 0.14161073 0.10740891 0.21699606 0.11503587 0.07735141 0.02939289
50.61012202 11.57741514 0.00897452 0.00466102 0.00559957 0.02979055 0.18675311 0.07564542 0.14663274 0.10206876 0.21235558 0.11894639 0.08159744 0.02697490
50.81016203 11.57598023 0.00770204 0.00506154 0.00406604 0.03095416 0.18978423 0.08240856 0.14188538 0.10298028 0.21698841 0.11188264 0.08028033 0.02600638
51.01020204 11.56920646 0.00808996 0.00501312 0.00395069 0.02598651 0.19186171 0.07978623 0.14409320 0.10812508 0.21865823 0.11060490 0.07637362 0.02745674
