0.00000000 2.00000000 0.00000000 0.00000000 0.00000000 0.00000000 0.00000000 0.00000000 0.00000000 1.00000000 0.00000000 0.00000000 0.00000000 0.00000000
0.10000500 2.00203544 0.02622509 0.00128759 0.00999093 0.11242386 0.10244808 0.13957582 0.02624367 0.39878265 0.05419213 0.08038047 0.00982852 0.03862117
0.20001000 2.00227983 0.00809011 0.00130864 0.00508986 0.04715432 0.14135589 0.23714952 0.05318907 0.21762872 0.06930395 0.15033383 0.02884245 0.04055364
0.30001500 2.00177626 0.00429309 0.00098688 0.00264743 0.02309354 0.14552800 0.25758165 0.07548881 0.15325650 0.06862233 0.18156026 0.04337398 0.04356754
0.40002000 2.00131823 0.00427699 0.00105299 0.00197140 0.01527102 0.15263910 0.23716529 0.08348349 0.14532995 0.07245332 0.18687426 0.06037110 0.03911108
0.50002500 2.00112976 0.00472134 0.00095463 0.00180470 0.01583393 0.15520711 0.20871918 0.08594065 0.14390347 0.07686054 0.20306645 0.06303707 0.03995093
0.60003000 1.99982978 0.00430179 0.00088033 0.00164846 0.01735004 0.16669016 0.19127262 0.09598998 0.13001947 0.08136620 0.20387389 0.06307333 0.04353372
0.70003500 1.99887167 0.00414728 0.00085871 0.00206977 0.01925812 0.18021309 0.15858967 0.10368616 0.11675680 0.08618482 0.20936606 0.06705723 0.05181229
0.80004000 1.99845335 0.00390942 0.00068860 0.00196624 0.01677080 0.18749094 0.15331689 0.11069709 0.10969676 0.08253174 0.21168948 0.07059163 0.05065042
0.90004500 1.99804787 0.00377902 0.00073832 0.00257460 0.02113968 0.19007551 0.15757830 0.11960647 0.08469271 0.08921000 0.20160688 0.07436970 0.05462881
1.00005000 1.99575927 0.00329745 0.00080496 0.00228491 0.01956289 0.20335919 0.15907232 0.12499083 0.07750364 0.09443808 0.18660847 0.08040693 0.04767031
1.10005500 1.99529615 0.00326025 0.00078297 0.00217472 0.01592662 0.21914897 0.16421880 0.12832181 0.07332504 0.09191506 0.16793265 0.08583119 0.04716193
1.20006000 1.99414684 0.00296044 0.00087751 0.00163986 0.01070557 0.23051441 0.15920270 0.13743866 0.07788265 0.09150266 0.15219278 0.08966676 0.04541599
1.30006500 1.99134748 0.00301919 0.00085633 0.00168442 0.01674245 0.23617119 0.16677437 0.14056461 0.07168378 0.09870060 0.13187911 0.09170727 0.04021668
1.40007000 1.98874978 0.00296888 0.00092340 0.00144470 0.01489226 0.24747791 0.16630916 0.14611222 0.07270930 0.09772092 0.11151665 0.09776555 0.04015906
1.50007500 1.98647986 0.00363603 0.00102377 0.00199517 0.02182532 0.26002264 0.16409497 0.14416884 0.07240532 0.10165516 0.09405663 0.10112959 0.03398655
1.60008000 1.98403223 0.00351754 0.00098862 0.00188989 0.01689130 0.27369977 0.15867057 0.14781002 0.07417898 0.10132632 0.08288150 0.10217528 0.03597021
1.70008500 1.98129843 0.00366119 0.00089425 0.00171329 0.01390727 0.29045882 0.14432392 0.15076843 0.07814053 0.10126005 0.07255496 0.10461845 0.03769884
1.80009000 1.97919498 0.00349223 0.00073048 0.00181318 0.01472983 0.30663185 0.14104688 0.15413863 0.07289832 0.09334646 0.07407499 0.10315257 0.03394457
1.90009500 1.97882432 0.00267881 0.00076962 0.00098514 0.00997498 0.31341322 0.14216914 0.15934611 0.06734160 0.09593672 0.07265809 0.10653433 0.02819224
2.00010001 1.97708816 0.00220935 0.00081263 0.00101728 0.00810638 0.31463632 0.13827824 0.16129807 0.06008035 0.09361345 0.07848508 0.10963953 0.03182331
2.10010501 1.97515596 0.00219639 0.00082829 0.00088332 0.00943909 0.32330896 0.12493250 0.16839479 0.05507519 0.09705926 0.07931008 0.10840869 0.03016342
2.20011001 1.97447106 0.00202817 0.00079013 0.00119040 0.00860181 0.32916224 0.12079818 0.17579607 0.04362341 0.09029221 0.08249321 0.11195935 0.03326482
2.30011501 1.97170523 0.00168163 0.00072826 0.00111685 0.00591215 0.33021138 0.10915215 0.17919224 0.04157859 0.08925592 0.08202998 0.11861220 0.04052865
2.40012001 1.96801127 0.00190254 0.00084340 0.00101398 0.00530429 0.33201127 0.10397597 0.18537892 0.04460224 0.09233434 0.07641658 0.12143208 0.03478440
2.50012501 1.96775907 0.00198956 0.00074804 0.00139798 0.01021884 0.33856774 0.09276595 0.18842159 0.04104648 0.09042869 0.07554147 0.12383393 0.03503973
2.60013001 1.96493679 0.00129670 0.00075588 0.00096005 0.00531832 0.33502991 0.10895518 0.18879818 0.03149290 0.08981600 0.07960931 0.12760003 0.03036754
2.70013501 1.96331917 0.00168069 0.00066181 0.00095934 0.00757555 0.33519194 0.11197321 0.19161579 0.03640537 0.08275006 0.07309302 0.12978041 0.02831281
2.80014001 1.96217018 0.00137122 0.00064870 0.00068664 0.00431461 0.33943844 0.11276867 0.19849348 0.03559486 0.08148016 0.06727223 0.12993923 0.02799176
2.90014501 1.96102458 0.00223235 0.00062086 0.00122136 0.01229699 0.34530554 0.10308237 0.19929652 0.03920480 0.07250132 0.06756601 0.13027577 0.02639612
3.00015001 1.95973498 0.00234945 0.00059241 0.00142207 0.01329393 0.35994103 0.10135951 0.19914599 0.03962672 0.06636439 0.05788235 0.13195618 0.02606596
3.10015501 1.95939968 0.00198823 0.00056946 0.00117228 0.00896837 0.36237437 0.10807029 0.19975050 0.03612761 0.06818659 0.05836155 0.13111909 0.02331167
3.20016001 1.95797045 0.00132986 0.00051587 0.00059267 0.00465667 0.36308690 0.11195687 0.20134629 0.03577657 0.06556806 0.05796603 0.13148288 0.02572134
3.30016501 1.95482804 0.00150178 0.00062377 0.00091692 0.00542070 0.36665015 0.10526592 0.20428150 0.03159367 0.06752278 0.05383968 0.13492180 0.02746134
3.40017001 1.95369995 0.00231053 0.00049567 0.00184848 0.01510578 0.36588511 0.09094457 0.20900613 0.03032771 0.06464989 0.05564993 0.13396320 0.02981300
3.50017501 1.95310028 0.00129983 0.00064742 0.00063537 0.00347034 0.37548040 0.08790835 0.21732749 0.03055945 0.06227341 0.05771637 0.13827128 0.02441028
3.60018001 1.94877722 0.00114240 0.00057464 0.00042191 0.00392942 0.37598451 0.08706597 0.22325723 0.03126953 0.06077221 0.05562453 0.13941141 0.02054626
3.70018501 1.94556149 0.00092807 0.00060238 0.00020728 0.00050535 0.37802695 0.09247324 0.21884404 0.03015943 0.05935013 0.05276874 0.14517650 0.02095789
3.80019001 1.94422117 0.00107317 0.00057201 0.00046950 0.00422609 0.37728923 0.08289809 0.22230333 0.02510335 0.06221881 0.05636333 0.14561663 0.02186647
3.90019501 1.94248557 0.00153933 0.00059852 0.00073925 0.00623881 0.37444737 0.08139502 0.21971957 0.03021895 0.06002470 0.04921454 0.15320985 0.02265409
4.00020001 1.94217197 0.00149785 0.00049410 0.00087317 0.00834051 0.38125566 0.07487308 0.22259567 0.03232253 0.05390083 0.04587590 0.15375374 0.02421696
4.10020501 1.93911070 0.00091630 0.00052242 0.00053110 0.00453384 0.38713824 0.08122100 0.22197230 0.02474899 0.05161983 0.04543269 0.15674722 0.02461609
4.20021001 1.93685413 0.00142223 0.00065181 0.00088006 0.00654578 0.38654980 0.07729260 0.22348754 0.02415268 0.05454518 0.04278017 0.16276566 0.01892648
4.30021501 1.93279323 0.00129658 0.00058122 0.00076400 0.00676255 0.39047041 0.07673168 0.22894591 0.02348738 0.05269797 0.04204663 0.15930450 0.01691118
4.40022001 1.92983980 0.00095620 0.00049257 0.00036472 0.00387033 0.39019984 0.07727285 0.23230847 0.02452590 0.05042100 0.04370957 0.15657811 0.01930043
4.50022501 1.92684437 0.00119040 0.00045868 0.00053466 0.00520766 0.39116390 0.07271350 0.23227850 0.02648509 0.04669165 0.04525173 0.15940727 0.01861696
4.60023001 1.92483712 0.00124915 0.00045019 0.00058009 0.00345764 0.39620556 0.06925601 0.23471816 0.02888202 0.04655335 0.04099352 0.15807274 0.01958157
4.70023501 1.92331296 0.00133550 0.00052678 0.00073460 0.00381206 0.39379541 0.06176807 0.23875225 0.02940372 0.04870870 0.04200681 0.16021686 0.01893924
4.80024001 1.92278279 0.00123212 0.00045415 0.00091231 0.00573253 0.39719912 0.05854203 0.23911843 0.02635660 0.04782068 0.04197114 0.16140761 0.01925327
4.90024501 1.92033361 0.00138914 0.00043845 0.00116186 0.00783513 0.40600370 0.05661785 0.23758772 0.02466660 0.04598838 0.03974323 0.15998175 0.01858619
5.00025001 1.91529524 0.00107373 0.00051444 0.00083702 0.00540811 0.41068659 0.05972362 0.23597040 0.02207446 0.04270583 0.04161316 0.16212274 0.01726990
5.10025501 1.90993239 0.00139834 0.00052797 0.00095753 0.00780378 0.40896951 0.05987311 0.23755757 0.02255640 0.04007381 0.03921233 0.16687115 0.01419852
5.20026001 1.90592996 0.00097015 0.00063658 0.00034525 0.00175478 0.41127077 0.05544561 0.23564632 0.02396957 0.04591401 0.03736759 0.17253232 0.01414705
5.30026501 1.90440656 0.00087954 0.00054615 0.00050256 0.00663285 0.41020348 0.05311484 0.24677036 0.01819698 0.04081227 0.03596870 0.17366774 0.01270454
5.40027001 1.90400214 0.00081916 0.00047727 0.00041002 0.00399345 0.41419549 0.05043554 0.24649388 0.01942554 0.03565254 0.03707154 0.17518081 0.01584475
5.50027501 1.89840245 0.00065030 0.00053680 0.00043191 0.00155166 0.41508882 0.05055321 0.25016423 0.01736464 0.03959384 0.03383566 0.17461631 0.01561262
5.60028001 1.89809342 0.00094306 0.00045614 0.00051231 0.00266442 0.41435283 0.04426513 0.24989382 0.02182119 0.04070920 0.03172663 0.17658802 0.01606725
5.70028501 1.89497162 0.00114109 0.00043518 0.00075985 0.00791868 0.41376408 0.03881042 0.24930639 0.01987744 0.04182624 0.03612054 0.17666811 0.01337199
5.80029001 1.88985030 0.00079699 0.00047425 0.00080050 0.00495969 0.41958810 0.03962144 0.24745751 0.01644991 0.04136355 0.03197176 0.17911659 0.01739971
5.90029501 1.88418358 0.00094352 0.00055493 0.00098739 0.00630775 0.41835557 0.03915485 0.24909815 0.01271800 0.04526986 0.02807491 0.18272148 0.01581358
6.00030002 1.87813215 0.00123493 0.00051481 0.00096565 0.01311144 0.42350512 0.03616638 0.24932519 0.01777596 0.03883150 0.02467273 0.18382338 0.01007290
6.10030502 1.87440582 0.00101413 0.00057741 0.00096124 0.00597599 0.42590028 0.03395313 0.24977647 0.01415680 0.04038897 0.02714527 0.18535687 0.01479345
6.20031002 1.87272956 0.00111918 0.00051117 0.00081914 0.00821314 0.42683927 0.03065950 0.25245057 0.01812031 0.03511267 0.03179953 0.18308632 0.01126921
6.30031502 1.87332473 0.00062884 0.00058727 0.00051390 0.00169222 0.42832608 0.03729928 0.25103714 0.01743368 0.04330218 0.02674666 0.17874734 0.01368543
6.40032002 1.87105602 0.00076417 0.00046201 0.00053779 0.00462085 0.42645478 0.03437158 0.25315952 0.01818795 0.04373949 0.02614243 0.18018419 0.01137523
6.50032502 1.86833516 0.00090776 0.00044993 0.00053481 0.00501018 0.43008817 0.03352824 0.25132426 0.01890175 0.03916124 0.02604058 0.18497641 0.00907668
6.60033002 1.86609811 0.00050379 0.00045803 0.00024483 0.00289994 0.42967173 0.03592989 0.24952491 0.01706428 0.03884637 0.02664516 0.18949896 0.00871210
6.70033502 1.86449791 0.00061980 0.00051699 0.00029191 0.00175128 0.43147874 0.03895029 0.25111341 0.01397529 0.04305074 0.02320762 0.18784011 0.00720380
6.80034002 1.86432810 0.00043382 0.00048227 0.00022996 0.00212724 0.43543612 0.03618211 0.25525884 0.01178003 0.04095887 0.01815931 0.18986390 0.00908752
6.90034502 1.86224572 0.00080496 0.00043317 0.00040113 0.00343619 0.43967613 0.03147011 0.25540475 0.01475961 0.04012350 0.01894189 0.18636244 0.00818611
7.00035002 1.85860848 0.00053378 0.00048943 0.00029075 0.00181559 0.43826266 0.03306191 0.25738064 0.00998185 0.04378878 0.01896048 0.18807849 0.00735564
7.10035502 1.85862289 0.00048294 0.00040208 0.00017663 0.00154683 0.43942561 0.03280883 0.26124815 0.01170377 0.03991874 0.01782673 0.18700542 0.00745427
7.20036002 1.85686655 0.00042371 0.00038735 0.00029422 0.00152427 0.44309249 0.03237453 0.25904097 0.00962163 0.03775821 0.01827305 0.18772099 0.00948859
7.30036502 1.85542577 0.00025276 0.00040020 0.00012581 0.00023527 0.44700631 0.03176547 0.26057627 0.00692340 0.03760906 0.01781245 0.18840817 0.00888483
7.40037002 1.85367973 0.00037862 0.00040226 0.00030892 0.00159514 0.44839315 0.03144835 0.25851262 0.00682780 0.03457294 0.01837374 0.19011902 0.00906743
7.50037502 1.84972599 0.00058222 0.00048028 0.00039287 0.00516757 0.44895149 0.03267182 0.25506397 0.00644325 0.03404287 0.01828476 0.18946139 0.00845752
7.60038002 1.84632412 0.00051433 0.00041298 0.00038291 0.00289612 0.45025135 0.03559731 0.25549447 0.00705116 0.03386005 0.01776637 0.18798115 0.00779180
7.70038502 1.84434423 0.00049285 0.00036070 0.00029853 0.00317849 0.45250890 0.03367871 0.25967505 0.00798687 0.03062856 0.01652322 0.18682680 0.00784134
7.80039002 1.84163058 0.00030760 0.00037317 0.00012893 0.00027063 0.45056733 0.03289861 0.26221641 0.00851232 0.03214027 0.01643805 0.18670282 0.00944386
7.90039502 1.84062115 0.00043736 0.00040533 0.00015354 0.00150660 0.45133886 0.03034871 0.26797620 0.01045270 0.02939905 0.01426834 0.18688056 0.00683276
8.00040002 1.83523116 0.00062487 0.00045135 0.00038303 0.00292734 0.45090026 0.03328804 0.26531899 0.00858865 0.03087722 0.01221681 0.18845217 0.00597125
8.10040502 1.83182265 0.00043324 0.00041271 0.00027689 0.00351625 0.45344202 0.03260815 0.26631813 0.00846674 0.02759378 0.01119948 0.18823336 0.00749926
8.20041002 1.82985588 0.00035337 0.00047601 0.00013428 0.00029345 0.45553218 0.02884329 0.26409448 0.00969566 0.02727599 0.01146213 0.19462134 0.00721781
8.30041502 1.82481902 0.00064978 0.00045937 0.00042164 0.00594445 0.45683776 0.02211800 0.26545477 0.01061901 0.02958202 0.01090791 0.19166608 0.00533920
8.40042002 1.82309616 0.00046157 0.00039346 0.00015503 0.00141487 0.45657984 0.02792246 0.26506231 0.01062433 0.02773271 0.01392171 0.19023169 0.00550004
8.50042502 1.81851370 0.00040163 0.00037890 0.00016811 0.00199631 0.45541827 0.02598543 0.26721202 0.00898998 0.02798026 0.01864653 0.18701055 0.00581202
8.60043002 1.81795521 0.00035150 0.00035628 0.00025350 0.00150422 0.45694851 0.02455575 0.26752255 0.00746336 0.02425053 0.01953249 0.18892213 0.00833918
8.70043502 1.81731910 0.00036842 0.00033680 0.00028807 0.00309002 0.46172805 0.02481999 0.26650577 0.00656401 0.02093251 0.01946477 0.18849687 0.00740472
8.80044002 1.81402959 0.00069394 0.00034605 0.00046916 0.00287411 0.46201944 0.01959410 0.26800508 0.01092835 0.02265401 0.01777237 0.18497543 0.00966798
8.90044502 1.81340881 0.00061490 0.00033234 0.00047618 0.00385885 0.46201050 0.02267058 0.26807588 0.00970126 0.01956403 0.02053559 0.18601725 0.00614262
9.00045002 1.81050031 0.00050378 0.00040013 0.00025756 0.00393847 0.45984283 0.02405088 0.26968506 0.01039865 0.02220483 0.01764503 0.18586715 0.00520562
9.10045502 1.80888345 0.00022924 0.00039576 0.00006943 0.00012815 0.46129147 0.02623501 0.26992115 0.00760262 0.02732682 0.01665452 0.18506480 0.00508103
9.20046002 1.80654339 0.00028716 0.00034619 0.00014982 0.00032430 0.46419908 0.02404092 0.26895825 0.00816990 0.02522687 0.01436986 0.18726962 0.00665805
9.30046502 1.80364166 0.00029234 0.00036208 0.00004964 0.00020068 0.46437967 0.02322085 0.27171443 0.00827175 0.02313492 0.01289463 0.19040890 0.00507011
9.40047002 1.79969478 0.00040882 0.00036621 0.00025763 0.00270846 0.46104256 0.02670511 0.26858240 0.00696452 0.02577062 0.01311261 0.18823820 0.00584285
9.50047502 1.79636726 0.00062042 0.00036269 0.00044210 0.00475095 0.45949315 0.02534838 0.27015939 0.00732878 0.02555321 0.01181185 0.18843157 0.00569752
9.60048002 1.79186766 0.00087460 0.00039753 0.00064628 0.00627777 0.45861777 0.02362132 0.27379073 0.00788260 0.02543170 0.01057035 0.18576226 0.00612708
9.70048502 1.78845819 0.00062482 0.00035222 0.00056012 0.00304754 0.45916945 0.02680513 0.27310919 0.00840140 0.02517456 0.00974965 0.18419458 0.00881135
9.80049002 1.78385724 0.00023067 0.00040335 0.00012790 0.00024662 0.46310908 0.02790525 0.27488678 0.00468220 0.02363135 0.01259437 0.18596945 0.00621298
9.90049502 1.78246001 0.00058477 0.00035002 0.00032357 0.00345404 0.46233141 0.02086182 0.27452710 0.00916515 0.02567436 0.01244623 0.18511712 0.00516442
10.00050003 1.78270911 0.00028626 0.00040140 0.00014334 0.00138152 0.46639174 0.02180620 0.27432984 0.00540643 0.02437180 0.01361927 0.18650521 0.00535697
10.10050503 1.78077782 0.00016839 0.00036764 0.00004040 0.00010990 0.46703692 0.02009733 0.27838042 0.00525306 0.02434341 0.01312343 0.18587162 0.00520748
10.20051003 1.78067524 0.00058443 0.00028590 0.00039006 0.00488084 0.46629263 0.02176484 0.27589697 0.00739247 0.02000275 0.01364819 0.18352174 0.00533917
10.30051503 1.77991302 0.00053270 0.00027656 0.00027664 0.00188583 0.46585803 0.02088472 0.27542800 0.00812783 0.01969525 0.01934747 0.18274216 0.00494481
10.40052003 1.77630694 0.00036105 0.00030259 0.00006802 0.00032223 0.46763010 0.02460220 0.27386697 0.00886426 0.01961964 0.01805943 0.18058070 0.00572281
10.50052503 1.77476345 0.00032049 0.00026461 0.00014422 0.00025554 0.46827483 0.02329396 0.27222850 0.01012930 0.01908196 0.01831449 0.18015010 0.00754200
10.60053003 1.77130236 0.00038270 0.00035561 0.00014413 0.00204335 0.46720315 0.02129463 0.27081753 0.01118270 0.01879425 0.01909715 0.18282946 0.00585533
10.70053503 1.76666473 0.00076069 0.00035393 0.00073179 0.00454081 0.46909640 0.02266838 0.26830689 0.00801742 0.01773579 0.01634229 0.18250699 0.00893863
10.80054003 1.76547613 0.00046195 0.00036857 0.00031989 0.00275217 0.47317751 0.02226179 0.27326783 0.00833885 0.01701859 0.01704859 0.18016749 0.00481677
10.90054503 1.76273515 0.00037956 0.00037218 0.00014578 0.00136357 0.47179794 0.02204698 0.27481480 0.01049442 0.01724847 0.01468233 0.18176660 0.00488736
11.00055003 1.75959928 0.00025918 0.00033804 0.00006781 0.00017690 0.47527525 0.02406515 0.27074704 0.00830455 0.01692255 0.01801177 0.18071712 0.00511464
11.10055503 1.75926540 0.00043885 0.00028306 0.00024660 0.00165048 0.47572473 0.02278686 0.27089630 0.00795658 0.01635417 0.01759613 0.18074174 0.00532449
11.20056003 1.75314896 0.00067331 0.00029369 0.00039213 0.00283084 0.47344039 0.02402918 0.27235840 0.01268301 0.01411875 0.01402476 0.17778877 0.00736677
11.30056503 1.75134837 0.00045565 0.00032331 0.00035415 0.00171844 0.47541040 0.02519668 0.27241719 0.00714274 0.01615854 0.01270454 0.17969057 0.00842781
11.40057003 1.74642623 0.00032894 0.00034073 0.00020537 0.00145731 0.47279534 0.02830961 0.27218590 0.00741077 0.01601362 0.01214755 0.18066441 0.00814044
11.50057503 1.74459105 0.00032157 0.00035457 0.00017537 0.00128349 0.47320085 0.02819715 0.27401704 0.00595341 0.01636177 0.01171514 0.18206577 0.00635385
11.60058003 1.74295796 0.00034979 0.00032311 0.00016098 0.00127925 0.47295907 0.02590158 0.27653586 0.00787590 0.01535597 0.01196050 0.18082600 0.00647199
11.70058503 1.74188205 0.00054154 0.00030568 0.00047673 0.00402658 0.47255154 0.02286021 0.27789890 0.00608504 0.01561761 0.01003800 0.18162628 0.00797189
11.80059003 1.73905580 0.00015981 0.00037693 0.00013038 0.00217969 0.47734256 0.02069350 0.27780767 0.00465830 0.01808252 0.01125208 0.18039031 0.00692624
11.90059503 1.73769236 0.00034975 0.00036809 0.00023916 0.00160476 0.47927988 0.02026147 0.27379784 0.00452818 0.01915288 0.01201801 0.18340131 0.00499867
12.00060003 1.73552576 0.00030687 0.00037289 0.00010086 0.00029600 0.47807723 0.01707995 0.27413462 0.00724691 0.02116718 0.01068323 0.18424807 0.00628619
12.10060503 1.73265951 0.00021605 0.00033594 0.00005227 0.00010938 0.47678718 0.01968073 0.27641819 0.00542568 0.02045265 0.01194140 0.18400603 0.00457448
12.20061003 1.72889651 0.00061492 0.00040708 0.00043643 0.00545460 0.47120699 0.01624163 0.27491103 0.00508026 0.02387699 0.01367250 0.18359790 0.00449966
12.30061503 1.72439782 0.00044578 0.00043685 0.00032812 0.00276119 0.47047019 0.01777838 0.27721204 0.00584469 0.02416362 0.01211788 0.18371730 0.00472396
12.40062003 1.72198372 0.00027074 0.00032870 0.00014651 0.00138656 0.46763595 0.01912853 0.27903368 0.00591483 0.02240457 0.01654229 0.18259710 0.00461055
12.50062503 1.71774055 0.00052418 0.00033981 0.00025532 0.00307293 0.46705730 0.01835813 0.27713455 0.01029636 0.02217931 0.01289009 0.18328904 0.00460301
12.60063003 1.71361059 0.00045019 0.00041444 0.00025149 0.00166856 0.46334946 0.02145902 0.27906250 0.00707031 0.02609396 0.01256819 0.18307964 0.00453224
12.70063503 1.71125411 0.00033765 0.00035921 0.00013890 0.00339063 0.46436179 0.02046318 0.27975785 0.00784311 0.02602458 0.01080229 0.18149656 0.00502422
12.80064003 1.70836934 0.00032867 0.00039938 0.00020338 0.00174543 0.46343055 0.02152927 0.28177349 0.00473690 0.02721814 0.01061205 0.18317844 0.00484431
12.90064503 1.70340983 0.00037130 0.00041701 0.00027562 0.00163123 0.46184720 0.02330442 0.27569794 0.00389781 0.03039250 0.01446789 0.18364534 0.00405173
13.00065003 1.70227767 0.00048949 0.00037053 0.00029694 0.00364883 0.46181603 0.02013919 0.27618180 0.00668315 0.02871552 0.01375044 0.18291612 0.00499196
13.10065503 1.69927460 0.00042502 0.00036429 0.00020308 0.00187313 0.46187704 0.02078526 0.27619361 0.00837883 0.02876881 0.01338326 0.18279625 0.00495142
13.20066003 1.69783814 0.00030549 0.00034078 0.00013920 0.00023767 0.46030566 0.01988120 0.27777719 0.00967699 0.02713594 0.01528173 0.18244043 0.00647772
13.30066503 1.69368176 0.00035043 0.00039455 0.00022939 0.00153589 0.45926509 0.01821945 0.27639231 0.00837928 0.02696221 0.01455509 0.18498584 0.00873047
13.40067003 1.69190827 0.00043345 0.00033307 0.00038008 0.00328981 0.46177755 0.01549252 0.27641255 0.00929026 0.02538105 0.01596715 0.18209579 0.00914672
13.50067503 1.69056917 0.00064634 0.00035136 0.00057332 0.00361072 0.46126425 0.01589179 0.27698445 0.01194561 0.02379752 0.01341881 0.18360242 0.00791342
13.60068003 1.69035581 0.00057250 0.00031238 0.00059931 0.00283978 0.46069386 0.01651322 0.27892858 0.00984153 0.02218765 0.01541001 0.18387754 0.00822364
13.70068503 1.68793126 0.00064486 0.00030808 0.00047012 0.00392487 0.46270551 0.01624510 0.27672130 0.01275985 0.02201621 0.01443082 0.18424890 0.00552437
13.80069003 1.68562559 0.00027662 0.00039954 0.00028539 0.00150379 0.46685222 0.01618195 0.27878396 0.00764817 0.02238253 0.01170538 0.18758175 0.00639870
13.90069503 1.68245932 0.00062722 0.00040372 0.00057791 0.00512130 0.47516795 0.01448911 0.27679891 0.00719605 0.01829675 0.01012513 0.18533267 0.00586329
14.00070004 1.67989633 0.00036270 0.00032822 0.00030117 0.00338817 0.47676539 0.01941976 0.27967916 0.00566539 0.01780497 0.00907730 0.18342227 0.00378551
14.10070504 1.67693952 0.00029704 0.00034403 0.00013079 0.00214220 0.47642117 0.02146005 0.27864007 0.00618148 0.02111279 0.00618192 0.18348195 0.00360652
14.20071004 1.67654134 0.00023952 0.00029109 0.00013017 0.00198485 0.47937343 0.01960034 0.27874089 0.00442756 0.01883814 0.00807149 0.18475644 0.00354608
14.30071504 1.67215886 0.00052267 0.00026831 0.00053080 0.00328446 0.47395181 0.01723524 0.27849515 0.00458046 0.01858166 0.01014065 0.18470307 0.00770573
14.40072004 1.67133521 0.00025049 0.00032183 0.00018554 0.00033782 0.47258801 0.01493326 0.28088095 0.00577721 0.01871937 0.01370698 0.18548984 0.00680869
14.50072504 1.66903596 0.00020289 0.00042252 0.00014449 0.00391555 0.46992160 0.01220216 0.27959754 0.00361585 0.02046426 0.01149609 0.19359408 0.00442298
14.60073004 1.66781831 0.00042179 0.00036719 0.00034057 0.00174819 0.47091362 0.01123883 0.27950963 0.00649755 0.02081686 0.00864775 0.19239270 0.00710532
14.70073504 1.66586997 0.00017550 0.00035844 0.00017702 0.00021556 0.47135147 0.01152181 0.27689623 0.00473550 0.02243155 0.01257217 0.19296231 0.00660245
14.80074004 1.66254903 0.00030181 0.00031418 0.00037734 0.00346421 0.47122254 0.01168135 0.28112838 0.00287044 0.02054650 0.01352450 0.18878839 0.00578035
14.90074504 1.66240332 0.00017054 0.00028114 0.00014708 0.00130475 0.47337141 0.01467797 0.28293562 0.00348604 0.01834583 0.01444981 0.18706599 0.00376381
15.00075004 1.66222320 0.00023574 0.00028764 0.00016699 0.00381095 0.47425319 0.01282499 0.28408571 0.00333695 0.01825960 0.01194291 0.18711385 0.00368147
15.10075504 1.65879456 0.00021251 0.00028739 0.00003348 0.00020104 0.47385553 0.01537066 0.28494674 0.00566758 0.01815988 0.01072269 0.18675046 0.00379204
15.20076004 1.65568094 0.00046227 0.00031860 0.00027395 0.00317232 0.47077329 0.01550131 0.28604521 0.00691165 0.01837469 0.00834915 0.18648821 0.00332935
15.30076504 1.65352534 0.00018408 0.00027705 0.00012657 0.00019723 0.46966865 0.01762499 0.28731133 0.00552363 0.01794881 0.00930950 0.18679416 0.00503401
15.40077004 1.65286691 0.00025596 0.00028293 0.00012573 0.00188982 0.47205499 0.01748082 0.28724517 0.00509933 0.01766128 0.00778739 0.18675563 0.00336095
15.50077504 1.65252255 0.00024460 0.00025302 0.00008310 0.00022104 0.47243005 0.01664457 0.28699676 0.00573183 0.01710815 0.00781564 0.18721202 0.00525922
15.60078004 1.64912909 0.00035216 0.00031938 0.00023061 0.00356843 0.46917046 0.01518025 0.28771794 0.00443522 0.01565512 0.01099846 0.18913709 0.00323487
15.70078504 1.64508586 0.00032733 0.00038869 0.00016892 0.00324304 0.47016488 0.01372424 0.28546335 0.00649915 0.01962372 0.00880195 0.18835936 0.00323537
15.80079004 1.64198043 0.00032168 0.00036348 0.00018402 0.00196149 0.47179884 0.01432963 0.28362478 0.00600652 0.01986845 0.00741188 0.19034446 0.00378478
15.90079504 1.63961182 0.00038467 0.00032189 0.00028491 0.00330668 0.47496584 0.01301537 0.28308673 0.00517848 0.01896104 0.00720217 0.18866451 0.00462772
16.00080004 1.63848962 0.00042703 0.00028058 0.00032219 0.00369716 0.47183961 0.01549802 0.28215340 0.00603112 0.01844513 0.00887004 0.18728128 0.00515444
16.10080504 1.63601059 0.00054045 0.00029835 0.00048409 0.00601621 0.47935478 0.01385319 0.28424842 0.00321448 0.01686697 0.00479208 0.18723149 0.00309950
16.20081004 1.63588354 0.00039480 0.00027850 0.00026677 0.00305339 0.47832503 0.01590173 0.28426184 0.00439003 0.01710605 0.00513965 0.18802858 0.00285363
16.30081504 1.63274488 0.00012223 0.00028417 0.00004437 0.00013648 0.47567899 0.01454722 0.28880095 0.00304020 0.01723689 0.00906438 0.18799900 0.00304511
16.40082004 1.63150631 0.00028063 0.00031834 0.00020741 0.00149738 0.47601102 0.01303054 0.28694045 0.00279941 0.01898231 0.00880193 0.18774789 0.00338271
16.50082504 1.62774527 0.00025024 0.00029527 0.00019416 0.00307947 0.47260334 0.01188973 0.28850972 0.00292060 0.02036275 0.00795566 0.18822891 0.00371014
16.60083004 1.62632229 0.00023830 0.00031970 0.00003796 0.00015707 0.47097168 0.01118292 0.29013182 0.00619710 0.01976015 0.00731203 0.19081664 0.00287462
16.70083504 1.62503904 0.00029046 0.00033765 0.00019801 0.00168123 0.47116674 0.01110789 0.28775507 0.00385346 0.01988238 0.00655804 0.19485816 0.00231090
16.80084004 1.62005721 0.00041625 0.00032423 0.00037496 0.00444185 0.47094636 0.01290870 0.28434270 0.00413238 0.01884964 0.00892326 0.19153706 0.00280261
16.90084504 1.61792395 0.00026829 0.00031059 0.00022722 0.00235849 0.47031997 0.01439074 0.28493548 0.00461924 0.01914430 0.01075991 0.18928966 0.00337610
17.00085004 1.61761232 0.00028337 0.00029136 0.00016874 0.00196264 0.47074992 0.01576096 0.28326724 0.00461254 0.01594107 0.01363515 0.18975041 0.00357660
17.10085504 1.61415662 0.00047528 0.00025824 0.00036731 0.00483163 0.47012049 0.01395192 0.28315366 0.00563978 0.01429697 0.01459982 0.18817064 0.00413426
17.20086004 1.61213072 0.00050697 0.00027990 0.00037164 0.00267561 0.47025732 0.01470449 0.28369770 0.00620354 0.01614773 0.01362882 0.18761734 0.00390894
17.30086504 1.60672054 0.00023293 0.00030830 0.00009120 0.00204447 0.47158541 0.01479935 0.28049528 0.00564613 0.01724939 0.01510615 0.18836163 0.00407977
17.40087004 1.60109746 0.00055034 0.00031777 0.00024625 0.00178240 0.46609521 0.01381182 0.27993428 0.00950765 0.01693896 0.01784851 0.18871377 0.00425303
17.50087504 1.59803917 0.00020169 0.00031719 0.00008077 0.00013746 0.46692248 0.01561049 0.27978280 0.00775193 0.01753740 0.01822831 0.18744013 0.00598935
17.60088004 1.59582461 0.00024004 0.00027220 0.00010311 0.00016476 0.46887593 0.01575256 0.28012934 0.00942091 0.01549316 0.01870723 0.18522938 0.00561140
17.70088504 1.59170263 0.00046820 0.00027009 0.00024420 0.00324560 0.46442831 0.01638847 0.28163219 0.00995708 0.01406244 0.01918907 0.18560697 0.00450739
17.80089004 1.59013316 0.00039322 0.00026625 0.00021188 0.00160295 0.46426835 0.02008141 0.28173651 0.01072426 0.01425812 0.01481319 0.18547077 0.00617309
17.90089504 1.58569177 0.00032918 0.00028171 0.00018469 0.00145605 0.46276606 0.02057891 0.28572739 0.00884807 0.01266976 0.01505354 0.18455508 0.00754955
18.00090005 1.58083890 0.00059542 0.00027148 0.00047557 0.00470955 0.46175391 0.01966469 0.28435915 0.00969726 0.01270247 0.01433741 0.18491300 0.00652011
18.10090505 1.58053368 0.00057237 0.00031141 0.00051995 0.00306517 0.46084498 0.02025634 0.28434386 0.00841792 0.01468271 0.01240584 0.18781703 0.00676241
18.20091005 1.57877280 0.00061241 0.00027322 0.00050053 0.00322674 0.46293508 0.02247973 0.28059119 0.00821064 0.01441822 0.01329693 0.18778229 0.00567302
18.30091505 1.57844440 0.00046832 0.00025286 0.00025811 0.00174514 0.46289315 0.02185107 0.28234889 0.00959356 0.01408619 0.01291711 0.18841891 0.00516669
18.40092005 1.57847022 0.00045165 0.00028967 0.00020708 0.00149001 0.46339728 0.01880592 0.28215823 0.01005382 0.01568696 0.01243605 0.19046785 0.00455547
18.50092505 1.57827773 0.00018597 0.00028847 0.00010718 0.00016830 0.46525575 0.01733586 0.28209619 0.00762296 0.01720377 0.01249202 0.18915582 0.00808772
18.60093005 1.57839739 0.00050242 0.00023933 0.00042140 0.00328389 0.46535026 0.01613385 0.28185341 0.00828546 0.01350310 0.01399787 0.18905390 0.00737511
18.70093505 1.57778044 0.00030540 0.00027095 0.00035762 0.00253083 0.46681099 0.01293895 0.28176354 0.00800899 0.01353415 0.01470103 0.19162038 0.00715718
18.80094005 1.57464279 0.00054204 0.00024682 0.00048581 0.00333299 0.46343869 0.01627566 0.28345384 0.00745729 0.01051519 0.01832583 0.19034546 0.00558038
18.90094505 1.56749698 0.00030166 0.00027021 0.00019694 0.00321202 0.46191970 0.01840703 0.28724701 0.00768344 0.01069031 0.01811788 0.18787277 0.00408101
19.00095005 1.56620982 0.00021542 0.00027269 0.00005951 0.00015852 0.46235897 0.01876987 0.28734015 0.00790390 0.01095561 0.01873856 0.18907258 0.00415422
19.10095505 1.56172005 0.00045021 0.00031474 0.00020437 0.00137378 0.46065800 0.01750437 0.28540823 0.01071426 0.01289513 0.01738165 0.18872391 0.00437137
19.20096005 1.55956091 0.00045120 0.00026924 0.00037215 0.00440450 0.45860699 0.01765683 0.28564181 0.00964497 0.00965348 0.01683398 0.18982849 0.00663638
19.30096505 1.55790546 0.00030896 0.00028733 0.00011133 0.00032260 0.45811059 0.01798256 0.28643639 0.01067922 0.01166650 0.01631890 0.19149919 0.00627644
19.40097005 1.55481443 0.00042148 0.00028137 0.00004816 0.00028301 0.45480619 0.01668077 0.29030227 0.01316602 0.01110790 0.01701945 0.19150227 0.00438111
19.50097505 1.55494067 0.00046334 0.00025737 0.00024997 0.00167667 0.45433380 0.01972091 0.28885212 0.01017358 0.00981231 0.01910436 0.19074440 0.00461116
19.60098005 1.55206034 0.00032067 0.00026621 0.00004971 0.00017579 0.45539977 0.02172750 0.28884820 0.01141047 0.00980387 0.01757132 0.18968195 0.00474453
19.70098505 1.54952624 0.00024959 0.00026130 0.00004666 0.00013733 0.45900654 0.02229434 0.28799036 0.00976151 0.00961989 0.01678420 0.18912191 0.00472636
19.80099005 1.54947911 0.00041779 0.00023127 0.00016542 0.00329639 0.45713037 0.02002052 0.28990428 0.01151122 0.00939073 0.01397606 0.18934336 0.00461261
19.90099505 1.54705685 0.00036604 0.00024336 0.00012820 0.00140580 0.45755203 0.01983797 0.29198916 0.01051805 0.00926461 0.01522156 0.18895084 0.00452239
20.00100005 1.54358984 0.00024062 0.00025738 0.00010756 0.00014970 0.45910775 0.01972769 0.29482153 0.00895949 0.00929466 0.01271579 0.18851868 0.00609915
20.10100505 1.54252808 0.00037943 0.00027206 0.00026362 0.00142462 0.45910949 0.01863549 0.29242673 0.00751295 0.00941232 0.01389474 0.19077939 0.00588915
20.20101005 1.54151472 0.00040005 0.00024325 0.00027468 0.00164344 0.45725037 0.02107166 0.29184984 0.00719045 0.00953785 0.01424496 0.19111870 0.00517475
20.30101505 1.54119922 0.00019009 0.00026980 0.00006377 0.00011666 0.46131340 0.01924566 0.29171518 0.00674189 0.01133235 0.01327066 0.19136928 0.00437127
20.40102005 1.53816282 0.00019245 0.00033529 0.00005340 0.00015837 0.45988567 0.01696527 0.29035344 0.00679309 0.01478788 0.01393515 0.19263771 0.00390228
20.50102505 1.53735175 0.00017435 0.00025568 0.00005133 0.00010652 0.46051009 0.01662579 0.29274189 0.00662978 0.01377899 0.01221718 0.19071334 0.00619506
20.60103005 1.53606783 0.00049933 0.00024262 0.00037425 0.00293320 0.46020148 0.01758326 0.28985772 0.00593322 0.01506317 0.01207759 0.19063501 0.00459914
20.70103505 1.53122818 0.00048287 0.00026979 0.00057255 0.00315291 0.45428236 0.01701003 0.28915335 0.00557007 0.01501814 0.01306230 0.19127636 0.01014926
20.80104005 1.52781815 0.00017247 0.00031400 0.00019488 0.00023515 0.45416220 0.01680533 0.29336363 0.00509536 0.01486254 0.01272434 0.19329763 0.00877247
20.90104505 1.52625475 0.00023725 0.00033253 0.00009616 0.00020779 0.45434569 0.02098162 0.29322020 0.00565910 0.01746917 0.01039414 0.19263241 0.00442394
21.00105005 1.52423516 0.00036661 0.00029309 0.00019832 0.00146678 0.45482365 0.02143965 0.29282714 0.00644040 0.01608432 0.00985179 0.19197180 0.00423644
21.10105505 1.52369085 0.00018070 0.00029493 0.00004424 0.00011165 0.45545551 0.02292577 0.29477547 0.00512806 0.01630188 0.00900590 0.19117222 0.00460368
21.20106005 1.52313996 0.00057103 0.00028728 0.00044625 0.00457064 0.45777498 0.01942403 0.29494426 0.00496561 0.01448525 0.00740120 0.19050823 0.00462124
21.30106505 1.52267121 0.00051953 0.00023019 0.00036804 0.00374557 0.45813950 0.01831023 0.29516004 0.00516570 0.01378319 0.00697093 0.19268707 0.00491999
21.40107005 1.52211187 0.00016150 0.00026781 0.00004436 0.00010113 0.46022846 0.02220079 0.29703632 0.00362944 0.01401903 0.00563631 0.19244838 0.00422647
21.50107505 1.52174055 0.00024361 0.00027999 0.00011876 0.00137080 0.46069273 0.02125394 0.29640109 0.00413328 0.01224196 0.00603468 0.19238422 0.00484493
21.60108005 1.51865576 0.00033272 0.00025840 0.00021042 0.00165083 0.46304177 0.01866734 0.29835877 0.00335711 0.01177808 0.00520635 0.19256298 0.00457523
21.70108505 1.51701940 0.00015504 0.00024130 0.00004765 0.00009782 0.46171952 0.02185997 0.29982750 0.00309262 0.01035233 0.00599453 0.19185935 0.00475237
21.80109005 1.51350656 0.00040059 0.00023600 0.00024755 0.00317839 0.45790507 0.02050499 0.30101296 0.00412287 0.01054101 0.00639864 0.19030496 0.00514697
21.90109505 1.51225528 0.00033839 0.00023648 0.00018885 0.00163828 0.45736919 0.01742003 0.30634737 0.00379557 0.00909166 0.00994127 0.18895530 0.00467762
22.00110006 1.50681770 0.00026268 0.00029725 0.00004957 0.00029600 0.45626900 0.01677471 0.30385804 0.00547020 0.01273591 0.01071709 0.18883979 0.00442973
22.10110506 1.50482439 0.00014050 0.00027386 0.00003519 0.00010189 0.45710825 0.01666551 0.30185700 0.00368994 0.01211918 0.01238523 0.19064170 0.00498174
22.20111006 1.50083426 0.00022751 0.00028343 0.00005573 0.00207384 0.45736555 0.01460862 0.29844310 0.00560097 0.01217271 0.01301266 0.19173521 0.00442067
22.30111506 1.49742925 0.00051335 0.00033942 0.00033101 0.00287721 0.45411049 0.01130280 0.29794398 0.00874018 0.01418460 0.01331123 0.19142151 0.00492423
22.40112006 1.49403783 0.00045922 0.00032944 0.00019234 0.00165706 0.46055099 0.00951903 0.29667710 0.01051511 0.01573772 0.01108360 0.18870475 0.00457364
22.50112506 1.49343695 0.00043587 0.00025133 0.00048329 0.00390891 0.46052691 0.01061362 0.29542952 0.00835805 0.01236084 0.01339000 0.18743140 0.00681027
22.60113006 1.48938035 0.00055148 0.00028457 0.00030523 0.00287570 0.45965708 0.01099729 0.29822135 0.01017514 0.01449233 0.01406907 0.18534466 0.00302608
22.70113506 1.48744333 0.00018700 0.00026890 0.00002862 0.00009966 0.45914093 0.01384682 0.30168188 0.00892103 0.01086464 0.01390910 0.18804364 0.00300777
22.80114006 1.48418179 0.00048464 0.00035370 0.00033985 0.00297001 0.45676394 0.01292904 0.29980143 0.00866017 0.01382333 0.01363109 0.18725759 0.00298520
22.90114506 1.48327157 0.00044119 0.00033613 0.00040767 0.00377867 0.45550376 0.01558242 0.30143486 0.00785446 0.01280429 0.01086476 0.18592096 0.00507082
23.00115006 1.48263493 0.00027811 0.00029912 0.00016137 0.00129343 0.45608398 0.01709725 0.29969569 0.00782393 0.01396524 0.01272685 0.18595597 0.00461906
23.10115506 1.48160034 0.00030097 0.00023553 0.00022717 0.00131727 0.45680304 0.01679776 0.29995956 0.00819599 0.01287446 0.01199082 0.18612742 0.00517002
23.20116006 1.48065812 0.00050100 0.00021334 0.00033975 0.00281351 0.45602804 0.01615579 0.29971596 0.00916316 0.01225510 0.01229081 0.18578756 0.00473598
23.30116506 1.47767912 0.00027963 0.00033579 0.00010676 0.00106461 0.45507991 0.01655449 0.29998639 0.00572273 0.01769515 0.01206125 0.18690276 0.00421052
23.40117006 1.47504272 0.00036287 0.00025428 0.00016179 0.00165824 0.45407622 0.01625277 0.29836863 0.00766354 0.01702530 0.01387872 0.18627556 0.00402206
23.50117506 1.47246436 0.00026412 0.00025706 0.00013187 0.00191398 0.45282981 0.01592901 0.30436493 0.00650065 0.01523587 0.01322614 0.18531234 0.00403423
23.60118006 1.47100762 0.00023967 0.00027188 0.00011553 0.00132594 0.45285620 0.01767327 0.30244312 0.00682790 0.01578844 0.01338834 0.18464037 0.00442935
23.70118506 1.46893057 0.00051285 0.00031092 0.00042787 0.00315832 0.45929119 0.01372761 0.29887293 0.00723719 0.01417762 0.01153964 0.18534734 0.00539651
23.80119006 1.46859298 0.00026714 0.00026738 0.00019629 0.00128463 0.45793360 0.01735567 0.30041226 0.00631282 0.01422801 0.01170788 0.18515875 0.00487557
23.90119506 1.46659373 0.00038722 0.00025293 0.00047169 0.00289476 0.45985760 0.01518589 0.29875770 0.00482512 0.01437183 0.00997205 0.18675995 0.00626328
24.00120006 1.46627416 0.00015305 0.00028121 0.00008042 0.00007900 0.46208435 0.01665214 0.29911724 0.00514335 0.01461299 0.00934066 0.18790422 0.00455137
24.10120506 1.46228767 0.00023561 0.00035348 0.00017629 0.00199198 0.46347115 0.01350617 0.29960313 0.00442258 0.01721195 0.00682280 0.18736029 0.00484456
24.20121006 1.46036288 0.00013700 0.00032577 0.00002007 0.00007530 0.46399243 0.01284875 0.30472868 0.00376537 0.01702534 0.00612653 0.18792777 0.00302698
24.30121506 1.45706546 0.00025989 0.00030960 0.00010332 0.00126787 0.46446959 0.01012977 0.30543190 0.00508502 0.01553402 0.00631883 0.18825489 0.00283531
24.40122006 1.45312571 0.00024552 0.00029336 0.00018545 0.00124968 0.46457585 0.01248745 0.30386327 0.00504327 0.01722203 0.00621494 0.18604548 0.00257369
24.50122506 1.45107912 0.00036711 0.00028822 0.00015784 0.00200197 0.46443836 0.01217345 0.30339883 0.00545768 0.01662035 0.00718452 0.18525424 0.00265743
24.60123006 1.44934321 0.00018683 0.00029417 0.00003383 0.00017245 0.46470737 0.01422256 0.30213097 0.00630483 0.01474456 0.00626862 0.18812292 0.00281088
24.70123506 1.44630123 0.00013127 0.00030269 0.00004432 0.00006930 0.46277235 0.01716339 0.30189118 0.00350969 0.01494057 0.00799199 0.18809322 0.00309005
24.80124006 1.44343997 0.00014102 0.00034110 0.00011547 0.00016231 0.46200547 0.01603268 0.30020684 0.00387541 0.01527596 0.00687818 0.19017064 0.00479493
24.90124506 1.44319566 0.00034725 0.00027135 0.00029102 0.00163656 0.46275748 0.01589986 0.30026790 0.00421480 0.01542998 0.00652225 0.18727329 0.00508827
25.00125006 1.44086402 0.00048986 0.00032955 0.00043094 0.00389265 0.46245363 0.01437362 0.30060160 0.00400619 0.01719363 0.00552753 0.18742159 0.00327921
25.10125506 1.43758075 0.00031833 0.00029590 0.00022404 0.00151734 0.46161153 0.01750391 0.30272072 0.00348440 0.01701748 0.00569249 0.18635438 0.00325949
25.20126006 1.43523454 0.00040674 0.00027283 0.00037488 0.00566186 0.46176263 0.01250359 0.30159673 0.00403170 0.01501344 0.00769877 0.18735437 0.00332245
25.30126506 1.43462633 0.00013033 0.00026608 0.00019717 0.00213555 0.46393392 0.01209410 0.30182403 0.00318074 0.01518506 0.00777772 0.18679091 0.00648438
25.40127006 1.43176251 0.00019871 0.00032141 0.00024716 0.00125932 0.46331875 0.01349369 0.30226166 0.00267792 0.01401764 0.00869995 0.18808055 0.00542326
25.50127506 1.43167045 0.00010556 0.00033756 0.00006954 0.00007118 0.46212042 0.01603415 0.30594713 0.00231367 0.01581947 0.00794979 0.18577542 0.00345612
25.60128006 1.43120659 0.00036186 0.00027236 0.00036433 0.00287521 0.46251890 0.01338333 0.30418353 0.00285502 0.01575928 0.00687344 0.18526593 0.00528680
25.70128506 1.42931200 0.00029763 0.00028514 0.00025966 0.00335803 0.46440596 0.01332692 0.30087528 0.00301935 0.01741795 0.00694483 0.18501568 0.00479358
