0.00000000 1.00000000 0.00000000 0.00000000 0.00000000 0.00000000 0.00000000 0.00000000 0.00000000 1.00000000 0.00000000 0.00000000 0.00000000 0.00000000
0.10000500 1.00156779 0.01160333 0.00079028 0.00366962 0.10176496 0.11321276 0.11626239 0.01426346 0.48673990 0.06877490 0.04304490 0.01495859 0.02491489
0.20001000 1.00230287 0.00568107 0.00076720 0.00259485 0.05638816 0.18621071 0.18593508 0.03941171 0.29281372 0.08202856 0.08942127 0.02558181 0.03316586
0.30001500 1.00287402 0.00400380 0.00058442 0.00246341 0.04999715 0.19181176 0.21338228 0.05469370 0.19723608 0.09099155 0.11637329 0.03391857 0.04454399
0.40002000 1.00350220 0.00302235 0.00064314 0.00151311 0.02895736 0.20675703 0.21066121 0.06471765 0.15835035 0.09112477 0.14210496 0.05075741 0.04139066
0.50002500 1.00378053 0.00306706 0.00062814 0.00155933 0.03629553 0.22102680 0.20558474 0.07073239 0.12557480 0.08680897 0.15375922 0.05880370 0.03615932
0.60003000 1.00402283 0.00254887 0.00062189 0.00129983 0.02224048 0.23433490 0.20017491 0.08722440 0.09918363 0.08463911 0.15426350 0.06917970 0.04428878
0.70003500 1.00465870 0.00238588 0.00061492 0.00120094 0.02603281 0.23367129 0.20178136 0.10353002 0.08821316 0.08189012 0.14369661 0.07429365 0.04268924
0.80004000 1.00460875 0.00175430 0.00062007 0.00096926 0.02148685 0.25315496 0.18532637 0.11396414 0.07055504 0.07899456 0.14560699 0.07926626 0.04830120
0.90004500 1.00459678 0.00169641 0.00062888 0.00095359 0.01870014 0.25792350 0.16902049 0.11660587 0.06601279 0.08483556 0.14554632 0.09200619 0.04607026
1.00005000 1.00432169 0.00197631 0.00055600 0.00132482 0.02205035 0.26677809 0.16514258 0.11900436 0.06503011 0.08189222 0.12924134 0.09776933 0.04923449
1.10005500 1.00458855 0.00146333 0.00055866 0.00091152 0.01454773 0.28764665 0.16839738 0.12820661 0.05345373 0.08151328 0.11570116 0.10207480 0.04552515
1.20006000 1.00433791 0.00148986 0.00053429 0.00082996 0.01132491 0.29728173 0.16263205 0.14329041 0.05589548 0.08311687 0.10296137 0.09977670 0.04086637
1.30006500 1.00379307 0.00133521 0.00052797 0.00083494 0.01499336 0.30691666 0.15784692 0.16506238 0.04797453 0.07329069 0.09405243 0.10020229 0.03696261
1.40007000 1.00364198 0.00117844 0.00050183 0.00067212 0.00908292 0.32406332 0.16534959 0.16653936 0.03648016 0.06982227 0.08937384 0.10507323 0.03186294
1.50007500 1.00310960 0.00131926 0.00047718 0.00086508 0.01730563 0.33423171 0.16066159 0.16853638 0.03216412 0.06452758 0.07886872 0.10822716 0.03281560
1.60008000 1.00309131 0.00112300 0.00048616 0.00061376 0.01170289 0.34220646 0.15916982 0.17488634 0.02904119 0.06978105 0.07027011 0.11063998 0.03007922
1.70008500 1.00333598 0.00115826 0.00046546 0.00056791 0.00908277 0.34538610 0.15754355 0.17646305 0.03301729 0.06961762 0.06291700 0.11406778 0.02971322
1.80009000 1.00304836 0.00133384 0.00036759 0.00084103 0.01809938 0.35061376 0.15760619 0.18277044 0.02879213 0.05778526 0.05891217 0.11446296 0.02841526
1.90009500 1.00275132 0.00111218 0.00039841 0.00054005 0.00786126 0.36220146 0.14391961 0.19452322 0.03531417 0.05592917 0.05106944 0.11694774 0.03018331
2.00010001 1.00206768 0.00149679 0.00036725 0.00107839 0.02313952 0.36630577 0.12966306 0.19754426 0.02954323 0.04563976 0.05185869 0.12414296 0.02922032
2.10010501 1.00177914 0.00151463 0.00032451 0.00105893 0.02353862 0.37242106 0.13691451 0.20056721 0.02803512 0.04178199 0.04157991 0.12690522 0.02535828
2.20011001 1.00188115 0.00104393 0.00032721 0.00078158 0.01267137 0.38090092 0.12989278 0.20427395 0.02557313 0.04340890 0.03931461 0.12908902 0.03272260
2.30011501 1.00149797 0.00096292 0.00032414 0.00061874 0.01093940 0.37877069 0.13324705 0.20817574 0.02736552 0.04586531 0.03922566 0.12886413 0.02564071
2.40012001 1.00083287 0.00079177 0.00036619 0.00042625 0.00571802 0.38667227 0.12435768 0.21252951 0.02618676 0.04525127 0.03823064 0.13518076 0.02428888
2.50012501 1.00083815 0.00064323 0.00032322 0.00035609 0.00568032 0.39088614 0.12022542 0.22410861 0.01967707 0.04107748 0.03588062 0.13760455 0.02353724
2.60013001 1.00080159 0.00057698 0.00036278 0.00032055 0.00379914 0.39151566 0.11777070 0.22540590 0.01507067 0.04625771 0.03255332 0.14445796 0.02190862
2.70013501 1.00111938 0.00073203 0.00031538 0.00049190 0.01109232 0.39823302 0.10737482 0.22888057 0.01479494 0.04098793 0.03066511 0.14558310 0.02084889
2.80014001 1.00138068 0.00080143 0.00031194 0.00049897 0.00877768 0.39880313 0.10211101 0.23233891 0.01843040 0.04313469 0.03303622 0.14341132 0.01834429
2.90014501 1.00054811 0.00080201 0.00025762 0.00061626 0.01110128 0.40942642 0.10657974 0.23195804 0.01433674 0.03539627 0.02654347 0.14296165 0.02002050
3.00015001 1.00066392 0.00062347 0.00023339 0.00046085 0.00728280 0.40943256 0.10340366 0.23689254 0.01492913 0.03129508 0.02801893 0.14614642 0.02128116
3.10015501 1.00050295 0.00044463 0.00024280 0.00023249 0.00132518 0.41871269 0.10601308 0.23484054 0.01547057 0.03064629 0.02439675 0.14955767 0.01811730
3.20016001 0.99999469 0.00050361 0.00021934 0.00024719 0.00368541 0.41775863 0.10377982 0.23675126 0.01320070 0.02694079 0.02779364 0.15232998 0.01678964
3.30016501 0.99976912 0.00043013 0.00025597 0.00017620 0.00219425 0.42107248 0.09610297 0.23478559 0.01230444 0.03071349 0.02502502 0.15917247 0.01776700
3.40017001 0.99941489 0.00048841 0.00025593 0.00030056 0.00530397 0.42225530 0.08887415 0.23494139 0.01027761 0.03495359 0.02542781 0.15959379 0.01732750
3.50017501 0.99890783 0.00050847 0.00024043 0.00034143 0.00564225 0.42269678 0.08236189 0.24651615 0.01105272 0.03126057 0.01966687 0.16128606 0.01842636
3.60018001 0.99824493 0.00049518 0.00024752 0.00041301 0.00659042 0.42700371 0.07651517 0.24709477 0.01011853 0.02696715 0.02029262 0.16668685 0.01757507
3.70018501 0.99732363 0.00041557 0.00028527 0.00025203 0.00359112 0.43014991 0.07471722 0.24583695 0.00856920 0.03264985 0.02132921 0.16907803 0.01312565
3.80019001 0.99730982 0.00045345 0.00023654 0.00031630 0.00562092 0.42852546 0.07812767 0.24789661 0.00936205 0.02708946 0.01863895 0.17025192 0.01348065
3.90019501 0.99780825 0.00045038 0.00026290 0.00028070 0.00784500 0.43682823 0.07054770 0.24567946 0.00946909 0.02874040 0.01682354 0.17048901 0.01258358
4.00020001 0.99807432 0.00041494 0.00025146 0.00019038 0.00371070 0.43948589 0.06559810 0.24677176 0.01090504 0.03025442 0.01847018 0.17323646 0.01071066
4.10020501 0.99721024 0.00052209 0.00028126 0.00030263 0.00776615 0.43821287 0.05879706 0.24715517 0.01120369 0.03902277 0.01250429 0.17332792 0.01090407
4.20021001 0.99651363 0.00039629 0.00025247 0.00027132 0.00963874 0.44047296 0.05723224 0.24352484 0.00491801 0.04106261 0.01697698 0.17468712 0.01056641
4.30021501 0.99643463 0.00033359 0.00020373 0.00032277 0.00381994 0.43923248 0.05332067 0.25334971 0.00579630 0.03071558 0.02055999 0.17649851 0.01584673
4.40022001 0.99628822 0.00030416 0.00022329 0.00019371 0.00365473 0.44219913 0.04817769 0.26130511 0.00782546 0.03072070 0.01867114 0.17555177 0.01117311
4.50022501 0.99553342 0.00032145 0.00024375 0.00030823 0.00575172 0.44360462 0.03834569 0.26093341 0.00500518 0.03453074 0.01755886 0.18068748 0.01270886
4.60023001 0.99549647 0.00028919 0.00022299 0.00032818 0.00333320 0.44843874 0.04146469 0.26013369 0.00299760 0.03265694 0.01475474 0.18054763 0.01483239
4.70023501 0.99486639 0.00022807 0.00020421 0.00025444 0.00393934 0.44770259 0.04581838 0.25948429 0.00298923 0.02734235 0.01589237 0.18326656 0.01287816
4.80024001 0.99477902 0.00026387 0.00020265 0.00020937 0.00181888 0.44849074 0.04238876 0.26114406 0.00522597 0.02732201 0.01524578 0.18484055 0.01284738
4.90024501 0.99454517 0.00029580 0.00025532 0.00027662 0.00518245 0.45239965 0.04023959 0.25509524 0.00416382 0.03091034 0.01318208 0.18933944 0.00865964
5.00025001 0.99351953 0.00010592 0.00026527 0.00009956 0.00211643 0.45285458 0.04086898 0.26428925 0.00211278 0.02753551 0.00843827 0.19305538 0.00825806
5.10025501 0.99352856 0.00009805 0.00025377 0.00007374 0.00405095 0.45950305 0.03480071 0.26153155 0.00185714 0.02936160 0.00591924 0.19535003 0.00720016
5.20026001 0.99327314 0.00018749 0.00022318 0.00012589 0.00169466 0.46031997 0.03597362 0.26211900 0.00403919 0.02787719 0.00507768 0.19546065 0.00690148
5.30026501 0.99263412 0.00022060 0.00020660 0.00020257 0.00376051 0.46533476 0.03351564 0.25759565 0.00215329 0.02628740 0.00818489 0.19457558 0.00796251
5.40027001 0.99229896 0.00026696 0.00019172 0.00017143 0.00360026 0.46366066 0.03581337 0.25932232 0.00429294 0.02124779 0.00990470 0.19557752 0.00595034
5.50027501 0.99131089 0.00017557 0.00020547 0.00013511 0.00380540 0.46170146 0.03656890 0.25929520 0.00361897 0.02340320 0.00848411 0.19539467 0.00721196
5.60028001 0.99137334 0.00017360 0.00018482 0.00012195 0.00188305 0.46357455 0.03739400 0.26176829 0.00237857 0.02285069 0.00752758 0.19562164 0.00652125
5.70028501 0.98990140 0.00010876 0.00021849 0.00003606 0.00006050 0.46660875 0.03726501 0.25933278 0.00253114 0.02413584 0.00686850 0.19770414 0.00513004
5.80029001 0.98757746 0.00018333 0.00024974 0.00012169 0.00375270 0.46548200 0.03436373 0.25862806 0.00211309 0.02546365 0.00488859 0.20017655 0.00457687
5.90029501 0.98790172 0.00022997 0.00020918 0.00016260 0.00373774 0.46681682 0.03178446 0.25839505 0.00217452 0.02717105 0.00693914 0.19740790 0.00497157
6.00030002 0.98861182 0.00015618 0.00017885 0.00009259 0.00174096 0.46748367 0.03133760 0.25965786 0.00222561 0.02486412 0.00911787 0.19781550 0.00532919
6.10030502 0.98770118 0.00025253 0.00017203 0.00024351 0.00510939 0.46722454 0.02851220 0.26078646 0.00181730 0.02431384 0.00745316 0.19750314 0.00661191
6.20031002 0.98765034 0.00018919 0.00017635 0.00020903 0.00356582 0.46879285 0.02579674 0.26056169 0.00162368 0.02233468 0.00902207 0.20013444 0.00759348
6.30031502 0.98698397 0.00025663 0.00015171 0.00034078 0.00496397 0.46847698 0.02578794 0.25827304 0.00202409 0.01874619 0.00978002 0.20035207 0.01084656
6.40032002 0.98718915 0.00012654 0.00017553 0.00013844 0.00399638 0.47183616 0.02711402 0.25803502 0.00190203 0.01791594 0.00890291 0.20203736 0.00781968
6.50032502 0.98554719 0.00013659 0.00020758 0.00012710 0.00372097 0.47445452 0.02425362 0.25662168 0.00215503 0.02048324 0.00879027 0.20223298 0.00681642
6.60033002 0.98587731 0.00012291 0.00018181 0.00007921 0.00144137 0.47578871 0.02501744 0.25945020 0.00198890 0.02170188 0.00887300 0.20087740 0.00447716
6.70033502 0.98594265 0.00008997 0.00016634 0.00004436 0.00009120 0.47399110 0.02356359 0.26313850 0.00210181 0.02161315 0.01219881 0.19909091 0.00391025
6.80034002 0.98551987 0.00015515 0.00016212 0.00009650 0.00195985 0.47555201 0.02218602 0.26019287 0.00250370 0.02162380 0.01324880 0.19846920 0.00384997
6.90034502 0.98503116 0.00009526 0.00016756 0.00003364 0.00206264 0.47409678 0.02114776 0.26174845 0.00268564 0.02120712 0.01232148 0.20078008 0.00365358
7.00035002 0.98452321 0.00012158 0.00018839 0.00006426 0.00012918 0.47301879 0.02038250 0.26163940 0.00419376 0.02291498 0.01018617 0.20223844 0.00492256
7.10035502 0.98421421 0.00016067 0.00015893 0.00005171 0.00013130 0.47327239 0.02051776 0.26335760 0.00753034 0.01950788 0.00896689 0.20170320 0.00464133
7.20036002 0.98383405 0.00016398 0.00016752 0.00014068 0.00166686 0.47487898 0.02109515 0.26247333 0.00498708 0.01972478 0.00777199 0.20075538 0.00617426
7.30036502 0.98415391 0.00008919 0.00016478 0.00005744 0.00006992 0.47728112 0.02143361 0.26199441 0.00323535 0.02150225 0.00607675 0.20105744 0.00703774
7.40037002 0.98359500 0.00026379 0.00015350 0.00020998 0.00721983 0.47425012 0.02540157 0.25676637 0.00342383 0.02136576 0.00795357 0.19946425 0.00352745
7.50037502 0.98331066 0.00026012 0.00015078 0.00016419 0.00368950 0.47478659 0.02561879 0.25731855 0.00511766 0.01889673 0.00973142 0.20084735 0.00341831
7.60038002 0.98268407 0.00025258 0.00015256 0.00011814 0.00388235 0.47587891 0.02428956 0.25516824 0.00685167 0.01565470 0.01119397 0.20314559 0.00341173
7.70038502 0.98306455 0.00015331 0.00013488 0.00003450 0.00013362 0.48042891 0.02519116 0.25739104 0.00600480 0.01238577 0.01257577 0.20165938 0.00390683
7.80039002 0.98154581 0.00029449 0.00012862 0.00016061 0.00381211 0.47812298 0.02391481 0.25556665 0.00676305 0.01262891 0.01538332 0.19955284 0.00367160
7.90039502 0.98124831 0.00014503 0.00013316 0.00003500 0.00011750 0.47851046 0.02390783 0.25824075 0.00650291 0.01286631 0.01713737 0.19824932 0.00415435
8.00040002 0.98041152 0.00014533 0.00013143 0.00007371 0.00208175 0.47618414 0.02403943 0.25791002 0.00615782 0.01299093 0.01701214 0.19678348 0.00648982
8.10040502 0.98047199 0.00032465 0.00013382 0.00020325 0.00585896 0.47883392 0.02171683 0.25812923 0.00955483 0.01295721 0.01101671 0.19594582 0.00532477
8.20041002 0.98026386 0.00025698 0.00018136 0.00017626 0.00362804 0.48052130 0.02057690 0.25393404 0.00723137 0.01676981 0.01342480 0.19859349 0.00470566
8.30041502 0.97972907 0.00017140 0.00018936 0.00004146 0.00016822 0.48381193 0.01852223 0.25460713 0.00930459 0.01836367 0.01193508 0.19902791 0.00385701
8.40042002 0.97876972 0.00018531 0.00016731 0.00010588 0.00193093 0.48517040 0.01867302 0.25652190 0.00619681 0.01472920 0.01125602 0.20141119 0.00365204
8.50042502 0.97747566 0.00020083 0.00018182 0.00018245 0.00380411 0.48172044 0.01722685 0.25626054 0.00295479 0.01710613 0.01430732 0.20073106 0.00532364
8.60043002 0.97741289 0.00012228 0.00016282 0.00006763 0.00209430 0.48586536 0.01825563 0.25409624 0.00455741 0.01891213 0.01223702 0.19896346 0.00466571
8.70043502 0.97746392 0.00012371 0.00017432 0.00003910 0.00007098 0.49047221 0.01555399 0.25411769 0.00678264 0.01857830 0.01149686 0.19865748 0.00393272
8.80044002 0.97649954 0.00021583 0.00016822 0.00012616 0.00168572 0.49187995 0.01511099 0.25585149 0.00576819 0.01660791 0.01157177 0.19749244 0.00352134
8.90044502 0.97519495 0.00016259 0.00015013 0.00010057 0.00192010 0.49371025 0.01642810 0.25631198 0.00506468 0.01672343 0.01324319 0.19310421 0.00308078
9.00045002 0.97529202 0.00017394 0.00014387 0.00012056 0.00381765 0.49609223 0.01857682 0.25616587 0.00342981 0.01435481 0.01089565 0.19324322 0.00298558
9.10045502 0.97352142 0.00024186 0.00015115 0.00021031 0.00539372 0.49733406 0.01777099 0.25472452 0.00346624 0.01132950 0.01217797 0.19246078 0.00473890
9.20046002 0.97300354 0.00019685 0.00014076 0.00015953 0.00366214 0.49958658 0.01680220 0.25353170 0.00552484 0.01127943 0.01332776 0.19146153 0.00432668
9.30046502 0.97288341 0.00016253 0.00014261 0.00013016 0.00156125 0.50235568 0.01564690 0.25181292 0.00503171 0.01194291 0.01483439 0.18974588 0.00663306
9.40047002 0.97282823 0.00010130 0.00014388 0.00005176 0.00007766 0.50512348 0.01735911 0.25181163 0.00417863 0.01193004 0.01412907 0.19099098 0.00410247
9.50047502 0.97251701 0.00013721 0.00012747 0.00008799 0.00195819 0.50536845 0.01922192 0.25029998 0.00389074 0.01352132 0.01270868 0.18868277 0.00399527
9.60048002 0.97246676 0.00019938 0.00011805 0.00012627 0.00167393 0.50586843 0.01794674 0.25045963 0.00585928 0.01326329 0.01261860 0.18829060 0.00357581
9.70048502 0.97316263 0.00007526 0.00014240 0.00003344 0.00005014 0.51049377 0.01676786 0.25304460 0.00251287 0.01443717 0.00977636 0.18988205 0.00278407
9.80049002 0.97207151 0.00021034 0.00012675 0.00014462 0.00350571 0.51277962 0.01630003 0.25182446 0.00408932 0.00895472 0.00895962 0.19031446 0.00279036
9.90049502 0.97106134 0.00010990 0.00013247 0.00004071 0.00201471 0.51636030 0.01485446 0.25204203 0.00386105 0.01092871 0.00849987 0.18853649 0.00261931
10.00050003 0.96943337 0.00035668 0.00011704 0.00028010 0.00691968 0.51518980 0.01145394 0.24859896 0.00599901 0.01105631 0.01057454 0.18703789 0.00241605
10.10050503 0.96918956 0.00030134 0.00011791 0.00022550 0.00525830 0.51758271 0.01036986 0.24841959 0.00589017 0.01112145 0.00983082 0.18675834 0.00412402
10.20051003 0.96901160 0.00010862 0.00012526 0.00005560 0.00008380 0.51990126 0.01344025 0.24905304 0.00522664 0.01109308 0.01129324 0.18582736 0.00379186
10.30051503 0.96843311 0.00027147 0.00010676 0.00018339 0.00343546 0.51891906 0.01389834 0.24720320 0.00711122 0.00934579 0.01141500 0.18442519 0.00368513
10.40052003 0.96816610 0.00022212 0.00010845 0.00014892 0.00330147 0.52139741 0.01686760 0.25138803 0.00470423 0.00746129 0.00854014 0.18364482 0.00221552
10.50052503 0.96728159 0.00009361 0.00010727 0.00009696 0.00208137 0.52221418 0.01660583 0.25340377 0.00268712 0.00737712 0.00651561 0.18289765 0.00591951
10.60053003 0.96722791 0.00011358 0.00010492 0.00006960 0.00012404 0.52450153 0.01382766 0.25291125 0.00449271 0.00760737 0.00843093 0.18287493 0.00494148
10.70053503 0.96712989 0.00010440 0.00009671 0.00003113 0.00006480 0.52672588 0.01400353 0.25247207 0.00441637 0.00735563 0.00839237 0.18334971 0.00298741
10.80054003 0.96685415 0.00024869 0.00008994 0.00015164 0.00371255 0.52686407 0.01168041 0.25206181 0.00660113 0.00711851 0.00546561 0.18386567 0.00213998
10.90054503 0.96639628 0.00014907 0.00010165 0.00009962 0.00200810 0.52825312 0.01048766 0.25121520 0.00602635 0.00885342 0.00559860 0.18357660 0.00363060
11.00055003 0.96577131 0.00021403 0.00010657 0.00015892 0.00361351 0.52712748 0.01191640 0.25034496 0.00436732 0.00855027 0.00485351 0.18587071 0.00287629
11.10055503 0.96492974 0.00026407 0.00012274 0.00024347 0.00901504 0.52772940 0.00951583 0.24944767 0.00172909 0.01067550 0.00426180 0.18602469 0.00097070
11.20056003 0.96474544 0.00016910 0.00010603 0.00012100 0.00307176 0.52994069 0.01304623 0.24936038 0.00389932 0.00866493 0.00431494 0.18592796 0.00137764
11.30056503 0.96503053 0.00011648 0.00011627 0.00010265 0.00193881 0.53191901 0.01256870 0.24811045 0.00181365 0.01073200 0.00411312 0.18512227 0.00334659
11.40057003 0.96494432 0.00013882 0.00012451 0.00016066 0.00165720 0.53174322 0.00860097 0.24840706 0.00142232 0.01108729 0.00720110 0.18463792 0.00481892
11.50057503 0.96455882 0.00020448 0.00008525 0.00020486 0.00456420 0.52964049 0.00853836 0.24986030 0.00382043 0.00543409 0.01103309 0.18297987 0.00363457
11.60058003 0.96468419 0.00026465 0.00008603 0.00024568 0.00511610 0.53161732 0.01038794 0.24978824 0.00169451 0.00533770 0.00875035 0.18317072 0.00354077
11.70058503 0.96458478 0.00019205 0.00011038 0.00013247 0.00256943 0.53395462 0.00914809 0.24807663 0.00396557 0.00723142 0.00696035 0.18462695 0.00303204
11.80059003 0.96453672 0.00009237 0.00010338 0.00004289 0.00206134 0.53000281 0.01132436 0.24838402 0.00352066 0.00712311 0.01054952 0.18438667 0.00240887
11.90059503 0.96425413 0.00010611 0.00009459 0.00008572 0.00162916 0.53214867 0.01159981 0.24822617 0.00195390 0.00694525 0.01016019 0.18458532 0.00246511
12.00060003 0.96366328 0.00005698 0.00010039 0.00001958 0.00003913 0.53276201 0.01114289 0.25190272 0.00197241 0.00683993 0.00882895 0.18439494 0.00194006
12.10060503 0.96239802 0.00016830 0.00009501 0.00012246 0.00382456 0.53072105 0.01133483 0.24863115 0.00228423 0.00683609 0.01018581 0.18371670 0.00207983
12.20061003 0.96219978 0.00012501 0.00009636 0.00010241 0.00173014 0.53160474 0.01159525 0.24778499 0.00268731 0.00685726 0.00955859 0.18365665 0.00420129
12.30061503 0.96196251 0.00008420 0.00010880 0.00001919 0.00005573 0.53121370 0.01441499 0.24739127 0.00279529 0.00522093 0.00866622 0.18806530 0.00196440
12.40062003 0.96117592 0.00011836 0.00010146 0.00011163 0.00181786 0.53531086 0.01283426 0.24713245 0.00172119 0.00375126 0.00596026 0.18770397 0.00343644
12.50062503 0.96033596 0.00006600 0.00011068 0.00004161 0.00005651 0.53451950 0.01350963 0.24694308 0.00187639 0.00395431 0.00758011 0.18847243 0.00286976
12.60063003 0.96043620 0.00019541 0.00010373 0.00011810 0.00382529 0.53383120 0.01259766 0.24512094 0.00376617 0.00574833 0.00581384 0.18719580 0.00168354
12.70063503 0.95998557 0.00019749 0.00010184 0.00013812 0.00320106 0.53531195 0.01114746 0.24347153 0.00401207 0.00569560 0.00563775 0.18941907 0.00166605
12.80064003 0.95993067 0.00020713 0.00012405 0.00020849 0.00346078 0.53647157 0.01033547 0.23714587 0.00135427 0.00961534 0.00903740 0.18864318 0.00339646
12.90064503 0.95914284 0.00007450 0.00011511 0.00002017 0.00004554 0.53635568 0.01332725 0.23735066 0.00284346 0.00938966 0.00784051 0.19078889 0.00184857
13.00065003 0.95910127 0.00009264 0.00011416 0.00002015 0.00009293 0.53555831 0.01162548 0.23577395 0.00463128 0.00721040 0.00958037 0.19334318 0.00195714
13.10065503 0.95903410 0.00016566 0.00010107 0.00008339 0.00192951 0.53504858 0.01138276 0.23610380 0.00508993 0.00736195 0.00717746 0.19338458 0.00217129
13.20066003 0.95899152 0.00011528 0.00011301 0.00007391 0.00166196 0.53644951 0.01310340 0.23616925 0.00309452 0.00916638 0.00570559 0.19210185 0.00224534
13.30066503 0.95802443 0.00009216 0.00011495 0.00001563 0.00008481 0.53448204 0.01176113 0.23822056 0.00445900 0.01099511 0.00556976 0.19218734 0.00201751
13.40067003 0.95704563 0.00009580 0.00012726 0.00005379 0.00195623 0.53261496 0.01173958 0.23657248 0.00242321 0.01265868 0.00564277 0.19402661 0.00208861
13.50067503 0.95638763 0.00009675 0.00011958 0.00002162 0.00011189 0.53057654 0.01342544 0.23743213 0.00386311 0.01257511 0.00640506 0.19329663 0.00207613
13.60068003 0.95588172 0.00017929 0.00015520 0.00019777 0.00313744 0.53044559 0.01083906 0.23412126 0.00150816 0.01452319 0.00421355 0.19675476 0.00392473
13.70068503 0.95551981 0.00010095 0.00013681 0.00007810 0.00369851 0.52995931 0.00912063 0.24040693 0.00124466 0.01448749 0.00398077 0.19500946 0.00177638
13.80069003 0.95565369 0.00014297 0.00012752 0.00012448 0.00338726 0.52951642 0.01089691 0.23702386 0.00132385 0.01598156 0.00415568 0.19535065 0.00196885
13.90069503 0.95614064 0.00003549 0.00013460 0.00004445 0.00003558 0.52923459 0.01117151 0.23675662 0.00109347 0.01584470 0.00395978 0.19802950 0.00365972
14.00070004 0.95599487 0.00003229 0.00013815 0.00004733 0.00006337 0.52996887 0.00952112 0.23647782 0.00109059 0.01550963 0.00378822 0.19990553 0.00345708
14.10070504 0.95539484 0.00009211 0.00013129 0.00009269 0.00178284 0.52815437 0.00970107 0.23611077 0.00120722 0.01551896 0.00380018 0.20008461 0.00332388
14.20071004 0.95541921 0.00002927 0.00014650 0.00002860 0.00002855 0.53159677 0.01013846 0.23755869 0.00072988 0.01557645 0.00250192 0.19912158 0.00254333
14.30071504 0.95343416 0.00003222 0.00014865 0.00002441 0.00002971 0.52859311 0.01046672 0.23936972 0.00076569 0.01385020 0.00450060 0.20003832 0.00218065
14.40072004 0.95267411 0.00009387 0.00014212 0.00008547 0.00162387 0.53092433 0.01276626 0.23323167 0.00097437 0.01401039 0.00436545 0.19969149 0.00209072
14.50072504 0.95273991 0.00014492 0.00011762 0.00008661 0.00162909 0.53003425 0.01372837 0.23306962 0.00297888 0.01234556 0.00353043 0.20043295 0.00190170
14.60073004 0.95290478 0.00011815 0.00011498 0.00008458 0.00189952 0.52919991 0.01358823 0.23311872 0.00116679 0.01250827 0.00516135 0.20105812 0.00198139
14.70073504 0.95255603 0.00005661 0.00010099 0.00005234 0.00007683 0.52699985 0.01350920 0.23497658 0.00136729 0.00904998 0.00687899 0.20287260 0.00405874
14.80074004 0.95219339 0.00005781 0.00010590 0.00003968 0.00005147 0.52763677 0.01364586 0.23429885 0.00154556 0.00879323 0.00667402 0.20316525 0.00398560
14.90074504 0.95221782 0.00005987 0.00010475 0.00003084 0.00004777 0.52662475 0.01597156 0.23368903 0.00165320 0.00875663 0.00657972 0.20282484 0.00365704
15.00075004 0.95151100 0.00008692 0.00010900 0.00009187 0.00198965 0.52650427 0.01518025 0.23189833 0.00116053 0.00866896 0.00548462 0.20481945 0.00400617
15.10075504 0.95010960 0.00011862 0.00009839 0.00011174 0.00183716 0.52316180 0.01702071 0.23373585 0.00144321 0.00705999 0.00747751 0.20394398 0.00399105
15.20076004 0.94990856 0.00006185 0.00009251 0.00003859 0.00004784 0.52280106 0.01893019 0.23375186 0.00179514 0.00703378 0.00734745 0.20432080 0.00377894
15.30076504 0.94960351 0.00006144 0.00008959 0.00004128 0.00006111 0.52249565 0.02213863 0.23215177 0.00137398 0.00696098 0.00686004 0.20430200 0.00346351
15.40077004 0.94952695 0.00015854 0.00009068 0.00013006 0.00380491 0.52440682 0.01921467 0.23209857 0.00119760 0.00683951 0.00480403 0.20456442 0.00269020
15.50077504 0.94956781 0.00015514 0.00009909 0.00016655 0.00331037 0.52851620 0.01618547 0.23120784 0.00141082 0.00669173 0.00453160 0.20348514 0.00424004
15.60078004 0.95154591 0.00005271 0.00011994 0.00006618 0.00006201 0.53127350 0.01465215 0.22928295 0.00131317 0.00667232 0.00634482 0.20465129 0.00550896
15.70078504 0.95148659 0.00005822 0.00010518 0.00003647 0.00004157 0.53084792 0.01635483 0.22917619 0.00143402 0.00680214 0.00609914 0.20506858 0.00397575
15.80079004 0.95125715 0.00015156 0.00008933 0.00010528 0.00161102 0.53033681 0.01495387 0.22880466 0.00345768 0.00538860 0.00618875 0.20538060 0.00353184
15.90079504 0.95062367 0.00010529 0.00011321 0.00002990 0.00007081 0.53240078 0.01353867 0.22726408 0.00481009 0.00734261 0.00665561 0.20487932 0.00278963
16.00080004 0.95032325 0.00015966 0.00010730 0.00011011 0.00358554 0.53098426 0.01241664 0.22845549 0.00434614 0.00873005 0.00498072 0.20372290 0.00240119
16.10080504 0.94977101 0.00019727 0.00010049 0.00010303 0.00171677 0.52920213 0.01475088 0.22834170 0.00542812 0.01031964 0.00373746 0.20403604 0.00206646
16.20081004 0.94947750 0.00011587 0.00009477 0.00001815 0.00010275 0.52917446 0.01426557 0.23013074 0.00637004 0.00975827 0.00311218 0.20484176 0.00201545
16.30081504 0.94977721 0.00005112 0.00010574 0.00001915 0.00002948 0.53189719 0.01597325 0.22949883 0.00332071 0.00982850 0.00261067 0.20466974 0.00199561
16.40082004 0.94973633 0.00003395 0.00011470 0.00004090 0.00002945 0.53393559 0.01231001 0.23336408 0.00054509 0.00796182 0.00135417 0.20662381 0.00368644
16.50082504 0.94928543 0.00010218 0.00010598 0.00013104 0.00193051 0.53352770 0.01101896 0.22971073 0.00059202 0.00812127 0.00313986 0.20653432 0.00508543
16.60083004 0.94781900 0.00007139 0.00012689 0.00005580 0.00009756 0.53227991 0.01168612 0.22992936 0.00251994 0.01053843 0.00301824 0.20512542 0.00455095
16.70083504 0.94762693 0.00005039 0.00010833 0.00003450 0.00004314 0.53629788 0.01128483 0.22944880 0.00236077 0.00863266 0.00272799 0.20551235 0.00349837
16.80084004 0.94756371 0.00010145 0.00010583 0.00007986 0.00182374 0.53475332 0.01296847 0.22896474 0.00089794 0.01026010 0.00231112 0.20591601 0.00181742
16.90084504 0.94667315 0.00007346 0.00009587 0.00001697 0.00003993 0.53365184 0.01481835 0.22850285 0.00289632 0.00990316 0.00226261 0.20584627 0.00189236
17.00085004 0.94536440 0.00008958 0.00010132 0.00001492 0.00007535 0.53656120 0.00976977 0.22808285 0.00438697 0.00963894 0.00420769 0.20561568 0.00145572
17.10085504 0.94488024 0.00017201 0.00009840 0.00013353 0.00344984 0.53843393 0.01138676 0.22655202 0.00234215 0.00792465 0.00284320 0.20499099 0.00167251
17.20086004 0.94417350 0.00007564 0.00011786 0.00000874 0.00004422 0.54019263 0.01195671 0.22474429 0.00372107 0.01024627 0.00269047 0.20469895 0.00150315
17.30086504 0.94380805 0.00007517 0.00009045 0.00002973 0.00199522 0.54002700 0.01191366 0.22473569 0.00319534 0.00824300 0.00311233 0.20490386 0.00167854
17.40087004 0.94247960 0.00021930 0.00008888 0.00017847 0.00317543 0.53952886 0.01178320 0.22467917 0.00309141 0.00784942 0.00365941 0.20385367 0.00189278
17.50087504 0.94245670 0.00005983 0.00008450 0.00004976 0.00003719 0.53861597 0.01366246 0.22407355 0.00255212 0.00762516 0.00590465 0.20360081 0.00373398
17.60088004 0.94256140 0.00007648 0.00008496 0.00005205 0.00200374 0.53865930 0.01359405 0.22242056 0.00244323 0.00750087 0.00634180 0.20333431 0.00348866
17.70088504 0.94240139 0.00011399 0.00009906 0.00008109 0.00181568 0.54069746 0.01452894 0.22165049 0.00150043 0.00832022 0.00574181 0.20323278 0.00221806
17.80089004 0.94264777 0.00016707 0.00008954 0.00014372 0.00359525 0.54275376 0.01315855 0.22145241 0.00137939 0.00660052 0.00565783 0.20310377 0.00189819
17.90089504 0.94255970 0.00004667 0.00008843 0.00001785 0.00002430 0.54280062 0.01269846 0.22370794 0.00143853 0.00643336 0.00764724 0.20296965 0.00212694
18.00090005 0.94251560 0.00004882 0.00007634 0.00004882 0.00006959 0.54488482 0.01247735 0.22327307 0.00156975 0.00312149 0.00748795 0.20264427 0.00429771
18.10090505 0.94226344 0.00008088 0.00008437 0.00005422 0.00193458 0.54914084 0.00814949 0.22698110 0.00138339 0.00316683 0.00476867 0.20262686 0.00162876
18.20091005 0.94142708 0.00003019 0.00008920 0.00008136 0.00009200 0.54890165 0.00968838 0.22616148 0.00070007 0.00519717 0.00217377 0.20165050 0.00523421
18.30091505 0.94056647 0.00003795 0.00008550 0.00004392 0.00005401 0.54782361 0.01363342 0.22470976 0.00075967 0.00330645 0.00433225 0.20207469 0.00313878
18.40092005 0.94030821 0.00003781 0.00008197 0.00003118 0.00003250 0.54813058 0.01357107 0.22481608 0.00094577 0.00340004 0.00445474 0.20157133 0.00292692
18.50092505 0.93980704 0.00019277 0.00009082 0.00015663 0.00369735 0.55020061 0.01171664 0.21977243 0.00267036 0.00350803 0.00316500 0.20242810 0.00240126
18.60093005 0.93978262 0.00017194 0.00007984 0.00008898 0.00170215 0.55007683 0.01176570 0.21821928 0.00270522 0.00332519 0.00918998 0.20029887 0.00237603
18.70093505 0.93995311 0.00015531 0.00009018 0.00008686 0.00191555 0.55220800 0.01191676 0.21646057 0.00400128 0.00344792 0.00568072 0.20179333 0.00224352
18.80094005 0.93936737 0.00004782 0.00008432 0.00001933 0.00003738 0.55839223 0.01198031 0.21474626 0.00193532 0.00344055 0.00764134 0.19933664 0.00233849
18.90094505 0.93893813 0.00004738 0.00008467 0.00002144 0.00005381 0.56020779 0.01199238 0.21510433 0.00166172 0.00313676 0.00792194 0.19746644 0.00230132
19.00095005 0.93870485 0.00008843 0.00007514 0.00007205 0.00173137 0.56044591 0.01174213 0.21482608 0.00104416 0.00319067 0.00685475 0.19746220 0.00246712
19.10095505 0.93807498 0.00019104 0.00007222 0.00010239 0.00380584 0.55921414 0.01181623 0.21288352 0.00473105 0.00317333 0.00501808 0.19665680 0.00233536
19.20096005 0.93757177 0.00004668 0.00008378 0.00002174 0.00003173 0.56317713 0.01583063 0.21340880 0.00106164 0.00312586 0.00467743 0.19620442 0.00233014
19.30096505 0.93783401 0.00008951 0.00009185 0.00007275 0.00166333 0.56219277 0.01283923 0.21471428 0.00107629 0.00512575 0.00422449 0.19587534 0.00203439
19.40097005 0.93756123 0.00003594 0.00009180 0.00001355 0.00002230 0.56227358 0.01311834 0.21446437 0.00080804 0.00498094 0.00429625 0.19818932 0.00170559
19.50097505 0.93725991 0.00011936 0.00007475 0.00007165 0.00168806 0.56236315 0.01109584 0.21462324 0.00266506 0.00328498 0.00466723 0.19765388 0.00169281
19.60098005 0.93717341 0.00012950 0.00007344 0.00008108 0.00187184 0.56276203 0.00945198 0.21430169 0.00255501 0.00492104 0.00622925 0.19594180 0.00168134
19.70098505 0.93702855 0.00004008 0.00008952 0.00000838 0.00002941 0.56528236 0.00639748 0.21593141 0.00221101 0.00665422 0.00591308 0.19604250 0.00140057
19.80099005 0.93642116 0.00003825 0.00009473 0.00000917 0.00002572 0.56409980 0.00653385 0.21547644 0.00205387 0.00644351 0.00587415 0.19788553 0.00146499
19.90099505 0.93592588 0.00010308 0.00008199 0.00007544 0.00183276 0.56632974 0.00518417 0.21547697 0.00194786 0.00619713 0.00568036 0.19591418 0.00117635
20.00100005 0.93547133 0.00012572 0.00008621 0.00006066 0.00163296 0.56550810 0.00535291 0.21696695 0.00195768 0.00617015 0.00561132 0.19526859 0.00125875
20.10100505 0.93616569 0.00004410 0.00009877 0.00000938 0.00003002 0.56735322 0.00552661 0.21544284 0.00184512 0.00816682 0.00541912 0.19493834 0.00112565
20.20101005 0.93585738 0.00009276 0.00010864 0.00007128 0.00182124 0.56555483 0.00527555 0.21718466 0.00093572 0.00805450 0.00282193 0.19709737 0.00098152
20.30101505 0.93535012 0.00012172 0.00009594 0.00007044 0.00192855 0.56586292 0.00392612 0.21695614 0.00280893 0.00806700 0.00247849 0.19701800 0.00066575
20.40102005 0.93444407 0.00002761 0.00009900 0.00001298 0.00002138 0.56801040 0.00358204 0.21905537 0.00056491 0.00660924 0.00517320 0.19622600 0.00061788
20.50102505 0.93503781 0.00002929 0.00009688 0.00001213 0.00001790 0.56675789 0.00561719 0.21864913 0.00074086 0.00509939 0.00484657 0.19739671 0.00073605
20.60103005 0.93474189 0.00012978 0.00009016 0.00008252 0.00161402 0.56866941 0.00756215 0.21331323 0.00283231 0.00518199 0.00291989 0.19674521 0.00085933
20.70103505 0.93475283 0.00016255 0.00010031 0.00012763 0.00353362 0.56848891 0.00596188 0.21220538 0.00261828 0.00524350 0.00284408 0.19796189 0.00075195
20.80104005 0.93388369 0.00004243 0.00010808 0.00003546 0.00002857 0.57067400 0.00598980 0.21204725 0.00229503 0.00506589 0.00299523 0.19810478 0.00261348
20.90104505 0.93349899 0.00005129 0.00009860 0.00001012 0.00005051 0.56605952 0.00587183 0.21768710 0.00211776 0.00522152 0.00503740 0.19693326 0.00086110
21.00105005 0.93308134 0.00009658 0.00008764 0.00005377 0.00193284 0.56802943 0.00577758 0.21558630 0.00200933 0.00507016 0.00512902 0.19522647 0.00100089
21.10105505 0.93299136 0.00003217 0.00010262 0.00000642 0.00001914 0.56999396 0.00501689 0.21522391 0.00142165 0.00873810 0.00441964 0.19394141 0.00108409
21.20106005 0.93271968 0.00011663 0.00009254 0.00006413 0.00179995 0.56984577 0.00356404 0.21513245 0.00329602 0.00689125 0.00429719 0.19403799 0.00086202
21.30106505 0.93160477 0.00010207 0.00009294 0.00006490 0.00162347 0.56880214 0.00372857 0.21431396 0.00306465 0.00846721 0.00449167 0.19432375 0.00092467
21.40107005 0.93142116 0.00008430 0.00010594 0.00006460 0.00163235 0.56862739 0.00369822 0.21231503 0.00137985 0.00987019 0.00422267 0.19708145 0.00091802
21.50107505 0.93104136 0.00009555 0.00008875 0.00007259 0.00191510 0.56710896 0.00624479 0.21197724 0.00096392 0.00948130 0.00425089 0.19734375 0.00045716
21.60108005 0.93079217 0.00003529 0.00009698 0.00000803 0.00002104 0.56705183 0.00614934 0.21183333 0.00115753 0.01129397 0.00398119 0.19772389 0.00064758
21.70108505 0.93055115 0.00003725 0.00009935 0.00000589 0.00002094 0.56549021 0.00603471 0.21370134 0.00133781 0.01115568 0.00374049 0.19755342 0.00082291
21.80109005 0.92907132 0.00004334 0.00009919 0.00001029 0.00003282 0.56430913 0.00599549 0.21548932 0.00141537 0.00960229 0.00556860 0.19650007 0.00093409
21.90109505 0.92809215 0.00006785 0.00011326 0.00008510 0.00195583 0.56448978 0.00536557 0.21565323 0.00093154 0.01006082 0.00276327 0.19568291 0.00283084
22.00110006 0.92817276 0.00002395 0.00011351 0.00002611 0.00201712 0.56236812 0.00388809 0.21742291 0.00083240 0.01009021 0.00252355 0.19600524 0.00468877
22.10110506 0.92779058 0.00007557 0.00012170 0.00009806 0.00158249 0.56204202 0.00526723 0.21762052 0.00061450 0.01189894 0.00182158 0.19631683 0.00254055
22.20111006 0.92773898 0.00002746 0.00009747 0.00003264 0.00001640 0.56269746 0.00933981 0.21711350 0.00053279 0.00972588 0.00192748 0.19636569 0.00212342
22.30111506 0.92694150 0.00005070 0.00011872 0.00002003 0.00001817 0.55888960 0.00893591 0.21734688 0.00226842 0.01146345 0.00094538 0.19818136 0.00176138
22.40112006 0.92605027 0.00007679 0.00010524 0.00004583 0.00196134 0.55727190 0.00896705 0.21718137 0.00220661 0.01131707 0.00116593 0.19812442 0.00157645
22.50112506 0.92573391 0.00010561 0.00011208 0.00006711 0.00166968 0.55912471 0.00625861 0.21708177 0.00231746 0.01167530 0.00254920 0.19800614 0.00103232
22.60113006 0.92565575 0.00017015 0.00010067 0.00014907 0.00338094 0.56098166 0.00633848 0.21468934 0.00209347 0.00984200 0.00269096 0.19838634 0.00117694
22.70113506 0.92584029 0.00022558 0.00010104 0.00021060 0.00521490 0.56250006 0.00638297 0.21111984 0.00176644 0.00975703 0.00289090 0.19852204 0.00130862
22.80114006 0.92452177 0.00016639 0.00010765 0.00014343 0.00356993 0.55898565 0.00490135 0.21463868 0.00137936 0.00813301 0.00484466 0.20013501 0.00299488
22.90114506 0.92429796 0.00011597 0.00010266 0.00009461 0.00186587 0.56396756 0.00532758 0.21566523 0.00282064 0.00645797 0.00166163 0.19980658 0.00211370
23.00115006 0.92260770 0.00004711 0.00010471 0.00004825 0.00195711 0.56558123 0.00536622 0.21764005 0.00082520 0.00646493 0.00208688 0.19820908 0.00166923
23.10115506 0.91968988 0.00003224 0.00012938 0.00001868 0.00003059 0.56060864 0.00847312 0.21575009 0.00086433 0.01052320 0.00568775 0.19698868 0.00089329
23.20116006 0.91884606 0.00008718 0.00011996 0.00004104 0.00197627 0.55845854 0.00474098 0.21566829 0.00266963 0.01026387 0.00557826 0.19948934 0.00090665
23.30116506 0.92081418 0.00013781 0.00011360 0.00008734 0.00168452 0.56040987 0.00315333 0.21591858 0.00240722 0.01181767 0.00559109 0.19774028 0.00093870
23.40117006 0.92067264 0.00008753 0.00011482 0.00004991 0.00076878 0.55972857 0.00315616 0.21574569 0.00145810 0.01339783 0.00527470 0.19901309 0.00120482
23.50117506 0.92056324 0.00002784 0.00010417 0.00001302 0.00009617 0.55908597 0.00369819 0.21551692 0.00148760 0.01301404 0.00525756 0.20027890 0.00141962
23.60118006 0.92106985 0.00004263 0.00010243 0.00002479 0.00199042 0.55758695 0.00415049 0.21493397 0.00139702 0.01280112 0.00506557 0.20057554 0.00132909
23.70118506 0.92094489 0.00008236 0.00010693 0.00006747 0.00168389 0.55896092 0.00494619 0.21312835 0.00140191 0.01277036 0.00478415 0.20103344 0.00103403
23.80119006 0.92073952 0.00003346 0.00010976 0.00001055 0.00002433 0.56044764 0.00511927 0.21474248 0.00138998 0.01125825 0.00452576 0.20144187 0.00089665
23.90119506 0.92175516 0.00007894 0.00009320 0.00008620 0.00194226 0.55848294 0.00569316 0.21647026 0.00139428 0.00798902 0.00418993 0.20096458 0.00261524
24.00120006 0.92119887 0.00004485 0.00008971 0.00003628 0.00003118 0.56113603 0.00779912 0.21577883 0.00156728 0.00639757 0.00399132 0.20059787 0.00252995
24.10120506 0.92161676 0.00010209 0.00008879 0.00008109 0.00170109 0.56248559 0.00804678 0.21228696 0.00181877 0.00648489 0.00393302 0.20065378 0.00231717
24.20121006 0.92014443 0.00005675 0.00009624 0.00002018 0.00004103 0.56103137 0.00843912 0.21586589 0.00180374 0.00654045 0.00375546 0.20046604 0.00188373
24.30121506 0.91883095 0.00013993 0.00008471 0.00009964 0.00161560 0.55736293 0.00884166 0.21734199 0.00199573 0.00513066 0.00563512 0.20007972 0.00167233
24.40122006 0.91863075 0.00011040 0.00008647 0.00002086 0.00016027 0.55685922 0.00723646 0.21737897 0.00474573 0.00328606 0.00631025 0.20238928 0.00141604
24.50122506 0.91828184 0.00010580 0.00008132 0.00006231 0.00193970 0.55650744 0.00747684 0.21746479 0.00270302 0.00337182 0.00624045 0.20257463 0.00147188
24.60123006 0.91787126 0.00004489 0.00009265 0.00001499 0.00002459 0.55632017 0.00860253 0.21719570 0.00217890 0.00537795 0.00575914 0.20301353 0.00137496
24.70123506 0.91640384 0.00003050 0.00008907 0.00001322 0.00001985 0.55721488 0.00799164 0.21889606 0.00163659 0.00520319 0.00496106 0.20259681 0.00134713
24.80124006 0.91646678 0.00011878 0.00009390 0.00009808 0.00380613 0.55488060 0.00653675 0.21891820 0.00164803 0.00334209 0.00465711 0.20476521 0.00113512
24.90124506 0.91603232 0.00011180 0.00008149 0.00008417 0.00188035 0.55465773 0.00850521 0.21689481 0.00168721 0.00332911 0.00655309 0.20503687 0.00117816
25.00125006 0.91550712 0.00014819 0.00008479 0.00007932 0.00167249 0.55300029 0.00843698 0.21843230 0.00190600 0.00180344 0.00635648 0.20667918 0.00140053
25.10125506 0.91553731 0.00004979 0.00010109 0.00001176 0.00003000 0.55008118 0.01029167 0.21855571 0.00339915 0.00578399 0.00474863 0.20547803 0.00146900
25.20126006 0.91551689 0.00009697 0.00009174 0.00006818 0.00178422 0.55409251 0.00981000 0.21719798 0.00121517 0.00551163 0.00343543 0.20510613 0.00159003
25.30126506 0.91543864 0.00019968 0.00007800 0.00015021 0.00319768 0.55226893 0.00866983 0.21709530 0.00328867 0.00528580 0.00314620 0.20527197 0.00134773
25.40127006 0.91618590 0.00010415 0.00010272 0.00008036 0.00185616 0.55293413 0.00701306 0.21661236 0.00106594 0.00902683 0.00474856 0.20532396 0.00113178
25.50127506 0.91648473 0.00012282 0.00009079 0.00006440 0.00191647 0.55296401 0.00546431 0.21696717 0.00309099 0.00859966 0.00437143 0.20537836 0.00096958
25.60128006 0.91697404 0.00009749 0.00013259 0.00009217 0.00356902 0.54991588 0.00459317 0.21837344 0.00055192 0.01227155 0.00213253 0.20730654 0.00096369
25.70128506 0.91542179 0.00002129 0.00011550 0.00000915 0.00200853 0.54846147 0.00650373 0.22249629 0.00049716 0.01017066 0.00201186 0.20675608 0.00094827
