0.00000000 5.00000000 0.00000000 0.00000000 0.00000000 0.00000000 0.00000000 0.00000000 0.00000000 1.00000000 0.00000000 0.00000000 0.00000000 0.00000000
0.10000500 5.00304625 0.02436838 0.00170275 0.00813392 0.09534701 0.12433366 0.15149115 0.02620738 0.39042440 0.05040340 0.07878290 0.02535281 0.02345225
0.20001000 5.00207377 0.00707265 0.00146375 0.00437713 0.03754120 0.18217767 0.22952537 0.05536436 0.20760860 0.05541339 0.14003014 0.03958083 0.03984492
0.30001500 5.00086296 0.00403283 0.00114483 0.00261599 0.02008081 0.19179425 0.22338361 0.07025341 0.15460175 0.06161747 0.17493978 0.04919004 0.04634524
0.40002000 4.99886417 0.00409931 0.00105532 0.00207393 0.01528038 0.19324309 0.20235967 0.08348652 0.14575572 0.06851649 0.19359854 0.05169858 0.03883246
0.50002500 4.99798622 0.00470824 0.00092308 0.00243437 0.01904071 0.19431389 0.18157798 0.08763287 0.13874022 0.07318379 0.19611319 0.05794638 0.04338529
0.60003000 4.99424511 0.00497135 0.00079987 0.00235072 0.02047765 0.19897929 0.15983721 0.09569650 0.13188807 0.07201009 0.20801166 0.06451425 0.04046334
0.70003500 4.99033653 0.00408705 0.00098423 0.00227111 0.02539219 0.20414657 0.13084172 0.10571181 0.11398266 0.08059084 0.20882969 0.07656656 0.04659558
0.80004000 4.98678168 0.00382177 0.00091735 0.00284296 0.02159714 0.20830473 0.13275096 0.11214462 0.09358363 0.08548978 0.20639400 0.08114353 0.05100955
0.90004500 4.98208676 0.00261197 0.00095229 0.00154890 0.01489333 0.21853385 0.14750467 0.11976468 0.07995470 0.08582979 0.19414464 0.09091939 0.04334179
1.00005000 4.98065116 0.00342020 0.00090173 0.00230123 0.02009511 0.22919415 0.14097376 0.12942139 0.08139937 0.07929532 0.17615522 0.09318741 0.04365511
1.10005500 4.97834886 0.00326209 0.00085812 0.00212863 0.01464154 0.24647864 0.14037285 0.14054182 0.07821742 0.08176261 0.15770720 0.08835881 0.04567028
1.20006000 4.97569914 0.00291761 0.00082271 0.00176152 0.01307204 0.25489563 0.15558159 0.15392575 0.07263786 0.07773062 0.13938702 0.08662530 0.04064234
1.30006500 4.97037521 0.00298691 0.00085920 0.00136162 0.01947496 0.26889810 0.16303116 0.15545207 0.07412732 0.07534836 0.11598375 0.08944227 0.03303429
1.40007000 4.96380238 0.00295071 0.00092539 0.00131471 0.01284857 0.28919896 0.16125174 0.17232779 0.07118177 0.06756573 0.09465763 0.09398213 0.03179487
1.50007500 4.95955721 0.00371917 0.00083357 0.00230597 0.02031232 0.28874142 0.16544561 0.17231355 0.06744142 0.06651840 0.08576382 0.09159306 0.03501169
1.60008000 4.95601611 0.00393456 0.00092704 0.00210906 0.01759989 0.29387654 0.15956970 0.18186173 0.07223375 0.06633929 0.07502581 0.09099541 0.03552723
1.70008500 4.95273714 0.00300408 0.00087347 0.00181419 0.01496533 0.30582220 0.15238358 0.18499171 0.06022033 0.06559873 0.07667145 0.09671389 0.03694104
1.80009000 4.94955537 0.00223638 0.00076017 0.00098766 0.00884118 0.32083472 0.14586437 0.19454364 0.05726705 0.06079317 0.07468230 0.09706830 0.03612105
1.90009500 4.94227121 0.00224218 0.00076293 0.00125347 0.00985605 0.31829500 0.14188530 0.19635235 0.05206312 0.06278987 0.08014592 0.10179984 0.03255397
2.00010001 4.93917526 0.00263413 0.00074706 0.00136815 0.01341270 0.32557501 0.13511950 0.20331993 0.04772429 0.06348931 0.07463448 0.10286868 0.02910674
2.10010501 4.93308671 0.00236989 0.00074621 0.00152048 0.01429832 0.32197714 0.12807782 0.20519504 0.04282287 0.06879191 0.07656428 0.10528969 0.03234633
2.20011001 4.92941080 0.00213972 0.00086381 0.00125829 0.01107350 0.32812720 0.11877803 0.19962967 0.03863265 0.07948404 0.08201857 0.10789529 0.03009923
2.30011501 4.92494507 0.00176172 0.00070661 0.00089631 0.00483795 0.33019307 0.12470480 0.20238235 0.03790697 0.07110218 0.08238790 0.11161578 0.03150435
2.40012001 4.91656824 0.00165948 0.00067721 0.00097362 0.00616229 0.33270415 0.11129272 0.20751021 0.03961321 0.06923879 0.07994426 0.11786965 0.03235443
2.50012501 4.91097210 0.00114666 0.00074575 0.00043123 0.00287429 0.33623323 0.11575712 0.21545653 0.03352725 0.07202313 0.07432138 0.11754136 0.02994206
2.60013001 4.90612614 0.00140885 0.00079526 0.00086569 0.00543392 0.34052785 0.11358690 0.21916355 0.03144419 0.07155356 0.06815135 0.11795978 0.02910910
2.70013501 4.90258294 0.00151439 0.00075333 0.00053456 0.00787843 0.33537966 0.11192410 0.22194030 0.03586238 0.06939727 0.06752558 0.12052944 0.02676056
2.80014001 4.89284803 0.00153514 0.00083801 0.00079089 0.00809348 0.34007462 0.10711172 0.22533439 0.03347616 0.07016996 0.06444888 0.12158302 0.02654373
2.90014501 4.89095187 0.00172942 0.00074345 0.00091413 0.00838506 0.35314375 0.10751111 0.22842134 0.03347793 0.06440823 0.05390342 0.12128322 0.02607893
3.00015001 4.88734149 0.00152279 0.00075093 0.00077549 0.00761361 0.36137817 0.09860189 0.23155899 0.03264224 0.05816630 0.05405516 0.12614561 0.02678883
3.10015501 4.87935499 0.00180902 0.00075810 0.00107121 0.01056916 0.35885842 0.09161854 0.24391346 0.03509779 0.05826514 0.04577737 0.12620488 0.02605691
3.20016001 4.87557022 0.00190519 0.00075193 0.00115523 0.01607165 0.35282560 0.09163261 0.24672222 0.03416361 0.05530468 0.04661042 0.12839557 0.02446130
3.30016501 4.86880091 0.00193141 0.00082886 0.00092030 0.00605131 0.35666768 0.08816709 0.25038346 0.03752801 0.06122766 0.04385946 0.12889235 0.02354242
3.40017001 4.86398565 0.00117177 0.00085565 0.00065295 0.00481133 0.36909832 0.08898737 0.24840210 0.02672940 0.06582746 0.04275168 0.12981646 0.02089550
3.50017501 4.86174985 0.00116914 0.00070205 0.00072074 0.00653347 0.36976954 0.08803543 0.25457588 0.02353565 0.05995136 0.04337325 0.13100119 0.02063231
3.60018001 4.85848360 0.00119266 0.00068775 0.00075063 0.00545290 0.36510243 0.08543368 0.26112244 0.02222846 0.06110593 0.04266204 0.13198145 0.02227964
3.70018501 4.85185112 0.00132454 0.00068779 0.00112428 0.00645169 0.36386618 0.08129491 0.25839226 0.02031293 0.06194845 0.04261149 0.13510531 0.02688015
3.80019001 4.84790971 0.00120114 0.00069379 0.00041836 0.00204274 0.36519441 0.08367934 0.26798491 0.02352326 0.05722282 0.04134217 0.13690407 0.01979299
3.90019501 4.84587535 0.00118701 0.00068966 0.00068360 0.00465030 0.36905614 0.07662119 0.26831087 0.02170431 0.05677214 0.04138126 0.13717120 0.02177232
4.00020001 4.83841067 0.00142157 0.00069241 0.00095925 0.00635247 0.36805309 0.07291407 0.26907091 0.02191324 0.05636333 0.04111536 0.13982026 0.02132404
4.10020501 4.83258321 0.00128369 0.00071124 0.00103206 0.00863098 0.37066992 0.07090027 0.26484626 0.02054082 0.05450493 0.03916958 0.14526765 0.02244259
4.20021001 4.82748323 0.00096829 0.00075256 0.00050693 0.00365542 0.37832992 0.07133576 0.26376175 0.02081732 0.05305968 0.03805101 0.15009609 0.01866527
4.30021501 4.81808268 0.00100061 0.00074830 0.00075300 0.00546205 0.37467842 0.07491772 0.26013736 0.01821961 0.05354117 0.03902412 0.15289475 0.01862290
4.40022001 4.81580924 0.00134785 0.00076130 0.00105788 0.01045712 0.37688944 0.07063769 0.26128008 0.01697044 0.05745206 0.03168499 0.15161712 0.01984403
4.50022501 4.81141911 0.00121212 0.00072698 0.00071752 0.00545199 0.37651458 0.06741028 0.27201099 0.02077596 0.05676311 0.02821558 0.15198434 0.01821655
4.60023001 4.80477356 0.00102380 0.00072806 0.00064475 0.00509762 0.38071816 0.06516158 0.27860411 0.01940869 0.05476875 0.02528270 0.15118093 0.01738086
4.70023501 4.80276788 0.00091323 0.00076962 0.00055801 0.00309546 0.38265639 0.06094286 0.27742218 0.01864553 0.05470315 0.02892270 0.15444866 0.01692221
4.80024001 4.79073288 0.00127683 0.00071663 0.00096273 0.00931619 0.37493034 0.05665686 0.28284870 0.01907516 0.05112025 0.03301133 0.15238408 0.01770090
4.90024501 4.78938456 0.00108342 0.00072753 0.00072126 0.00481567 0.38253501 0.05880560 0.28714944 0.01599621 0.04569459 0.03057690 0.15589343 0.01600093
5.00025001 4.78236360 0.00069265 0.00076576 0.00028135 0.00169720 0.37799011 0.06046408 0.29010951 0.01603541 0.05019714 0.03091511 0.15493748 0.01591419
5.10025501 4.77193355 0.00077240 0.00071175 0.00043908 0.00479494 0.37960199 0.05403135 0.29266298 0.01513853 0.04481139 0.03657413 0.15621190 0.01424958
5.20026001 4.76417786 0.00080497 0.00069304 0.00065056 0.00534723 0.37677454 0.05824731 0.29369026 0.01414826 0.04458085 0.03016126 0.15626131 0.01864043
5.30026501 4.75959951 0.00100264 0.00069245 0.00073623 0.00675260 0.37317526 0.05666365 0.29235695 0.01769936 0.04483492 0.02787445 0.15894042 0.01927107
5.40027001 4.75345326 0.00087798 0.00069987 0.00071934 0.00527083 0.37440913 0.05741458 0.29310740 0.01535690 0.04690469 0.02929307 0.15887890 0.01706730
5.50027501 4.74880164 0.00111658 0.00069884 0.00086172 0.00615512 0.37466544 0.05637735 0.29461112 0.01336147 0.04984814 0.02721201 0.16017646 0.01491576
5.60028001 4.74055699 0.00091900 0.00079275 0.00048727 0.00361029 0.37167489 0.05775369 0.29470217 0.01638009 0.05389924 0.02407450 0.16293095 0.01277516
5.70028501 4.73058910 0.00108016 0.00068005 0.00072015 0.00844391 0.36947936 0.05783807 0.29152266 0.01498585 0.04753017 0.02707137 0.16678776 0.01386050
5.80029001 4.72942893 0.00086786 0.00069945 0.00052434 0.00471366 0.37410898 0.05267658 0.30308592 0.01647738 0.04148769 0.02343567 0.16861797 0.01330452
5.90029501 4.72444606 0.00151064 0.00067152 0.00131619 0.01023262 0.37233247 0.04535109 0.30235954 0.01464919 0.04089491 0.02665053 0.16974156 0.01428975
6.00030002 4.71795658 0.00103958 0.00076981 0.00086548 0.00864970 0.37334464 0.04102412 0.30293658 0.01634384 0.04315648 0.02570245 0.17179248 0.01437484
6.10030502 4.70966794 0.00107714 0.00079195 0.00073701 0.00365996 0.37313385 0.04181020 0.30866151 0.01919865 0.04336454 0.02214451 0.17204815 0.01337253
6.20031002 4.69993736 0.00068350 0.00078016 0.00045323 0.00184316 0.37788285 0.04610112 0.30945250 0.01678819 0.04096629 0.02036218 0.17091819 0.01376862
6.30031502 4.69166949 0.00067996 0.00075432 0.00068084 0.00358207 0.37282665 0.04730573 0.31242754 0.01368580 0.04125006 0.02005842 0.17074143 0.01600718
6.40032002 4.68175445 0.00112130 0.00067859 0.00093737 0.00868583 0.36787560 0.04884275 0.31303614 0.01677912 0.03950426 0.02278003 0.16690542 0.01285360
6.50032502 4.67887151 0.00091212 0.00063762 0.00042939 0.00535472 0.36863562 0.05158063 0.31724159 0.01601740 0.03823284 0.02181763 0.16725233 0.01188812
6.60033002 4.67391807 0.00090298 0.00064260 0.00042228 0.00361137 0.36693114 0.05180033 0.31733668 0.01695985 0.03926769 0.02051376 0.16982189 0.01178942
6.70033502 4.66164669 0.00108623 0.00072900 0.00047757 0.00354821 0.36528431 0.04519398 0.32133054 0.01976002 0.03940404 0.02404841 0.16925212 0.00988560
6.80034002 4.65649318 0.00070724 0.00070519 0.00034711 0.00165724 0.36974249 0.04757968 0.31663275 0.01643725 0.03949439 0.02184988 0.17342518 0.01142159
6.90034502 4.65231887 0.00098638 0.00070957 0.00080711 0.00750171 0.36985722 0.03967286 0.31405460 0.01303338 0.04016764 0.02646159 0.17521097 0.01153698
7.00035002 4.64003801 0.00074452 0.00074641 0.00046541 0.00339257 0.36891637 0.03747980 0.31440350 0.01354540 0.04404438 0.03244561 0.17188935 0.01192667
7.10035502 4.63768355 0.00105388 0.00066901 0.00081206 0.00716033 0.36493036 0.03858431 0.31426311 0.01331455 0.04307469 0.02851322 0.17506282 0.01256165
7.20036002 4.63291443 0.00074853 0.00066975 0.00047746 0.00405801 0.36738911 0.03878844 0.31612074 0.01406853 0.04211843 0.03213535 0.17170197 0.01172368
7.30036502 4.62511633 0.00073510 0.00062045 0.00041325 0.00371764 0.36961361 0.04265070 0.31694540 0.01357499 0.04132570 0.03033311 0.16949484 0.01057521
7.40037002 4.61431910 0.00057961 0.00070806 0.00032152 0.00176473 0.36878034 0.04349305 0.32098537 0.01317177 0.03967827 0.03059362 0.16984796 0.01007569
7.50037502 4.60421923 0.00095078 0.00066370 0.00064671 0.00686096 0.36327284 0.04910543 0.31301957 0.01615851 0.04148426 0.03042869 0.16755963 0.00984892
7.60038002 4.60037344 0.00097304 0.00059523 0.00060839 0.00606961 0.35995586 0.05263130 0.31335175 0.01666500 0.03943318 0.03042342 0.16666397 0.01262923
7.70038502 4.59517545 0.00110913 0.00066235 0.00065466 0.00599232 0.36212619 0.04942641 0.31677614 0.01786864 0.03930996 0.03029953 0.16512536 0.01064931
7.80039002 4.58700366 0.00090470 0.00061047 0.00064110 0.00315904 0.36246170 0.05101996 0.31307764 0.01916825 0.03418897 0.03247863 0.16566123 0.01662832
7.90039502 4.57770976 0.00118981 0.00062415 0.00055192 0.00606800 0.36048875 0.05303431 0.31172696 0.02136099 0.03379216 0.03030111 0.16736798 0.01349386
8.00040002 4.57389422 0.00089864 0.00065603 0.00034013 0.00218860 0.36436545 0.05080182 0.31220287 0.02050654 0.03418617 0.03180409 0.16858949 0.01346019
8.10040502 4.56868122 0.00082085 0.00060590 0.00031200 0.00344446 0.36356994 0.05441303 0.31568248 0.02012620 0.03114374 0.03064976 0.16699794 0.01223371
8.20041002 4.56464079 0.00083345 0.00065453 0.00043843 0.00326664 0.36361960 0.05347824 0.31478354 0.01717609 0.03267108 0.03498019 0.16627125 0.01182696
8.30041502 4.55928815 0.00083853 0.00061937 0.00055919 0.00518160 0.36371302 0.05280007 0.31789890 0.01542096 0.03086618 0.03274255 0.16690253 0.01245709
8.40042002 4.55885509 0.00092531 0.00060705 0.00056593 0.00359577 0.36759057 0.04874632 0.31775742 0.01554834 0.02934950 0.03272507 0.16869547 0.01389326
8.50042502 4.55336768 0.00102623 0.00059725 0.00061760 0.00570059 0.36715998 0.04613904 0.31675218 0.01952691 0.02817095 0.03263774 0.16731964 0.01435189
8.60043002 4.55100205 0.00141448 0.00062619 0.00097285 0.00734704 0.36494844 0.04838438 0.31407998 0.01888689 0.03401663 0.02841225 0.16632876 0.01458211
8.70043502 4.53880020 0.00067179 0.00073693 0.00030480 0.00159001 0.36235861 0.05730267 0.31658492 0.01401524 0.03902190 0.02826721 0.16729764 0.01184827
8.80044002 4.53604704 0.00078856 0.00064043 0.00038018 0.00251582 0.36504451 0.05339114 0.31562213 0.01600158 0.03938661 0.02643941 0.16730631 0.01248331
8.90044502 4.52332409 0.00106601 0.00059321 0.00075011 0.00504088 0.36286365 0.05417176 0.31832043 0.01466916 0.03738290 0.02862219 0.16283980 0.01367989
9.00045002 4.52357684 0.00078376 0.00069200 0.00046056 0.00559653 0.36588730 0.04741400 0.31730856 0.01741028 0.04146166 0.02439966 0.16465049 0.01393521
9.10045502 4.52135121 0.00092613 0.00073797 0.00069970 0.00883444 0.36504401 0.04330136 0.32007971 0.01397871 0.04294577 0.02212927 0.16719253 0.01413038
9.20046002 4.52052536 0.00083615 0.00061167 0.00063700 0.00311554 0.36665867 0.04500634 0.32105935 0.01866585 0.03954370 0.02143556 0.16612660 0.01630357
9.30046502 4.51547224 0.00113690 0.00062006 0.00064740 0.00764158 0.36129907 0.04708322 0.32291257 0.01871332 0.03640427 0.02272639 0.16876403 0.01205119
9.40047002 4.51068454 0.00101177 0.00072393 0.00062620 0.00479015 0.36723855 0.04140062 0.32178189 0.01966013 0.03924545 0.02260754 0.16901018 0.01190360
9.50047502 4.50205823 0.00100196 0.00076890 0.00060541 0.00679880 0.36541356 0.03710713 0.32192515 0.01549083 0.04340508 0.02483012 0.17248731 0.01016575
9.60048002 4.49505777 0.00094250 0.00062512 0.00084423 0.00858112 0.36669761 0.03476961 0.32883837 0.01386007 0.03842511 0.02770616 0.16741379 0.01129631
9.70048502 4.49548907 0.00045071 0.00061937 0.00026894 0.00051220 0.37299526 0.03490636 0.33203353 0.01503923 0.03880525 0.02605375 0.16754660 0.01076881
9.80049002 4.49340912 0.00056663 0.00055805 0.00051311 0.00189414 0.37413722 0.03692608 0.33033129 0.01318417 0.03422390 0.02788222 0.16674953 0.01303366
9.90049502 4.48572892 0.00063815 0.00061510 0.00047123 0.00777973 0.37676101 0.03811671 0.32742294 0.01206755 0.03391027 0.02460599 0.16729068 0.01032063
10.00050003 4.48083397 0.00062056 0.00061519 0.00034135 0.00337975 0.37637592 0.03541803 0.33422812 0.01138681 0.03404468 0.02847073 0.16673609 0.00838276
10.10050503 4.47393948 0.00091707 0.00064939 0.00073418 0.00661478 0.37500396 0.02999413 0.32901785 0.01192159 0.03787855 0.03095543 0.16745025 0.00886281
10.20051003 4.46869552 0.00046096 0.00070178 0.00033604 0.00185788 0.37919697 0.02601382 0.33773956 0.00961005 0.04009600 0.02806027 0.16626568 0.00966098
10.30051503 4.46439252 0.00062065 0.00066553 0.00047354 0.00193062 0.38057415 0.02395798 0.33698691 0.01196083 0.03768428 0.02425096 0.16808912 0.01280542
10.40052003 4.45508726 0.00085360 0.00065772 0.00054022 0.00525248 0.38446147 0.02676885 0.34056341 0.01393307 0.03310924 0.01738671 0.16920815 0.00726508
10.50052503 4.45293844 0.00064409 0.00066414 0.00046220 0.00464521 0.38891198 0.02818928 0.33769850 0.00934771 0.03377674 0.01627485 0.17094864 0.00843666
10.60053003 4.44641623 0.00047725 0.00073194 0.00031644 0.00168167 0.38569393 0.02839698 0.33842031 0.00862248 0.03658157 0.01694847 0.17457225 0.00755671
10.70053503 4.44010538 0.00047053 0.00064516 0.00027115 0.00158385 0.38643140 0.03032395 0.34005870 0.00936011 0.03427854 0.01851196 0.17058619 0.00747846
10.80054003 4.42428843 0.00107975 0.00064305 0.00085476 0.00973096 0.38911745 0.03024395 0.33321919 0.01129032 0.03110029 0.01689871 0.16792002 0.00790156
10.90054503 4.42333823 0.00081252 0.00063108 0.00070708 0.00447555 0.39017724 0.02801924 0.34145050 0.00869990 0.03075094 0.01603002 0.16899024 0.00925569
11.00055003 4.41742293 0.00036019 0.00064399 0.00023698 0.00208703 0.38595964 0.03034419 0.34367683 0.00888254 0.03434755 0.01520234 0.16937199 0.00888673
11.10055503 4.41240989 0.00069285 0.00072678 0.00059984 0.00508609 0.38417941 0.02715012 0.34007906 0.00992195 0.03274611 0.01868638 0.17226863 0.00786277
11.20056003 4.40717481 0.00049691 0.00069638 0.00033703 0.00231113 0.38877002 0.02783910 0.34041323 0.00941810 0.03179924 0.01820668 0.17232112 0.00739104
11.30056503 4.40480107 0.00068510 0.00059827 0.00049500 0.00420440 0.38643066 0.02747374 0.34046839 0.00963908 0.03134403 0.02072015 0.17115865 0.00678252
11.40057003 4.40288344 0.00064854 0.00057326 0.00043329 0.00510917 0.38839051 0.02569838 0.33724893 0.01121477 0.02928010 0.02077592 0.17250721 0.00811992
11.50057503 4.39986250 0.00082811 0.00049526 0.00059775 0.00408465 0.38729931 0.02704778 0.33777214 0.01187404 0.02695135 0.02471853 0.16948194 0.00884914
11.60058003 4.39413776 0.00056720 0.00051883 0.00045302 0.00342584 0.39287586 0.02351106 0.34164536 0.01121427 0.02600687 0.02280154 0.16695309 0.01002706
11.70058503 4.39062663 0.00048135 0.00052498 0.00034993 0.00222448 0.39248040 0.02320661 0.33955633 0.01522130 0.02771301 0.02163173 0.16572529 0.01088461
11.80059003 4.38708776 0.00044245 0.00056546 0.00037338 0.00342145 0.39855178 0.02878876 0.33816932 0.01040859 0.02627065 0.01800733 0.16644279 0.00855804
11.90059503 4.37846781 0.00075961 0.00054163 0.00078022 0.00876311 0.39053466 0.03435461 0.33627131 0.00935884 0.02578122 0.01619970 0.16687119 0.00978392
12.00060003 4.37432976 0.00075785 0.00051893 0.00063395 0.00688948 0.38843028 0.03844465 0.34242228 0.00916298 0.02391281 0.01659538 0.16471571 0.00751572
12.10060503 4.36773424 0.00057866 0.00067519 0.00024045 0.00156081 0.39445252 0.03631877 0.34278780 0.01284277 0.02517897 0.01346883 0.16490551 0.00698973
12.20061003 4.36237754 0.00100041 0.00062331 0.00089043 0.00713085 0.39321092 0.02871589 0.34270131 0.01026536 0.02650632 0.01184536 0.16695814 0.01015169
12.30061503 4.36069960 0.00065630 0.00054800 0.00063299 0.00319487 0.39670864 0.02861967 0.34326743 0.00771186 0.02555289 0.01392484 0.16792304 0.01125947
12.40062003 4.35656858 0.00066280 0.00052792 0.00052356 0.00505741 0.39201651 0.03061015 0.34685130 0.00833459 0.02521570 0.01414876 0.16938856 0.00666274
12.50062503 4.34842288 0.00084453 0.00051724 0.00069773 0.00761808 0.39385334 0.02694900 0.34410930 0.00972831 0.02459797 0.01663321 0.16692216 0.00752914
12.60063003 4.34426039 0.00054067 0.00057649 0.00016639 0.00243894 0.39274551 0.02761609 0.34148011 0.01086183 0.02376856 0.02061728 0.17142934 0.00775881
12.70063503 4.34092228 0.00035959 0.00063564 0.00018204 0.00027389 0.39111647 0.02268607 0.34448261 0.01140842 0.02478856 0.01992158 0.17497672 0.00916841
12.80064003 4.33478042 0.00054014 0.00063978 0.00029577 0.00152130 0.39012620 0.02363197 0.34245098 0.01200570 0.02722814 0.02045509 0.17355489 0.00755003
12.90064503 4.32756780 0.00066445 0.00054976 0.00056674 0.00804721 0.39559416 0.02621981 0.33826383 0.00878714 0.02494935 0.01910837 0.17064291 0.00660628
13.00065003 4.32389504 0.00025465 0.00059332 0.00017106 0.00217845 0.39749905 0.02732025 0.33968710 0.00780260 0.03048894 0.01698745 0.16973159 0.00728554
13.10065503 4.32000518 0.00033671 0.00052490 0.00017388 0.00030368 0.39565920 0.02561762 0.34144221 0.01000812 0.02956686 0.01656464 0.17080683 0.00899535
13.20066003 4.31612039 0.00045671 0.00060870 0.00040852 0.00302958 0.39629161 0.02380650 0.34390104 0.00794879 0.03203110 0.01414676 0.16916755 0.00820313
13.30066503 4.31509145 0.00033977 0.00052588 0.00019618 0.00129569 0.40221490 0.02534067 0.34215876 0.00951823 0.02906529 0.01305512 0.17003517 0.00625434
13.40067003 4.31278779 0.00039636 0.00050664 0.00030874 0.00544894 0.40090678 0.02367554 0.34129606 0.00745791 0.02686161 0.01583479 0.17042892 0.00687772
13.50067503 4.30451121 0.00078157 0.00051106 0.00071710 0.00707405 0.39648201 0.02646356 0.34132661 0.00634658 0.02635081 0.01569341 0.16932950 0.00892373
13.60068003 4.29854848 0.00066255 0.00061436 0.00051615 0.00498053 0.39317386 0.03138196 0.33885227 0.00704425 0.02673444 0.01440483 0.17462506 0.00700973
13.70068503 4.29644145 0.00063526 0.00057435 0.00044154 0.00498857 0.39439070 0.02837719 0.33796122 0.00888006 0.02699343 0.01404328 0.17408029 0.00863410
13.80069003 4.28718197 0.00114752 0.00065578 0.00100613 0.00954153 0.38962789 0.02878617 0.33698248 0.00757653 0.03142699 0.01553697 0.17130686 0.00640515
13.90069503 4.28616937 0.00052418 0.00058387 0.00041583 0.00484330 0.39553902 0.03029649 0.33956834 0.00704447 0.02888669 0.01100701 0.17342208 0.00786871
14.00070004 4.27995057 0.00046273 0.00062204 0.00021362 0.00392375 0.39625723 0.03025619 0.33650744 0.00827612 0.03045263 0.01136302 0.17616066 0.00550457
14.10070504 4.27530042 0.00022909 0.00060304 0.00017886 0.00013894 0.39755883 0.02672341 0.33500281 0.00820549 0.03186991 0.01324422 0.17696542 0.00927999
14.20071004 4.26773697 0.00086901 0.00062060 0.00074934 0.00700582 0.39322567 0.02353494 0.33075940 0.00782683 0.03336973 0.01629907 0.17802460 0.00771499
14.30071504 4.26633259 0.00129266 0.00057905 0.00093224 0.00829765 0.39106164 0.01938492 0.33540816 0.00882407 0.03340376 0.01615961 0.17554739 0.00910885
14.40072004 4.25662445 0.00056787 0.00060348 0.00039979 0.00340312 0.39504451 0.02516915 0.34003363 0.00727375 0.03215179 0.01698894 0.17216659 0.00619738
14.50072504 4.25072622 0.00037384 0.00062261 0.00026279 0.00156535 0.39780063 0.02816423 0.34146149 0.00543526 0.02907228 0.01643150 0.17304300 0.00576702
14.60073004 4.24117650 0.00052624 0.00060299 0.00027146 0.00350233 0.39392443 0.02638797 0.34174137 0.00940927 0.03086019 0.01693727 0.17087102 0.00496545
14.70073504 4.23668018 0.00045302 0.00063005 0.00012073 0.00222432 0.39681253 0.02705950 0.33850524 0.01127030 0.02845696 0.01533560 0.17359522 0.00553653
14.80074004 4.23373665 0.00034046 0.00056683 0.00007139 0.00019801 0.39461947 0.03062045 0.33762588 0.01008958 0.02858907 0.01667001 0.17459874 0.00601011
14.90074504 4.22273994 0.00066295 0.00063609 0.00043908 0.00319701 0.39817067 0.02286537 0.34104172 0.00938505 0.02241720 0.02064376 0.17573431 0.00480678
15.00075004 4.22136096 0.00021492 0.00061747 0.00015136 0.00223484 0.40008521 0.02138499 0.34261380 0.00682669 0.02498634 0.01707281 0.17769718 0.00611440
15.10075504 4.21706987 0.00055618 0.00057470 0.00042818 0.00315852 0.39658087 0.02142570 0.34672528 0.00686822 0.02492819 0.01576948 0.17719096 0.00579372
15.20076004 4.21206055 0.00028485 0.00057120 0.00014624 0.00334664 0.39402489 0.02097828 0.35058320 0.00640400 0.02520135 0.01501108 0.17961936 0.00382891
15.30076504 4.20785255 0.00033322 0.00057209 0.00027822 0.00139735 0.39202384 0.02129436 0.34892265 0.00702413 0.02486870 0.01732383 0.17961272 0.00634889
15.40077004 4.20501494 0.00022191 0.00053453 0.00011429 0.00013103 0.39819798 0.02504345 0.34950225 0.00659082 0.02482837 0.01258861 0.17693686 0.00530990
15.50077504 4.19865667 0.00051090 0.00054642 0.00042685 0.00473461 0.39911836 0.02610984 0.34454987 0.00653860 0.02675637 0.01103772 0.17502898 0.00464148
15.60078004 4.19003515 0.00045789 0.00053781 0.00046479 0.00336512 0.39402150 0.02546976 0.33970353 0.00840455 0.02348340 0.02128785 0.17425377 0.00855004
15.70078504 4.18759497 0.00053491 0.00051469 0.00024198 0.00278404 0.39266578 0.02719235 0.34367480 0.01100567 0.02319309 0.01806398 0.17395163 0.00617708
15.80079004 4.18490076 0.00084388 0.00050685 0.00053143 0.00486118 0.39550281 0.02578478 0.34181017 0.01089810 0.01991331 0.01873107 0.17426686 0.00634956
15.90079504 4.18068557 0.00091784 0.00047083 0.00063820 0.00478187 0.39424272 0.02512268 0.34103978 0.01321629 0.01967712 0.01759062 0.17256955 0.00973250
16.00080004 4.17384054 0.00055044 0.00056635 0.00042933 0.00264093 0.39827599 0.02505229 0.34107756 0.01132640 0.02452352 0.01771046 0.16955659 0.00829015
16.10080504 4.16727132 0.00048289 0.00056840 0.00051735 0.00254606 0.39418982 0.02317139 0.34288370 0.01044811 0.02360703 0.01910090 0.17275105 0.00973329
16.20081004 4.15921553 0.00056694 0.00055529 0.00047033 0.00314651 0.39546638 0.02349592 0.34817698 0.00834338 0.02329099 0.01825801 0.17051035 0.00771891
16.30081504 4.15578609 0.00062490 0.00056726 0.00055259 0.00428067 0.39465096 0.02387641 0.34542696 0.00805120 0.02312538 0.01969345 0.17222943 0.00692078
16.40082004 4.15175510 0.00029821 0.00063107 0.00018248 0.00203087 0.39285170 0.02547419 0.34088655 0.00683958 0.02711609 0.01919376 0.17851459 0.00598089
16.50082504 4.14939367 0.00042041 0.00057749 0.00027957 0.00176170 0.39844281 0.02466625 0.33720435 0.00612184 0.02700504 0.02077579 0.17677031 0.00597444
16.60083004 4.14002460 0.00046815 0.00056548 0.00010614 0.00225572 0.39437208 0.02833963 0.34116467 0.01176918 0.02403605 0.01757643 0.17386172 0.00548476
16.70083504 4.13557326 0.00057088 0.00054694 0.00026918 0.00342466 0.39128328 0.02796957 0.34204060 0.01137933 0.02567907 0.01666567 0.17445011 0.00572071
16.80084004 4.13231698 0.00030215 0.00062004 0.00006962 0.00021538 0.39032129 0.02907358 0.34034139 0.01054933 0.02983980 0.01769416 0.17487748 0.00609579
16.90084504 4.12418875 0.00065194 0.00057241 0.00045348 0.00482240 0.39350450 0.02808369 0.33651859 0.00921710 0.03086950 0.01654049 0.17253500 0.00623090
17.00085004 4.12057414 0.00030247 0.00054412 0.00017903 0.00026082 0.39827000 0.03001606 0.33711460 0.00842329 0.02657408 0.01923034 0.17149720 0.00758800
17.10085504 4.11676165 0.00061012 0.00055745 0.00045211 0.00208387 0.39364375 0.02369492 0.33687919 0.01120121 0.02856141 0.02074585 0.17235818 0.00921192
17.20086004 4.11196498 0.00069432 0.00057352 0.00046666 0.00366975 0.38974593 0.02228675 0.33563495 0.01078860 0.02886193 0.02679276 0.17318368 0.00730117
17.30086504 4.10141822 0.00061737 0.00058849 0.00043094 0.00364044 0.38683152 0.02726725 0.33265018 0.01175658 0.03015135 0.02439185 0.17377846 0.00789557
17.40087004 4.09772558 0.00031882 0.00064454 0.00021281 0.00024099 0.39141368 0.02909464 0.33247810 0.01075496 0.03014486 0.02451679 0.17131883 0.00886099
17.50087504 4.09059921 0.00072078 0.00062339 0.00055941 0.00641853 0.38517695 0.02818272 0.33292204 0.01032689 0.03046438 0.02478912 0.17081324 0.00900255
17.60088004 4.08862135 0.00064873 0.00056950 0.00043588 0.00539021 0.38762927 0.02932320 0.33455900 0.01022229 0.03031269 0.02288177 0.17092954 0.00709791
17.70088504 4.08029224 0.00066060 0.00059031 0.00053076 0.00476787 0.38926492 0.02907948 0.33689650 0.01047606 0.02985999 0.02002893 0.16938828 0.00845629
17.80089004 4.07256145 0.00121465 0.00055778 0.00088815 0.00708903 0.38739551 0.02801983 0.32994879 0.01548215 0.03170289 0.02127449 0.16839504 0.00803170
17.90089504 4.06760373 0.00098022 0.00056249 0.00098397 0.00788023 0.39317498 0.02736816 0.32966224 0.00963385 0.03029409 0.02192202 0.16830620 0.00923155
18.00090005 4.06136100 0.00070537 0.00058047 0.00064342 0.00515415 0.38887398 0.02936821 0.33146985 0.00914260 0.03360036 0.01942318 0.16947533 0.01156307
18.10090505 4.05644853 0.00105095 0.00054791 0.00074061 0.00758441 0.38523250 0.02884875 0.32807153 0.01356300 0.03270901 0.02153533 0.17143905 0.00867695
18.20091005 4.05252672 0.00035310 0.00064835 0.00029602 0.00213285 0.38271401 0.02994943 0.33715677 0.00876862 0.04046507 0.01803717 0.16901580 0.01046282
18.30091505 4.04653066 0.00031060 0.00057400 0.00019517 0.00026420 0.38424632 0.03420840 0.33874021 0.00851540 0.03699265 0.02014707 0.16744682 0.00835916
18.40092005 4.04123198 0.00073441 0.00059955 0.00054202 0.00627913 0.38252477 0.03187114 0.33446614 0.00975340 0.03813388 0.01893988 0.16827566 0.00788001
18.50092505 4.03758323 0.00091775 0.00055545 0.00070439 0.00478636 0.38140885 0.03226564 0.33455000 0.01313408 0.03542774 0.01705276 0.16805796 0.01113902
18.60093005 4.03478638 0.00065301 0.00055154 0.00041146 0.00751540 0.38116607 0.03255341 0.33548788 0.01129183 0.03556421 0.01773615 0.16723030 0.00983875
18.70093505 4.03225616 0.00046115 0.00053643 0.00042657 0.00265551 0.38390828 0.03241615 0.33915176 0.00905947 0.03390624 0.01926863 0.16649729 0.01171253
18.80094005 4.02689192 0.00054585 0.00057261 0.00041387 0.00270217 0.38224767 0.02897317 0.34627342 0.00811171 0.03423872 0.02426285 0.16466757 0.00699037
18.90094505 4.02345939 0.00075086 0.00051933 0.00066071 0.00641917 0.38124497 0.03056396 0.34912864 0.00814936 0.02906706 0.02071464 0.16403999 0.00874130
19.00095005 4.01821673 0.00029528 0.00063991 0.00013913 0.00026871 0.38941581 0.02492737 0.34835912 0.00903131 0.02921226 0.01882511 0.17037290 0.00851308
19.10095505 4.01594881 0.00038975 0.00061403 0.00026400 0.00158031 0.38680103 0.02313650 0.34982300 0.00770422 0.03134439 0.02156880 0.16941755 0.00735642
19.20096005 4.01224430 0.00030908 0.00059576 0.00008240 0.00030790 0.38337516 0.02352544 0.35068429 0.01120360 0.03319427 0.02052120 0.17015052 0.00605038
19.30096505 4.00706037 0.00058654 0.00053401 0.00024869 0.00206490 0.38332045 0.02599634 0.34732239 0.01170752 0.02940506 0.02093095 0.17141808 0.00646506
19.40097005 3.99819823 0.00044641 0.00053326 0.00024815 0.00163386 0.38599467 0.02807980 0.35089207 0.01082123 0.02576824 0.02026893 0.16681176 0.00850162
19.50097505 3.98664716 0.00032396 0.00063040 0.00016094 0.00225346 0.38473794 0.02957867 0.34670424 0.01003922 0.02751951 0.01947339 0.17040792 0.00817036
19.60098005 3.98192899 0.00033357 0.00053649 0.00012761 0.00030109 0.38616639 0.02721323 0.35020075 0.01047652 0.02398629 0.02379573 0.16911008 0.00775225
19.70098505 3.97890010 0.00049971 0.00055998 0.00035505 0.00176861 0.38356832 0.02437730 0.34857163 0.01074110 0.02631280 0.02363761 0.17098726 0.00862062
19.80099005 3.97660155 0.00044082 0.00050240 0.00019313 0.00221183 0.38465565 0.02702410 0.34824108 0.01220652 0.02434297 0.02200732 0.17025790 0.00791627
19.90099505 3.97597884 0.00041098 0.00053822 0.00010168 0.00030014 0.38712062 0.03061909 0.34824091 0.01123299 0.02425874 0.02110225 0.16984150 0.00623288
20.00100005 3.96900534 0.00070296 0.00057181 0.00047839 0.00465628 0.38723647 0.02371551 0.34571059 0.01064895 0.02785875 0.02172024 0.17062238 0.00607767
20.10100505 3.96213135 0.00037924 0.00056724 0.00018867 0.00334191 0.39196227 0.02522430 0.34368206 0.00937114 0.02587885 0.02115184 0.17190959 0.00634291
20.20101005 3.95779252 0.00028621 0.00062300 0.00016145 0.00029249 0.38922443 0.02325451 0.34490411 0.00870047 0.02979422 0.02313772 0.17145424 0.00816715
20.30101505 3.95224850 0.00101188 0.00063057 0.00086474 0.00870799 0.38669805 0.02058957 0.34397850 0.00963969 0.02689274 0.01992877 0.17380014 0.00725736
20.40102005 3.95130234 0.00043639 0.00061352 0.00030295 0.00162454 0.39026606 0.02142635 0.34546411 0.00980129 0.02638677 0.02015015 0.17526954 0.00825832
20.50102505 3.94677055 0.00064157 0.00065307 0.00045390 0.00361795 0.39089257 0.02056412 0.34469556 0.01278060 0.02519537 0.01440294 0.17856344 0.00753892
20.60103005 3.94202354 0.00071745 0.00065810 0.00041094 0.00200361 0.39060576 0.02196385 0.34254461 0.01442081 0.02478076 0.01510517 0.17741077 0.00937818
20.70103505 3.93852643 0.00033419 0.00064504 0.00017265 0.00219562 0.39020988 0.02641260 0.34074374 0.00993867 0.02583319 0.01876284 0.17856815 0.00618343
20.80104005 3.93245630 0.00045876 0.00067294 0.00009158 0.00028541 0.39259540 0.02501108 0.34039588 0.01386918 0.02696665 0.01635270 0.17736913 0.00593129
20.90104505 3.92667898 0.00051473 0.00063556 0.00016596 0.00150560 0.39377792 0.02507483 0.33890779 0.01254181 0.03033234 0.01670141 0.17434640 0.00549566
21.00105005 3.92201701 0.00060309 0.00051891 0.00033561 0.00375001 0.39643214 0.02447620 0.34162222 0.01376369 0.02363632 0.01721958 0.17179041 0.00585183
21.10105505 3.91369664 0.00047597 0.00063431 0.00025224 0.00377711 0.39335934 0.02494921 0.34285834 0.01047992 0.02585186 0.01660516 0.17329614 0.00746039
21.20106005 3.91077157 0.00052807 0.00055078 0.00033401 0.00320564 0.39697607 0.02594707 0.34514422 0.00894246 0.02390585 0.01731307 0.17142309 0.00572967
21.30106505 3.90751655 0.00034930 0.00051897 0.00016008 0.00141911 0.39427943 0.02703674 0.34824271 0.01054856 0.02397710 0.01522275 0.17298179 0.00526345
21.40107005 3.90206454 0.00042938 0.00054163 0.00036256 0.00148941 0.39221511 0.02464970 0.34479138 0.00906875 0.02559651 0.01661119 0.17485537 0.00938901
21.50107505 3.89822228 0.00044611 0.00050021 0.00038996 0.00252000 0.39043337 0.02438253 0.34370500 0.00871161 0.02459348 0.02097193 0.17476794 0.00857787
21.60108005 3.89634612 0.00096296 0.00048258 0.00084929 0.00891773 0.39575014 0.01915125 0.34617671 0.00873366 0.01945404 0.01941158 0.17413654 0.00597353
21.70108505 3.89135252 0.00048417 0.00051037 0.00030340 0.00137289 0.39588014 0.01938895 0.35174035 0.00913553 0.02071971 0.01896379 0.17314943 0.00835127
21.80109005 3.88903801 0.00029512 0.00053837 0.00022608 0.00033859 0.39213013 0.02331901 0.34921766 0.00803013 0.02233488 0.01735791 0.17777896 0.00843316
21.90109505 3.88504517 0.00043132 0.00047859 0.00032267 0.00266228 0.39065537 0.02144787 0.34854120 0.00924814 0.02189862 0.01856668 0.17842621 0.00732104
22.00110006 3.88060887 0.00050105 0.00048428 0.00032739 0.00329290 0.38861636 0.02508114 0.34603692 0.00806129 0.02317363 0.02085869 0.17768881 0.00587753
22.10110506 3.87814350 0.00038821 0.00049230 0.00006812 0.00226830 0.38751804 0.02647866 0.34384221 0.01069488 0.02447406 0.01951578 0.17767339 0.00658604
22.20111006 3.87335296 0.00045567 0.00051780 0.00014756 0.00158245 0.39297805 0.02197226 0.34133033 0.01164834 0.02770131 0.01797668 0.17747251 0.00621705
22.30111506 3.86822721 0.00049086 0.00050718 0.00024292 0.00276589 0.39581949 0.02237125 0.33880107 0.01191730 0.02867271 0.01600343 0.17619955 0.00620836
22.40112006 3.85882204 0.00044151 0.00062706 0.00019712 0.00153040 0.38998527 0.02293939 0.34276374 0.01208073 0.03243251 0.01381340 0.17819141 0.00499744
22.50112506 3.84870245 0.00075301 0.00064236 0.00052681 0.00470464 0.38925865 0.02549189 0.33842586 0.01019894 0.03091138 0.01364630 0.18076175 0.00467840
22.60113006 3.83354058 0.00070533 0.00072995 0.00043235 0.00370455 0.38250673 0.02743385 0.33931002 0.01188835 0.03537786 0.01474276 0.17807545 0.00509283
22.70113506 3.83135622 0.00035978 0.00068579 0.00014505 0.00336997 0.38845177 0.02733810 0.34080915 0.00660441 0.03416388 0.01430826 0.17788941 0.00587442
22.80114006 3.82560865 0.00028687 0.00077585 0.00013913 0.00126171 0.38871905 0.02335483 0.34407464 0.00633604 0.03341046 0.01435801 0.18101999 0.00626341
22.90114506 3.81774029 0.00055055 0.00068499 0.00050342 0.00490245 0.38690976 0.01994048 0.34125882 0.00597066 0.03777254 0.01633836 0.17737388 0.00779409
23.00115006 3.81283223 0.00024981 0.00060480 0.00011292 0.00025740 0.38679743 0.02512360 0.33966348 0.00554724 0.03718557 0.02068675 0.17774872 0.00602228
23.10115506 3.80646915 0.00036899 0.00058248 0.00022068 0.00184835 0.38766376 0.02194597 0.34146098 0.00649605 0.03275905 0.02088580 0.17953373 0.00623417
23.20116006 3.80360670 0.00028320 0.00062052 0.00005735 0.00022593 0.38516584 0.02105984 0.34417555 0.00850401 0.03446892 0.01793432 0.18156918 0.00593534
23.30116506 3.80069392 0.00036367 0.00053794 0.00016702 0.00145362 0.38778543 0.02052662 0.34319282 0.00871727 0.03170071 0.02165357 0.17878309 0.00511823
23.40117006 3.79643096 0.00067531 0.00052693 0.00039902 0.00321932 0.38704127 0.01851059 0.34185982 0.01484550 0.03197082 0.01769593 0.17660116 0.00665434
23.50117506 3.79227821 0.00090629 0.00055272 0.00067782 0.00779215 0.39025355 0.01706350 0.33734480 0.01230993 0.03371439 0.01715363 0.17613455 0.00609668
23.60118006 3.78725530 0.00030986 0.00061369 0.00015821 0.00134350 0.39089800 0.01951089 0.34628679 0.01010833 0.03340578 0.01606995 0.17479574 0.00649927
23.70118506 3.78018469 0.00059787 0.00057029 0.00053380 0.00596174 0.38435367 0.01882031 0.34994292 0.01002421 0.02988943 0.01569504 0.17724368 0.00636703
23.80119006 3.77623853 0.00041102 0.00059303 0.00037883 0.00264142 0.38296548 0.02130579 0.35208499 0.00894484 0.03063265 0.01466480 0.17772385 0.00765329
23.90119506 3.77302614 0.00023430 0.00063677 0.00010631 0.00020085 0.38354778 0.02127161 0.35184625 0.00824755 0.03199257 0.01739286 0.17997664 0.00454651
24.00120006 3.77055954 0.00039092 0.00056068 0.00016320 0.00039131 0.38269680 0.02141240 0.35288857 0.01293318 0.03313532 0.01293448 0.17671863 0.00577450
24.10120506 3.76843220 0.00034665 0.00059567 0.00011207 0.00027480 0.38486177 0.02257327 0.35157835 0.00970055 0.03294242 0.01364997 0.17802178 0.00534269
24.20121006 3.76218346 0.00082814 0.00065439 0.00051684 0.00788722 0.38547526 0.02098042 0.34245615 0.01107649 0.02953434 0.01368448 0.18187986 0.00502641
24.30121506 3.76062418 0.00046381 0.00065781 0.00014954 0.00145614 0.38852659 0.02107493 0.33832629 0.01127695 0.03186849 0.01446595 0.18662083 0.00511268
24.40122006 3.75709635 0.00037007 0.00070671 0.00014895 0.00141399 0.38748472 0.02078888 0.33920963 0.01023544 0.03657394 0.01460107 0.18402500 0.00444160
24.50122506 3.75497820 0.00047216 0.00057184 0.00024357 0.00161295 0.38898144 0.01888867 0.34044268 0.01147685 0.03467036 0.01695743 0.18133369 0.00434836
24.60123006 3.74823442 0.00052381 0.00059335 0.00040863 0.00392879 0.38899779 0.01554907 0.34391074 0.00854738 0.03390592 0.01875567 0.18059220 0.00428665
24.70123506 3.74699643 0.00029214 0.00056264 0.00011261 0.00219745 0.39132977 0.01616219 0.34720456 0.00903839 0.03513996 0.01448402 0.17776307 0.00571318
24.80124006 3.74002629 0.00037918 0.00053380 0.00022373 0.00152798 0.38904732 0.01788501 0.34786572 0.00922631 0.03220895 0.01846358 0.17634421 0.00629420
24.90124506 3.73743217 0.00036502 0.00061525 0.00013208 0.00332720 0.39235756 0.01538178 0.34920889 0.01013772 0.03050731 0.01624816 0.17731099 0.00440804
25.00125006 3.72962385 0.00036437 0.00066713 0.00021334 0.00260227 0.39172505 0.01730096 0.34664482 0.00875373 0.03310101 0.01601911 0.17786199 0.00474622
25.10125506 3.72701545 0.00060239 0.00057923 0.00045657 0.00319441 0.39283520 0.01957787 0.34737580 0.00780456 0.02912563 0.01826528 0.17608414 0.00409891
25.20126006 3.72156199 0.00076056 0.00059125 0.00049994 0.00434994 0.39771773 0.01947783 0.34555468 0.01059086 0.02533004 0.01405522 0.17680630 0.00426565
25.30126506 3.72103908 0.00048089 0.00059588 0.00033640 0.00155726 0.39999910 0.01502120 0.34762758 0.01246799 0.02759871 0.01137854 0.17617873 0.00675772
25.40127006 3.71494888 0.00031859 0.00055024 0.00024667 0.00223641 0.40243235 0.01676189 0.34704829 0.00807409 0.02673912 0.01222847 0.17723001 0.00613389
25.50127506 3.71063541 0.00022977 0.00050290 0.00017302 0.00018719 0.40368865 0.01730753 0.34847814 0.00809831 0.02644668 0.01265632 0.17488363 0.00734786
25.60128006 3.70647042 0.00052101 0.00051930 0.00044287 0.00296074 0.39851196 0.01597590 0.34748128 0.00937235 0.02649419 0.01282651 0.17699328 0.00790063
25.70128506 3.69903046 0.00060647 0.00053496 0.00048442 0.00398731 0.40425507 0.01701141 0.34146880 0.00761721 0.02800572 0.01445791 0.17573545 0.00583527
