0.00000000 7.00000000 0.00000000 0.00000000 0.00000000 0.00000000 0.00000000 0.00000000 0.00000000 1.00000000 0.00000000 0.00000000 0.00000000 0.00000000
0.10000500 7.00279697 0.02200090 0.00118934 0.00824802 0.11184700 0.08707005 0.15780176 0.03997747 0.41860828 0.05628264 0.05724567 0.00748050 0.03224838
0.20001000 7.00177553 0.00658380 0.00130549 0.00365611 0.03950393 0.14166452 0.23002756 0.06221593 0.22989755 0.07587983 0.13736817 0.03093422 0.04096289
0.30001500 6.99759550 0.00419416 0.00097996 0.00271875 0.02404563 0.14883142 0.24088900 0.06157236 0.16694089 0.08208696 0.17910803 0.04652930 0.04210353
0.40002000 6.99456719 0.00347488 0.00082950 0.00153014 0.01820193 0.14701334 0.23203767 0.07168227 0.14791177 0.08838393 0.19413281 0.05209096 0.04271079
0.50002500 6.99048276 0.00384072 0.00095273 0.00148913 0.01432603 0.16003362 0.20686652 0.06841649 0.14067256 0.10084972 0.20613855 0.05774743 0.03866648
0.60003000 6.98723167 0.00358764 0.00089712 0.00144960 0.01719191 0.18180229 0.17821742 0.08859598 0.12365783 0.09551504 0.20836170 0.05718958 0.04353390
0.70003500 6.98367371 0.00361333 0.00099996 0.00184191 0.01691791 0.18770905 0.17416871 0.10420651 0.10165910 0.09192343 0.20452271 0.06716104 0.04527633
0.80004000 6.98057906 0.00319328 0.00103152 0.00189404 0.01566943 0.20877630 0.15272904 0.10925396 0.09225343 0.09484545 0.19685664 0.07209277 0.05140414
0.90004500 6.98034371 0.00297073 0.00088487 0.00163891 0.01572835 0.22852920 0.14636481 0.11993551 0.08435583 0.08443419 0.18924017 0.07621623 0.04970120
1.00005000 6.97847710 0.00262049 0.00091474 0.00141600 0.01297330 0.23742621 0.14077436 0.12972925 0.07759290 0.08998391 0.17646374 0.08194589 0.04815921
1.10005500 6.97545808 0.00252695 0.00089447 0.00163865 0.01156493 0.25405618 0.14937847 0.13356916 0.07073679 0.08771916 0.15357762 0.08776102 0.04657658
1.20006000 6.96784482 0.00237027 0.00089642 0.00130690 0.01068952 0.27173295 0.15326292 0.13406313 0.07086241 0.08514681 0.13671405 0.09016068 0.04279392
1.30006500 6.96473977 0.00235403 0.00098661 0.00145414 0.00993795 0.28014169 0.15907536 0.13866934 0.06364820 0.08487367 0.12027550 0.09732868 0.04125483
1.40007000 6.95824344 0.00294151 0.00083897 0.00168274 0.02221896 0.29051625 0.15411315 0.15103000 0.06671681 0.07751000 0.10303283 0.09010478 0.03929401
1.50007500 6.95757405 0.00265388 0.00079593 0.00148547 0.01348290 0.29969140 0.15856935 0.16657048 0.06431524 0.07453060 0.08918598 0.08841160 0.04030717
1.60008000 6.95067909 0.00289184 0.00081453 0.00160714 0.01505813 0.30654376 0.15198091 0.17188252 0.06706708 0.07820902 0.07724930 0.08855017 0.03814560
1.70008500 6.94246993 0.00310336 0.00083565 0.00187653 0.01748947 0.32138795 0.13982146 0.17425355 0.06149212 0.07913021 0.06806415 0.09439263 0.03815291
1.80009000 6.93882519 0.00249762 0.00086443 0.00131400 0.01762085 0.32258998 0.13478027 0.19029041 0.05368950 0.07488775 0.07350423 0.10136743 0.02659351
1.90009500 6.93052505 0.00196779 0.00095227 0.00071907 0.00766792 0.32873861 0.12366496 0.19771941 0.05280065 0.07435892 0.07329879 0.11223079 0.02588082
2.00010001 6.92075434 0.00212495 0.00098473 0.00103281 0.01333570 0.32813196 0.10926211 0.20172767 0.05013417 0.08058345 0.07592662 0.11057220 0.02618364
2.10010501 6.91439764 0.00174430 0.00094977 0.00090143 0.01009238 0.33440182 0.11306921 0.20478544 0.03998922 0.08231434 0.07389123 0.11154862 0.02631223
2.20011001 6.91035936 0.00135028 0.00091397 0.00061410 0.00371140 0.33788629 0.10837324 0.21063886 0.04017552 0.08155991 0.07061858 0.11700097 0.02715689
2.30011501 6.90620427 0.00170655 0.00076216 0.00116932 0.00999142 0.33937487 0.10606954 0.21779499 0.03438127 0.07268383 0.07335461 0.11538416 0.02732728
2.40012001 6.90113029 0.00133867 0.00079004 0.00080388 0.00757367 0.34198502 0.10100035 0.22277834 0.03474613 0.07431586 0.06906964 0.11813074 0.02746766
2.50012501 6.89799738 0.00136550 0.00077733 0.00071741 0.00522166 0.34937820 0.09032061 0.22860727 0.03450914 0.07617833 0.07198192 0.11705887 0.02388376
2.60013001 6.89747851 0.00093801 0.00082726 0.00052847 0.00555864 0.35141767 0.08490408 0.23299926 0.02913960 0.08481111 0.06855201 0.11594469 0.02437920
2.70013501 6.89055029 0.00107334 0.00080944 0.00048173 0.00237522 0.35292052 0.08822338 0.23420930 0.02999667 0.08419136 0.06112823 0.12186938 0.02272142
2.80014001 6.88480578 0.00112911 0.00079498 0.00055342 0.00621065 0.35068413 0.08630255 0.23157752 0.03170620 0.08627945 0.05748871 0.12466391 0.02260936
2.90014501 6.87374408 0.00196906 0.00070173 0.00120215 0.01097672 0.34503548 0.08356194 0.23577596 0.03598697 0.07929008 0.06471461 0.12119675 0.01958855
3.00015001 6.87049591 0.00213514 0.00076925 0.00149826 0.01510697 0.34481245 0.08598758 0.23889746 0.03471002 0.07994512 0.05335296 0.12357572 0.01920906
3.10015501 6.86421476 0.00201853 0.00083706 0.00144989 0.01581789 0.34976810 0.08512931 0.24882696 0.02970624 0.07439216 0.04848806 0.12617571 0.01739009
3.20016001 6.85643769 0.00147552 0.00085717 0.00099294 0.00939752 0.35531452 0.09158431 0.25541644 0.02813469 0.06245398 0.04300886 0.13195789 0.01940615
3.30016501 6.84474838 0.00162950 0.00087237 0.00139666 0.01311593 0.35499270 0.09123816 0.25903238 0.02140899 0.06502588 0.03889526 0.13007667 0.02231549
3.40017001 6.84008270 0.00124504 0.00077972 0.00079915 0.00773288 0.35549169 0.08822254 0.26424795 0.02540387 0.05810022 0.04353867 0.13138042 0.02305785
3.50017501 6.83575597 0.00113700 0.00071679 0.00076087 0.00963752 0.35900288 0.08289225 0.26240124 0.02584580 0.05922020 0.04474548 0.12865889 0.02498106
3.60018001 6.82484432 0.00106749 0.00076517 0.00086196 0.00851097 0.36479820 0.08595047 0.25816700 0.01976816 0.05798685 0.04916536 0.13228278 0.02067559
3.70018501 6.81769736 0.00099320 0.00084753 0.00065931 0.00551215 0.37628594 0.07886482 0.26421289 0.01828204 0.05886423 0.04136060 0.13778940 0.01632788
3.80019001 6.81161484 0.00118468 0.00076035 0.00080105 0.00820527 0.37931618 0.07148962 0.26748033 0.01880699 0.05788583 0.04057715 0.13855730 0.01493524
3.90019501 6.80583623 0.00110488 0.00075897 0.00077530 0.00855561 0.37983139 0.06548073 0.27471698 0.02009945 0.05540886 0.03876160 0.13928380 0.01522243
4.00020001 6.79674217 0.00121974 0.00067716 0.00062247 0.00768759 0.38230070 0.06618142 0.27058152 0.02635533 0.05459814 0.03855435 0.13784248 0.01337910
4.10020501 6.78713403 0.00105562 0.00080605 0.00062076 0.00659857 0.38652984 0.06713884 0.27070850 0.02116264 0.05378814 0.03320001 0.14416746 0.01422356
4.20021001 6.77876147 0.00089712 0.00078523 0.00045812 0.00323895 0.38564785 0.06414167 0.27268268 0.01958171 0.05844137 0.03702425 0.14444287 0.01265817
4.30021501 6.77382340 0.00080810 0.00078879 0.00038106 0.00334801 0.38825507 0.06345745 0.27127808 0.01831246 0.05578461 0.03895013 0.14589346 0.01274280
4.40022001 6.76814326 0.00071123 0.00073658 0.00027129 0.00261621 0.38812159 0.05976894 0.27985008 0.02051755 0.05324141 0.03056837 0.14805035 0.01554643
4.50022501 6.75725458 0.00074059 0.00075742 0.00030209 0.00357104 0.38714611 0.05630004 0.28244555 0.01903281 0.06145403 0.03059383 0.14619690 0.01145960
4.60023001 6.75326956 0.00098691 0.00064403 0.00074866 0.00955083 0.38580442 0.05307388 0.28821985 0.01687860 0.05126843 0.03104175 0.14806326 0.01371937
4.70023501 6.74443445 0.00098656 0.00066613 0.00051338 0.00653858 0.38032406 0.05714303 0.29036156 0.01978945 0.04830636 0.03356235 0.14834190 0.01346665
4.80024001 6.74102173 0.00059440 0.00069996 0.00040114 0.00562674 0.38261163 0.05471683 0.29945727 0.01700329 0.04183292 0.03111298 0.15139821 0.01454463
4.90024501 6.73380165 0.00074896 0.00074148 0.00044270 0.00539564 0.38205678 0.05633099 0.29832274 0.01714848 0.04306300 0.03199606 0.14981600 0.01393718
5.00025001 6.73329495 0.00066686 0.00064858 0.00033020 0.00189901 0.38664492 0.05883855 0.29803528 0.01552789 0.03772240 0.03344360 0.15294881 0.01329390
5.10025501 6.72437924 0.00083036 0.00066787 0.00045696 0.00538681 0.38074482 0.05892911 0.30299458 0.01512249 0.03902146 0.02905068 0.15457127 0.01222360
5.20026001 6.71646664 0.00112772 0.00066204 0.00071750 0.00855547 0.37499447 0.05614159 0.30660327 0.01739659 0.03912027 0.02655103 0.15661996 0.01151010
5.30026501 6.70390259 0.00112058 0.00069874 0.00077348 0.00831736 0.37023606 0.05174179 0.31107971 0.01575986 0.03867110 0.03097659 0.15931439 0.01131035
5.40027001 6.69562019 0.00097861 0.00071836 0.00056197 0.00669105 0.37657510 0.04627994 0.30692071 0.01775585 0.03603202 0.03294042 0.16375381 0.01079217
5.50027501 6.68768365 0.00096484 0.00071929 0.00058264 0.00671735 0.37612595 0.04452426 0.30869546 0.01712177 0.03838673 0.03171121 0.16207257 0.01237793
5.60028001 6.67870946 0.00090585 0.00071398 0.00070534 0.00902427 0.38495011 0.03778932 0.30245265 0.01502694 0.04222229 0.03182725 0.15966097 0.01472103
5.70028501 6.67285838 0.00080263 0.00069519 0.00080082 0.00691605 0.38165514 0.04051216 0.30228208 0.01326516 0.04331406 0.03083964 0.16205353 0.01686354
5.80029001 6.66695265 0.00058753 0.00068845 0.00048871 0.00396326 0.38583609 0.04393165 0.30790357 0.01333845 0.03729914 0.02879419 0.16227274 0.01489621
5.90029501 6.66310958 0.00057528 0.00059568 0.00059739 0.00501244 0.38756474 0.04486741 0.30723810 0.01205762 0.03636504 0.02499354 0.16223644 0.01789632
6.00030002 6.66133192 0.00063430 0.00061900 0.00045495 0.00345918 0.39158641 0.04381483 0.30641120 0.01191055 0.03622495 0.02817609 0.16515843 0.01155011
6.10030502 6.65651938 0.00072902 0.00061616 0.00040666 0.00506830 0.39276022 0.04198484 0.30815065 0.01544711 0.03423111 0.02359455 0.16624186 0.01076953
6.20031002 6.65156380 0.00115916 0.00070644 0.00094446 0.00990515 0.39387073 0.03999183 0.30023724 0.01588121 0.03798652 0.02036988 0.16719907 0.01174832
6.30031502 6.64249589 0.00041779 0.00072560 0.00038337 0.00164614 0.39408566 0.04662357 0.30168323 0.00944503 0.03668236 0.02406065 0.17082315 0.01342345
6.40032002 6.63617954 0.00057257 0.00074283 0.00039428 0.00513513 0.38494491 0.04689051 0.30562055 0.00924137 0.03680145 0.02494045 0.17389027 0.01082569
6.50032502 6.62619411 0.00039191 0.00071449 0.00016246 0.00027124 0.38781938 0.04804867 0.30461160 0.00969570 0.03643328 0.02742348 0.17442125 0.01000654
6.60033002 6.61800466 0.00107737 0.00061048 0.00078329 0.01405641 0.38222458 0.04608019 0.30428034 0.01560917 0.03373538 0.02145456 0.16914923 0.01093901
6.70033502 6.61154420 0.00110292 0.00066015 0.00070900 0.00986032 0.38440471 0.04571286 0.30493159 0.01893043 0.03381803 0.01985385 0.17018553 0.00983063
6.80034002 6.61197906 0.00049777 0.00067909 0.00038402 0.00172508 0.39224089 0.04639733 0.30865741 0.01554992 0.03134585 0.01755925 0.17107676 0.01388664
6.90034502 6.60613976 0.00056864 0.00068389 0.00031436 0.00164536 0.39958993 0.04013165 0.30872047 0.01523716 0.03336833 0.02036656 0.16963738 0.00973628
7.00035002 6.60186056 0.00070385 0.00060848 0.00053422 0.00649390 0.39645989 0.03796155 0.30727360 0.01283558 0.03280157 0.02658066 0.16885646 0.00889025
7.10035502 6.59340818 0.00064159 0.00062000 0.00036228 0.00541793 0.39273787 0.03970788 0.30228894 0.01363692 0.03444229 0.03130853 0.16991090 0.00892487
7.20036002 6.58491759 0.00103315 0.00056604 0.00074433 0.00947859 0.38577255 0.04259195 0.30385054 0.01544963 0.03305919 0.02933922 0.16875167 0.00936314
7.30036502 6.56902607 0.00061710 0.00073250 0.00038602 0.00391117 0.37884328 0.04335023 0.30310834 0.01482802 0.03615912 0.03182485 0.17315676 0.01308261
7.40037002 6.56402756 0.00099305 0.00065935 0.00061912 0.00597079 0.37995465 0.04052141 0.30177391 0.01783197 0.03604642 0.03094358 0.17356568 0.01112007
7.50037502 6.56080305 0.00059881 0.00068070 0.00039990 0.00274890 0.38048677 0.04055394 0.30458766 0.01534237 0.03812219 0.03251404 0.17212268 0.01184203
7.60038002 6.55693308 0.00053492 0.00073995 0.00027568 0.00580190 0.38294075 0.03901209 0.29892215 0.01379506 0.04282113 0.03381096 0.17257603 0.00876939
7.70038502 6.55068446 0.00056928 0.00068504 0.00031599 0.00357808 0.38757901 0.03736967 0.30261529 0.01631961 0.04100526 0.02989835 0.17011540 0.00994902
7.80039002 6.54154104 0.00062846 0.00071826 0.00042895 0.00470139 0.38426485 0.04278137 0.30173167 0.01301595 0.04000859 0.03232857 0.16927664 0.01011532
7.90039502 6.53765474 0.00110585 0.00067730 0.00078676 0.00739435 0.38634642 0.03849574 0.29814616 0.01699510 0.03614347 0.03196342 0.17268666 0.00925877
8.00040002 6.53328196 0.00086226 0.00066160 0.00075653 0.00641362 0.39424221 0.03530844 0.29746201 0.01526270 0.03629360 0.02937323 0.17134058 0.01202321
8.10040502 6.52629358 0.00084118 0.00067258 0.00061394 0.00752129 0.39951901 0.03630541 0.29986016 0.01151808 0.03504006 0.02785823 0.17090819 0.00934187
8.20041002 6.51867660 0.00064079 0.00070099 0.00026911 0.00191479 0.40058296 0.03899558 0.30074668 0.01522463 0.03721958 0.02429437 0.17074979 0.00866072
8.30041502 6.51161006 0.00075003 0.00065224 0.00061156 0.00498965 0.39989068 0.03546821 0.29655077 0.01326804 0.03836957 0.02923214 0.16653674 0.01368037
8.40042002 6.50583634 0.00072703 0.00064767 0.00067649 0.00479486 0.39854923 0.03423522 0.29530886 0.01338940 0.03967222 0.02937911 0.16782202 0.01479789
8.50042502 6.49587230 0.00106222 0.00063716 0.00086600 0.01017311 0.39846272 0.03559055 0.29605194 0.01296928 0.03906171 0.02724562 0.16578647 0.01209321
8.60043002 6.48108691 0.00071993 0.00064401 0.00051542 0.00470592 0.40204730 0.03522139 0.30276391 0.01244540 0.03531856 0.03508222 0.16122623 0.00930973
8.70043502 6.47293064 0.00042846 0.00068905 0.00014059 0.00032059 0.40077611 0.03902402 0.30217907 0.01232270 0.03725359 0.03140990 0.16710218 0.00835374
8.80044002 6.46821589 0.00080403 0.00065190 0.00062517 0.00679737 0.39721018 0.04133064 0.30294928 0.01368958 0.03523135 0.02442383 0.16395729 0.01232938
8.90044502 6.46557588 0.00084570 0.00057842 0.00050379 0.00741703 0.40057831 0.04390877 0.30079202 0.01443541 0.03619531 0.02125262 0.16385594 0.00963668
9.00045002 6.46336905 0.00083073 0.00063255 0.00044926 0.00540310 0.40135902 0.04404755 0.30222111 0.01332498 0.03630318 0.02001701 0.16748414 0.00792737
9.10045502 6.46161641 0.00075315 0.00068006 0.00038854 0.00711510 0.40162180 0.03802643 0.30342024 0.01454252 0.03151240 0.02134964 0.17276550 0.00782463
9.20046002 6.45395089 0.00089393 0.00074907 0.00058803 0.00494203 0.40038029 0.04109152 0.30008970 0.01316487 0.03855412 0.01672651 0.17422683 0.00859312
9.30046502 6.44321930 0.00077884 0.00072478 0.00056367 0.00620251 0.39423383 0.04476921 0.30426913 0.01039584 0.03894048 0.01830775 0.17183178 0.00898218
9.40047002 6.43824667 0.00089698 0.00068577 0.00070301 0.00647913 0.39391302 0.04055085 0.30448468 0.01097509 0.03689614 0.01863614 0.17402038 0.01175880
9.50047502 6.43189335 0.00054355 0.00069631 0.00037670 0.00515420 0.39338484 0.03912299 0.30934339 0.00887190 0.03903843 0.02014732 0.17353703 0.00978334
9.60048002 6.43060345 0.00075560 0.00064107 0.00051035 0.00473356 0.39850548 0.03667519 0.30666496 0.01377212 0.03340480 0.02114603 0.17278369 0.01040714
9.70048502 6.41623522 0.00058314 0.00066265 0.00040317 0.00309158 0.40439143 0.03479869 0.31041716 0.01279708 0.03280319 0.02359992 0.16572557 0.01072643
9.80049002 6.41377424 0.00064504 0.00060618 0.00047063 0.00376831 0.40508177 0.03418679 0.30935630 0.01243718 0.02978111 0.02884703 0.16517463 0.00964502
9.90049502 6.39961873 0.00079769 0.00066195 0.00053362 0.00883280 0.40327106 0.02895838 0.30737290 0.01337206 0.02936774 0.03391216 0.16532635 0.00759329
10.00050003 6.39510654 0.00092517 0.00065648 0.00058541 0.00586352 0.40212538 0.02789759 0.31249242 0.01378533 0.03278100 0.02917996 0.16394471 0.00976302
10.10050503 6.38764009 0.00063891 0.00065512 0.00050341 0.00855732 0.40093731 0.02911253 0.31077155 0.01246102 0.03769703 0.02771964 0.16193899 0.00900717
10.20051003 6.38286598 0.00073732 0.00066864 0.00066067 0.00578572 0.40806642 0.03435209 0.31192536 0.00932406 0.03553136 0.02204582 0.16380821 0.00709432
10.30051503 6.37045181 0.00061120 0.00071460 0.00056237 0.00642515 0.40961895 0.03180680 0.30840375 0.00899540 0.04032770 0.02162709 0.16293501 0.00797200
10.40052003 6.36277166 0.00061742 0.00059941 0.00043139 0.00541085 0.41140884 0.03474510 0.31443893 0.01010299 0.03713203 0.01917428 0.16042080 0.00551796
10.50052503 6.35378690 0.00068390 0.00067819 0.00057316 0.00655114 0.40361174 0.02830213 0.31899329 0.00958276 0.04378984 0.01465848 0.16292695 0.00964843
10.60053003 6.34699426 0.00052466 0.00069057 0.00027484 0.00343761 0.40251610 0.03343255 0.31989931 0.01072398 0.04059263 0.01638014 0.16430139 0.00722622
10.70053503 6.33762599 0.00043972 0.00072238 0.00011065 0.00034570 0.40241921 0.02883062 0.31753125 0.01272656 0.04632190 0.02094858 0.16300525 0.00659817
10.80054003 6.32998847 0.00061310 0.00062742 0.00030986 0.00343941 0.40633037 0.03012326 0.31616050 0.01278481 0.03950479 0.02093807 0.16337692 0.00579148
10.90054503 6.32047538 0.00044881 0.00060712 0.00030817 0.00268930 0.40587705 0.03766172 0.31136981 0.00957500 0.03977975 0.01963466 0.16636627 0.00568235
11.00055003 6.31689827 0.00045252 0.00059051 0.00029695 0.00257560 0.40692523 0.03447509 0.31188731 0.01019856 0.04154476 0.01784393 0.16505220 0.00815737
11.10055503 6.31072549 0.00067921 0.00055282 0.00046763 0.00545794 0.40625573 0.03224800 0.31852890 0.00992196 0.03730764 0.01842277 0.16135492 0.00880250
11.20056003 6.30167875 0.00091202 0.00058724 0.00055416 0.00600467 0.40179645 0.03613204 0.31732232 0.01277664 0.03795980 0.01897820 0.15833419 0.00864227
11.30056503 6.29511373 0.00037511 0.00058000 0.00021018 0.00035621 0.40122615 0.03441906 0.32917019 0.01244675 0.03381190 0.01896578 0.15721176 0.01122691
11.40057003 6.28901929 0.00064569 0.00056467 0.00043653 0.00474169 0.40599447 0.02980696 0.32845950 0.01226744 0.03216706 0.01888822 0.15881430 0.00721349
11.50057503 6.27939904 0.00061205 0.00056304 0.00043893 0.00727883 0.40409685 0.02958492 0.32869994 0.01156971 0.03086495 0.01996211 0.15777521 0.00855345
11.60058003 6.27711207 0.00091793 0.00055790 0.00077174 0.01000764 0.40381959 0.02836557 0.32874094 0.01208981 0.02820511 0.01893489 0.15867646 0.00891241
11.70058503 6.27381725 0.00061796 0.00061406 0.00045256 0.00300655 0.40693523 0.02786709 0.32863011 0.01069610 0.02801256 0.02059181 0.16380803 0.00876793
11.80059003 6.26769717 0.00042639 0.00059054 0.00028947 0.00193612 0.40323672 0.02625738 0.33061394 0.01033814 0.02963094 0.02412730 0.16392786 0.00862520
11.90059503 6.26195287 0.00060062 0.00055955 0.00049838 0.00427453 0.40247224 0.02736056 0.32977646 0.00703422 0.03085456 0.02271294 0.16433719 0.00951875
12.00060003 6.25404338 0.00035437 0.00061652 0.00029752 0.00190631 0.40240564 0.03001838 0.33152844 0.00736524 0.03051509 0.02143465 0.16493430 0.00862354
12.10060503 6.25118893 0.00044240 0.00057981 0.00026633 0.00184051 0.40326121 0.02960021 0.32901553 0.00985330 0.02862596 0.02220360 0.16651749 0.00779365
12.20061003 6.24836104 0.00043915 0.00063582 0.00010978 0.00043576 0.40140898 0.02833888 0.32925715 0.01310334 0.03092433 0.02081682 0.16777373 0.00675628
12.30061503 6.23989063 0.00064009 0.00056524 0.00049682 0.00782755 0.39810267 0.02607331 0.32966155 0.01014465 0.03102837 0.02211586 0.16464216 0.00870172
12.40062003 6.23420180 0.00105157 0.00057120 0.00083623 0.00766028 0.39953559 0.02207775 0.33137856 0.01303985 0.03268971 0.01975836 0.16182494 0.00957597
12.50062503 6.22388661 0.00076615 0.00065894 0.00052510 0.00441231 0.40752141 0.02094267 0.32959758 0.01159242 0.03266190 0.02121098 0.16156018 0.00855037
12.60063003 6.22055764 0.00050420 0.00059032 0.00029431 0.00328348 0.40683492 0.02592759 0.33495087 0.01041040 0.03142084 0.02146007 0.15820305 0.00611994
12.70063503 6.21133706 0.00059588 0.00063179 0.00045278 0.01065819 0.40565133 0.02923863 0.32672868 0.00926196 0.03282164 0.01841096 0.16016656 0.00538159
12.80064003 6.20471967 0.00066919 0.00061477 0.00051216 0.00504346 0.40197970 0.02711214 0.32855787 0.01275635 0.03409704 0.01770354 0.16275062 0.00820316
12.90064503 6.20103536 0.00069865 0.00062260 0.00036071 0.00281298 0.40598493 0.02519439 0.32601161 0.01475685 0.03078137 0.01890659 0.16659949 0.00726982
13.00065003 6.19415351 0.00071656 0.00069240 0.00060470 0.00666479 0.40441730 0.02318136 0.32549346 0.01176283 0.03342016 0.01980352 0.16797669 0.00526625
13.10065503 6.18964109 0.00069711 0.00062387 0.00036806 0.00373764 0.40310449 0.02364265 0.32622249 0.01286912 0.03208329 0.02407483 0.16796586 0.00461059
13.20066003 6.18718235 0.00072751 0.00056700 0.00049574 0.00602539 0.40533775 0.02539969 0.32635888 0.01257852 0.03069792 0.02114659 0.16503846 0.00562656
13.30066503 6.18313652 0.00032700 0.00058517 0.00018410 0.00024859 0.40348416 0.02995747 0.32856230 0.01053792 0.03222497 0.01919941 0.16514339 0.00954551
13.40067003 6.17587907 0.00065485 0.00058713 0.00067543 0.00847364 0.40404987 0.02484179 0.32267120 0.00936083 0.02858582 0.02105985 0.16810598 0.01093360
13.50067503 6.16900347 0.00110534 0.00057595 0.00105690 0.01319126 0.40270662 0.02667125 0.32484487 0.00746930 0.02679803 0.02093677 0.16707453 0.00756918
13.60068003 6.16035760 0.00101883 0.00063298 0.00093785 0.00813485 0.40536678 0.02551101 0.32011764 0.00935374 0.02605188 0.02784439 0.16783073 0.00719932
13.70068503 6.14857510 0.00082732 0.00063049 0.00073228 0.00813175 0.40001638 0.02375110 0.32183945 0.01337942 0.02883431 0.02928083 0.16267937 0.00989730
13.80069003 6.14171154 0.00049421 0.00057666 0.00034348 0.00166156 0.40770588 0.02465099 0.31592998 0.01616679 0.02799669 0.02923541 0.16379079 0.01144757
13.90069503 6.13628976 0.00066967 0.00058389 0.00039952 0.00373047 0.41675525 0.02835950 0.30834521 0.01403792 0.02754727 0.02867349 0.16276839 0.00812943
14.00070004 6.13078183 0.00109464 0.00051177 0.00096062 0.01043110 0.42228157 0.02874215 0.30781843 0.01189229 0.02359354 0.02721723 0.15779469 0.00766197
14.10070504 6.12579814 0.00108558 0.00053482 0.00077810 0.01056268 0.41992933 0.03081412 0.31066711 0.01550615 0.02413984 0.02191370 0.15672891 0.00733967
14.20071004 6.12108570 0.00045149 0.00054916 0.00018593 0.00208293 0.42210334 0.03684181 0.30971690 0.01406860 0.02570226 0.02132710 0.15792834 0.00904214
14.30071504 6.11115021 0.00060488 0.00054258 0.00033782 0.00262509 0.41526404 0.03785210 0.31319901 0.01439688 0.02714326 0.01951740 0.16185111 0.00666584
14.40072004 6.10130365 0.00071872 0.00055575 0.00049444 0.00554846 0.41393884 0.03550662 0.31682183 0.01228968 0.02640433 0.01856529 0.16227925 0.00687680
14.50072504 6.09446213 0.00056803 0.00061087 0.00022831 0.00384744 0.40668951 0.03708525 0.31847639 0.01225932 0.03188220 0.02089586 0.16034103 0.00711580
14.60073004 6.08665827 0.00056904 0.00061010 0.00037666 0.00313067 0.40967187 0.03360869 0.31662200 0.01123220 0.03311683 0.01824527 0.16397921 0.00883747
14.70073504 6.07798165 0.00069074 0.00053532 0.00059662 0.00846342 0.40983229 0.03213834 0.31395417 0.00914840 0.03173445 0.01887749 0.16394377 0.01008499
14.80074004 6.06858653 0.00086283 0.00055973 0.00051828 0.00764470 0.40789002 0.03355565 0.31094725 0.01317376 0.03047443 0.02159535 0.16612857 0.00664944
14.90074504 6.05894501 0.00092404 0.00060028 0.00070242 0.00694730 0.40478313 0.03361247 0.31958437 0.01179785 0.02842880 0.01928228 0.16660342 0.00673363
15.00075004 6.05757873 0.00080864 0.00063268 0.00059278 0.00577964 0.40668333 0.02506415 0.32061324 0.01418173 0.03408395 0.01821756 0.16398681 0.00935551
15.10075504 6.05146293 0.00043087 0.00064593 0.00020680 0.00199577 0.40669508 0.02971265 0.32689779 0.01070008 0.03425089 0.01703041 0.16551031 0.00592341
15.20076004 6.04541272 0.00057375 0.00055855 0.00037129 0.00422482 0.41092737 0.02548427 0.32599197 0.00999334 0.03219637 0.01946715 0.16432574 0.00588537
15.30076504 6.04589529 0.00073203 0.00050320 0.00045682 0.00460439 0.41057128 0.02560623 0.32863970 0.00818092 0.03212532 0.01871828 0.16416050 0.00570134
15.40077004 6.03901265 0.00036167 0.00055803 0.00018486 0.00158303 0.41120545 0.02777610 0.32712353 0.00974061 0.03248929 0.01893096 0.16462369 0.00542278
15.50077504 6.03524399 0.00044925 0.00052744 0.00029923 0.00311509 0.41109309 0.02937968 0.32676277 0.00767871 0.02883837 0.01917864 0.16677833 0.00589941
15.60078004 6.03016344 0.00038764 0.00052216 0.00012278 0.00320685 0.41103631 0.02718720 0.32657700 0.00769868 0.02864043 0.02077555 0.16722409 0.00662128
15.70078504 6.02250666 0.00067816 0.00058169 0.00039496 0.00698692 0.40406985 0.02850635 0.32455826 0.01155915 0.02936192 0.01957962 0.16742827 0.00629485
15.80079004 6.01699887 0.00102338 0.00060179 0.00074951 0.00853148 0.39980375 0.02779479 0.32537041 0.00928220 0.02943135 0.02185026 0.16879271 0.00676839
15.90079504 6.01117101 0.00059115 0.00063977 0.00041225 0.00360303 0.40320079 0.02638570 0.33147667 0.00977217 0.02980449 0.01938843 0.16687827 0.00784727
16.00080004 6.00677675 0.00055610 0.00063460 0.00037019 0.00332700 0.40616882 0.02628098 0.33057763 0.00843558 0.03110767 0.01777600 0.16751129 0.00725415
16.10080504 5.99909311 0.00068645 0.00065449 0.00047757 0.00462787 0.40545774 0.02355740 0.32862563 0.01036526 0.03284599 0.01512552 0.17041615 0.00715993
16.20081004 5.99380190 0.00047837 0.00062860 0.00022397 0.00282436 0.40535028 0.02553609 0.33136421 0.00940503 0.03069153 0.01626471 0.17196537 0.00526747
16.30081504 5.98835096 0.00034457 0.00068050 0.00017358 0.00162027 0.40996023 0.02440478 0.32553304 0.00814915 0.03256281 0.01613789 0.17526341 0.00516976
16.40082004 5.97869050 0.00042128 0.00071104 0.00033544 0.00304677 0.41413252 0.02072949 0.32193945 0.00772741 0.03230982 0.01496312 0.17690717 0.00677649
16.50082504 5.97332073 0.00039687 0.00068735 0.00032173 0.00720298 0.40874540 0.02059944 0.32051143 0.00599164 0.03830606 0.01505645 0.17574977 0.00643088
16.60083004 5.96459876 0.00069681 0.00072646 0.00065754 0.00687504 0.40635742 0.02158941 0.31871372 0.00615345 0.04031666 0.01223422 0.17788573 0.00779353
16.70083504 5.96035039 0.00060567 0.00063273 0.00048587 0.00427613 0.40114928 0.02498720 0.32113365 0.00713235 0.04007524 0.01460442 0.17700910 0.00790835
16.80084004 5.95735234 0.00030149 0.00061686 0.00014452 0.00146694 0.40807630 0.02484777 0.32051745 0.00733897 0.04227945 0.01421733 0.17450993 0.00568297
16.90084504 5.95148907 0.00022919 0.00065922 0.00012530 0.00205811 0.41015725 0.02494346 0.31898689 0.00481607 0.04163927 0.01660995 0.17455737 0.00521792
17.00085004 5.94648634 0.00087931 0.00064847 0.00073210 0.00735190 0.41306565 0.02225869 0.31874586 0.00669943 0.03577862 0.01474000 0.17376140 0.00533856
17.10085504 5.93938724 0.00047583 0.00061600 0.00035478 0.00628099 0.41167720 0.03015859 0.31477086 0.00800437 0.03279680 0.01541867 0.17413913 0.00530676
17.20086004 5.93197957 0.00050684 0.00057242 0.00036109 0.00966923 0.40422466 0.03030413 0.31507785 0.00988333 0.02951278 0.01807221 0.17461228 0.00720318
17.30086504 5.92291575 0.00039177 0.00068179 0.00028023 0.00168386 0.41096210 0.02808075 0.31561024 0.00922719 0.02983514 0.01546132 0.17891073 0.00887488
17.40087004 5.91524738 0.00049741 0.00064238 0.00029032 0.00299385 0.41012673 0.02769676 0.31680895 0.00940556 0.03356774 0.01609619 0.17485421 0.00701992
17.50087504 5.90486633 0.00065300 0.00064041 0.00034844 0.00555074 0.40509159 0.02960475 0.31547772 0.00952648 0.03388237 0.01975146 0.17290791 0.00656513
17.60088004 5.89854307 0.00028671 0.00061150 0.00012873 0.00024145 0.40588097 0.03567365 0.32047184 0.00681951 0.03525624 0.01463182 0.17177945 0.00821813
17.70088504 5.89010241 0.00071309 0.00058965 0.00058415 0.00484200 0.41162930 0.02987139 0.31596529 0.00881616 0.03169991 0.01378388 0.17211585 0.00938932
17.80089004 5.88729975 0.00045159 0.00060468 0.00040806 0.00166023 0.40725739 0.02255738 0.32522016 0.01006219 0.03211696 0.01455133 0.17480081 0.01030922
17.90089504 5.87879887 0.00068427 0.00064691 0.00067814 0.00644619 0.40608726 0.02282451 0.32844740 0.00570860 0.03276687 0.01390279 0.17405155 0.00775551
18.00090005 5.87503096 0.00038539 0.00065483 0.00025014 0.00142055 0.40357926 0.02625387 0.32596551 0.00588395 0.03467249 0.01421843 0.17912791 0.00758768
18.10090505 5.86597311 0.00027207 0.00062111 0.00025802 0.00196465 0.40676839 0.02673560 0.32574044 0.00524094 0.03697282 0.01284225 0.17389724 0.00868648
18.20091005 5.86003798 0.00034537 0.00056941 0.00023427 0.00181211 0.40480491 0.03109248 0.32706438 0.00534175 0.03444991 0.01300012 0.17511140 0.00617390
18.30091505 5.85426104 0.00032055 0.00055302 0.00019842 0.00209740 0.40773608 0.02702640 0.32428956 0.00781073 0.03350211 0.01677361 0.17191923 0.00777289
18.40092005 5.84987102 0.00060298 0.00052515 0.00043406 0.00507150 0.40522718 0.02601452 0.32164685 0.01034261 0.03120698 0.01755187 0.17339384 0.00798246
18.50092505 5.84795761 0.00034466 0.00053962 0.00019177 0.00214605 0.40541059 0.02944833 0.32405283 0.00815505 0.03121336 0.01859670 0.17278361 0.00711746
18.60093005 5.84802605 0.00020254 0.00053169 0.00014494 0.00013749 0.40500489 0.03330359 0.32641934 0.00646416 0.02930590 0.01701848 0.17273818 0.00872879
18.70093505 5.84088771 0.00052970 0.00053236 0.00053837 0.00364904 0.39905008 0.03122717 0.32863608 0.00821490 0.02799819 0.01631213 0.17178329 0.01152870
18.80094005 5.83490470 0.00042030 0.00054111 0.00027148 0.00145551 0.40035558 0.03948705 0.32756617 0.00633378 0.02965139 0.01345604 0.17188575 0.00857585
18.90094505 5.83017595 0.00034867 0.00051525 0.00021153 0.00220046 0.40480522 0.03762654 0.32968293 0.00780278 0.02603523 0.01196709 0.16896137 0.00984293
19.00095005 5.82416428 0.00043174 0.00054802 0.00032376 0.00263954 0.40156541 0.03892165 0.33038415 0.00766366 0.02802824 0.01111774 0.16947420 0.00890191
19.10095505 5.81663629 0.00083669 0.00056583 0.00068210 0.00632943 0.39911816 0.03831513 0.32966802 0.00965821 0.02852136 0.00773402 0.16812663 0.01044441
19.20096005 5.81346117 0.00075726 0.00055965 0.00061792 0.00558863 0.39848232 0.03546690 0.32953860 0.01022675 0.02859909 0.00924838 0.16882034 0.01209415
19.30096505 5.80350567 0.00046073 0.00056353 0.00061234 0.00518010 0.39545637 0.03581827 0.32742917 0.00652577 0.02622309 0.01239221 0.17232784 0.01701059
19.40097005 5.79553429 0.00062976 0.00056970 0.00076761 0.00601511 0.39328417 0.03657877 0.32890524 0.00570492 0.02622767 0.01293083 0.17301322 0.01537300
19.50097505 5.78713225 0.00043335 0.00058734 0.00061009 0.00296813 0.39114617 0.04072316 0.32532532 0.00454496 0.03025760 0.01756772 0.17268358 0.01315258
19.60098005 5.78546193 0.00057578 0.00056585 0.00052365 0.00881429 0.39414299 0.04028147 0.32060770 0.00675316 0.03361048 0.01702285 0.16907298 0.00802882
19.70098505 5.77956200 0.00073417 0.00052707 0.00044255 0.00510683 0.39560820 0.04169017 0.31984389 0.01073630 0.02870581 0.01964335 0.16931504 0.00764663
19.80099005 5.77835859 0.00066882 0.00053032 0.00051785 0.00643096 0.39880587 0.04112550 0.32110580 0.00754468 0.02700888 0.01738751 0.17054913 0.00832469
19.90099505 5.76985829 0.00067912 0.00054201 0.00054781 0.00450992 0.39494568 0.04211268 0.32051859 0.01048027 0.02940302 0.01741567 0.16659071 0.01225453
20.00100005 5.76772116 0.00059305 0.00059373 0.00043027 0.00383901 0.39929766 0.04213533 0.31694750 0.00828043 0.02978142 0.01984317 0.16737969 0.01087875
20.10100505 5.76400994 0.00045943 0.00060792 0.00034610 0.00470937 0.39708472 0.03813344 0.31877255 0.00792601 0.03389368 0.01699329 0.16764113 0.01343236
20.20101005 5.75739754 0.00081012 0.00063041 0.00068503 0.00622222 0.39651566 0.03634558 0.31887755 0.01119365 0.03326507 0.01388658 0.17071131 0.01085681
20.30101505 5.75315172 0.00033843 0.00060673 0.00023162 0.00153785 0.39873182 0.04218429 0.32504473 0.00558317 0.03434326 0.01125283 0.17127345 0.00887180
20.40102005 5.74435848 0.00026848 0.00063096 0.00013056 0.00018072 0.39494288 0.04335273 0.32533521 0.00571119 0.03815551 0.01433434 0.16893544 0.00802199
20.50102505 5.73208978 0.00048609 0.00057700 0.00032513 0.00326229 0.39107271 0.04098876 0.33171235 0.00690442 0.03425252 0.01778248 0.16438541 0.00825082
20.60103005 5.72205901 0.00058788 0.00058694 0.00041699 0.00347411 0.38961525 0.04258942 0.32804280 0.01013738 0.03275726 0.01732194 0.16499776 0.00947228
20.70103505 5.71583243 0.00075052 0.00059506 0.00053625 0.00727093 0.38510234 0.03581873 0.32521576 0.01029055 0.03636405 0.02182711 0.16672278 0.00950590
20.80104005 5.70768858 0.00047263 0.00069568 0.00031320 0.00317098 0.39459842 0.03275597 0.32219691 0.00645217 0.04175265 0.02070079 0.16875635 0.00813427
20.90104505 5.70426225 0.00026834 0.00067364 0.00027670 0.00215469 0.39455817 0.03328683 0.32084316 0.00545415 0.03983341 0.01712639 0.17209163 0.01343289
21.00105005 5.69466597 0.00038441 0.00066371 0.00034867 0.00407900 0.39637090 0.03319257 0.31973421 0.00591323 0.04015763 0.01727020 0.16907355 0.01281191
21.10105505 5.68498542 0.00045744 0.00063784 0.00040551 0.00326539 0.39742209 0.03622533 0.32154911 0.00620764 0.03966756 0.01736491 0.16672340 0.01007378
21.20106005 5.68140676 0.00026040 0.00060248 0.00015074 0.00022149 0.40376648 0.03596131 0.32157382 0.00705226 0.03552657 0.01863081 0.16853065 0.00772300
21.30106505 5.67535732 0.00046042 0.00059530 0.00034952 0.00311919 0.40231085 0.03367567 0.32552635 0.00656765 0.03608931 0.01687776 0.16747818 0.00694980
21.40107005 5.66980675 0.00037417 0.00063108 0.00022803 0.00322766 0.40240121 0.02994713 0.32835154 0.00661067 0.03688133 0.01661267 0.16773484 0.00699968
21.50107505 5.66197290 0.00052713 0.00060327 0.00032547 0.00487823 0.39893469 0.03051341 0.32409478 0.00885093 0.03230529 0.02028244 0.17206198 0.00662240
21.60108005 5.65774140 0.00023628 0.00062629 0.00012274 0.00017227 0.40668132 0.03254206 0.32224275 0.00667841 0.03633550 0.01827871 0.16811414 0.00796953
21.70108505 5.65513623 0.00046708 0.00055737 0.00025408 0.00180258 0.40618899 0.03366428 0.32021217 0.00864461 0.03638333 0.01734319 0.16665814 0.00782419
21.80109005 5.64872097 0.00070567 0.00052068 0.00050553 0.00631851 0.41283043 0.03043306 0.31628953 0.00923192 0.03412890 0.01772052 0.16423046 0.00708481
21.90109505 5.64321625 0.00064525 0.00055516 0.00034892 0.00294536 0.41377023 0.03263798 0.31362613 0.01180529 0.03246372 0.01875908 0.16558476 0.00685812
22.00110006 5.63601363 0.00052753 0.00059278 0.00036248 0.00304593 0.41362373 0.02608970 0.31290328 0.01132711 0.03415315 0.02078483 0.16672706 0.00986243
22.10110506 5.63181433 0.00025203 0.00056454 0.00023705 0.00025043 0.41423070 0.02652735 0.31198079 0.00750712 0.03241001 0.02403153 0.17081395 0.01119450
22.20111006 5.62493826 0.00054769 0.00062788 0.00044154 0.00721574 0.41212090 0.02105209 0.31377334 0.00682671 0.03657331 0.02234485 0.17090457 0.00757139
22.30111506 5.62204224 0.00057506 0.00059886 0.00043834 0.00521506 0.41341191 0.02596558 0.30842468 0.00757660 0.03503660 0.02156829 0.17452795 0.00666107
22.40112006 5.61778683 0.00061074 0.00055618 0.00038739 0.00494125 0.41481394 0.02465309 0.31318192 0.00983061 0.03527340 0.01810679 0.17217456 0.00547013
22.50112506 5.61383150 0.00036363 0.00060657 0.00015568 0.00207603 0.41999304 0.02304802 0.31604291 0.00839053 0.03643920 0.01736430 0.17091827 0.00460181
22.60113006 5.60985781 0.00041647 0.00056880 0.00018908 0.00170034 0.41931457 0.02148690 0.31880557 0.00912408 0.03761714 0.01609210 0.16969392 0.00499103
22.70113506 5.60422861 0.00066342 0.00054820 0.00046034 0.00504991 0.41898675 0.02177300 0.31814141 0.00842822 0.03370024 0.01678978 0.16862341 0.00683532
22.80114006 5.59988875 0.00033109 0.00059617 0.00022843 0.00180860 0.42141918 0.02336780 0.32126356 0.00653100 0.03251200 0.01409440 0.17220909 0.00563868
22.90114506 5.59459450 0.00045185 0.00060088 0.00022486 0.00203270 0.42229659 0.02400723 0.31824770 0.00835999 0.03151138 0.01254717 0.17534344 0.00437621
23.00115006 5.59158010 0.00042093 0.00059915 0.00042596 0.00684053 0.42181306 0.02025341 0.31588049 0.00716621 0.03177481 0.01298355 0.17393250 0.00790941
23.10115506 5.58514933 0.00052682 0.00058514 0.00057226 0.00357191 0.41638293 0.02238167 0.31876300 0.00863739 0.03360299 0.01445012 0.17066595 0.00985983
23.20116006 5.57902417 0.00031524 0.00057150 0.00022714 0.00223649 0.41709685 0.02364743 0.32994763 0.00868389 0.02818893 0.01275120 0.16819509 0.00813863
23.30116506 5.57327682 0.00080093 0.00052026 0.00072151 0.00827179 0.41644380 0.02046494 0.33128017 0.01029951 0.02766719 0.01181987 0.16608858 0.00562146
23.40117006 5.56662171 0.00045590 0.00060944 0.00028988 0.00306748 0.42024203 0.02462106 0.32815709 0.00906186 0.02951800 0.01061218 0.16947343 0.00389165
23.50117506 5.56167102 0.00039430 0.00055569 0.00029165 0.00145304 0.42168297 0.02512000 0.32575174 0.00697091 0.03022185 0.01227909 0.16778775 0.00749101
23.60118006 5.55508280 0.00031056 0.00053140 0.00017794 0.00030353 0.41431665 0.02800064 0.32187693 0.00895254 0.03101818 0.01643662 0.17025684 0.00781816
23.70118506 5.55196027 0.00049431 0.00055491 0.00035737 0.00360843 0.41483010 0.02288521 0.32105141 0.00725928 0.03116639 0.02198752 0.17039720 0.00540788
23.80119006 5.54416668 0.00032982 0.00055794 0.00019617 0.00203210 0.41970349 0.01801039 0.32246379 0.00851529 0.03103158 0.02184932 0.16824320 0.00706692
23.90119506 5.53809260 0.00049894 0.00049966 0.00034108 0.00548320 0.41562318 0.01967527 0.32949910 0.00794032 0.02930882 0.01895349 0.16706924 0.00510771
24.00120006 5.52973617 0.00043493 0.00056052 0.00031711 0.00372822 0.41304641 0.02470488 0.32945662 0.00863791 0.03125201 0.01586457 0.16568444 0.00631238
24.10120506 5.52546582 0.00054383 0.00055006 0.00055211 0.00638602 0.41031416 0.02491491 0.32780561 0.00692197 0.02992827 0.01683170 0.16740190 0.00784946
24.20121006 5.52130082 0.00064092 0.00052585 0.00060414 0.00454859 0.40589872 0.02303696 0.33167092 0.00706318 0.03095304 0.01788282 0.16895147 0.00822338
24.30121506 5.51379188 0.00057447 0.00056415 0.00045555 0.00517125 0.40101439 0.02458427 0.32792572 0.00902502 0.03361596 0.01769571 0.17087979 0.00849373
24.40122006 5.51023072 0.00048903 0.00059425 0.00034331 0.00303079 0.39999178 0.03062181 0.33273693 0.00788834 0.03212974 0.01534996 0.17054730 0.00627677
24.50122506 5.50559335 0.00065484 0.00053193 0.00045587 0.00467628 0.39746466 0.03330258 0.33083782 0.00888742 0.03016885 0.01571388 0.17099673 0.00630914
24.60123006 5.49729213 0.00072236 0.00056604 0.00041938 0.00476620 0.39959112 0.03419251 0.32662171 0.01200214 0.03512996 0.01347938 0.16609117 0.00641802
24.70123506 5.49285754 0.00059591 0.00050828 0.00030702 0.00212925 0.40663577 0.03585765 0.32324596 0.01245963 0.02952434 0.01610870 0.16408565 0.00854185
24.80124006 5.48647168 0.00039774 0.00053326 0.00017531 0.00030790 0.40512721 0.03515187 0.32705276 0.01208937 0.02978019 0.01422045 0.16550658 0.00965736
24.90124506 5.48066297 0.00055251 0.00055307 0.00031875 0.00302993 0.40068412 0.03470203 0.32797394 0.01108590 0.02829883 0.01803604 0.16649004 0.00827485
25.00125006 5.47021982 0.00051469 0.00061441 0.00033152 0.00312477 0.39725361 0.02944375 0.32944899 0.00974577 0.03166221 0.02595154 0.16502078 0.00688797
25.10125506 5.46498113 0.00068702 0.00059865 0.00053489 0.00475564 0.39401603 0.02538984 0.33043737 0.01212054 0.03470677 0.02036803 0.16624118 0.01014404
25.20126006 5.45687402 0.00044600 0.00061100 0.00031375 0.00285984 0.39070853 0.02887883 0.33145585 0.01011895 0.04027359 0.02042078 0.16695103 0.00696185
25.30126506 5.45348603 0.00044473 0.00059063 0.00026038 0.00340625 0.39089292 0.02536724 0.33020912 0.01039248 0.04072130 0.02191623 0.16958602 0.00621270
25.40127006 5.44222568 0.00070675 0.00055221 0.00053338 0.00873191 0.38980231 0.02683904 0.32660917 0.00965146 0.03349069 0.02692563 0.16954562 0.00661182
25.50127506 5.43491293 0.00049827 0.00064648 0.00043332 0.00467651 0.38967075 0.02424037 0.33435632 0.00747252 0.03896958 0.02238035 0.16835687 0.00829866
25.60128006 5.43160736 0.00064102 0.00063050 0.00037614 0.00323496 0.39035328 0.02448488 0.33395980 0.01051639 0.04078595 0.02244439 0.16627047 0.00630224
25.70128506 5.42834801 0.00036511 0.00060692 0.00005804 0.00027234 0.38998223 0.02736323 0.33730735 0.01022908 0.03926175 0.01761179 0.17084176 0.00610040
