0.00000000 3.00000000 0.00000000 0.00000000 0.00000000 0.00000000 0.00000000 0.00000000 0.00000000 1.00000000 0.00000000 0.00000000 0.00000000 0.00000000
0.20004001 3.00130339 0.08471586 0.00033211 0.01400238 0.09325853 0.00928368 0.28377496 0.00579584 0.13376118 0.00195733 0.28605879 0.00463104 0.08242831
0.40008002 3.00715982 0.02302553 0.00093062 0.02329755 0.05512220 0.01684664 0.34295495 0.01026419 0.23855262 0.00713407 0.22622647 0.00682447 0.04882069
0.60012002 3.02743503 0.03549976 0.00164572 0.00907733 0.07539446 0.01967494 0.09657996 0.01618477 0.46413335 0.01452803 0.15041399 0.01596653 0.10090116
0.80016003 3.04901602 0.03349486 0.00105504 0.01280398 0.07030290 0.02868897 0.12618109 0.01957557 0.04610222 0.01549501 0.58803298 0.01518538 0.04308198
1.00020004 3.05745070 0.04003069 0.00165176 0.01309029 0.08052699 0.03347466 0.08082047 0.02047272 0.28390085 0.01864233 0.32047324 0.02175851 0.08515750
1.20024005 3.08260553 0.03332809 0.00146030 0.00817368 0.08499233 0.03538862 0.18817186 0.02650679 0.28970113 0.01976213 0.22122462 0.02288214 0.06840832
1.40028006 3.08460840 0.00852317 0.00145887 0.01199181 0.05684492 0.03534060 0.36253911 0.02992057 0.07140330 0.02280893 0.31177742 0.02247101 0.06492030
1.60032006 3.09298480 0.04347126 0.00171504 0.01210686 0.08504555 0.03946619 0.18790779 0.03023007 0.33206684 0.02379490 0.16617502 0.02679377 0.05122671
1.80036007 3.07526338 0.02274423 0.00175691 0.01054483 0.04649905 0.04457046 0.10339453 0.03230710 0.35517528 0.03040719 0.25464972 0.03095832 0.06699238
2.00040008 3.04924194 0.01294512 0.00184485 0.00830667 0.04938664 0.04386146 0.21650022 0.04000923 0.09465951 0.02952729 0.36595425 0.02875714 0.10824760
2.20044009 3.03193731 0.02413010 0.00220666 0.01249906 0.04897987 0.04617602 0.14164433 0.03718877 0.32041959 0.03307839 0.25957046 0.03135012 0.04275662
2.40048010 3.01540244 0.02042587 0.00238086 0.00897432 0.04238297 0.05245933 0.15889915 0.03736996 0.27305670 0.03419230 0.28083069 0.03359752 0.05543034
2.60052010 3.00431068 0.01684061 0.00248930 0.00670135 0.04480752 0.05793660 0.20299507 0.03757657 0.12550880 0.03530369 0.36220802 0.03669381 0.07093867
2.80056011 2.99394694 0.02695605 0.00279404 0.01070924 0.03758538 0.06250189 0.06462236 0.04000125 0.46817049 0.03998998 0.14354439 0.03671280 0.06641212
3.00060012 2.98122204 0.02837343 0.00244166 0.00976382 0.06085748 0.05867387 0.26079631 0.04297152 0.24925499 0.03751661 0.16921785 0.04039631 0.03973616
3.20064013 2.97777218 0.01430670 0.00263404 0.00796225 0.04659913 0.05943527 0.29529152 0.04285444 0.15935372 0.04470348 0.25471484 0.03837273 0.03377189
3.40068014 2.96741863 0.03818196 0.00288702 0.00963796 0.07230267 0.06317600 0.09119453 0.04226177 0.38124835 0.04661212 0.17281951 0.04106305 0.03861506
3.60072014 2.97303791 0.01653921 0.00304553 0.00870615 0.05675087 0.06020019 0.10880313 0.04535465 0.12652194 0.04872178 0.39770560 0.04467781 0.08297313
3.80076015 2.97208465 0.02066798 0.00305490 0.00823204 0.05322508 0.06104417 0.09813395 0.04785661 0.16952003 0.05095007 0.39287303 0.04309420 0.05134794
4.00080016 2.98114077 0.02563517 0.00325826 0.00946657 0.05604360 0.06822299 0.12386738 0.04593699 0.29050446 0.05591361 0.22902240 0.04266811 0.04946046
4.20084017 2.99016534 0.01090829 0.00347724 0.00959533 0.04767800 0.06688946 0.22811365 0.04720034 0.12012212 0.05721630 0.31886733 0.04721661 0.04271532
4.40088018 2.99629786 0.01999018 0.00356090 0.00834483 0.04681558 0.06386519 0.15378882 0.05190111 0.29129566 0.06005419 0.19019002 0.04661856 0.06357496
4.60092018 2.99689508 0.01912981 0.00355744 0.00818564 0.04120031 0.06487441 0.15230595 0.05413757 0.34021232 0.05637998 0.15723679 0.04905055 0.05372923
4.80096019 2.98627023 0.01023846 0.00367805 0.00737957 0.04119776 0.06379090 0.21965202 0.05260212 0.15811178 0.06049387 0.28615146 0.04743501 0.04926899
5.00100020 2.97784577 0.01548205 0.00350138 0.00873761 0.03697582 0.06146761 0.16774260 0.05369359 0.25562200 0.05808515 0.24101065 0.04925222 0.04842932
5.20104021 2.96458461 0.01648392 0.00375284 0.00762195 0.03498512 0.06093669 0.10737201 0.05758230 0.23731131 0.05924427 0.30113500 0.05248385 0.06109075
5.40108022 2.95385700 0.01038792 0.00373585 0.00683133 0.03968967 0.05960120 0.11990324 0.05870396 0.11108615 0.05960854 0.40929133 0.05235040 0.06881040
5.60112022 2.94856357 0.01965712 0.00373522 0.00550025 0.04372522 0.06190946 0.09644045 0.06005607 0.29124729 0.05905614 0.26015080 0.05124306 0.04727893
5.80116023 2.93688656 0.01881588 0.00378318 0.00698539 0.04589389 0.06336565 0.19110131 0.06047868 0.25150637 0.06262480 0.20430444 0.04974763 0.04139278
6.00120024 2.93619745 0.01143081 0.00374503 0.00786075 0.04130007 0.05832904 0.27667795 0.06230144 0.15200764 0.06100558 0.23130270 0.05461886 0.03942013
6.20124025 2.92186039 0.02659845 0.00397748 0.00846474 0.04875654 0.05583195 0.12983069 0.06229389 0.34664722 0.06558529 0.15479030 0.05431135 0.04291211
6.40128026 2.91427870 0.01565652 0.00405620 0.00533498 0.04188771 0.06222484 0.12931162 0.06370676 0.21971947 0.06556158 0.29307124 0.05245058 0.04701851
6.60132026 2.90352151 0.01350176 0.00416646 0.00632007 0.04131480 0.06565954 0.14880292 0.06237778 0.14894225 0.06542342 0.33548903 0.05837274 0.04962923
6.80136027 2.89943312 0.01791362 0.00418936 0.00772037 0.03699740 0.06555763 0.09702777 0.06552980 0.26370761 0.06581063 0.27729377 0.06091253 0.03733951
7.00140028 2.90412224 0.00950071 0.00455341 0.00481107 0.03422857 0.06783187 0.14646078 0.06542681 0.14155572 0.07071718 0.34021006 0.05947068 0.05523314
7.20144029 2.90382097 0.01508013 0.00442016 0.00565912 0.03438001 0.07295626 0.12191869 0.06401541 0.24633561 0.06969394 0.26197309 0.05891418 0.04465340
7.40148030 2.90832099 0.01603019 0.00442967 0.00559158 0.03232803 0.06948768 0.16320101 0.06527482 0.29704408 0.07180012 0.17601686 0.05900765 0.03978830
7.60152030 2.90440879 0.00890206 0.00449676 0.00426231 0.03169819 0.06417547 0.23980212 0.06706759 0.19484317 0.07252693 0.21136606 0.05973320 0.04112614
7.80156031 2.89875508 0.01396512 0.00438211 0.00613072 0.03269085 0.06902286 0.17267610 0.06308831 0.24781808 0.06988129 0.21686310 0.06162539 0.04185609
8.00160032 2.89334819 0.01523369 0.00460407 0.00615154 0.03791498 0.07572491 0.12074842 0.06065990 0.23138216 0.07570734 0.26595290 0.05730372 0.04861637
8.20164033 2.88088306 0.01034058 0.00425839 0.00595006 0.03286108 0.07330150 0.12062014 0.06369991 0.14684333 0.07176412 0.35445089 0.05897603 0.05693398
8.40168034 2.87995756 0.01164869 0.00443688 0.00509737 0.03524046 0.07686769 0.10978411 0.06027306 0.18860813 0.07760242 0.32260762 0.05681990 0.05101366
8.60172034 2.86450969 0.01554999 0.00446993 0.00629190 0.03749315 0.07528419 0.13538908 0.06004722 0.23217378 0.08098120 0.25218429 0.05721740 0.04291787
8.80176035 2.86392415 0.00975377 0.00420463 0.00628142 0.03408931 0.07295788 0.19905061 0.06007691 0.16974726 0.08186604 0.25741387 0.06089448 0.04366382
9.00180036 2.86150264 0.01483698 0.00455174 0.00397397 0.03288086 0.07264271 0.16706466 0.06631208 0.27485940 0.08604572 0.17930388 0.05644769 0.04108031
9.20184037 2.84930679 0.01291466 0.00455417 0.00393528 0.03178059 0.07974400 0.15671468 0.06162478 0.26197531 0.08559558 0.19372441 0.06448140 0.04295513
9.40188038 2.84253389 0.00959997 0.00429813 0.00521950 0.03415745 0.07829671 0.18245559 0.05897544 0.16261801 0.08533429 0.27656711 0.06509537 0.03738243
9.60192038 2.82934377 0.01538997 0.00426186 0.00594790 0.02985194 0.08518159 0.11035203 0.06064480 0.24360757 0.08793596 0.25323792 0.05797572 0.04561274
9.80196039 2.82279736 0.01236321 0.00406080 0.00664308 0.03108199 0.08893083 0.11044265 0.05891911 0.15539768 0.08401626 0.33927728 0.05807293 0.05079418
10.00200040 2.82309516 0.01183802 0.00425501 0.00594756 0.03694686 0.08826711 0.10424844 0.05634954 0.18165294 0.08856943 0.30543644 0.06255885 0.05392981
10.20204041 2.82393294 0.01445653 0.00419707 0.00517029 0.03989573 0.08629410 0.13011495 0.06120573 0.25137325 0.08911475 0.21479784 0.06318829 0.04019148
10.40208042 2.82612942 0.00918207 0.00390019 0.00513673 0.03434733 0.08958606 0.20776899 0.06175464 0.17566251 0.08787402 0.22491700 0.05888503 0.04098543
10.60212042 2.82252848 0.01436235 0.00403102 0.00617430 0.03274163 0.08687314 0.17545700 0.05703817 0.25035906 0.09167429 0.17563480 0.06438331 0.04127093
10.80216043 2.81745170 0.01441952 0.00410741 0.00671808 0.03596299 0.08583283 0.14811946 0.05746226 0.23283960 0.09139452 0.20952464 0.06720291 0.04641578
11.00220044 2.80788400 0.00954875 0.00414192 0.00559373 0.03262071 0.08580651 0.14279989 0.06298550 0.16800877 0.09486394 0.27797676 0.06620206 0.04945147
11.20224045 2.80006823 0.01128388 0.00436867 0.00492587 0.03140922 0.09008770 0.10896081 0.06368851 0.18013380 0.09743618 0.29189933 0.06441887 0.05138716
11.40228046 2.79631389 0.01048386 0.00481140 0.00567288 0.03630826 0.09070432 0.10970025 0.06528570 0.17424092 0.09872613 0.28680113 0.07047239 0.04679277
11.60232046 2.78989598 0.01097670 0.00467571 0.00675625 0.03803602 0.08489760 0.13761811 0.07127305 0.16963160 0.09913016 0.26045007 0.06802342 0.04853132
11.80236047 2.79149246 0.01156457 0.00471308 0.00579406 0.03135930 0.08277582 0.15340461 0.07407011 0.20303625 0.09918467 0.22072880 0.06725624 0.04611248
12.00240048 2.77886398 0.01315667 0.00454272 0.00563250 0.03440335 0.08126204 0.15512792 0.07169703 0.24617801 0.09852227 0.17758938 0.06797587 0.04391224
12.20244049 2.76770881 0.00926092 0.00502688 0.00546208 0.03287235 0.08396318 0.18689940 0.06664432 0.18695811 0.10358443 0.20668243 0.07278112 0.03986478
12.40248050 2.75804117 0.01086023 0.00475620 0.00428024 0.02830934 0.07772410 0.15590494 0.07697325 0.21099920 0.10233371 0.21422365 0.07021267 0.04342247
12.60252050 2.74668464 0.01190949 0.00504735 0.00535477 0.02796387 0.08366171 0.10905396 0.07963187 0.18830573 0.10302798 0.26801684 0.06663102 0.05139541
12.80256051 2.74201074 0.00971146 0.00511282 0.00544954 0.03117155 0.08558638 0.10671809 0.07042640 0.14140965 0.10407141 0.31942912 0.07080291 0.05011065
13.00260052 2.73309084 0.01428558 0.00495859 0.00630360 0.03218250 0.08117014 0.10449368 0.07109823 0.21487800 0.10082630 0.25014535 0.07394668 0.04571136
13.20264053 2.73217185 0.01030701 0.00478360 0.00613489 0.03458958 0.08219562 0.16488375 0.07669146 0.16380025 0.09953815 0.24582874 0.06679110 0.04445584
13.40268054 2.72751482 0.01209045 0.00483986 0.00708024 0.03131948 0.08754897 0.16331583 0.07598225 0.20597225 0.09954853 0.20145773 0.06608031 0.04476410
13.60272054 2.72411384 0.01460208 0.00485210 0.00596858 0.03218315 0.08852612 0.15204831 0.06898881 0.24541179 0.10004245 0.17185598 0.07159044 0.04393017
13.80276055 2.71540271 0.00939327 0.00500407 0.00502762 0.03522364 0.08444582 0.16872544 0.07413188 0.17910200 0.10427222 0.22080764 0.07014595 0.04372045
14.00280056 2.69716464 0.01363536 0.00493265 0.00745168 0.03381864 0.08569395 0.13422269 0.07671602 0.19116570 0.10085992 0.23674283 0.06979740 0.04496316
14.20284057 2.68911046 0.01259556 0.00486713 0.00671629 0.03475395 0.08628094 0.11614129 0.07434865 0.17196188 0.10895853 0.27104019 0.06554469 0.04679091
14.40288058 2.68714217 0.01032519 0.00449386 0.00541952 0.03305925 0.08577559 0.11381456 0.07396438 0.16349584 0.10518590 0.28424433 0.07258020 0.04764139
14.60292058 2.68226857 0.01043914 0.00485038 0.00526211 0.03050851 0.08383117 0.12395954 0.07462645 0.17780190 0.11266024 0.25561205 0.07203167 0.04841683
14.80296059 2.68260981 0.01039295 0.00479101 0.00468837 0.02889594 0.08084329 0.14812762 0.07772275 0.20194098 0.11122510 0.21538717 0.07341778 0.04256704
15.00300060 2.67740547 0.01177985 0.00466693 0.00595454 0.02738016 0.08314661 0.17440063 0.07900993 0.20153965 0.11353029 0.18294274 0.07164617 0.04400250
15.20304061 2.67195552 0.01102287 0.00474348 0.00607750 0.02556603 0.08251793 0.17571968 0.07791959 0.19671482 0.11608839 0.19291977 0.07073054 0.03997940
15.40308062 2.66371073 0.01163800 0.00491952 0.00422488 0.02484355 0.08256767 0.13042824 0.08069426 0.20788576 0.11622736 0.21388136 0.07359111 0.04909829
15.60312062 2.65869470 0.00876728 0.00490767 0.00416499 0.02379003 0.08435139 0.12537914 0.08056510 0.15672497 0.11839685 0.27148904 0.07177891 0.04968463
15.80316063 2.65368994 0.00982786 0.00489216 0.00435773 0.02189416 0.08480900 0.11434468 0.08249312 0.17684191 0.11777284 0.26432628 0.07203281 0.04640744
16.00320064 2.65052905 0.01032669 0.00498126 0.00499087 0.02113675 0.08462256 0.12873620 0.08207956 0.16781995 0.11758681 0.25772173 0.07472972 0.04526789
16.20324065 2.65179048 0.00928339 0.00500047 0.00447980 0.01972309 0.08056606 0.14673193 0.08119425 0.16415219 0.11919756 0.24562597 0.07804158 0.04600371
16.40328066 2.64696342 0.01182375 0.00533005 0.00399130 0.02007019 0.07907515 0.13992536 0.08310586 0.22877162 0.12090202 0.18267342 0.07958685 0.04474444
16.60332066 2.64688016 0.00831197 0.00530697 0.00343420 0.01957584 0.07814156 0.17720776 0.08770049 0.18511786 0.12316896 0.19591905 0.07568194 0.04043341
16.80336067 2.63948312 0.00994873 0.00514740 0.00402005 0.02425799 0.07959618 0.16176513 0.08515973 0.19095539 0.12557643 0.20066098 0.07252018 0.04039181
17.00340068 2.63517142 0.01062186 0.00526258 0.00478718 0.02213588 0.08067673 0.12845438 0.08243038 0.19417922 0.12419621 0.22839916 0.07743402 0.04142240
17.20344069 2.62727918 0.00936672 0.00548043 0.00474307 0.02430243 0.08372873 0.11738342 0.08728803 0.15082747 0.12729900 0.27171244 0.07220372 0.04566452
17.40348070 2.62100146 0.00963045 0.00522264 0.00397180 0.02379229 0.08344913 0.10815450 0.08736824 0.17361194 0.12331231 0.25975220 0.07664760 0.04508690
17.60352070 2.61927874 0.01036602 0.00527030 0.00543383 0.02462502 0.08339850 0.13104945 0.08432321 0.16637912 0.12724614 0.24245564 0.07776177 0.04169100
17.80356071 2.61678582 0.01021101 0.00531299 0.00471616 0.02572518 0.08122094 0.14614247 0.08306730 0.18679270 0.12863541 0.20850275 0.07976327 0.03990980
18.00360072 2.61384948 0.00997814 0.00540246 0.00487135 0.02613760 0.08281613 0.15839124 0.08717824 0.19283531 0.13028787 0.18393797 0.07631524 0.04184848
18.20364073 2.60943183 0.01125117 0.00538404 0.00496216 0.02808293 0.08176351 0.15019347 0.08497990 0.19614235 0.13385207 0.18640299 0.07402040 0.04296500
18.40368074 2.59935671 0.01129150 0.00494466 0.00599919 0.03035468 0.08462193 0.13894160 0.08154556 0.17891482 0.12782125 0.21131545 0.07906652 0.04518284
18.60372074 2.59060143 0.01065522 0.00498516 0.00636335 0.03205079 0.08731754 0.12951499 0.08457232 0.16191057 0.13249254 0.23242582 0.07463236 0.04307935
18.80376075 2.58637080 0.01007100 0.00530854 0.00541324 0.02813602 0.08748249 0.11019565 0.08525833 0.16751375 0.13337332 0.24200029 0.07657724 0.04867014
19.00380076 2.58296127 0.00941490 0.00501417 0.00548377 0.02716791 0.08826258 0.11382149 0.08693408 0.14421445 0.12906954 0.26267038 0.08071953 0.04722718
19.20384077 2.58064501 0.01083358 0.00504617 0.00479984 0.03386831 0.08770456 0.11937959 0.08888183 0.18260777 0.13134724 0.21571311 0.07502011 0.04479788
19.40388078 2.57521321 0.00944339 0.00477159 0.00450026 0.02928217 0.08895230 0.14783351 0.09507244 0.18410134 0.12639253 0.18954872 0.07881106 0.04129069
19.60392078 2.57440213 0.00969008 0.00528940 0.00558544 0.02717529 0.08783665 0.15793031 0.09390262 0.17221545 0.13658393 0.18833943 0.07638731 0.03906409
19.80396079 2.56792022 0.01155948 0.00493531 0.00493106 0.02965580 0.09282115 0.12793679 0.08999466 0.20079631 0.13291638 0.18112692 0.08133242 0.04199371
20.00400080 2.56158626 0.00854100 0.00527052 0.00415347 0.02640979 0.09649144 0.13013817 0.08714880 0.16252745 0.13538533 0.22051847 0.08370382 0.03971174
20.20404081 2.55142580 0.01049055 0.00521452 0.00608243 0.02878463 0.09477967 0.11496790 0.08861853 0.15798225 0.13599108 0.23344752 0.07939611 0.04424480
20.40408082 2.54577185 0.00953645 0.00505091 0.00563961 0.02689642 0.09519790 0.10805071 0.08807860 0.15678446 0.13394586 0.24522379 0.08172665 0.04386865
20.60412082 2.54294831 0.00932482 0.00526613 0.00376293 0.02995414 0.09573736 0.11707741 0.08623373 0.15689885 0.13800569 0.23176700 0.08075701 0.04521493
20.80416083 2.53759349 0.01082712 0.00520539 0.00533313 0.03065300 0.09702981 0.12657560 0.08990291 0.17942453 0.13845274 0.19658241 0.08140906 0.03860430
21.00420084 2.53837223 0.00949962 0.00510466 0.00517477 0.02903582 0.09560612 0.14639541 0.09600770 0.17155046 0.13864629 0.18788217 0.07663514 0.03846183
21.20424085 2.53076672 0.00963510 0.00516763 0.00393168 0.02580234 0.09918776 0.14465281 0.08683655 0.18742298 0.13883960 0.18003979 0.07996838 0.03851538
21.40428086 2.52375591 0.00846518 0.00521743 0.00391324 0.02328825 0.10047497 0.14026903 0.08184063 0.17015003 0.13673764 0.20076503 0.08772924 0.04114933
21.60432086 2.51451636 0.00931767 0.00507311 0.00405196 0.02043767 0.10065290 0.12211193 0.08891605 0.16580759 0.13894235 0.22349472 0.08041550 0.04077853
21.80436087 2.50630023 0.00872804 0.00514366 0.00376823 0.02145004 0.09758643 0.10684064 0.09156167 0.15680276 0.13817440 0.24328472 0.07953376 0.04712566
22.00440088 2.50196249 0.00812048 0.00566202 0.00398972 0.01936784 0.09898232 0.11363513 0.08877204 0.15539354 0.13995829 0.23691086 0.08662525 0.04258251
22.20444089 2.49925346 0.00874200 0.00539793 0.00284080 0.01708496 0.10253711 0.12438968 0.09336316 0.17302163 0.14664524 0.20469919 0.08205647 0.03922183
22.40448090 2.49920510 0.00709857 0.00523986 0.00267792 0.01767546 0.10481550 0.14452706 0.09679854 0.16363525 0.14114613 0.19581310 0.08399988 0.03657273
22.60452090 2.49319113 0.00867792 0.00551141 0.00265667 0.01780852 0.10571020 0.13636533 0.09579282 0.18349803 0.14219288 0.17465875 0.08879259 0.03833486
22.80456091 2.48904099 0.00869957 0.00551907 0.00387221 0.01914910 0.10661447 0.13800285 0.08998752 0.17146867 0.14776178 0.18397095 0.08811707 0.03683674
23.00460092 2.48447165 0.00793659 0.00538358 0.00351856 0.01995222 0.10525907 0.13204238 0.09466046 0.15497171 0.14276421 0.20643796 0.08993260 0.03714067
23.20464093 2.47730087 0.00905695 0.00602004 0.00379275 0.01952282 0.10810392 0.10329390 0.09526487 0.15687292 0.15042222 0.22147785 0.08618885 0.03998290
23.40468094 2.47622799 0.00761109 0.00557557 0.00351373 0.01857870 0.10736138 0.10210038 0.09906603 0.13931327 0.14823740 0.23875885 0.08975954 0.04012408
23.60472094 2.47318153 0.00782897 0.00547319 0.00320788 0.01892438 0.10506201 0.10873287 0.09783266 0.15771214 0.14791274 0.21174383 0.09371931 0.04185002
23.80476095 2.46660244 0.00759871 0.00585146 0.00339235 0.01889222 0.10382863 0.13501890 0.09422866 0.15906698 0.15148348 0.19526253 0.08860767 0.03676841
24.00480096 2.46390099 0.00831176 0.00550505 0.00435331 0.01510332 0.10914683 0.14212570 0.09950706 0.16859278 0.14483969 0.17421328 0.09100127 0.03729994
24.20484097 2.45392412 0.00827045 0.00599221 0.00346450 0.01875041 0.10471861 0.13530897 0.09879052 0.17688568 0.15227337 0.17040308 0.08822519 0.03691700
24.40488098 2.44675498 0.00772482 0.00583257 0.00308397 0.01811962 0.10325971 0.12886587 0.10049819 0.15914237 0.14684937 0.19428549 0.09356007 0.03877795
24.60492098 2.43764761 0.00791568 0.00580693 0.00340652 0.01718020 0.10657686 0.11216332 0.10137473 0.15403988 0.14957719 0.21202762 0.09066419 0.03926689
24.80496099 2.42789840 0.00844296 0.00593367 0.00463609 0.02227328 0.10224589 0.10550870 0.10423010 0.13788602 0.15071184 0.22966885 0.08887840 0.03958419
25.00500100 2.42324727 0.00822862 0.00590677 0.00370956 0.02011728 0.09648846 0.10424458 0.10804754 0.14899300 0.14929893 0.22104699 0.09425820 0.03966006
25.20504101 2.41973604 0.00768640 0.00601443 0.00325056 0.02286632 0.10238426 0.11956048 0.10507351 0.15277369 0.15214923 0.19778246 0.09037847 0.04008018
25.40508102 2.41527102 0.00872896 0.00624205 0.00453412 0.02524492 0.10713080 0.12596588 0.10291882 0.16052388 0.14977357 0.18031736 0.09393466 0.03468498
25.60512102 2.40942068 0.00832376 0.00616859 0.00271414 0.02416595 0.09963437 0.13332844 0.10533173 0.17363825 0.15077234 0.16362971 0.09609287 0.03619986
25.80516103 2.40593639 0.00855117 0.00612751 0.00469250 0.02940241 0.10301444 0.13804953 0.10716706 0.15351451 0.15175671 0.17466967 0.08993418 0.03312031
26.00520104 2.39799060 0.00958227 0.00601361 0.00595225 0.02893603 0.10546484 0.11487087 0.10526371 0.15611306 0.15219578 0.19036537 0.08506196 0.04018025
26.20524105 2.39425264 0.00912751 0.00624729 0.00467362 0.02725572 0.10355592 0.10191758 0.10259851 0.14035057 0.15218356 0.21662552 0.09541463 0.04004958
26.40528106 2.39282479 0.00773217 0.00631922 0.00358847 0.02576337 0.09972875 0.10160384 0.10258060 0.13983662 0.15689706 0.21802815 0.09647428 0.04144747
26.60532106 2.38880727 0.00962499 0.00601552 0.00532952 0.02498303 0.10256749 0.11210610 0.10689464 0.14967060 0.15266866 0.20115144 0.08985359 0.03913443
26.80536107 2.38803336 0.00819524 0.00620312 0.00512638 0.02625799 0.10153915 0.12692252 0.10286961 0.14675336 0.15766498 0.19230268 0.08772304 0.03844193
27.00540108 2.38194587 0.00848595 0.00605180 0.00341042 0.02336864 0.09972649 0.13192107 0.09625977 0.17143212 0.15587204 0.16720099 0.09608980 0.04018091
27.20544109 2.38182524 0.00834326 0.00595365 0.00368410 0.02006573 0.09770009 0.14138082 0.09702981 0.16591502 0.15537427 0.16870940 0.09994208 0.03590176
27.40548110 2.37550500 0.00872590 0.00615474 0.00381472 0.01701335 0.10042599 0.12886079 0.10544369 0.15709086 0.16117362 0.18863667 0.08280186 0.03985781
27.60552110 2.37077823 0.00783966 0.00583992 0.00306722 0.02066919 0.10335137 0.11419037 0.10377821 0.15091696 0.15422286 0.20754179 0.08880754 0.03977490
27.80556111 2.36387846 0.00781451 0.00605974 0.00382143 0.02365471 0.10560251 0.10959727 0.09031602 0.13808841 0.16150941 0.21673363 0.09451222 0.04229014
28.00560112 2.36188844 0.00813977 0.00600042 0.00398728 0.02149791 0.10275340 0.10988754 0.09561207 0.14489415 0.15832907 0.21155665 0.09930495 0.03803680
28.20564113 2.36127501 0.00799209 0.00598713 0.00359925 0.01776225 0.10619634 0.11970845 0.10632699 0.14543823 0.15707543 0.19901172 0.09041401 0.04048810
28.40568114 2.35438288 0.00921954 0.00601402 0.00456756 0.02206011 0.10739076 0.13295020 0.09630022 0.15820124 0.16305725 0.17083509 0.09123766 0.03816636
28.60572114 2.35352150 0.00896864 0.00578806 0.00464171 0.02313344 0.10822481 0.13884957 0.09075767 0.15612814 0.15781918 0.16190619 0.10541018 0.03837241
28.80576115 2.34292690 0.00860259 0.00600797 0.00436412 0.02437171 0.10702235 0.13512476 0.09856056 0.15502092 0.16533024 0.17013230 0.08907878 0.03638371
29.00580116 2.33389809 0.00916653 0.00566140 0.00393262 0.02457234 0.11080190 0.11638769 0.10143315 0.15022117 0.15920400 0.18921987 0.08689945 0.04249988
29.20584117 2.32219523 0.00994005 0.00556667 0.00651901 0.02809149 0.10787324 0.11409106 0.09413493 0.13405753 0.16335810 0.20196592 0.09306696 0.04133503
29.40588118 2.31592866 0.00981540 0.00561550 0.00579156 0.02611043 0.11020372 0.11291875 0.09261366 0.13751102 0.16480672 0.19782372 0.09476030 0.04202921
29.60592118 2.31440275 0.00878210 0.00568959 0.00456678 0.02432956 0.10643258 0.11329557 0.10248162 0.13274423 0.16431379 0.20557876 0.09108231 0.04070311
29.80596119 2.31236865 0.00921545 0.00561868 0.00480237 0.02645995 0.10494264 0.12008333 0.10161456 0.14825403 0.16687850 0.18137834 0.09094552 0.03980663
30.00600120 2.31151298 0.00915517 0.00551436 0.00494182 0.02425069 0.10429811 0.13360499 0.09957763 0.15519657 0.16723244 0.15910287 0.09737737 0.03974798
30.20604121 2.30711548 0.00822415 0.00585893 0.00377715 0.01812734 0.10874363 0.13949194 0.10198212 0.14858223 0.17257526 0.16255349 0.09283995 0.03724380
30.40608122 2.30389585 0.00875209 0.00581623 0.00392821 0.02060966 0.10912636 0.12334433 0.10483206 0.15317782 0.16916747 0.17093531 0.09105778 0.03925267
30.60612122 2.29804545 0.00762594 0.00569808 0.00372864 0.01767213 0.11187537 0.11444638 0.10374204 0.13803721 0.16998678 0.19371747 0.09669762 0.03677233
30.80616123 2.29323044 0.00734002 0.00572014 0.00309570 0.01927554 0.10813413 0.10936450 0.10420103 0.13491453 0.16866726 0.19923539 0.09727733 0.04277442
31.00620124 2.28792998 0.00838552 0.00577057 0.00378387 0.01907378 0.11156049 0.10718225 0.10609370 0.13430318 0.16734168 0.20125000 0.09523345 0.04002150
31.20624125 2.28528268 0.00744956 0.00600800 0.00395327 0.01773316 0.11307280 0.11520847 0.10679504 0.13657702 0.16723474 0.19097936 0.09688932 0.03809926
31.40628126 2.28390134 0.00745155 0.00602494 0.00268740 0.01723011 0.11118030 0.12613085 0.10801633 0.14984098 0.16810564 0.16483992 0.10067267 0.03781930
31.60632126 2.27892881 0.00703292 0.00581369 0.00285398 0.01586399 0.10921069 0.13664697 0.10976791 0.14942449 0.16888283 0.15951860 0.09632478 0.03865916
31.80636127 2.27382068 0.00749118 0.00585524 0.00274429 0.01524010 0.11255150 0.12960186 0.10784117 0.15259711 0.16894794 0.16563431 0.09480404 0.03669125
32.00640128 2.26813146 0.00696702 0.00574788 0.00220441 0.01238581 0.11507431 0.12143715 0.10540148 0.14275057 0.16982895 0.18567589 0.09594728 0.03657926
32.20644129 2.26327686 0.00673222 0.00576892 0.00264803 0.00966426 0.10867175 0.11565558 0.10854277 0.13748084 0.16974711 0.19621079 0.09926935 0.03960838
32.40648130 2.25734505 0.00654653 0.00560887 0.00272992 0.01336663 0.10734965 0.10879189 0.11092456 0.13358190 0.16982617 0.20567679 0.09429065 0.04130644
32.60652130 2.24850609 0.00663563 0.00541755 0.00318529 0.01627146 0.11414477 0.11059961 0.10808755 0.13282426 0.16707355 0.20344150 0.09327647 0.03904235
32.80656131 2.24477657 0.00777593 0.00592999 0.00271458 0.01659904 0.10724749 0.12014166 0.10548254 0.15166528 0.17013747 0.17681214 0.09920240 0.03629148
33.00660132 2.24114296 0.00698651 0.00555106 0.00351883 0.01697250 0.10440248 0.13563570 0.10965046 0.14727097 0.17078804 0.16498432 0.09760786 0.03663128
33.20664133 2.23687766 0.00768734 0.00562447 0.00319836 0.01746346 0.10982381 0.13396899 0.11276627 0.15224623 0.17035631 0.16159580 0.09142904 0.03383993
33.40668134 2.23072513 0.00869836 0.00592491 0.00420553 0.01401996 0.10851116 0.12026978 0.10516463 0.15205374 0.17317902 0.17235552 0.09722017 0.03839722
33.60672134 2.22423214 0.00743636 0.00585516 0.00357402 0.01474323 0.10573982 0.11827423 0.10348313 0.13603781 0.17244258 0.19308931 0.10447922 0.03484514
33.80676135 2.21919355 0.00653373 0.00585526 0.00215434 0.01520889 0.10813932 0.10884824 0.11143155 0.13537938 0.17428149 0.19757117 0.09429227 0.04030436
34.00680136 2.21596853 0.00651026 0.00569063 0.00230767 0.01197558 0.10704174 0.11438192 0.11191711 0.13000619 0.17342409 0.20717632 0.09192634 0.03764217
34.20684137 2.20737092 0.00816988 0.00592694 0.00341828 0.01209012 0.10808396 0.11085491 0.11119278 0.14281495 0.17559438 0.18530646 0.09720184 0.03934552
34.40688138 2.20344044 0.00747872 0.00581742 0.00297921 0.01619985 0.10467881 0.12580112 0.10711263 0.14788793 0.17631703 0.17113379 0.10207401 0.03251949
34.60692138 2.19822771 0.00695198 0.00589409 0.00251360 0.01305514 0.10754341 0.12975830 0.11688813 0.14849961 0.17351236 0.15834263 0.10216191 0.03487885
34.80696139 2.19623029 0.00636832 0.00600489 0.00213782 0.01538426 0.10825782 0.12675590 0.11501230 0.14847470 0.17579648 0.16266566 0.10092840 0.03221345
35.00700140 2.18854335 0.00655810 0.00603704 0.00328657 0.01428444 0.11047895 0.11572996 0.11232618 0.13821241 0.17530090 0.17800795 0.10385682 0.03592069
35.20704141 2.18182459 0.00685306 0.00618206 0.00250164 0.01335593 0.10609081 0.10460501 0.11206821 0.13634110 0.18016886 0.19144536 0.10548996 0.03489801
35.40708142 2.17560776 0.00605352 0.00591797 0.00248719 0.01350192 0.10597615 0.09967879 0.11619443 0.12372898 0.17884383 0.20674423 0.09906751 0.04180548
35.60712142 2.16565099 0.00810000 0.00571463 0.00445526 0.01957346 0.10586443 0.10233898 0.11809275 0.13402422 0.17847454 0.19276818 0.09385354 0.03674002
35.80716143 2.15881936 0.00825025 0.00595861 0.00508366 0.02157580 0.09990164 0.11578308 0.11262342 0.14098767 0.18028184 0.17024805 0.10123439 0.03807160
36.00720144 2.15540064 0.00640401 0.00591013 0.00328922 0.01868115 0.09865240 0.12786196 0.11092751 0.14193220 0.17750230 0.16801911 0.10500755 0.03581245
36.20724145 2.14826345 0.00873118 0.00578563 0.00406772 0.02282803 0.10300908 0.12037041 0.11431525 0.15365015 0.17832583 0.15372280 0.09656411 0.03862982
36.40728146 2.13864038 0.00862346 0.00586032 0.00574504 0.02169079 0.10361501 0.12220295 0.11382327 0.14136077 0.17708515 0.16646399 0.09761614 0.03591310
36.60732146 2.13028767 0.00904319 0.00578841 0.00551259 0.02242920 0.09882588 0.11362890 0.11059293 0.13447579 0.17757894 0.17975232 0.10321375 0.03915810
36.80736147 2.12830657 0.00706986 0.00577453 0.00408177 0.03052012 0.10257630 0.09925617 0.11091109 0.12842153 0.17667506 0.19597966 0.10006292 0.03867100
37.00740148 2.12590608 0.00695211 0.00595416 0.00371413 0.02355690 0.10612307 0.09915413 0.11628625 0.12653958 0.17727301 0.19935417 0.09636340 0.03872909
37.20744149 2.12075858 0.00757383 0.00571734 0.00360878 0.02253103 0.10238483 0.10574793 0.11557090 0.13997713 0.17628168 0.18142231 0.09804515 0.04113909
37.40748150 2.12085876 0.00833760 0.00584770 0.00518056 0.02045689 0.10322801 0.12161963 0.11174140 0.13958058 0.17677986 0.16952807 0.10040293 0.03729677
37.60752150 2.11768096 0.00822090 0.00570176 0.00511305 0.02509813 0.10402461 0.12488086 0.11132622 0.14769372 0.17394520 0.15738883 0.09900211 0.03760462
37.80756151 2.10848819 0.00753652 0.00561380 0.00387282 0.02476500 0.10272843 0.12398657 0.11548609 0.14911439 0.17393926 0.16150333 0.09423232 0.03722149
38.00760152 2.10083042 0.00807679 0.00537706 0.00438942 0.02845073 0.10493031 0.11244774 0.11382926 0.14112900 0.17348103 0.17366250 0.09438223 0.03984392
38.20764153 2.09649481 0.00888554 0.00566052 0.00603457 0.02914724 0.11066616 0.10113667 0.10998620 0.13129937 0.17298047 0.18663476 0.09870655 0.03886196
38.40768154 2.09322629 0.00754350 0.00565024 0.00420789 0.02443791 0.10957707 0.10061500 0.10890612 0.12740357 0.17564322 0.19658251 0.09822324 0.04120973
38.60772154 2.08813048 0.00982900 0.00538429 0.00600538 0.02801677 0.10929303 0.09961511 0.11324785 0.13439946 0.17399594 0.18802850 0.09407879 0.03810589
38.80776155 2.08742868 0.00762117 0.00564568 0.00478094 0.02498564 0.10637772 0.11077145 0.11389650 0.13305282 0.17602176 0.18009937 0.09805823 0.03868871
39.00780156 2.08403400 0.00774057 0.00559663 0.00368071 0.02058548 0.11139251 0.11707208 0.10749652 0.14868040 0.17857284 0.16052698 0.10094139 0.03771389
39.20784157 2.07521445 0.00857311 0.00542845 0.00481104 0.02192200 0.11238654 0.12203736 0.11315372 0.14750296 0.17477346 0.15645188 0.09825773 0.03470175
39.40788158 2.06980733 0.00774767 0.00588109 0.00407160 0.02232093 0.11112149 0.11659323 0.11479228 0.14158002 0.18006337 0.16150266 0.09814165 0.03618400
39.60792158 2.06530236 0.00714193 0.00556572 0.00323260 0.01925175 0.11090975 0.10307082 0.11898808 0.14178928 0.17717655 0.17424942 0.10135979 0.03726431
39.80796159 2.06172465 0.00716297 0.00580520 0.00411585 0.01652845 0.11896651 0.09588410 0.11644332 0.12500999 0.18079312 0.19493521 0.09799176 0.03636354
40.00800160 2.05239913 0.00785585 0.00587946 0.00436285 0.02172063 0.11498722 0.09126697 0.11642635 0.13131804 0.18150718 0.18987598 0.10119968 0.03359980
40.20804161 2.04596658 0.00791665 0.00585426 0.00487912 0.02169641 0.10712264 0.09914896 0.11593153 0.13073344 0.18224420 0.18039487 0.10884726 0.03523066
40.40808162 2.04235827 0.00727604 0.00566759 0.00454219 0.02372116 0.10964642 0.10934759 0.11634889 0.13447714 0.18384933 0.16995016 0.10048765 0.03468582
40.60812162 2.03805745 0.00863056 0.00563769 0.00476504 0.02650676 0.11273334 0.11074662 0.11743458 0.14762700 0.17983270 0.15208000 0.10036158 0.03364413
40.80816163 2.03498436 0.00894020 0.00567167 0.00556109 0.02597266 0.10416744 0.11601344 0.11627883 0.14174408 0.18172443 0.15666953 0.10415751 0.03309911
41.00820164 2.02502527 0.00891692 0.00564840 0.00584106 0.02762358 0.10748787 0.10551611 0.11502620 0.13964217 0.18117125 0.16634453 0.10066617 0.03611574
41.20824165 2.02059411 0.00769710 0.00558593 0.00488791 0.02835271 0.11456993 0.09815439 0.11828956 0.13026709 0.17734523 0.18053702 0.09820925 0.03610390
41.40828166 2.01747507 0.00761742 0.00579518 0.00438005 0.02557474 0.11016174 0.09688561 0.11667043 0.12505281 0.18454422 0.18599952 0.09882833 0.03848996
41.60832166 2.01140315 0.00717610 0.00571002 0.00368846 0.02826419 0.10833327 0.09207535 0.11845825 0.13083242 0.18290174 0.18276439 0.10459661 0.03519920
41.80836167 2.00785702 0.00871459 0.00557847 0.00553448 0.02609212 0.10426135 0.10165801 0.11476260 0.13214288 0.18436262 0.17511494 0.10303484 0.03874308
42.00840168 2.00635099 0.00825138 0.00581529 0.00593308 0.02536999 0.10203093 0.10823467 0.11680294 0.13971188 0.18790804 0.16152879 0.10344268 0.03497031
42.20844169 2.00090447 0.00830006 0.00567032 0.00496983 0.02912282 0.10415439 0.11661781 0.11737046 0.13643362 0.18368699 0.15300570 0.10511773 0.03555027
42.40848170 1.99432501 0.01027280 0.00575290 0.00629010 0.02916962 0.10576666 0.10520246 0.11677677 0.14381761 0.18704348 0.15620096 0.09866008 0.03504655
42.60852170 1.98477392 0.00873789 0.00531874 0.00620038 0.03338073 0.10283749 0.10307673 0.11321826 0.12922901 0.18197923 0.17303611 0.10464617 0.03833925
42.80856171 1.98042976 0.00829554 0.00538754 0.00489701 0.03224041 0.10550273 0.09712726 0.11537289 0.13006934 0.18676486 0.17673924 0.09897187 0.03863129
43.00860172 1.97673245 0.00825575 0.00540553 0.00502819 0.03161666 0.10471536 0.09573894 0.11815818 0.13098385 0.18852936 0.17930615 0.09519146 0.03707057
43.20864173 1.97504730 0.00874736 0.00531207 0.00599519 0.03346535 0.09939045 0.10295178 0.11525411 0.12056747 0.18476372 0.18088779 0.10327955 0.03938518
43.40868174 1.97242268 0.00811251 0.00550900 0.00546373 0.02848387 0.09702066 0.10195565 0.11722883 0.13833593 0.19045556 0.16805706 0.10178584 0.03759136
43.60872174 1.96349575 0.00912506 0.00510908 0.00522089 0.02894710 0.09635999 0.11134658 0.12006673 0.13911399 0.18498979 0.16125625 0.09947430 0.03899024
43.80876175 1.96182659 0.00843591 0.00525445 0.00532454 0.02883861 0.09647762 0.11447086 0.11775635 0.13743239 0.18889718 0.16216351 0.09961429 0.03533428
44.00880176 1.95609726 0.00976772 0.00520559 0.00677113 0.02736567 0.09748516 0.11072194 0.11508866 0.13955862 0.18748917 0.16226803 0.10073131 0.03754701
44.20884177 1.95382997 0.00839467 0.00507484 0.00539462 0.03013602 0.09750446 0.10668303 0.11749943 0.13180252 0.18752990 0.17388680 0.09839127 0.03770245
44.40888178 1.94720447 0.00808459 0.00538424 0.00441191 0.02810296 0.10082729 0.09886558 0.11896953 0.12874329 0.19093185 0.18389457 0.09188698 0.03989722
44.60892178 1.94577034 0.00847169 0.00520382 0.00537838 0.02585742 0.09815236 0.09865709 0.11515473 0.13008341 0.19096471 0.18221678 0.09852427 0.04133533
44.80896179 1.94381668 0.00798126 0.00505678 0.00499379 0.02202300 0.09737938 0.10604473 0.11741858 0.13231775 0.18942244 0.17416003 0.10472270 0.03847955
45.00900180 1.93989618 0.00668136 0.00536220 0.00359059 0.01971051 0.09976300 0.11728399 0.12050509 0.13512126 0.19225381 0.16698205 0.09611580 0.03663034
45.20904181 1.93687379 0.00785065 0.00506814 0.00392086 0.02135908 0.09951210 0.11814098 0.11917227 0.14300433 0.18979760 0.15706542 0.09844979 0.03665878
45.40908182 1.93273986 0.00828791 0.00504437 0.00499500 0.02364866 0.09766646 0.11273096 0.11404379 0.13911881 0.19109375 0.16262830 0.10215153 0.03859047
45.60912182 1.93154211 0.00751409 0.00516376 0.00388974 0.02243789 0.09984647 0.10836458 0.11663686 0.13108639 0.19291964 0.17389598 0.09943317 0.03881144
45.80916183 1.92419524 0.00901371 0.00513494 0.00583296 0.02065117 0.10289388 0.10055469 0.12208631 0.13508093 0.18964724 0.17418582 0.09623752 0.03868084
46.00920184 1.92075199 0.00742814 0.00530034 0.00479307 0.01862393 0.10117331 0.10412349 0.12270524 0.11914403 0.19627987 0.18503279 0.09454113 0.04085466
46.20924185 1.91904284 0.00674499 0.00491018 0.00403690 0.02167375 0.09917292 0.10554213 0.11973930 0.12515205 0.18924858 0.17940817 0.10492890 0.03944213
46.40928186 1.91665165 0.00829438 0.00525979 0.00469987 0.02271340 0.10328996 0.10367822 0.11975480 0.13812983 0.19387585 0.16393308 0.09581949 0.04055133
46.60932186 1.91631321 0.00710679 0.00490409 0.00446374 0.02002337 0.10938415 0.11820295 0.12343380 0.13146569 0.18700004 0.16266894 0.09527782 0.03606863
46.80936187 1.91299060 0.00788617 0.00491039 0.00392071 0.02092623 0.10615185 0.11517161 0.11938780 0.13998455 0.18754157 0.15340746 0.10200828 0.03870338
47.00940188 1.90810356 0.00682354 0.00495127 0.00365087 0.02160736 0.10596894 0.11148686 0.11812961 0.13335592 0.18845197 0.16493185 0.10249811 0.03814372
47.20944189 1.90235081 0.00712792 0.00470461 0.00384778 0.01989199 0.11244357 0.10572675 0.12427016 0.12823229 0.18387030 0.17218323 0.09671126 0.04099014
47.40948190 1.89919097 0.00648063 0.00510483 0.00315008 0.01563239 0.11413092 0.10232970 0.12387273 0.12680953 0.19038531 0.17709949 0.09650610 0.03849830
47.60952190 1.89430125 0.00736157 0.00478491 0.00416108 0.01694299 0.11083812 0.10204454 0.12232482 0.12676563 0.18525622 0.17556044 0.10679582 0.03716386
47.80956191 1.89171038 0.00742465 0.00477221 0.00391165 0.02041237 0.11387544 0.10837468 0.12329063 0.12905798 0.18897034 0.16541121 0.09709127 0.03740757
48.00960192 1.89013490 0.00676171 0.00474023 0.00347004 0.01820997 0.11907465 0.11650159 0.12284866 0.13254835 0.18787575 0.15820687 0.09346059 0.03630158
48.20964193 1.88704020 0.00743847 0.00475906 0.00338003 0.01620700 0.11511281 0.11456427 0.12401305 0.13655479 0.18636574 0.15158332 0.10174923 0.03827224
48.40968194 1.88076752 0.00676546 0.00472060 0.00332620 0.01738679 0.11431233 0.11543239 0.12066265 0.12965574 0.18654624 0.16610425 0.10175807 0.03332928
48.60972194 1.87829808 0.00727875 0.00463976 0.00319064 0.01737904 0.11750677 0.10948127 0.12304847 0.12942510 0.18403803 0.16701383 0.09676685 0.04023149
48.80976195 1.87023404 0.00806621 0.00468226 0.00474182 0.02013642 0.10977975 0.10632016 0.12443559 0.12726623 0.18453773 0.17767151 0.09656456 0.03579775
49.00980196 1.86637485 0.00790700 0.00483119 0.00514844 0.02411864 0.10860091 0.09967275 0.12035006 0.11915498 0.18422630 0.18077661 0.10399143 0.04122169
49.20984197 1.85901852 0.00936006 0.00480062 0.00513005 0.02641310 0.11389250 0.10495660 0.11724566 0.13147248 0.18764111 0.16627215 0.09842000 0.03439567
49.40988198 1.85586211 0.00787204 0.00489758 0.00467009 0.02332615 0.11112391 0.11553251 0.12335220 0.12612864 0.18801820 0.16028532 0.09660800 0.03818536
49.60992198 1.84938728 0.00949302 0.00469687 0.00656658 0.02806898 0.10896858 0.11418643 0.11913926 0.13354770 0.18653447 0.15844737 0.09666071 0.03369002
49.80996199 1.84653214 0.00929307 0.00491746 0.00511549 0.02698334 0.11023407 0.10703332 0.11688205 0.14215166 0.18584741 0.15285459 0.09811891 0.04056864
50.01000200 1.84232139 0.00734672 0.00496950 0.00378836 0.02578223 0.10646266 0.11665931 0.12819313 0.12461845 0.18333253 0.16643753 0.09704207 0.03536751
50.21004201 1.83738448 0.00796879 0.00518980 0.00366993 0.02346612 0.10473776 0.10890973 0.12791745 0.13023831 0.18702557 0.16233222 0.09912930 0.03941501
50.41008202 1.83377634 0.00700521 0.00493667 0.00358240 0.02218065 0.10672962 0.10360738 0.12327707 0.12606697 0.18462005 0.17507401 0.10643648 0.03648348
50.61012202 1.83130568 0.00762956 0.00507491 0.00353580 0.01926264 0.10539660 0.10674358 0.12509800 0.12093933 0.18748368 0.17493858 0.10294670 0.04095062
50.81016203 1.82946541 0.00766074 0.00495919 0.00374667 0.01820821 0.10381589 0.11281066 0.13443923 0.13128090 0.18403008 0.16346928 0.09875550 0.03682365
51.01020204 1.82840897 0.00691386 0.00518830 0.00347580 0.02094842 0.10504509 0.12036743 0.12937728 0.12668997 0.18658816 0.16051416 0.09980107 0.03509048
51.21024205 1.82491927 0.00680502 0.00495772 0.00285020 0.02260755 0.10376942 0.11650718 0.12484262 0.13166239 0.18790971 0.15778461 0.10252042 0.03778317
51.41028206 1.82273640 0.00803853 0.00471180 0.00441121 0.02108280 0.10091881 0.11488184 0.13252787 0.13261480 0.18282043 0.16002046 0.10102097 0.03695047
