0.00000000 5.00000000 0.00000000 0.00000000 0.00000000 0.00000000 0.00000000 0.00000000 0.00000000 1.00000000 0.00000000 0.00000000 0.00000000 0.00000000
0.10000500 5.00236857 0.02230056 0.00102430 0.00722624 0.10038647 0.10672722 0.15803607 0.01221692 0.45006418 0.03538561 0.07127815 0.01464596 0.02070832
0.20001000 5.00091798 0.00703064 0.00126826 0.00341263 0.04609947 0.14835367 0.23324680 0.04948094 0.24508255 0.06768044 0.13346160 0.03521669 0.02966631
0.30001500 4.99902147 0.00438069 0.00091444 0.00226414 0.02495304 0.16289524 0.23858903 0.06664821 0.18020807 0.07228412 0.16668225 0.04125800 0.03892278
0.40002000 4.99716018 0.00416306 0.00085432 0.00168529 0.01749542 0.17019599 0.21768108 0.07520445 0.16193674 0.07890300 0.18429757 0.05284224 0.03474083
0.50002500 4.99500585 0.00356670 0.00083647 0.00116703 0.01585781 0.18601346 0.18876833 0.08791859 0.14475635 0.08156165 0.19228402 0.05966982 0.03759977
0.60003000 4.99218663 0.00388491 0.00084261 0.00140652 0.01017146 0.19948961 0.16901506 0.09224286 0.13522832 0.08301089 0.19951351 0.06441403 0.04078021
0.70003500 4.98776231 0.00343749 0.00097597 0.00156902 0.02249131 0.21445046 0.15935473 0.09860258 0.10791023 0.09024665 0.18942243 0.06972435 0.04181478
0.80004000 4.98700606 0.00356075 0.00082028 0.00198166 0.02050873 0.22625110 0.16287946 0.10458921 0.09167675 0.08765331 0.18315257 0.07668610 0.04024007
0.90004500 4.98293669 0.00276407 0.00077657 0.00140904 0.01207772 0.23769571 0.16607240 0.11281592 0.08077927 0.08647589 0.17419569 0.08223590 0.04270180
1.00005000 4.98150994 0.00256496 0.00077434 0.00148986 0.01282428 0.24578080 0.16065776 0.11728242 0.07124155 0.08867235 0.16608529 0.08549009 0.04713631
1.10005500 4.97889605 0.00249880 0.00075769 0.00164193 0.01362874 0.24466029 0.16045271 0.12353592 0.06782176 0.08655160 0.16117289 0.08649450 0.05078316
1.20006000 4.97581938 0.00252753 0.00073515 0.00154607 0.01932464 0.25085442 0.16900415 0.13146360 0.06704839 0.08525254 0.14690846 0.08369429 0.04164077
1.30006500 4.96790351 0.00264142 0.00082761 0.00133927 0.01124417 0.25770616 0.16764286 0.13957400 0.07041744 0.08390793 0.13320620 0.08998429 0.04150864
1.40007000 4.96524140 0.00242891 0.00076298 0.00100868 0.00698300 0.27121871 0.16330460 0.15078439 0.07145762 0.08347908 0.11800676 0.08775484 0.04281044
1.50007500 4.96344774 0.00243754 0.00077212 0.00112969 0.01084549 0.27122243 0.16428673 0.15405313 0.06843836 0.08662076 0.10637762 0.09533156 0.03848458
1.60008000 4.95885444 0.00261001 0.00082385 0.00109419 0.01176173 0.27181633 0.15947519 0.16347644 0.07338034 0.09793324 0.08858846 0.09195014 0.03709008
1.70008500 4.95579493 0.00281583 0.00075209 0.00115882 0.01041214 0.28182347 0.16009128 0.17294926 0.07396169 0.08798217 0.08167744 0.09449301 0.03188281
1.80009000 4.95000104 0.00298349 0.00086208 0.00153999 0.01669544 0.29089068 0.14665725 0.17294206 0.06823760 0.09175727 0.07625920 0.09954792 0.03162703
1.90009500 4.94641537 0.00253025 0.00082222 0.00117252 0.01188427 0.30971689 0.14076296 0.17083592 0.06201538 0.09171664 0.07955982 0.10090833 0.02807481
2.00010001 4.94395829 0.00236662 0.00076425 0.00126660 0.01174100 0.30727973 0.13987920 0.17606198 0.05851941 0.08934137 0.07654714 0.10455267 0.03168002
2.10010501 4.94207525 0.00225107 0.00074733 0.00098001 0.01521404 0.31931171 0.13500310 0.18596093 0.05221154 0.08683689 0.06883159 0.10714314 0.02550866
2.20011001 4.93712398 0.00198087 0.00083197 0.00125137 0.01200946 0.32413611 0.13245454 0.18270041 0.04391441 0.09470356 0.06705956 0.10562796 0.03332978
2.30011501 4.93139390 0.00166056 0.00085022 0.00084902 0.00548460 0.32347936 0.13216622 0.18425638 0.04537334 0.09400657 0.06703024 0.11140748 0.03343601
2.40012001 4.92312530 0.00156353 0.00078707 0.00106456 0.00891321 0.33467205 0.12052115 0.19334424 0.03263740 0.08884743 0.07051978 0.11434921 0.03278037
2.50012501 4.91666272 0.00132988 0.00075914 0.00092219 0.00736743 0.33457700 0.11825116 0.19353545 0.03026571 0.09206311 0.06881013 0.11706530 0.03505350
2.60013001 4.91253960 0.00142464 0.00080617 0.00088960 0.00710989 0.33354608 0.12079797 0.19397847 0.03083902 0.09518768 0.06121496 0.12248159 0.03172392
2.70013501 4.90592536 0.00133002 0.00082794 0.00062499 0.00382540 0.34409858 0.11525257 0.19921243 0.03333585 0.09361531 0.05958457 0.12024575 0.02804659
2.80014001 4.89671377 0.00174956 0.00084904 0.00111772 0.01079725 0.34153777 0.11342033 0.20161146 0.03005688 0.08850209 0.05571693 0.12749965 0.02714134
2.90014501 4.89135540 0.00151786 0.00074515 0.00096521 0.00953435 0.34767209 0.11366525 0.21305571 0.02965654 0.07671590 0.05799645 0.12381115 0.02466434
3.00015001 4.88399764 0.00172018 0.00084684 0.00114779 0.01105464 0.34969527 0.10774660 0.21678032 0.02743555 0.07590519 0.05687263 0.12677237 0.02402261
3.10015501 4.87904986 0.00184285 0.00083597 0.00126639 0.01457071 0.35213980 0.09651552 0.22020685 0.02843531 0.07777856 0.05426598 0.12703882 0.02510324
3.20016001 4.87520001 0.00156760 0.00083673 0.00104388 0.01114321 0.36538925 0.08926256 0.22167955 0.02493356 0.07645720 0.05484257 0.12763728 0.02520661
3.30016501 4.86997407 0.00139044 0.00072599 0.00093468 0.00771143 0.36761748 0.08302803 0.23542825 0.02602466 0.07365486 0.05396678 0.12857342 0.02094398
3.40017001 4.86618855 0.00140383 0.00073388 0.00086334 0.01100324 0.37319086 0.08002854 0.23785316 0.02524784 0.07575555 0.04818276 0.12646656 0.01927045
3.50017501 4.86204881 0.00114592 0.00067677 0.00059985 0.00388211 0.37792822 0.08294534 0.24762587 0.02475690 0.06110418 0.04606346 0.13266497 0.02060641
3.60018001 4.85584972 0.00104972 0.00069468 0.00040944 0.00537187 0.37358748 0.08101397 0.24878753 0.02545440 0.06363897 0.04642726 0.13729134 0.01627334
3.70018501 4.84981982 0.00134390 0.00072572 0.00082439 0.01172164 0.38156702 0.08102957 0.24367224 0.02161266 0.06023184 0.03974431 0.14180318 0.01572352
3.80019001 4.84496726 0.00120849 0.00066460 0.00066351 0.01199431 0.38152770 0.08143699 0.24277741 0.02244548 0.05758859 0.04173018 0.14144170 0.01652104
3.90019501 4.83786954 0.00133060 0.00068552 0.00093766 0.00766918 0.38218230 0.07802957 0.24628621 0.02353166 0.05595895 0.03891532 0.14288703 0.02158601
4.00020001 4.82879847 0.00087666 0.00072352 0.00048632 0.00292487 0.38363478 0.07950949 0.24848901 0.02229792 0.05225457 0.03939836 0.15089812 0.01850638
4.10020501 4.82217589 0.00087594 0.00065461 0.00046725 0.00644584 0.38127217 0.07844096 0.25631830 0.02094278 0.05148508 0.04042136 0.14626985 0.01640587
4.20021001 4.81956211 0.00087815 0.00066016 0.00039596 0.00536260 0.38624677 0.07517563 0.25791414 0.01999227 0.05669924 0.03606104 0.14447970 0.01613435
4.30021501 4.81568807 0.00115634 0.00058701 0.00076095 0.00803283 0.38565298 0.07187756 0.26436425 0.01966008 0.05361064 0.03349275 0.14378512 0.01701950
4.40022001 4.80584408 0.00092678 0.00064170 0.00048018 0.00369223 0.38566020 0.07266443 0.26845109 0.01895108 0.05631092 0.03034346 0.14693609 0.01494184
4.50022501 4.79760204 0.00074618 0.00062230 0.00054299 0.00344205 0.38598471 0.07072599 0.26986346 0.01620945 0.05387401 0.03408742 0.14565552 0.01824592
4.60023001 4.79670118 0.00059270 0.00066420 0.00031163 0.00164028 0.38443709 0.06326952 0.27749504 0.01604803 0.05244397 0.03554672 0.15095969 0.01659111
4.70023501 4.79236179 0.00077069 0.00069666 0.00029708 0.00196552 0.39159746 0.05690306 0.27855583 0.02045287 0.05024994 0.03074395 0.15490012 0.01286684
4.80024001 4.79354849 0.00090394 0.00063326 0.00061457 0.01060812 0.39696318 0.04978997 0.27808567 0.01398615 0.05013884 0.03058658 0.15617905 0.01151067
4.90024501 4.78485818 0.00120528 0.00059015 0.00083964 0.00893411 0.39068078 0.05298823 0.27952057 0.01734193 0.04925764 0.03227198 0.15195087 0.01441885
5.00025001 4.78099989 0.00090309 0.00060576 0.00049292 0.00324396 0.39894218 0.05119648 0.27781552 0.02064167 0.04805399 0.02934505 0.15258255 0.01617683
5.10025501 4.77612264 0.00089976 0.00065367 0.00048304 0.00651269 0.40110069 0.04710082 0.27925167 0.01959637 0.04401415 0.03007891 0.15897983 0.01132841
5.20026001 4.77124833 0.00076359 0.00061893 0.00052154 0.00467025 0.40379792 0.04555509 0.27837861 0.01752575 0.04558751 0.02969140 0.16161703 0.01127237
5.30026501 4.76367255 0.00104654 0.00058096 0.00086184 0.00828687 0.39716233 0.05378993 0.27679970 0.01693527 0.04178849 0.02823223 0.16366852 0.01084732
5.40027001 4.75942414 0.00078932 0.00066285 0.00060105 0.00501577 0.39802642 0.04695476 0.27929999 0.01498975 0.04952981 0.02982488 0.16248093 0.01182446
5.50027501 4.75680448 0.00074272 0.00064427 0.00053693 0.00900075 0.40183766 0.04196689 0.28073643 0.01339600 0.04893878 0.02643165 0.16384286 0.01192507
5.60028001 4.75148896 0.00099361 0.00058926 0.00082893 0.00991412 0.39646200 0.04390026 0.28349030 0.01262699 0.04859884 0.02284379 0.16485960 0.01489232
5.70028501 4.74609915 0.00092354 0.00061432 0.00060704 0.00587576 0.39718976 0.04489657 0.29011035 0.01510710 0.04662264 0.02091686 0.16746293 0.00967314
5.80029001 4.73657279 0.00083021 0.00061517 0.00055838 0.00481092 0.39074806 0.04723617 0.29072044 0.01319175 0.04416268 0.02960199 0.16575365 0.01177059
5.90029501 4.73028134 0.00066010 0.00060913 0.00056208 0.00340917 0.38291995 0.04412287 0.29344225 0.01206248 0.04801758 0.03391786 0.16301109 0.01726545
6.00030002 4.72541442 0.00099957 0.00056361 0.00085119 0.00732468 0.38139246 0.04514434 0.29052509 0.01458049 0.04613795 0.03579692 0.15938090 0.01730281
6.10030502 4.72198688 0.00061102 0.00063273 0.00038088 0.00165014 0.38169190 0.04377463 0.29126289 0.01387470 0.05280232 0.03204768 0.16761016 0.01366094
6.20031002 4.71852744 0.00076260 0.00056218 0.00051316 0.00487268 0.38618795 0.04258121 0.28917067 0.01553595 0.04779144 0.03201102 0.16828776 0.01172339
6.30031502 4.71317527 0.00103426 0.00059055 0.00066526 0.00800944 0.38834815 0.04575663 0.28212426 0.01763049 0.04924056 0.02832398 0.16769648 0.01057995
6.40032002 4.70692476 0.00063894 0.00067447 0.00032048 0.00195399 0.38686743 0.04576904 0.28248611 0.01722723 0.05501731 0.02677191 0.17095468 0.01131841
6.50032502 4.70381137 0.00097822 0.00062006 0.00058622 0.00478722 0.38632199 0.04599111 0.28464222 0.01855990 0.04988410 0.02295187 0.17453163 0.01014546
6.60033002 4.69959411 0.00080685 0.00059283 0.00035822 0.00284421 0.38536719 0.04760609 0.28686777 0.02025551 0.04808160 0.02187298 0.17509061 0.01025614
6.70033502 4.69389840 0.00090483 0.00061310 0.00045131 0.00676446 0.38932380 0.04910052 0.28773066 0.01716032 0.04927941 0.01785211 0.17305303 0.00776645
6.80034002 4.68837999 0.00098679 0.00054528 0.00072698 0.01113024 0.39046595 0.04889035 0.28591367 0.01649079 0.04131302 0.02129439 0.17176209 0.01048048
6.90034502 4.67790554 0.00103976 0.00059626 0.00082154 0.00923578 0.38970449 0.04981891 0.28479139 0.01607852 0.04269098 0.02140136 0.17021688 0.01360413
7.00035002 4.67383637 0.00092847 0.00058605 0.00075369 0.00777594 0.38854021 0.05246440 0.28465379 0.01598013 0.04456175 0.02116108 0.16965821 0.01293628
7.10035502 4.66824089 0.00078628 0.00056666 0.00043467 0.00514394 0.39253128 0.04601928 0.29260577 0.01757586 0.04210130 0.01983258 0.17019499 0.01220739
7.20036002 4.66007756 0.00089698 0.00056624 0.00060392 0.00788230 0.38991890 0.04677295 0.29801179 0.01475248 0.03889359 0.02270027 0.16860948 0.01039110
7.30036502 4.65666615 0.00096217 0.00052957 0.00079035 0.00675523 0.39147370 0.04154289 0.29983581 0.01449891 0.03851362 0.02285572 0.16964730 0.01259472
7.40037002 4.64973426 0.00056407 0.00058538 0.00051285 0.00329659 0.38690449 0.04503276 0.30029460 0.01288503 0.04122865 0.02544110 0.16898688 0.01426760
7.50037502 4.64366347 0.00080717 0.00062521 0.00050838 0.00760289 0.38429011 0.04078025 0.30084949 0.01622067 0.04046950 0.02435247 0.17376569 0.00972816
7.60038002 4.63954104 0.00065899 0.00058214 0.00022330 0.00370542 0.38635449 0.04277404 0.30047980 0.01728308 0.03507264 0.02587121 0.17751093 0.00948397
7.70038502 4.63034012 0.00098688 0.00060394 0.00075613 0.00747996 0.37954415 0.04127378 0.30270277 0.01543166 0.03698285 0.02669840 0.17616630 0.01137319
7.80039002 4.62035644 0.00072066 0.00062438 0.00061960 0.00683989 0.39135163 0.03829604 0.29995806 0.01186300 0.03380060 0.02722830 0.17626533 0.01243251
7.90039502 4.61775239 0.00045814 0.00054374 0.00029339 0.00171786 0.39260916 0.03931943 0.30564352 0.01208925 0.03048348 0.02997834 0.17472010 0.01214358
8.00040002 4.61517348 0.00063252 0.00049904 0.00028027 0.00152630 0.39435883 0.04143634 0.30333528 0.01408352 0.02957613 0.02926566 0.17423072 0.01077539
8.10040502 4.60856986 0.00062373 0.00055323 0.00036247 0.00385743 0.39697467 0.03882277 0.30588500 0.01293867 0.02852915 0.02637957 0.17605795 0.00901536
8.20041002 4.60342009 0.00047355 0.00063288 0.00024689 0.00190599 0.39038211 0.04175531 0.30995671 0.01249744 0.02973901 0.02362335 0.18128928 0.00749747
8.30041502 4.59887542 0.00042543 0.00053022 0.00018837 0.00239222 0.39312135 0.03968420 0.31078267 0.01243577 0.02497968 0.02744351 0.17858608 0.00943049
8.40042002 4.59721476 0.00058093 0.00049664 0.00042360 0.00418270 0.39027617 0.03766655 0.31202184 0.01425649 0.02701124 0.02312823 0.17819411 0.01176149
8.50042502 4.59248281 0.00059690 0.00047875 0.00030590 0.00484860 0.39342492 0.03978137 0.31014250 0.01342070 0.02697552 0.02377192 0.17697832 0.00927462
8.60043002 4.58718266 0.00108349 0.00047726 0.00078844 0.00803786 0.39083764 0.03806377 0.30808938 0.01664803 0.02591517 0.02375750 0.17468055 0.01162092
8.70043502 4.57899383 0.00078246 0.00059014 0.00061020 0.00636343 0.39255347 0.03338144 0.30666299 0.01830299 0.02992789 0.02238265 0.17426550 0.01417683
8.80044002 4.57417003 0.00105212 0.00051194 0.00096599 0.00746022 0.39239497 0.03696335 0.30481220 0.01506990 0.03124091 0.02150855 0.17303999 0.01497987
8.90044502 4.56900856 0.00064368 0.00051427 0.00047471 0.00338404 0.39865121 0.03239112 0.31062194 0.01630318 0.03395822 0.02215653 0.17025437 0.01064674
9.00045002 4.56568375 0.00101784 0.00053182 0.00081269 0.00985144 0.39336866 0.03221047 0.31182197 0.01347494 0.03435422 0.02000151 0.17392333 0.00863110
9.10045502 4.56240226 0.00037831 0.00055689 0.00033955 0.00165656 0.39936227 0.03778333 0.31192094 0.00929640 0.03072167 0.01894723 0.17743823 0.01159863
9.20046002 4.55769381 0.00053727 0.00049147 0.00035895 0.00193650 0.39651900 0.04020267 0.31363087 0.01155416 0.02801582 0.02109560 0.17534284 0.01031484
9.30046502 4.54725804 0.00089863 0.00054185 0.00065092 0.00719329 0.39426544 0.03950225 0.31056154 0.01192250 0.03026307 0.02035436 0.17236809 0.01147806
9.40047002 4.54377289 0.00060653 0.00049240 0.00023053 0.00164067 0.39447707 0.04168650 0.31436448 0.01450907 0.02879419 0.02217044 0.17187186 0.00915626
9.50047502 4.53652872 0.00056514 0.00049413 0.00043047 0.00312453 0.39110794 0.04240314 0.31245364 0.01283359 0.03175078 0.02191228 0.17219350 0.01073085
9.60048002 4.53308897 0.00044978 0.00047072 0.00022156 0.00152252 0.38618209 0.04607734 0.31371775 0.01143214 0.03064788 0.02613466 0.17298156 0.01016199
9.70048502 4.53013043 0.00093866 0.00045295 0.00062830 0.00868752 0.38620015 0.04110587 0.31501651 0.01422486 0.02992112 0.02314054 0.17040926 0.00927425
9.80049002 4.52536049 0.00058447 0.00055921 0.00034844 0.00336394 0.38486233 0.03984005 0.31766376 0.01325383 0.03033376 0.02427572 0.17458095 0.01033355
9.90049502 4.52150320 0.00049056 0.00054234 0.00008558 0.00038425 0.38869359 0.03877000 0.31784360 0.01582432 0.03231004 0.02220609 0.17461042 0.00823920
10.00050003 4.51307872 0.00051912 0.00057217 0.00017852 0.00161555 0.38483021 0.04085098 0.31555039 0.01363566 0.03810132 0.02258912 0.17294592 0.00861105
10.10050503 4.50905622 0.00038011 0.00055522 0.00029153 0.00159149 0.38532300 0.03541737 0.31640090 0.01138508 0.03722207 0.02522719 0.17449880 0.01170723
10.20051003 4.50698418 0.00085501 0.00048823 0.00068435 0.00789851 0.38765543 0.03417546 0.31937710 0.01177407 0.03237825 0.02287748 0.17210100 0.00973512
10.30051503 4.50250482 0.00072706 0.00047382 0.00056863 0.00656550 0.38654319 0.03583396 0.32406011 0.01396297 0.02929205 0.02207135 0.16963082 0.01027052
10.40052003 4.49701900 0.00064694 0.00056854 0.00044426 0.00465667 0.38954765 0.03446122 0.32252342 0.01286039 0.03369229 0.02101780 0.16966810 0.00991272
10.50052503 4.49079853 0.00055621 0.00052404 0.00029537 0.00280799 0.38624952 0.03727456 0.32268287 0.01228346 0.03527715 0.02694143 0.16726641 0.00784098
10.60053003 4.48945320 0.00042241 0.00050974 0.00011660 0.00100170 0.38872813 0.04001374 0.32308688 0.01085763 0.03324033 0.02485688 0.16843492 0.00873104
10.70053503 4.48181554 0.00055051 0.00055915 0.00024995 0.00210658 0.38917208 0.03539627 0.32112690 0.01170593 0.03176363 0.02994289 0.16937824 0.00804787
10.80054003 4.47817717 0.00091424 0.00047122 0.00074182 0.00812044 0.38389267 0.03705461 0.32100862 0.01038423 0.03094516 0.02793240 0.16768233 0.01085225
10.90054503 4.47553350 0.00052717 0.00048307 0.00023797 0.00153521 0.38481043 0.03787297 0.32881294 0.01102326 0.03116940 0.02985079 0.16472417 0.00895262
11.00055003 4.47262798 0.00075478 0.00045512 0.00047528 0.00660638 0.38681318 0.03281720 0.32693579 0.01270351 0.03125405 0.02869747 0.16454187 0.00794537
11.10055503 4.46153025 0.00095972 0.00056054 0.00069926 0.00756835 0.38386784 0.03198439 0.32627589 0.01376541 0.03522826 0.02521248 0.16406747 0.00981039
11.20056003 4.45437066 0.00098813 0.00053796 0.00066917 0.00857553 0.38580247 0.03363012 0.31996914 0.01412239 0.03672575 0.02650922 0.16296467 0.00950544
11.30056503 4.45057523 0.00097317 0.00055611 0.00060047 0.00846303 0.38588145 0.02845454 0.32047790 0.01716947 0.03663027 0.02662305 0.16645428 0.00771627
11.40057003 4.44485615 0.00085852 0.00046078 0.00062887 0.00739793 0.38572363 0.03045587 0.32018298 0.02039377 0.03140169 0.02603631 0.16423092 0.01222873
11.50057503 4.43962256 0.00057923 0.00044741 0.00033220 0.00173991 0.38463745 0.03409415 0.32288747 0.02215921 0.03310924 0.02418558 0.16291843 0.01290971
11.60058003 4.43185734 0.00057514 0.00048691 0.00029582 0.00358191 0.38431618 0.03621743 0.32551485 0.01879609 0.03105487 0.02757580 0.16262720 0.00895781
11.70058503 4.42936579 0.00065205 0.00049229 0.00034045 0.00559535 0.38868589 0.03411250 0.32943883 0.01648084 0.03113316 0.02451802 0.16224983 0.00630080
11.80059003 4.42311127 0.00072323 0.00053889 0.00042605 0.00340055 0.38465811 0.03652700 0.32663042 0.01837746 0.03694141 0.02073792 0.16323118 0.00780779
11.90059503 4.42016709 0.00066625 0.00049848 0.00037901 0.00349299 0.38756463 0.03730461 0.32467357 0.01556155 0.02994571 0.02613140 0.16531762 0.00846419
12.00060003 4.41609665 0.00072019 0.00053997 0.00039488 0.00335313 0.39187171 0.03422166 0.32324795 0.01545760 0.03138682 0.02563089 0.16495355 0.00822165
12.10060503 4.41456168 0.00058129 0.00054415 0.00028796 0.00468658 0.39152013 0.03362414 0.32811071 0.01383435 0.03274023 0.02377496 0.16308478 0.00721072
12.20061003 4.41075125 0.00046165 0.00053075 0.00019321 0.00357110 0.39078915 0.03406786 0.32916835 0.01152247 0.03666062 0.02092491 0.16485114 0.00725879
12.30061503 4.40928706 0.00072747 0.00049623 0.00041087 0.00664616 0.39315083 0.02983503 0.33305373 0.01293616 0.03148834 0.01882713 0.16581086 0.00661718
12.40062003 4.40187114 0.00063662 0.00048798 0.00044069 0.00444765 0.39325973 0.02951252 0.33524507 0.01088145 0.03093911 0.02363523 0.16406811 0.00644586
12.50062503 4.40015421 0.00059348 0.00056723 0.00038344 0.00454697 0.39007398 0.02778225 0.33735762 0.01196095 0.03358783 0.01995540 0.16641333 0.00677751
12.60063003 4.39435535 0.00058665 0.00052509 0.00043103 0.00439021 0.39550465 0.03449800 0.32885990 0.00919249 0.03344389 0.02245888 0.16366647 0.00644274
12.70063503 4.38359713 0.00086923 0.00051821 0.00061804 0.00656583 0.40232571 0.03031515 0.32160539 0.01206975 0.03333545 0.02099781 0.16221524 0.00856418
12.80064003 4.37963093 0.00053869 0.00048145 0.00015449 0.00161460 0.40259383 0.02809004 0.32586134 0.01509279 0.03321040 0.02244815 0.16385298 0.00606125
12.90064503 4.37295536 0.00057299 0.00051024 0.00021017 0.00183464 0.40367224 0.02799886 0.32634124 0.01557778 0.03163955 0.01803714 0.16583672 0.00776844
13.00065003 4.36756984 0.00067312 0.00048823 0.00030359 0.00554533 0.40114620 0.02817450 0.32491528 0.01599562 0.03149207 0.01987822 0.16595822 0.00542963
13.10065503 4.36401015 0.00052539 0.00061452 0.00038797 0.00277183 0.39588468 0.02950458 0.32504700 0.01413430 0.03069483 0.01947868 0.17175897 0.00919723
13.20066003 4.36097198 0.00048069 0.00060274 0.00026220 0.00199930 0.40181985 0.02777300 0.32429665 0.01410285 0.03060884 0.01937873 0.17067192 0.00800322
13.30066503 4.35725017 0.00068407 0.00058093 0.00044037 0.00902578 0.40340921 0.02528620 0.32243833 0.01232732 0.02950209 0.02035408 0.17006944 0.00588219
13.40067003 4.35437172 0.00039551 0.00050281 0.00009334 0.00218725 0.40719328 0.02875751 0.32472860 0.01227294 0.03039856 0.02094787 0.16717675 0.00534559
13.50067503 4.35271662 0.00054854 0.00044346 0.00032277 0.00428071 0.41140211 0.02575647 0.32375707 0.01119882 0.02744451 0.02164737 0.16495286 0.00824532
13.60068003 4.35112583 0.00059941 0.00044015 0.00036822 0.00573352 0.41422867 0.02761028 0.32243471 0.00990912 0.02437017 0.02101745 0.16652631 0.00676200
13.70068503 4.34446325 0.00053403 0.00046717 0.00017034 0.00180227 0.41133661 0.02554993 0.32440886 0.01399259 0.02603630 0.02371632 0.16575106 0.00623452
13.80069003 4.33897324 0.00035954 0.00050768 0.00023406 0.00144447 0.41297153 0.02515646 0.32157936 0.01125419 0.02584074 0.02383920 0.16910069 0.00771208
13.90069503 4.33290745 0.00058903 0.00044922 0.00036119 0.00431723 0.40952849 0.02504430 0.32418038 0.01257206 0.02579630 0.02516709 0.16604561 0.00594910
14.00070004 4.32234357 0.00085667 0.00040850 0.00065838 0.00845649 0.40366644 0.02886651 0.32231611 0.01253080 0.02395581 0.02673161 0.16365314 0.00789953
14.10070504 4.31917714 0.00058948 0.00048797 0.00023263 0.00382046 0.40740087 0.02349570 0.32980375 0.01455048 0.02228690 0.02729208 0.16402051 0.00601916
14.20071004 4.31548927 0.00061868 0.00055575 0.00043443 0.00469741 0.40720396 0.01908938 0.32631668 0.01400341 0.02977379 0.02616996 0.16414982 0.00698673
14.30071504 4.31293365 0.00035327 0.00050574 0.00019076 0.00153516 0.41348797 0.02103225 0.32715620 0.01051571 0.02756401 0.02445688 0.16728608 0.00591595
14.40072004 4.31029449 0.00039865 0.00040931 0.00013503 0.00026074 0.41026583 0.02443553 0.32863804 0.01328729 0.02630155 0.02121441 0.16838527 0.00626834
14.50072504 4.30644011 0.00042061 0.00044086 0.00018761 0.00360547 0.40898986 0.02558401 0.32336795 0.01330664 0.02944851 0.02105139 0.16775283 0.00584427
14.60073004 4.30227471 0.00044302 0.00046794 0.00024724 0.00335688 0.41214625 0.02392456 0.32054476 0.01081794 0.02763849 0.02599227 0.16920257 0.00521808
14.70073504 4.29792757 0.00071140 0.00042386 0.00053263 0.00621695 0.41367128 0.02414856 0.31929584 0.01135847 0.02406486 0.02355046 0.16854416 0.00748153
14.80074004 4.29605848 0.00060554 0.00045845 0.00049397 0.00433863 0.41454368 0.02771820 0.32046310 0.00993301 0.02408198 0.01948012 0.17045278 0.00743053
14.90074504 4.28784393 0.00056468 0.00051398 0.00038009 0.00685889 0.41173839 0.02691195 0.32046945 0.01009536 0.02427104 0.01964424 0.17300714 0.00554478
15.00075004 4.28438553 0.00054174 0.00047113 0.00035680 0.00313263 0.41305440 0.02624353 0.32198883 0.01089992 0.02763406 0.01756243 0.17085157 0.00726296
15.10075504 4.28063193 0.00046643 0.00049856 0.00030491 0.00351201 0.41517329 0.02243292 0.32251154 0.00749042 0.03270086 0.01919514 0.17111575 0.00459818
15.20076004 4.27965901 0.00048672 0.00053410 0.00029125 0.00343908 0.41396127 0.02191899 0.32280050 0.01167183 0.02899542 0.01591951 0.17370871 0.00627261
15.30076504 4.27104106 0.00036942 0.00052002 0.00022129 0.00168754 0.41427054 0.02326748 0.32866384 0.00773298 0.03082130 0.01548558 0.17172430 0.00523571
15.40077004 4.26817275 0.00031656 0.00046887 0.00019255 0.00348828 0.41078013 0.02583863 0.32841131 0.00729059 0.03037400 0.01403167 0.17196569 0.00684173
15.50077504 4.26079977 0.00057396 0.00053279 0.00033735 0.00159132 0.40459436 0.02438274 0.32663295 0.01258976 0.03243829 0.01528235 0.17380160 0.00724251
15.60078004 4.25646465 0.00045114 0.00049755 0.00038339 0.00473580 0.40254221 0.02366649 0.33012094 0.00734738 0.03068644 0.02055431 0.17215286 0.00686148
15.70078504 4.25323939 0.00036163 0.00047421 0.00020714 0.00148765 0.40660098 0.02171059 0.32835556 0.01129725 0.03218038 0.01819467 0.17238886 0.00674108
15.80079004 4.24889704 0.00054934 0.00053160 0.00039571 0.00455766 0.40682415 0.01981960 0.32498426 0.00875995 0.03575442 0.01926638 0.17390558 0.00465136
15.90079504 4.24794084 0.00047192 0.00048225 0.00033436 0.00195156 0.40690596 0.02141096 0.32333993 0.01181553 0.03460301 0.01453844 0.17666885 0.00747722
16.00080004 4.24788749 0.00022560 0.00054309 0.00013430 0.00018374 0.40685436 0.02133678 0.32449580 0.00739622 0.03626161 0.01607895 0.17984514 0.00664442
16.10080504 4.24409719 0.00034505 0.00055208 0.00023940 0.00180064 0.40017632 0.02188023 0.32625358 0.00703476 0.03537601 0.01677788 0.18364201 0.00592204
16.20081004 4.23755220 0.00034515 0.00054256 0.00025186 0.00310601 0.40069925 0.01712169 0.33135740 0.00805150 0.03771877 0.01443072 0.18168202 0.00469308
16.30081504 4.23666536 0.00030330 0.00055958 0.00018917 0.00176338 0.40127795 0.01900010 0.33561205 0.00529310 0.03475206 0.01293290 0.18379835 0.00451805
16.40082004 4.23377166 0.00032046 0.00054177 0.00025072 0.00288747 0.40178228 0.01933505 0.33346546 0.00403662 0.03819153 0.01257171 0.18201896 0.00459797
16.50082504 4.23006784 0.00043428 0.00052038 0.00027980 0.00461170 0.40011730 0.01834666 0.33364905 0.00458605 0.03761294 0.01327317 0.18210034 0.00446834
16.60083004 4.22730067 0.00040700 0.00047752 0.00029558 0.00346242 0.39758744 0.01840991 0.33474503 0.00687243 0.03698331 0.01476821 0.18020670 0.00578446
16.70083504 4.22035515 0.00043923 0.00056837 0.00026488 0.00540239 0.39672917 0.01952021 0.33273812 0.00706967 0.03536902 0.01368759 0.18459531 0.00361602
16.80084004 4.21449349 0.00062754 0.00053120 0.00052497 0.00561008 0.39640708 0.02540964 0.32633145 0.00793130 0.03239445 0.01338810 0.18433582 0.00650837
16.90084504 4.21413546 0.00045916 0.00065597 0.00030060 0.00346075 0.39908632 0.02231870 0.32501794 0.00641035 0.03811765 0.01079214 0.18912212 0.00425830
17.00085004 4.20989429 0.00056560 0.00056576 0.00045744 0.00306998 0.40296161 0.01858799 0.32329199 0.01097284 0.03815584 0.00755920 0.18502479 0.00878694
17.10085504 4.20680535 0.00042267 0.00052151 0.00039780 0.00503496 0.40044941 0.02184573 0.32643309 0.00497864 0.03724367 0.00715994 0.18735232 0.00816026
17.20086004 4.19763834 0.00061636 0.00055986 0.00051706 0.00487140 0.39906822 0.02625544 0.32735920 0.00290570 0.03782464 0.01015408 0.18518807 0.00467995
17.30086504 4.19343582 0.00029169 0.00054717 0.00016766 0.00135626 0.40169015 0.02703791 0.32823455 0.00493061 0.03833206 0.00788840 0.18519607 0.00432747
17.40087004 4.18682604 0.00042043 0.00052585 0.00030442 0.00354254 0.39935248 0.02852622 0.32849912 0.00664064 0.03699051 0.00787903 0.18263204 0.00468673
17.50087504 4.18590291 0.00033136 0.00052709 0.00015429 0.00202160 0.40065571 0.02680837 0.33025538 0.00602587 0.03293470 0.01173972 0.18362712 0.00491879
17.60088004 4.18238102 0.00044705 0.00051995 0.00032688 0.00622641 0.39826405 0.02289293 0.33222061 0.00603798 0.03127979 0.01229760 0.18371559 0.00577116
17.70088504 4.17914267 0.00044726 0.00048586 0.00036176 0.00360993 0.39541756 0.02751263 0.33421588 0.00515590 0.02956848 0.01370031 0.18231222 0.00721220
17.80089004 4.17642329 0.00034318 0.00042059 0.00023667 0.00381159 0.40203310 0.02843260 0.33408316 0.00554787 0.02075729 0.01426014 0.18270586 0.00736795
17.90089504 4.17195546 0.00020222 0.00049763 0.00011075 0.00014956 0.39790764 0.03171748 0.33569958 0.00487810 0.02444983 0.01459861 0.18144532 0.00834328
18.00090005 4.16579556 0.00039805 0.00043206 0.00031921 0.00363145 0.39567836 0.03122697 0.33768156 0.00682241 0.02212787 0.01353495 0.18008016 0.00806696
18.10090505 4.16112843 0.00039538 0.00046617 0.00021264 0.00339033 0.39245513 0.03277677 0.34104173 0.00787740 0.02370569 0.01172181 0.18033129 0.00562567
18.20091005 4.15843033 0.00026744 0.00042809 0.00007633 0.00025474 0.39307014 0.03028892 0.34181569 0.00735004 0.02472972 0.01436281 0.17995637 0.00739972
18.30091505 4.15281748 0.00028142 0.00040379 0.00010401 0.00019770 0.39426389 0.02522843 0.34112816 0.00886522 0.02400207 0.01807462 0.18020208 0.00724860
18.40092005 4.14784357 0.00037372 0.00047389 0.00015981 0.00160796 0.39469162 0.02016669 0.33765100 0.00994667 0.02731822 0.01742550 0.18386526 0.00631966
18.50092505 4.14232073 0.00076442 0.00042791 0.00060646 0.00624542 0.39211345 0.01809321 0.33573887 0.01039743 0.02404199 0.02064579 0.18367778 0.00724728
18.60093005 4.13429881 0.00052728 0.00047756 0.00031162 0.00309803 0.39493786 0.01995996 0.33739405 0.01131403 0.02494500 0.02004935 0.18224552 0.00473974
18.70093505 4.12871016 0.00069105 0.00046660 0.00045939 0.00567947 0.39899374 0.02116874 0.33398723 0.01347065 0.02342156 0.01771110 0.17913087 0.00481960
18.80094005 4.12680742 0.00056701 0.00044342 0.00042438 0.00339378 0.39932015 0.02471200 0.33430855 0.01116961 0.02340683 0.01575698 0.18052106 0.00597624
18.90094505 4.12289698 0.00093067 0.00042579 0.00083042 0.01193610 0.39939737 0.02487585 0.32979581 0.00950120 0.02016315 0.01612434 0.18021789 0.00580142
19.00095005 4.12157308 0.00049327 0.00041524 0.00033123 0.00288446 0.40145674 0.02272605 0.32996342 0.01410935 0.02029658 0.01760037 0.17986803 0.00985529
19.10095505 4.11790072 0.00068599 0.00046206 0.00058655 0.00545731 0.40223431 0.02132506 0.32878165 0.01021949 0.02588620 0.01638327 0.17863578 0.00934233
19.20096005 4.11642488 0.00038973 0.00041390 0.00025803 0.00353570 0.40381897 0.02193210 0.33046230 0.00944813 0.02615848 0.01621001 0.17914635 0.00822630
19.30096505 4.11195762 0.00025941 0.00041295 0.00014626 0.00202905 0.40305996 0.02571269 0.33086794 0.00707749 0.02526361 0.01913763 0.18039555 0.00563747
19.40097005 4.10444348 0.00049904 0.00042989 0.00043729 0.00612819 0.39808161 0.02543920 0.33049783 0.00896543 0.02502796 0.01560658 0.18196271 0.00692428
19.50097505 4.09537798 0.00046331 0.00050453 0.00029555 0.00439949 0.39613935 0.02251856 0.33443036 0.00905657 0.02940551 0.01911723 0.17752025 0.00614929
19.60098005 4.09261031 0.00031456 0.00049992 0.00014969 0.00204195 0.39850836 0.02790132 0.33361210 0.00846551 0.02743619 0.01499721 0.18194343 0.00412976
19.70098505 4.08845501 0.00037104 0.00051096 0.00018828 0.00139953 0.40129078 0.02692858 0.32852336 0.00865819 0.02979747 0.01793466 0.17987743 0.00451972
19.80099005 4.08542905 0.00054733 0.00046148 0.00029318 0.00358053 0.40485284 0.02711744 0.32559013 0.00872560 0.02823976 0.01813992 0.17685579 0.00559599
19.90099505 4.08319839 0.00048269 0.00042897 0.00027563 0.00363656 0.40688740 0.02796107 0.32433873 0.00713312 0.02931816 0.01839213 0.17502674 0.00611881
20.00100005 4.07923622 0.00044997 0.00040471 0.00026818 0.00316039 0.40938047 0.02838159 0.32323256 0.00905136 0.02863024 0.01671197 0.17435203 0.00597654
20.10100505 4.07625592 0.00061759 0.00040167 0.00042075 0.00476144 0.40686480 0.02810307 0.32335783 0.00878230 0.02982080 0.01791611 0.17355490 0.00539874
20.20101005 4.07388062 0.00062978 0.00042267 0.00045332 0.00522866 0.40678872 0.02668103 0.32564587 0.01017088 0.02826833 0.01586821 0.17287440 0.00696811
20.30101505 4.07308793 0.00039734 0.00039458 0.00025892 0.00179945 0.40662672 0.02839892 0.32772265 0.00888516 0.02984664 0.01385265 0.17340941 0.00840756
20.40102005 4.06984486 0.00051043 0.00041267 0.00030230 0.00496664 0.40933003 0.02663989 0.32767915 0.00971466 0.02777735 0.01378273 0.17280079 0.00608336
20.50102505 4.06743254 0.00036147 0.00041552 0.00006125 0.00028211 0.41177648 0.02628491 0.32799863 0.01100209 0.02579694 0.01584796 0.17401243 0.00616022
20.60103005 4.05929877 0.00031051 0.00043824 0.00007211 0.00017781 0.41095505 0.02889299 0.32786195 0.00969663 0.02732014 0.01861724 0.16942461 0.00623272
20.70103505 4.05028161 0.00024197 0.00047621 0.00011792 0.00220019 0.40623841 0.02715266 0.32712051 0.00878334 0.03114717 0.01788497 0.16901771 0.00961895
20.80104005 4.04325720 0.00060741 0.00049803 0.00030592 0.00356731 0.40354485 0.02744826 0.32529041 0.01296965 0.03467370 0.01559118 0.16999301 0.00551027
20.90104505 4.04051894 0.00046255 0.00041111 0.00030080 0.00475306 0.40132860 0.03048163 0.32707056 0.01179213 0.02960155 0.01690281 0.16958819 0.00730702
21.00105005 4.03725974 0.00091568 0.00045300 0.00068653 0.00724151 0.40216971 0.02838167 0.32853622 0.01067663 0.02792463 0.01909117 0.16691644 0.00700681
21.10105505 4.03116130 0.00099657 0.00048471 0.00068604 0.00783895 0.40062749 0.02794027 0.32790707 0.01239315 0.03322029 0.01612688 0.16576044 0.00601814
21.20106005 4.02708507 0.00051418 0.00043607 0.00039824 0.00309207 0.40836494 0.03137854 0.32502046 0.01019074 0.02928006 0.01667438 0.16489847 0.00975186
21.30106505 4.02345304 0.00053730 0.00043927 0.00031067 0.00339284 0.40796941 0.03252345 0.32314852 0.00980792 0.03088160 0.01879581 0.16556119 0.00663201
21.40107005 4.02027098 0.00058844 0.00050068 0.00026476 0.00203083 0.40965242 0.02576258 0.32364257 0.01349797 0.03296017 0.01632999 0.16724417 0.00752542
21.50107505 4.01701987 0.00063740 0.00043506 0.00035407 0.00330784 0.41414981 0.02764769 0.32315120 0.01394220 0.02932269 0.01314261 0.16694125 0.00696819
21.60108005 4.01458355 0.00043865 0.00047836 0.00038442 0.00305226 0.41300699 0.02810336 0.31937732 0.01019676 0.03086846 0.01762194 0.16826887 0.00820260
21.70108505 4.01232676 0.00066366 0.00045093 0.00046685 0.00463455 0.41042560 0.02535684 0.31921399 0.01039141 0.03131313 0.02439197 0.16659634 0.00609472
21.80109005 4.00431581 0.00048031 0.00052229 0.00049533 0.00458980 0.40846103 0.02440262 0.31940266 0.00747739 0.03394265 0.02457937 0.16567138 0.00997519
21.90109505 4.00102463 0.00045117 0.00044779 0.00032255 0.00165519 0.40392987 0.03092632 0.32136765 0.01068678 0.03128386 0.02063188 0.16697083 0.01132611
22.00110006 3.99770393 0.00041158 0.00047835 0.00035250 0.00274308 0.40746119 0.03012606 0.32172795 0.00768305 0.03275350 0.01968140 0.16757901 0.00900232
22.10110506 3.99265328 0.00053788 0.00043789 0.00026658 0.00358812 0.41031056 0.02840388 0.32232103 0.01188378 0.03275714 0.01748296 0.16617338 0.00583680
22.20111006 3.98809560 0.00043206 0.00045586 0.00021466 0.00369421 0.41664003 0.02474293 0.31999214 0.01092064 0.03457580 0.01886662 0.16433617 0.00512888
22.30111506 3.98330348 0.00033047 0.00051010 0.00018703 0.00141629 0.41691175 0.02437639 0.32044018 0.00844284 0.03706921 0.02045719 0.16506877 0.00478977
22.40112006 3.97850050 0.00055258 0.00043365 0.00035791 0.00338243 0.41161453 0.02639623 0.32421602 0.01114386 0.03042225 0.02062477 0.16331356 0.00754222
22.50112506 3.97789303 0.00056476 0.00039368 0.00024168 0.00184885 0.41530877 0.02611650 0.32429651 0.01314770 0.02830315 0.01872715 0.16369789 0.00735336
22.60113006 3.97185628 0.00040126 0.00043344 0.00024642 0.00165493 0.41923685 0.02335580 0.32232561 0.01084460 0.02975047 0.01923093 0.16425363 0.00826605
22.70113506 3.96879377 0.00056769 0.00044502 0.00035800 0.00335572 0.42140648 0.02157064 0.31695703 0.01025067 0.02852925 0.02651117 0.16466222 0.00538610
22.80114006 3.96453762 0.00034482 0.00042399 0.00014824 0.00201623 0.42070353 0.02307034 0.31906584 0.00990853 0.02830345 0.02726513 0.16350318 0.00524671
22.90114506 3.95978848 0.00055801 0.00042613 0.00031147 0.00524539 0.42599283 0.02150585 0.31550051 0.01056897 0.02662833 0.02242178 0.16545220 0.00538851
23.00115006 3.95737486 0.00036398 0.00040438 0.00023755 0.00135788 0.42511667 0.02209350 0.31733779 0.01057795 0.02498249 0.02222369 0.16815868 0.00714546
23.10115506 3.95110260 0.00026707 0.00045028 0.00016926 0.00215992 0.42219172 0.02008261 0.31769788 0.00969082 0.02694108 0.02369029 0.16871905 0.00794003
23.20116006 3.94551466 0.00074209 0.00043845 0.00057936 0.00578314 0.41978606 0.02207152 0.31983092 0.01096474 0.02507839 0.02082460 0.16686619 0.00703454
23.30116506 3.93949330 0.00050290 0.00046412 0.00033778 0.00277583 0.42164018 0.02561717 0.31897184 0.00997643 0.02750932 0.01900932 0.16741453 0.00578058
23.40117006 3.93581922 0.00048622 0.00042745 0.00039360 0.00550911 0.42237828 0.02322575 0.32457782 0.00849269 0.02755044 0.01798899 0.16306600 0.00590363
23.50117506 3.93401729 0.00055367 0.00041392 0.00028446 0.00318172 0.42239658 0.02606131 0.32752515 0.01050551 0.02666831 0.01390903 0.16299604 0.00550430
23.60118006 3.92362057 0.00054206 0.00051095 0.00034043 0.00667313 0.41669652 0.02969909 0.32179956 0.01004598 0.03218136 0.01187095 0.16481162 0.00482836
23.70118506 3.91991432 0.00048859 0.00046589 0.00024672 0.00150738 0.41783674 0.03351625 0.32078200 0.01044773 0.02976823 0.01288434 0.16714714 0.00490900
23.80119006 3.91651464 0.00042768 0.00044062 0.00025781 0.00180726 0.41523292 0.02774204 0.31986826 0.00943788 0.03122013 0.01709476 0.16723808 0.00923257
23.90119506 3.91014203 0.00065085 0.00044878 0.00062530 0.00446044 0.41528529 0.02224478 0.31844208 0.00879546 0.03150451 0.01671966 0.16831935 0.01250351
24.00120006 3.90634917 0.00084646 0.00047726 0.00078917 0.00835818 0.41498289 0.02234091 0.31936045 0.00722245 0.02977848 0.01677140 0.17140093 0.00767143
24.10120506 3.89795471 0.00072175 0.00056267 0.00058365 0.00832291 0.40857105 0.02335519 0.32316089 0.00729491 0.03340545 0.01668636 0.17229994 0.00503523
24.20121006 3.89803062 0.00057998 0.00052368 0.00039041 0.00443427 0.41399946 0.02152067 0.32319773 0.00955976 0.03503257 0.01629557 0.16924656 0.00521933
24.30121506 3.89471058 0.00069905 0.00047396 0.00036787 0.00489211 0.40906054 0.02136970 0.32271390 0.01482069 0.03205443 0.01699084 0.17169717 0.00485973
24.40122006 3.89035892 0.00029884 0.00053395 0.00013246 0.00029697 0.40722679 0.02082137 0.32819340 0.01175593 0.02916264 0.02029984 0.17488322 0.00639459
24.50122506 3.88611420 0.00070085 0.00050448 0.00047218 0.00509507 0.40542740 0.01816461 0.33068520 0.01103025 0.02935426 0.01805947 0.17602866 0.00447757
24.60123006 3.88251296 0.00046507 0.00055892 0.00037860 0.00324832 0.40714749 0.01977857 0.33005949 0.00828025 0.03107016 0.01722397 0.17516395 0.00662521
24.70123506 3.87559466 0.00059824 0.00048251 0.00048521 0.00429173 0.40303803 0.02014721 0.33377290 0.01033099 0.03076001 0.01760408 0.17194655 0.00654254
24.80124006 3.87166098 0.00034383 0.00047235 0.00026164 0.00160351 0.40920463 0.02393246 0.32945189 0.00827999 0.03081121 0.01757591 0.17005991 0.00800267
24.90124506 3.87043082 0.00041079 0.00042069 0.00034527 0.00330195 0.40955746 0.02347191 0.32970767 0.00785965 0.03010025 0.01707528 0.17021393 0.00753516
25.00125006 3.86898381 0.00037848 0.00041941 0.00028705 0.00262249 0.40802099 0.02515969 0.33036476 0.00871906 0.02797913 0.01799999 0.17121571 0.00683324
25.10125506 3.86542747 0.00028791 0.00043742 0.00018883 0.00341803 0.40786496 0.02429927 0.33066363 0.00750946 0.02762245 0.01895819 0.17341155 0.00533831
25.20126006 3.86264176 0.00025996 0.00047456 0.00018972 0.00030437 0.41042871 0.02246497 0.32868457 0.01026961 0.02753673 0.01428896 0.17687544 0.00822243
25.30126506 3.85867951 0.00049560 0.00048855 0.00028395 0.00309345 0.40634334 0.02313141 0.32863831 0.00948644 0.03160695 0.01354975 0.17692285 0.00595941
25.40127006 3.85275373 0.00049978 0.00059414 0.00043529 0.00457346 0.41007103 0.01901515 0.32257823 0.00730528 0.03177821 0.01338237 0.18097837 0.00878868
25.50127506 3.85013371 0.00023267 0.00051274 0.00021246 0.00019959 0.40918094 0.02059628 0.32289437 0.00687756 0.03354695 0.01206224 0.18386501 0.00981920
25.60128006 3.84464763 0.00045979 0.00048579 0.00045613 0.00708871 0.40719186 0.02136416 0.32303372 0.00590747 0.03242180 0.01241605 0.18086683 0.00830769
25.70128506 3.84053426 0.00048393 0.00044695 0.00038972 0.00283084 0.40185901 0.02971689 0.32505598 0.00641800 0.03333408 0.01883570 0.17530399 0.00532492
