0.00000000 9.00000000 0.00000000 0.00000000 0.00000000 0.00000000 0.00000000 0.00000000 0.00000000 1.00000000 0.00000000 0.00000000 0.00000000 0.00000000
0.20004001 8.99988170 0.08475875 0.00043074 0.01491267 0.10079139 0.01106581 0.27794550 0.00067755 0.13569198 0.00295240 0.28591361 0.00287350 0.08198611
0.40008002 9.00938981 0.02320858 0.00046419 0.02281349 0.05533784 0.01546369 0.33036871 0.00436020 0.22817617 0.00524374 0.24324488 0.00646817 0.06485034
0.60012002 9.05188916 0.03370361 0.00110664 0.00955943 0.08055721 0.01890606 0.12814653 0.00959543 0.44227296 0.01016217 0.16511769 0.00822969 0.09264259
0.80016003 9.09688298 0.03017373 0.00109992 0.01097065 0.06726857 0.02730486 0.15538592 0.00870899 0.06871081 0.01076912 0.54955516 0.01611709 0.05393518
1.00020004 9.11121938 0.03268199 0.00098515 0.01461591 0.06975099 0.02731165 0.12039930 0.01108298 0.23340155 0.01394606 0.34841136 0.01467414 0.11273893
1.20024005 9.15896262 0.03137227 0.00112605 0.00747941 0.07995890 0.02983324 0.16971780 0.01545618 0.30487035 0.01642883 0.23981575 0.01515569 0.08878554
1.40028006 9.14457332 0.00969726 0.00173502 0.00973528 0.05015013 0.03537589 0.34033478 0.02340288 0.12186520 0.01939973 0.30796158 0.02008645 0.06025580
1.60032006 9.13916619 0.02923108 0.00146914 0.01053910 0.06680821 0.03366038 0.27639518 0.02256640 0.21424250 0.02219025 0.24156168 0.02211381 0.05922228
1.80036007 9.08543975 0.02795565 0.00156539 0.01052898 0.05054980 0.03489380 0.10184686 0.02592394 0.39243841 0.02265585 0.24491924 0.02096100 0.06576108
2.00040008 9.02043568 0.01533370 0.00186328 0.00729439 0.05021436 0.03404685 0.16245893 0.02914155 0.13231054 0.02584353 0.39818647 0.02310476 0.12020162
2.20044009 8.97918228 0.03450392 0.00188236 0.01435780 0.06974857 0.03477068 0.12031626 0.03301326 0.29014669 0.02797627 0.29891301 0.02435741 0.05001378
2.40048010 8.95326954 0.03019428 0.00205487 0.01367881 0.04584279 0.03589982 0.17575034 0.03481275 0.38880209 0.02453566 0.17614506 0.02469688 0.04758666
2.60052010 8.95463511 0.01924313 0.00219718 0.00994464 0.05672414 0.04045248 0.32599494 0.03939209 0.09441978 0.02683897 0.30221721 0.02511925 0.05745621
2.80056011 8.95503458 0.02800021 0.00236116 0.01304775 0.04801370 0.03841258 0.09859905 0.04100680 0.45625300 0.03040495 0.14065965 0.02781447 0.07542667
3.00060012 8.96597527 0.03805920 0.00216502 0.01239219 0.07453626 0.03999350 0.15808802 0.04241942 0.33257259 0.02958640 0.17929886 0.02983562 0.06105292
3.20064013 8.97188341 0.01351663 0.00222765 0.01075648 0.05152117 0.04032234 0.26046540 0.04419346 0.10995122 0.03337618 0.34130757 0.02788033 0.06448157
3.40068014 8.97337248 0.03034826 0.00226477 0.01248664 0.06839246 0.04065995 0.15190805 0.04389068 0.28598293 0.03466322 0.23191638 0.03052133 0.06696533
3.60072014 9.00199929 0.02061383 0.00222264 0.01180904 0.06513871 0.03980998 0.15223827 0.04335037 0.18445158 0.03412840 0.33606333 0.03248857 0.07768527
3.80076015 9.00720711 0.01640709 0.00232062 0.00888031 0.05372654 0.04226761 0.14760991 0.05260382 0.13628074 0.03795547 0.39301211 0.03085243 0.07808334
4.00080016 9.02184897 0.02467904 0.00255204 0.01015305 0.06107170 0.04676217 0.13744726 0.05353019 0.29119654 0.03785134 0.22558096 0.03130421 0.07787151
4.20084017 9.01150480 0.01800991 0.00258861 0.01268231 0.05053750 0.04737810 0.20702735 0.05293499 0.25488487 0.03948597 0.21223824 0.03361229 0.06861985
4.40088018 8.99894182 0.01222724 0.00250519 0.00877758 0.05149049 0.04562905 0.28242855 0.05326818 0.15509528 0.04028313 0.25989864 0.03631440 0.05208227
4.60092018 8.96708957 0.02290902 0.00248743 0.00937992 0.05341014 0.05087957 0.14633350 0.05454766 0.33860194 0.03952797 0.18020183 0.03455733 0.06716369
4.80096019 8.93137196 0.02149924 0.00289436 0.01024284 0.05025017 0.05451021 0.10861117 0.05760022 0.22058123 0.04291465 0.33314822 0.03608052 0.06166718
5.00100020 8.91557168 0.01811069 0.00304380 0.00864637 0.04688227 0.05470552 0.12640336 0.05610173 0.17880076 0.04654235 0.34272934 0.03960655 0.07842727
5.20104021 8.89222047 0.02911810 0.00277797 0.01263925 0.05698461 0.06471527 0.11880229 0.05455030 0.33569323 0.04349110 0.19596556 0.03846531 0.04679702
5.40108022 8.90115976 0.01769818 0.00315649 0.01192231 0.05475503 0.06604582 0.23959440 0.05454587 0.13890205 0.04947503 0.27763406 0.03877674 0.04749402
5.60112022 8.90320011 0.02230038 0.00313346 0.00954880 0.05668227 0.07110021 0.17403328 0.05156710 0.26645652 0.04707785 0.20587594 0.04312133 0.04910287
5.80116023 8.90458963 0.02643166 0.00321413 0.00881710 0.05952525 0.07363102 0.11583904 0.05281860 0.33076522 0.04764997 0.16708611 0.04268622 0.07153569
6.00120024 8.90573320 0.01538403 0.00350022 0.01115852 0.04976987 0.07638244 0.20884022 0.05213802 0.14816777 0.05305358 0.28050246 0.04292568 0.05817719
6.20124025 8.90153018 0.02011447 0.00333846 0.00977563 0.05092217 0.07695562 0.15917508 0.05463028 0.20813651 0.05193679 0.26303862 0.04513879 0.05683758
6.40128026 8.90524586 0.01756721 0.00361615 0.00876140 0.04822967 0.07866292 0.12963271 0.05272454 0.22380823 0.05723901 0.27567811 0.04375732 0.06032273
6.60132026 8.90166851 0.01402766 0.00354721 0.00897869 0.04522617 0.07847242 0.15013056 0.05898784 0.16278568 0.05876685 0.30376499 0.04622561 0.06908631
6.80136027 8.90963763 0.01468581 0.00348496 0.00806429 0.04402083 0.08015844 0.14798849 0.06048695 0.20480145 0.05567377 0.26905818 0.04819581 0.06338101
7.00140028 8.90631414 0.01913398 0.00384843 0.00776347 0.04193528 0.08005462 0.14410343 0.06141152 0.30061357 0.06092027 0.18023247 0.04776510 0.05221786
7.20144029 8.89315906 0.01271805 0.00350888 0.00760410 0.03489570 0.07655738 0.22136394 0.06886842 0.18320118 0.05838381 0.22829647 0.05068144 0.05392063
7.40148030 8.87529958 0.01406999 0.00356580 0.00652678 0.03794276 0.07396542 0.18928065 0.07250337 0.22973881 0.06012710 0.22229117 0.04783824 0.04214991
7.60152030 8.84592580 0.02141110 0.00381574 0.00640209 0.03932686 0.07788298 0.09848367 0.06922781 0.27019402 0.06359299 0.23692022 0.04748041 0.06526210
7.80156031 8.84035747 0.01499529 0.00365328 0.00823268 0.03499915 0.07972230 0.12519024 0.07064407 0.14081940 0.06080636 0.35637402 0.05317393 0.05138930
8.00160032 8.82707599 0.02274743 0.00383290 0.00745245 0.03831186 0.07777133 0.10240289 0.07365402 0.27346952 0.06537141 0.23050622 0.05137027 0.05310970
8.20164033 8.83614066 0.01484091 0.00404437 0.00732404 0.03825692 0.08278280 0.18259337 0.07559129 0.19892629 0.06690114 0.24047986 0.04668034 0.04157867
8.40168034 8.83574156 0.01309211 0.00390810 0.00712453 0.04097579 0.08332806 0.19634380 0.07391984 0.17570890 0.06416077 0.23802603 0.05268317 0.05072892
8.60172034 8.82907991 0.02164154 0.00403093 0.00755894 0.04091752 0.08072648 0.13152366 0.07546242 0.30053576 0.07350898 0.16717764 0.05027112 0.04664500
8.80176035 8.82813622 0.01566486 0.00375620 0.00834203 0.03310273 0.08461177 0.15736582 0.07954849 0.19675618 0.06840247 0.24559511 0.05168100 0.05517334
9.00180036 8.81838740 0.01334627 0.00387379 0.00717565 0.03452040 0.08367015 0.15150229 0.07800939 0.17865156 0.07020363 0.26912149 0.05224296 0.05768242
9.20184037 8.81875756 0.01455126 0.00392141 0.00652212 0.03759672 0.08670536 0.12661635 0.07927163 0.21050849 0.07278016 0.25730853 0.05132136 0.05289660
9.40188038 8.81136689 0.01386522 0.00395684 0.00656074 0.03742962 0.09499216 0.13058156 0.07902635 0.19537316 0.07209920 0.26016266 0.05592536 0.05002711
9.60192038 8.81414163 0.01197741 0.00406133 0.00753589 0.03240115 0.09151791 0.15554003 0.08075241 0.16719420 0.07618018 0.26225979 0.05548809 0.05509161
9.80196039 8.81429273 0.01754925 0.00415954 0.00706899 0.04071409 0.09242749 0.12223063 0.08243549 0.25685400 0.07862884 0.19822960 0.05234856 0.04735352
10.00200040 8.79926393 0.01596808 0.00413481 0.00712926 0.03606770 0.09823719 0.15662700 0.08252437 0.22829043 0.07847585 0.19429461 0.05662769 0.04162301
10.20204041 8.79091784 0.01147274 0.00420710 0.00644896 0.03512490 0.09950272 0.18669048 0.08238228 0.16695990 0.08193251 0.22674899 0.05597531 0.04255413
10.40208042 8.76825629 0.01866852 0.00420948 0.00652396 0.03771242 0.10059921 0.11071344 0.08689877 0.24523376 0.08277453 0.20977262 0.05351792 0.04337535
10.60212042 8.76072475 0.01289587 0.00411069 0.00578620 0.03735628 0.10394216 0.11122421 0.08169125 0.15730554 0.08010192 0.28953394 0.06215390 0.05389805
10.80216043 8.75304364 0.01777891 0.00448451 0.00711643 0.03995652 0.11079957 0.09900262 0.07897282 0.19769861 0.08625052 0.25394339 0.05949250 0.04450360
11.00220044 8.75872428 0.01567913 0.00414437 0.00723330 0.03840160 0.11534215 0.13112848 0.08555877 0.21474484 0.08410470 0.20399296 0.05684992 0.04281978
11.20224045 8.75894291 0.01267360 0.00446829 0.00704447 0.03433270 0.11163532 0.18122502 0.08406529 0.15744031 0.09114466 0.22224071 0.05868634 0.03504329
11.40228046 8.75606112 0.01588020 0.00461990 0.00672203 0.03457281 0.10935256 0.13696815 0.08153434 0.23325011 0.09204395 0.17574508 0.06444917 0.04486171
11.60232046 8.74915031 0.01375557 0.00434881 0.00558330 0.03886895 0.10897746 0.13818401 0.08327876 0.20942489 0.09002776 0.20028986 0.06736711 0.03989351
11.80236047 8.73305867 0.01216695 0.00514274 0.00561707 0.03493671 0.11400894 0.12713697 0.08611674 0.17061012 0.09912593 0.23721345 0.05960554 0.04831882
12.00240048 8.72778115 0.01321914 0.00464767 0.00581305 0.02949113 0.11502530 0.11746673 0.08604317 0.17825958 0.09336177 0.24751340 0.06692199 0.04223707
12.20244049 8.71687730 0.01550546 0.00465316 0.00752671 0.03356632 0.11479969 0.11293641 0.08576475 0.19901699 0.09692440 0.22298865 0.06385791 0.04245954
12.40248050 8.71808732 0.01112332 0.00488630 0.00574095 0.03233470 0.11726830 0.14246114 0.09029805 0.16082329 0.09570582 0.23798405 0.06384143 0.03753265
12.60252050 8.71773998 0.01229867 0.00493006 0.00448794 0.03318560 0.12243816 0.12569583 0.08622009 0.20420346 0.09230358 0.20649143 0.06410802 0.04363716
12.80256051 8.71052170 0.01553136 0.00481647 0.00552972 0.03230509 0.11546772 0.12146477 0.09208938 0.24234558 0.09215787 0.17894247 0.06346847 0.03588110
13.00260052 8.69500866 0.01085735 0.00490351 0.00605807 0.03019073 0.11002099 0.17185868 0.09045334 0.15946696 0.09360523 0.22145446 0.06701683 0.03411383
13.20264053 8.67782271 0.01479118 0.00469540 0.00549177 0.03334434 0.11538652 0.12341240 0.09211936 0.21086546 0.09162093 0.20580655 0.06417771 0.03828839
13.40268054 8.67402328 0.01340968 0.00517649 0.00554394 0.03583880 0.11356506 0.10458147 0.08855901 0.17698026 0.10136848 0.25020273 0.06333086 0.04144322
13.60272054 8.66611710 0.01264202 0.00479711 0.00559139 0.03971971 0.11359226 0.10727109 0.08970629 0.16779141 0.09526034 0.25303261 0.06864390 0.04195186
13.80276055 8.66290769 0.01496224 0.00523846 0.00605799 0.04000527 0.11310242 0.10923389 0.09101723 0.20769886 0.10016478 0.20975201 0.06247701 0.04028984
14.00280056 8.66262596 0.01058284 0.00509467 0.00542608 0.03092881 0.11812431 0.15526472 0.09447930 0.16695905 0.10226767 0.21175579 0.06203396 0.03708280
14.20284057 8.65696267 0.01328951 0.00499272 0.00594039 0.03240465 0.11544574 0.14294066 0.09200258 0.20179276 0.09947032 0.18406392 0.07208854 0.03556822
14.40288058 8.65651281 0.01298276 0.00504797 0.00504979 0.03153533 0.11733137 0.13485583 0.09173824 0.20435372 0.10464650 0.19045187 0.06523581 0.03677080
14.60292058 8.64245347 0.01152398 0.00470743 0.00435112 0.03180233 0.11491198 0.12105287 0.10343432 0.18033170 0.10139131 0.22010946 0.06555485 0.04082864
14.80296059 8.62680179 0.01126507 0.00465059 0.00498848 0.03569379 0.11739868 0.11328376 0.10287682 0.16197153 0.10425483 0.24074873 0.06081899 0.04204874
15.00300060 8.61938233 0.01392352 0.00460556 0.00655520 0.03558422 0.11778286 0.10838675 0.09741764 0.18661998 0.10286286 0.22461837 0.06333099 0.03831206
15.20304061 8.61278619 0.01383045 0.00447140 0.00746109 0.03239794 0.12107235 0.12584435 0.09804946 0.17353227 0.10225157 0.21617993 0.06615512 0.03875406
15.40308062 8.61755968 0.01045559 0.00479848 0.00511300 0.03424259 0.12196918 0.13430616 0.10254817 0.16644462 0.10361599 0.21594748 0.06306808 0.03749065
15.60312062 8.61112824 0.01627207 0.00441373 0.00647490 0.03558832 0.11894920 0.10745841 0.10386027 0.23139229 0.10154639 0.17404822 0.06323031 0.03676590
15.80316063 8.60628765 0.01285293 0.00456257 0.00692557 0.03431388 0.12195088 0.13963944 0.10562587 0.17342762 0.10323946 0.19861853 0.06662112 0.03222213
16.00320064 8.59409408 0.01045985 0.00483375 0.00402193 0.03188186 0.12254236 0.13302324 0.10910422 0.17786891 0.10547801 0.20443177 0.06404156 0.03231254
16.20324065 8.58420248 0.01302215 0.00477106 0.00469479 0.03306605 0.12312170 0.09644862 0.10736004 0.19294671 0.10455455 0.21839037 0.06619254 0.03543141
16.40328066 8.58337192 0.01223889 0.00483279 0.00606382 0.02997517 0.12847840 0.09561959 0.10718469 0.16213148 0.10288110 0.24865935 0.06662292 0.03531181
16.60332066 8.57888965 0.01217896 0.00507461 0.00503635 0.02915300 0.13311577 0.10055151 0.10888105 0.19019174 0.10416443 0.21084634 0.06476403 0.03604221
16.80336067 8.58553090 0.01118381 0.00508234 0.00492535 0.02952781 0.13496072 0.12829750 0.10769573 0.17324012 0.10334424 0.20392568 0.06691687 0.03089982
17.00340068 8.57835591 0.01112814 0.00496961 0.00507508 0.03307818 0.13380075 0.12784866 0.10375063 0.18489384 0.10967513 0.18817166 0.06580378 0.03180454
17.20344069 8.57045475 0.01169001 0.00501190 0.00535372 0.02992017 0.13341609 0.12743614 0.10734454 0.18873493 0.10557151 0.18354952 0.07065584 0.03131563
17.40348070 8.55633918 0.01144597 0.00483266 0.00532794 0.03069616 0.13339370 0.11614520 0.10891047 0.17981544 0.10303493 0.20087693 0.06582814 0.03969246
17.60352070 8.54754296 0.01139282 0.00473793 0.00528112 0.03169958 0.13285241 0.10388836 0.10733271 0.16470867 0.10705430 0.22516525 0.06602254 0.03986430
17.80356071 8.54026344 0.01183134 0.00478436 0.00515085 0.03472824 0.13281597 0.10248211 0.10060089 0.16904657 0.10526550 0.22364073 0.07253317 0.03712027
18.00360072 8.53338529 0.01225165 0.00529580 0.00599437 0.02968625 0.13254739 0.10889463 0.10297123 0.18248720 0.10972555 0.20250593 0.07145992 0.03618008
18.20364073 8.53098048 0.00977817 0.00519504 0.00428164 0.02610021 0.13561832 0.13077822 0.10875215 0.15310170 0.11458660 0.20905030 0.06584778 0.03690986
18.40368074 8.52693145 0.01160789 0.00529498 0.00485139 0.02361648 0.14092643 0.10995272 0.10653605 0.20040240 0.11620511 0.17955159 0.06903731 0.03201764
18.60372074 8.52121779 0.01110346 0.00543590 0.00444800 0.02328088 0.13771312 0.11949641 0.10434544 0.18697948 0.11932360 0.18506178 0.07118183 0.03163010
18.80376075 8.50919427 0.00947049 0.00555522 0.00395177 0.02163488 0.13286986 0.12638363 0.10507570 0.16412955 0.11905531 0.20362717 0.07344380 0.03480263
19.00380076 8.50074769 0.01222091 0.00571046 0.00541644 0.02396138 0.13395597 0.10030552 0.10412549 0.17799015 0.12089511 0.20671271 0.07331285 0.03539302
19.20384077 8.49594893 0.01055138 0.00588081 0.00531641 0.02876379 0.13620335 0.09928948 0.10423779 0.15546438 0.12529668 0.22366863 0.07238124 0.03294605
19.40388078 8.49278823 0.01104927 0.00563672 0.00403832 0.02727043 0.13312519 0.09765928 0.10744874 0.17193929 0.12372493 0.20717593 0.07406430 0.03686760
19.60392078 8.49766969 0.01056166 0.00572132 0.00580095 0.02901517 0.13350354 0.11355135 0.10541267 0.16455307 0.12687511 0.19688463 0.07448726 0.03363328
19.80396079 8.49717633 0.01100024 0.00550889 0.00592670 0.03260571 0.13770987 0.11800906 0.10441571 0.17393545 0.12755510 0.18064919 0.07281031 0.02987377
20.00400080 8.48941430 0.01097634 0.00541944 0.00438577 0.03045183 0.13481503 0.12104310 0.10522748 0.17992385 0.12273188 0.17583319 0.07780605 0.03138604
20.20404081 8.48117359 0.01090377 0.00548482 0.00492984 0.02934687 0.13956377 0.11465075 0.10818118 0.16944425 0.12754048 0.18804888 0.07122963 0.03067575
20.40408082 8.46397001 0.01266949 0.00538534 0.00754344 0.03606339 0.14358356 0.09878235 0.10735396 0.15930668 0.12433530 0.19857515 0.07134173 0.03505961
20.60412082 8.46298633 0.01123809 0.00529157 0.00517116 0.03203528 0.13736994 0.09550011 0.11158051 0.15495754 0.12546901 0.20954760 0.07628886 0.03555034
20.80416083 8.45478332 0.01229387 0.00548888 0.00541918 0.03438965 0.14854075 0.09766875 0.10568986 0.17070720 0.12898224 0.18619797 0.07129815 0.03332350
21.00420084 8.45033349 0.01071950 0.00563402 0.00571797 0.03444270 0.15046129 0.11440164 0.11049499 0.14656460 0.12885786 0.19021929 0.07455171 0.02793443
21.20424085 8.44641797 0.01194416 0.00546748 0.00529578 0.03435200 0.14714355 0.10452012 0.11625540 0.16488720 0.13422363 0.16945293 0.07490982 0.03154793
21.40428086 8.44210910 0.01127389 0.00546119 0.00504751 0.03275433 0.14777262 0.10616870 0.11316633 0.17444668 0.13459869 0.16225444 0.07700106 0.03005457
21.60432086 8.43222067 0.01174067 0.00532079 0.00646835 0.04286536 0.15230230 0.10578946 0.10683600 0.14833215 0.13531351 0.17973706 0.07622727 0.02906707
21.80436087 8.42245912 0.01146750 0.00517920 0.00548791 0.03912227 0.14857727 0.09643588 0.11413918 0.16017641 0.13671370 0.17949909 0.07339054 0.02981106
22.00440088 8.41764618 0.01189844 0.00514470 0.00640123 0.03468777 0.14781640 0.09322110 0.11713722 0.14465486 0.13575856 0.19612024 0.07214299 0.03501648
22.20444089 8.40983829 0.01246870 0.00495061 0.00671425 0.03452326 0.15286124 0.08487051 0.11134008 0.16147009 0.13878525 0.18588803 0.07206269 0.03406527
22.40448090 8.40656607 0.01015506 0.00573243 0.00558420 0.03325193 0.15844739 0.10192387 0.11095461 0.14819548 0.14381046 0.17785885 0.07305499 0.03103073
22.60452090 8.40408439 0.01009661 0.00524526 0.00465541 0.03645881 0.15149176 0.10246071 0.11635015 0.15207782 0.13971925 0.17106426 0.07719346 0.03318651
22.80456091 8.40111662 0.01074386 0.00504835 0.00586285 0.03619210 0.15633304 0.09803729 0.11375861 0.16569935 0.14152514 0.16224910 0.07333474 0.03121557
23.00460092 8.39461187 0.01105209 0.00529533 0.00609260 0.03098067 0.15315954 0.10588618 0.11270814 0.15001450 0.14338836 0.17295419 0.07544850 0.03301989
23.20464093 8.38484798 0.01053577 0.00515697 0.00513932 0.02995398 0.14840192 0.09607268 0.11992477 0.15324350 0.14105241 0.18095470 0.07346380 0.03610017
23.40468094 8.37839979 0.00981754 0.00537510 0.00482146 0.02970992 0.14583909 0.09351391 0.11891384 0.14464813 0.14871426 0.19026845 0.07115758 0.03722072
23.60472094 8.37575389 0.01236355 0.00511887 0.00589556 0.03281491 0.14521797 0.08911605 0.11535720 0.15913356 0.14229761 0.17932429 0.07800823 0.03535220
23.80476095 8.37282541 0.00896828 0.00544883 0.00457235 0.02461496 0.14868956 0.10560952 0.12010347 0.14761822 0.14781437 0.17522620 0.07594363 0.03539060
24.00480096 8.36678482 0.01099989 0.00537919 0.00505267 0.02553804 0.14764200 0.10588370 0.12225619 0.15099975 0.14657628 0.16955840 0.07414621 0.03596768
24.20484097 8.35918819 0.01018893 0.00553927 0.00471637 0.02588814 0.14594500 0.09972580 0.12189637 0.16623840 0.14677031 0.16265571 0.07784893 0.03258679
24.40488098 8.35050220 0.01005757 0.00550601 0.00483468 0.02958691 0.14413930 0.10615110 0.12437689 0.14589796 0.14860047 0.17271901 0.07537720 0.03275290
24.60492098 8.34223751 0.01103928 0.00540595 0.00532537 0.02732127 0.14384437 0.09274075 0.12442784 0.15288388 0.15210557 0.17410144 0.07621614 0.03458813
24.80496099 8.33381004 0.00965445 0.00551566 0.00495587 0.03077969 0.14738588 0.08758050 0.12184938 0.14322739 0.15322235 0.18570469 0.07602660 0.03409755
25.00500100 8.32931734 0.01185878 0.00542210 0.00601873 0.03459890 0.14674435 0.08707950 0.11960952 0.14993072 0.15366445 0.17643581 0.07655946 0.03207768
25.20504101 8.32854418 0.00950945 0.00549740 0.00474430 0.03359335 0.14390376 0.09406856 0.12613862 0.15383749 0.15262194 0.16834487 0.07783815 0.02990211
25.40508102 8.32555540 0.00958832 0.00551272 0.00390712 0.02867032 0.14800452 0.10340708 0.12296596 0.14443541 0.15397162 0.17046125 0.07754504 0.03153063
25.60512102 8.32053738 0.01107636 0.00539862 0.00572569 0.02461397 0.15060991 0.09583558 0.11700464 0.16220953 0.15494496 0.16538059 0.07804174 0.02915840
25.80516103 8.31470576 0.00935364 0.00534014 0.00431719 0.02485250 0.15230076 0.10016933 0.12321463 0.14909301 0.15405951 0.17022058 0.07708482 0.02999389
26.00520104 8.30130772 0.00951769 0.00540994 0.00386282 0.03130633 0.15453434 0.09348478 0.12200628 0.14667117 0.15416331 0.17353942 0.07388600 0.03161791
26.20524105 8.29273975 0.01011122 0.00530539 0.00640190 0.03196392 0.15828602 0.08766116 0.11633342 0.13706968 0.15432553 0.18397404 0.07774952 0.03081821
26.40528106 8.29128707 0.01267910 0.00514979 0.00728401 0.03036710 0.15966253 0.08422667 0.11626097 0.14946147 0.15409309 0.17251954 0.07683349 0.03146224
26.60532106 8.29072961 0.00976461 0.00511218 0.00442064 0.03110383 0.16186916 0.09337376 0.11806739 0.14938800 0.15530884 0.16659385 0.07364230 0.03135545
26.80536107 8.28426310 0.00838128 0.00521813 0.00328255 0.02856298 0.16218736 0.10504751 0.11813864 0.14257261 0.15769852 0.16560084 0.07475721 0.02855236
27.00540108 8.28162555 0.01001189 0.00519254 0.00449977 0.02566707 0.16258094 0.09703533 0.11742685 0.16130766 0.15745155 0.15409777 0.07734799 0.02738064
27.20544109 8.27046414 0.00946580 0.00544166 0.00384068 0.02388002 0.16429641 0.09714409 0.11530729 0.14390121 0.16155297 0.16683854 0.07740154 0.03092979
27.40548110 8.26049339 0.01072766 0.00529730 0.00502935 0.02638386 0.16738074 0.08492960 0.11416893 0.14709799 0.16251115 0.16858353 0.07664175 0.03124814
27.60552110 8.25377087 0.01022254 0.00555883 0.00526944 0.02638281 0.16673824 0.07911239 0.12119644 0.13710040 0.16683375 0.17503108 0.07767261 0.02888149
27.80556111 8.24329540 0.00950833 0.00555528 0.00467664 0.02501973 0.16952263 0.08362946 0.11750815 0.13708810 0.16824517 0.16972006 0.08116863 0.02835781
28.00560112 8.23950200 0.01090314 0.00555508 0.00582606 0.02855843 0.17058684 0.08749374 0.11409626 0.14552875 0.16783413 0.15264734 0.08392755 0.02704268
28.20564113 8.23769701 0.00984342 0.00544206 0.00611407 0.03129016 0.16511413 0.09181817 0.11898474 0.13539784 0.16757325 0.16435076 0.07688569 0.02718570
28.40568114 8.23433563 0.01013231 0.00521929 0.00455336 0.03096787 0.16144280 0.08011595 0.12087420 0.15518912 0.16583927 0.15584849 0.07862432 0.03119303
28.60572114 8.23403016 0.00898856 0.00551969 0.00470611 0.02897061 0.16564609 0.08846977 0.12088303 0.14009114 0.16841700 0.15868583 0.07953406 0.03008812
28.80576115 8.22600380 0.01007697 0.00562698 0.00627865 0.02902953 0.16883987 0.09041956 0.12136196 0.13412262 0.17022223 0.15817624 0.08194881 0.02389657
29.00580116 8.21932527 0.00941408 0.00593007 0.00460334 0.02594371 0.16394353 0.08008825 0.12642860 0.13284950 0.17166678 0.16637113 0.08403088 0.02873012
29.20584117 8.21171970 0.00820774 0.00585035 0.00319914 0.02210743 0.16321865 0.08011406 0.12693775 0.13405907 0.17550553 0.16606662 0.08448758 0.03024608
29.40588118 8.20960422 0.00926977 0.00567406 0.00451794 0.02461263 0.16449364 0.08288123 0.12661197 0.14050388 0.17286426 0.15587871 0.08435593 0.02833599
29.60592118 8.20228698 0.00812154 0.00599884 0.00387899 0.02186486 0.16433601 0.09822543 0.12731163 0.12612182 0.17761703 0.15662764 0.08273634 0.02715986
29.80596119 8.19633045 0.00983517 0.00581040 0.00466517 0.02488059 0.16243295 0.08934642 0.12902336 0.14152424 0.17397504 0.14585470 0.08475811 0.02789385
30.00600120 8.18791742 0.00980403 0.00583377 0.00519371 0.02927651 0.16105199 0.09361383 0.12880052 0.13538051 0.17338686 0.15019488 0.08092672 0.02653667
30.20604121 8.17990346 0.01084920 0.00591284 0.00563047 0.02724754 0.16007944 0.08706009 0.12508871 0.13950323 0.17324714 0.15348665 0.08367173 0.02822295
30.40608122 8.16394368 0.01031382 0.00607971 0.00445985 0.03035806 0.15871753 0.08347673 0.12544569 0.13124207 0.17529563 0.15963341 0.08446130 0.03051620
30.60612122 8.15761237 0.00902797 0.00614255 0.00463391 0.03023110 0.16084005 0.08488645 0.12894335 0.13304041 0.17480606 0.15804030 0.08326785 0.02614002
30.80616123 8.14890462 0.01093568 0.00616070 0.00504285 0.03185335 0.15557580 0.08345499 0.12869508 0.13999218 0.17716217 0.14762078 0.08640611 0.02710031
31.00620124 8.14635443 0.00887757 0.00623094 0.00409151 0.02753794 0.15720644 0.09067308 0.13244555 0.12780562 0.18152675 0.15407128 0.08259018 0.02694315
31.20624125 8.14056440 0.00954408 0.00609167 0.00501218 0.03007532 0.16242228 0.08114658 0.13336706 0.13768633 0.17901410 0.14483940 0.08510475 0.02569627
31.40628126 8.13508984 0.01000291 0.00645538 0.00534026 0.02529101 0.16287317 0.08047806 0.13270890 0.13357221 0.18494675 0.14767782 0.08501564 0.02563786
31.60632126 8.13027521 0.00825383 0.00615801 0.00353351 0.02363272 0.16574230 0.08478000 0.13041354 0.12711467 0.18071899 0.15231648 0.08896701 0.02836894
31.80636127 8.12207309 0.00879947 0.00575313 0.00408669 0.02621070 0.16101004 0.08028724 0.13268581 0.12629673 0.18173428 0.15820204 0.08881660 0.02611728
32.00640128 8.11836028 0.00953208 0.00589222 0.00552255 0.02945214 0.16498006 0.07851920 0.12910666 0.12545397 0.18463957 0.15841896 0.08138135 0.02710124
32.20644129 8.11467962 0.00927539 0.00590921 0.00460207 0.02575138 0.17175140 0.07906619 0.13065864 0.13332387 0.17783666 0.14860582 0.08584394 0.02737543
32.40648130 8.11495055 0.00891840 0.00557922 0.00467380 0.02613834 0.16199420 0.08632110 0.13216005 0.12687408 0.18122152 0.14791512 0.08904487 0.02915931
32.60652130 8.11288556 0.00835264 0.00567447 0.00433712 0.02552095 0.16831086 0.08676255 0.13177439 0.13241978 0.18286651 0.14192554 0.08537362 0.02668157
32.80656131 8.10433493 0.00957977 0.00570139 0.00526009 0.02504680 0.17474335 0.08976585 0.12737517 0.12930428 0.17949411 0.14153653 0.08468583 0.02750683
33.00660132 8.09575499 0.00980108 0.00576111 0.00538685 0.02615505 0.17009977 0.08340500 0.12793181 0.13174093 0.18183759 0.14348906 0.08636958 0.02802218
33.20664133 8.08954807 0.00934226 0.00573713 0.00468371 0.03098117 0.16790344 0.07966906 0.13010762 0.12973224 0.17779271 0.14968792 0.08645895 0.02790379
33.40668134 8.07608121 0.01039264 0.00587982 0.00576361 0.02867587 0.17514636 0.08132929 0.12791097 0.12032333 0.17449788 0.15658453 0.08056482 0.03293088
33.60672134 8.07034690 0.01170201 0.00593751 0.00674245 0.02646461 0.17203186 0.07820037 0.12388258 0.14015417 0.17897053 0.14155126 0.08317737 0.03118528
33.80676135 8.06676666 0.01053688 0.00588343 0.00673910 0.02885264 0.16863683 0.08864937 0.12410327 0.12353056 0.17523042 0.14986472 0.08814591 0.02982687
34.00680136 8.06540828 0.00897329 0.00623196 0.00482628 0.03015114 0.16924806 0.08798129 0.12496789 0.13045272 0.18006086 0.14685821 0.07949108 0.03075721
34.20684137 8.06495485 0.00957268 0.00605332 0.00514563 0.02559870 0.16954410 0.08358094 0.12661069 0.13651376 0.17784449 0.14224898 0.08394725 0.03333946
34.40688138 8.05923812 0.00950556 0.00601089 0.00546950 0.02595450 0.16937572 0.08712643 0.12589668 0.12527525 0.17668843 0.14894306 0.08802815 0.03172584
34.60692138 8.05132179 0.00800181 0.00614699 0.00365087 0.02151643 0.16954706 0.08545876 0.12874411 0.12625992 0.18027342 0.15400842 0.08328828 0.03310393
34.80696139 8.04554139 0.00788379 0.00578539 0.00368551 0.02163043 0.17091974 0.08467400 0.13086001 0.12422426 0.17629243 0.15849291 0.08414229 0.03140925
35.00700140 8.03707265 0.00838048 0.00604172 0.00377036 0.01794034 0.16854440 0.08438789 0.13014609 0.12931865 0.18061176 0.15311752 0.08465589 0.03308491
35.20704141 8.03391536 0.00845487 0.00588304 0.00423541 0.01973484 0.16860713 0.08616689 0.13358875 0.12757817 0.18073192 0.14823995 0.08518900 0.03159001
35.40708142 8.02370948 0.00840870 0.00556766 0.00394078 0.01972412 0.16679245 0.09227492 0.13504043 0.13201557 0.17506648 0.14438236 0.08553284 0.03125370
35.60712142 8.01788435 0.00872092 0.00585646 0.00385021 0.02192601 0.16594782 0.09539045 0.13550879 0.13100391 0.17959567 0.14543809 0.07909112 0.02767054
35.80716143 8.00985361 0.00919318 0.00561462 0.00522824 0.02417336 0.16302299 0.08728543 0.13178120 0.13071562 0.17714033 0.14481228 0.08644071 0.03459203
36.00720144 7.99931963 0.01003784 0.00556976 0.00551071 0.02561250 0.16147107 0.08123575 0.13423036 0.13059647 0.17578843 0.14896023 0.08694023 0.03404664
36.20724145 7.99790867 0.00847418 0.00596717 0.00468959 0.02590419 0.16483943 0.07964825 0.13805204 0.11624240 0.18086907 0.15931684 0.08027215 0.03572471
36.40728146 7.99116730 0.00950916 0.00552629 0.00463572 0.02517053 0.16910387 0.08172882 0.13665879 0.13345111 0.17368030 0.14698807 0.08503061 0.02851672
36.60732146 7.98830293 0.00816982 0.00613658 0.00418956 0.01994596 0.16296849 0.09098986 0.13165948 0.12731438 0.17871375 0.14643571 0.09052155 0.03295486
36.80736147 7.98166223 0.00765350 0.00597560 0.00338330 0.01879551 0.16685250 0.09299986 0.13455298 0.12768778 0.17760982 0.15227152 0.08300896 0.02920866
37.00740148 7.97432178 0.00929033 0.00568202 0.00467237 0.02002170 0.16479706 0.08563474 0.13735837 0.13935978 0.17243413 0.14578219 0.08172829 0.03323902
37.20744149 7.97110297 0.00901534 0.00603323 0.00489347 0.02030254 0.16406646 0.08677665 0.12924345 0.13353186 0.17859433 0.15151265 0.08206239 0.03396763
37.40748150 7.95940400 0.00828002 0.00585048 0.00414751 0.02181516 0.16571592 0.08907512 0.12783396 0.13082420 0.17171110 0.15527672 0.08688840 0.03258140
37.60752150 7.94750901 0.00846537 0.00585230 0.00428909 0.02419081 0.16829938 0.08877769 0.12863670 0.12584372 0.17471124 0.16076069 0.07650025 0.03367276
37.80756151 7.94273236 0.00989911 0.00570587 0.00487590 0.02428767 0.16990479 0.08642891 0.12860880 0.13368177 0.17448448 0.15268943 0.07729592 0.03213735
38.00760152 7.93677238 0.01057385 0.00536771 0.00618356 0.02713594 0.16574684 0.08917262 0.12327950 0.13165597 0.16899543 0.15301371 0.08261038 0.03626448
38.20764153 7.93603972 0.00967734 0.00545496 0.00560965 0.02677154 0.16378494 0.09255245 0.12355883 0.13276171 0.17347412 0.15206502 0.07972701 0.03456242
38.40768154 7.93083701 0.00869731 0.00542154 0.00424689 0.02964006 0.17131063 0.09424147 0.12528903 0.13170253 0.17228238 0.14370641 0.07769628 0.03576546
38.60772154 7.92797835 0.00878837 0.00537428 0.00426331 0.02888988 0.17174138 0.09799023 0.12222678 0.12778602 0.17182052 0.14777241 0.08283690 0.03050992
38.80776155 7.92167688 0.00957789 0.00582351 0.00480944 0.01941642 0.17426233 0.08780417 0.12582109 0.13332213 0.17420234 0.14766988 0.08189059 0.03540022
39.00780156 7.91666254 0.00972678 0.00575169 0.00562252 0.02316250 0.17388375 0.08461976 0.12714233 0.11946252 0.17437823 0.15786234 0.08284385 0.03554373
39.20784157 7.91069969 0.00834752 0.00569078 0.00382049 0.02279144 0.17357175 0.08786044 0.12137611 0.12683403 0.17312257 0.15590908 0.08423866 0.03643716
39.40788158 7.90516755 0.00902221 0.00589898 0.00413149 0.02317866 0.17096981 0.09671269 0.11973841 0.13038578 0.18017217 0.14680450 0.08322048 0.02976480
39.60792158 7.90157177 0.00824337 0.00561389 0.00418265 0.02463417 0.16899229 0.09582958 0.12573918 0.12695304 0.17533625 0.14830013 0.08431826 0.03185719
39.80796159 7.89688138 0.00955034 0.00592112 0.00465720 0.02352559 0.17343738 0.08701711 0.12808012 0.13069198 0.18182341 0.14570826 0.07873782 0.03084967
40.00800160 7.89339002 0.01048026 0.00591997 0.00575415 0.02621897 0.17502107 0.08453530 0.12356006 0.13609180 0.18124332 0.13797980 0.08425543 0.02893986
40.20804161 7.88972263 0.00909198 0.00616489 0.00405625 0.02581002 0.17084971 0.08911101 0.12501269 0.12702452 0.17969257 0.14339213 0.09227999 0.02751422
40.40808162 7.88015027 0.00900713 0.00616801 0.00420208 0.02351656 0.17192729 0.08703821 0.12799162 0.12292582 0.18544471 0.15166668 0.08046822 0.02964367
40.60812162 7.87393777 0.00861029 0.00606848 0.00410179 0.02132850 0.17482211 0.08262495 0.13014290 0.12751717 0.18448055 0.14657590 0.08448581 0.02924155
40.80816163 7.86658938 0.00849803 0.00617685 0.00448213 0.02593817 0.16986862 0.08270609 0.12763225 0.12122590 0.18922681 0.14993335 0.08509533 0.02921648
41.00820164 7.86330377 0.00870617 0.00615343 0.00398863 0.02181194 0.16893688 0.08270418 0.12767609 0.12934854 0.18799937 0.14556924 0.08723408 0.02987144
41.20824165 7.85693920 0.00782285 0.00625268 0.00386991 0.02262669 0.17032958 0.08771221 0.12769384 0.12627801 0.18672816 0.14205458 0.08699559 0.03163591
41.40828166 7.85224736 0.00680838 0.00611539 0.00372631 0.02332136 0.17587894 0.09269511 0.12754864 0.11898894 0.18784671 0.14346501 0.08461017 0.02899505
41.60832166 7.84193591 0.00971094 0.00597150 0.00541135 0.02447807 0.16881378 0.08021077 0.13182997 0.13194954 0.18471333 0.14156630 0.08467128 0.03067317
41.80836167 7.84096603 0.00881081 0.00591867 0.00508752 0.02475753 0.17057868 0.07964525 0.13043832 0.11956982 0.18479135 0.15434113 0.08427284 0.03178808
42.00840168 7.83882600 0.00843448 0.00576975 0.00458051 0.02477047 0.17431734 0.08093446 0.12874303 0.12104660 0.18519108 0.15233078 0.08197866 0.03190284
42.20844169 7.83576839 0.00842061 0.00598048 0.00422126 0.02451881 0.17064053 0.07834962 0.13533399 0.12904326 0.18892167 0.14346011 0.08312317 0.02798648
42.40848170 7.83288842 0.00848163 0.00581157 0.00470720 0.02895905 0.16871387 0.08650972 0.13934630 0.11663829 0.18565822 0.14035097 0.08646989 0.02835329
42.60852170 7.82649790 0.00814665 0.00609879 0.00430457 0.02277581 0.17219229 0.08485228 0.13576280 0.12447152 0.19369386 0.13280785 0.08425210 0.03064146
42.80856171 7.81975218 0.00932847 0.00574321 0.00478029 0.02605403 0.16891427 0.08015347 0.13574328 0.12744066 0.18854728 0.13492550 0.08905181 0.02931773
43.00860172 7.81015696 0.00968964 0.00571178 0.00527176 0.02547314 0.16897496 0.08087581 0.13577263 0.12542784 0.19210693 0.13730504 0.08343356 0.02995691
43.20864173 7.80521716 0.00856704 0.00568834 0.00475566 0.02580090 0.17349099 0.08387494 0.13627418 0.11447628 0.18955725 0.14460849 0.08298908 0.02991683
43.40868174 7.80203733 0.00805095 0.00579301 0.00434467 0.02600096 0.17740370 0.07742989 0.13733133 0.11785318 0.18993483 0.14303572 0.08353698 0.02928477
43.60872174 7.79663876 0.00893441 0.00596416 0.00469519 0.03058425 0.17535705 0.07441905 0.13432142 0.11587385 0.19389538 0.14178550 0.08446184 0.02970790
43.80876175 7.79505104 0.00864235 0.00575313 0.00548083 0.02657256 0.17593475 0.07930101 0.13361038 0.11577465 0.19045785 0.13793321 0.08824373 0.03229554
44.00880176 7.79232408 0.00892528 0.00569465 0.00559767 0.02677352 0.17350358 0.08211269 0.13663317 0.12330140 0.19363986 0.12912824 0.08452859 0.03016134
44.20884177 7.78824871 0.00728578 0.00569359 0.00440243 0.02261323 0.17969924 0.09036493 0.13720601 0.11413346 0.19174552 0.13431047 0.08165548 0.03088984
44.40888178 7.78443883 0.00777498 0.00560353 0.00392542 0.02252278 0.18211133 0.08384620 0.13189418 0.12071995 0.19106183 0.13437403 0.08532898 0.03083679
44.60892178 7.77108339 0.00837760 0.00581306 0.00416924 0.01780030 0.18084868 0.08112246 0.13261846 0.11478295 0.19343708 0.14331543 0.08728257 0.03043217
44.80896179 7.76509418 0.00791201 0.00580064 0.00487582 0.01818338 0.17918410 0.07578401 0.13384722 0.11035510 0.19460543 0.15162410 0.08456245 0.03326574
45.00900180 7.75764145 0.00927536 0.00564687 0.00340252 0.01988191 0.18075483 0.07658542 0.13356237 0.12334168 0.19086170 0.14334429 0.08517409 0.02816898
45.20904181 7.75364563 0.00841590 0.00606817 0.00396015 0.01775027 0.18593132 0.09096865 0.12858851 0.11661186 0.19681264 0.13394041 0.08459921 0.02635290
45.40908182 7.74267653 0.00851651 0.00583830 0.00421869 0.01841450 0.18815508 0.09059920 0.13193748 0.12152416 0.19051977 0.13071336 0.08554921 0.02401372
45.60912182 7.73643313 0.00823397 0.00574680 0.00307820 0.02125836 0.18408354 0.08143460 0.13188403 0.12616014 0.19166693 0.13169644 0.08461856 0.03013844
45.80916183 7.73340344 0.00797706 0.00593198 0.00348461 0.02132010 0.18994358 0.07733549 0.12883869 0.12780488 0.19388652 0.13529720 0.08139908 0.02678081
46.00920184 7.72745322 0.00904274 0.00554834 0.00432000 0.02404078 0.18947675 0.08244390 0.13106566 0.11565320 0.18870875 0.13839384 0.08520034 0.02610568
46.20924185 7.72225878 0.00804911 0.00585743 0.00483328 0.02134206 0.18644780 0.08570580 0.12841151 0.11314841 0.19708294 0.13739676 0.08420017 0.02752472
46.40928186 7.71627457 0.00935603 0.00597462 0.00445619 0.02211387 0.18817263 0.07917468 0.12771403 0.11732520 0.19205497 0.13417866 0.09008361 0.02939553
46.60932186 7.71813175 0.00836508 0.00629812 0.00482919 0.02156795 0.18626845 0.07570370 0.13164160 0.11652660 0.19719478 0.13674347 0.08659690 0.02826416
46.80936187 7.71642113 0.00788390 0.00614047 0.00330725 0.01825887 0.18398688 0.08119902 0.13423513 0.11827034 0.19709918 0.13402425 0.08853818 0.02705652
47.00940188 7.71410423 0.00661137 0.00624697 0.00273478 0.01688008 0.18894410 0.08941261 0.12805299 0.11228271 0.20129143 0.13301354 0.08546436 0.02906507
47.20944189 7.70206555 0.00714567 0.00641792 0.00413407 0.02009161 0.18905116 0.08885841 0.12969030 0.11411777 0.19734981 0.13010127 0.08749066 0.02555135
47.40948190 7.69867353 0.00775721 0.00647440 0.00335539 0.02017571 0.17805418 0.07971001 0.13450463 0.11617218 0.19942294 0.13485289 0.08954369 0.02997677
47.60952190 7.69050914 0.00723885 0.00651008 0.00272187 0.01876251 0.17603693 0.08079262 0.13531019 0.10547660 0.20103788 0.14571193 0.09110475 0.02929577
47.80956191 7.68361150 0.00782354 0.00634589 0.00347905 0.01502246 0.18828928 0.07488613 0.13383474 0.11782572 0.19973655 0.13315505 0.08779339 0.03180821
48.00960192 7.67765388 0.00749216 0.00661624 0.00388272 0.01766423 0.18014066 0.08634053 0.13562018 0.10915043 0.20778255 0.13149631 0.08784020 0.02597379
48.20964193 7.67091151 0.00790186 0.00612129 0.00336565 0.01473803 0.17060307 0.08602484 0.14748593 0.11209364 0.19890584 0.12605891 0.09688370 0.02981723
48.40968194 7.66693302 0.00823717 0.00649800 0.00329085 0.01578202 0.17989636 0.07941606 0.14057133 0.11605785 0.20922933 0.12702492 0.08980482 0.02419130
48.60972194 7.66165049 0.00686357 0.00630945 0.00276772 0.01794478 0.19197516 0.07500106 0.13749961 0.11184280 0.20159652 0.12804672 0.09061911 0.02953350
48.80976195 7.65179873 0.00793237 0.00612280 0.00355521 0.02135215 0.17857084 0.07989827 0.14293379 0.10952009 0.20414003 0.12807821 0.09023238 0.02766385
49.00980196 7.64582932 0.00808828 0.00625910 0.00455714 0.01840474 0.17604461 0.07914969 0.14358510 0.10983753 0.20584849 0.13058552 0.09026255 0.02737725
49.20984197 7.63929608 0.00835019 0.00605593 0.00446427 0.01670004 0.18255220 0.07726954 0.13675794 0.11111304 0.20205721 0.13269323 0.09057655 0.03140985
49.40988198 7.63537978 0.00762384 0.00620514 0.00328395 0.01737238 0.17728818 0.07787968 0.13770159 0.11729795 0.20695721 0.13063469 0.08584772 0.03190766
49.60992198 7.62888834 0.00874429 0.00581082 0.00544714 0.02050302 0.16881540 0.08321617 0.14433455 0.11287011 0.19734724 0.13101015 0.08969185 0.03220928
49.80996199 7.62248781 0.00832327 0.00606824 0.00545483 0.02002768 0.16940366 0.08520775 0.14441239 0.11040526 0.19854070 0.13482433 0.08557486 0.03175704
50.01000200 7.61159380 0.00846154 0.00588713 0.00461851 0.02062340 0.17724304 0.08324965 0.13457493 0.11429048 0.19473818 0.13608798 0.08555656 0.03466860
50.21004201 7.60574701 0.00811155 0.00594693 0.00472620 0.02577478 0.17426599 0.07953892 0.13579461 0.11563886 0.20008491 0.13216144 0.08790741 0.03004840
50.41008202 7.60070078 0.00794474 0.00575055 0.00490631 0.02013832 0.17507540 0.08466330 0.14075277 0.10668794 0.19533164 0.13814634 0.08908948 0.03151320
50.61012202 7.59775662 0.00851409 0.00604183 0.00412808 0.02387386 0.18239632 0.07632103 0.13717917 0.11569903 0.20253811 0.13182098 0.07984441 0.03164307
50.81016203 7.59154247 0.00947774 0.00577824 0.00632372 0.02312210 0.18123949 0.08184762 0.13751196 0.11287089 0.19794262 0.12634243 0.08752753 0.03001565
51.01020204 7.57761553 0.00910506 0.00607820 0.00604448 0.02885291 0.17517676 0.08342633 0.13627326 0.10916591 0.20154484 0.12489240 0.08892679 0.03051307
51.21024205 7.56973528 0.00843680 0.00566372 0.00425038 0.02593654 0.18023402 0.08029900 0.13564702 0.11664938 0.20139661 0.12541124 0.08505849 0.03101683
51.41028206 7.56776349 0.00950681 0.00547276 0.00486069 0.02502032 0.18408049 0.07715687 0.13636949 0.11651897 0.19677767 0.12805326 0.08729944 0.02888323
