0.00000000 8.00000000 0.00000000 0.00000000 0.00000000 0.00000000 0.00000000 0.00000000 0.00000000 1.00000000 0.00000000 0.00000000 0.00000000 0.00000000
0.10000500 8.00289257 0.02106227 0.00094833 0.00618979 0.08085571 0.11830173 0.15625451 0.02214717 0.44636737 0.03179738 0.06953528 0.01480539 0.03173507
0.20001000 8.00089642 0.00583895 0.00109698 0.00264346 0.03084879 0.16666385 0.24532233 0.05091991 0.24646934 0.05522601 0.13658618 0.02409326 0.03429096
0.30001500 7.99860240 0.00379575 0.00077851 0.00236117 0.01767316 0.17147318 0.24960209 0.07295878 0.17030201 0.05201238 0.18313829 0.03477715 0.04112753
0.40002000 7.99609733 0.00418730 0.00071383 0.00215586 0.02614630 0.17317952 0.21664623 0.08625428 0.15453270 0.05801611 0.19797647 0.03983625 0.04035514
0.50002500 7.99210727 0.00491706 0.00073180 0.00265007 0.02652827 0.18242506 0.19531497 0.09378598 0.14279955 0.06285150 0.20226805 0.04420566 0.04152202
0.60003000 7.98935685 0.00420615 0.00087957 0.00229393 0.03055143 0.20066040 0.18299703 0.10684915 0.11383176 0.07272514 0.18696342 0.05488575 0.04315627
0.70003500 7.98359494 0.00410212 0.00094932 0.00248767 0.02492712 0.21638707 0.16078880 0.12330055 0.09502759 0.07327122 0.18582555 0.06809184 0.04484115
0.80004000 7.97985405 0.00284882 0.00091068 0.00178329 0.01647071 0.22791413 0.14746491 0.13800356 0.07803163 0.08251316 0.18234480 0.07465848 0.04705584
0.90004500 7.97352034 0.00235272 0.00078908 0.00155620 0.01247353 0.23810052 0.14891164 0.14712780 0.06805622 0.07742659 0.17441881 0.07855601 0.05023088
1.00005000 7.97001192 0.00275051 0.00078710 0.00168874 0.01463855 0.23979904 0.15332903 0.14716047 0.07041054 0.07910333 0.16093939 0.08515007 0.04424324
1.10005500 7.96240692 0.00263773 0.00074527 0.00148664 0.01153135 0.24108428 0.16465697 0.15439050 0.07184598 0.07952920 0.14232776 0.08225075 0.04751358
1.20006000 7.95649045 0.00262738 0.00078984 0.00150887 0.01254627 0.25558087 0.16714394 0.16218329 0.07012997 0.07908874 0.12139496 0.08635726 0.04064862
1.30006500 7.94941701 0.00309636 0.00079287 0.00202529 0.02045425 0.25915496 0.16561291 0.16018455 0.06802550 0.08212352 0.11318539 0.08374411 0.04160030
1.40007000 7.94433443 0.00228025 0.00081176 0.00115050 0.00772979 0.27424068 0.16463746 0.16603736 0.06706649 0.07776097 0.11052320 0.08914924 0.03861231
1.50007500 7.93662308 0.00254588 0.00076185 0.00128513 0.01164277 0.28530511 0.16401326 0.17858444 0.06211664 0.07369301 0.09551932 0.08965559 0.03487700
1.60008000 7.92637880 0.00280774 0.00084441 0.00143925 0.01231118 0.28725419 0.15991665 0.18273029 0.06273675 0.08070497 0.08613419 0.09046614 0.03265422
1.70008500 7.92098884 0.00276512 0.00083446 0.00166359 0.01387176 0.29059065 0.14927889 0.18913971 0.06115808 0.08295178 0.07865336 0.09048339 0.03860921
1.80009000 7.91243280 0.00223353 0.00089821 0.00085950 0.00718000 0.30686998 0.14578666 0.19719201 0.06027263 0.08068575 0.07285665 0.09235405 0.03281103
1.90009500 7.90733251 0.00189249 0.00080691 0.00083939 0.00835496 0.32939014 0.13414368 0.19411720 0.05485324 0.08085493 0.07177502 0.08883083 0.03414123
2.00010001 7.90190791 0.00237028 0.00079972 0.00181419 0.01834012 0.32863528 0.12444496 0.19751013 0.04324167 0.07969918 0.07662265 0.09135569 0.03516613
2.10010501 7.89651205 0.00199429 0.00091038 0.00143662 0.01622552 0.32993157 0.12725944 0.20654990 0.03513118 0.07127347 0.07425948 0.10533468 0.02969348
2.20011001 7.89101826 0.00230389 0.00092073 0.00146764 0.01527276 0.33623084 0.11258937 0.20925263 0.03741484 0.07830756 0.07064407 0.10528824 0.03030743
2.30011501 7.88225092 0.00184788 0.00085071 0.00104502 0.01068356 0.33144279 0.11109946 0.21560556 0.04079481 0.07474868 0.07029360 0.11335226 0.02823567
2.40012001 7.88185946 0.00161059 0.00083991 0.00103780 0.01424000 0.34519805 0.10666414 0.21987648 0.03362149 0.07133721 0.06782130 0.11074834 0.02700467
2.50012501 7.87903084 0.00140297 0.00071471 0.00101916 0.00782883 0.34213690 0.11058838 0.22552067 0.03082646 0.06658221 0.07093269 0.11304550 0.02940152
2.60013001 7.86935773 0.00122794 0.00079802 0.00050361 0.00094590 0.33741681 0.10774112 0.23188712 0.03907654 0.07075836 0.06554193 0.11513969 0.02896295
2.70013501 7.86165004 0.00175766 0.00081559 0.00112996 0.00874742 0.33882118 0.10294719 0.23358346 0.03562798 0.07333001 0.05993769 0.11744976 0.02585211
2.80014001 7.85188099 0.00192954 0.00072365 0.00114625 0.01176282 0.33752619 0.09982929 0.23263480 0.03974929 0.07309428 0.05698374 0.11802109 0.02659908
2.90014501 7.84419455 0.00221366 0.00075104 0.00143851 0.01602236 0.34507729 0.09511510 0.23967261 0.04004653 0.06807763 0.04626274 0.11842142 0.02690110
3.00015001 7.83615826 0.00187951 0.00087259 0.00138428 0.01520257 0.34547419 0.09670456 0.24453227 0.02925167 0.06435982 0.04911490 0.12676114 0.02446250
3.10015501 7.82811155 0.00141451 0.00077023 0.00098081 0.00674381 0.35659095 0.10443544 0.24777022 0.02730178 0.05910717 0.04613915 0.12176143 0.02698450
3.20016001 7.82203776 0.00130541 0.00081557 0.00106674 0.00849074 0.35802901 0.09702854 0.24955710 0.02690061 0.06172354 0.04545655 0.11987478 0.02975141
3.30016501 7.81768711 0.00143972 0.00074893 0.00100659 0.00662024 0.36248583 0.09128937 0.25352757 0.02856666 0.05854285 0.04761196 0.12069482 0.02746545
3.40017001 7.81504115 0.00127232 0.00071878 0.00080474 0.00774878 0.36248595 0.08621437 0.25878558 0.02912017 0.05701295 0.04778375 0.12299675 0.02505587
3.50017501 7.80671366 0.00125202 0.00075519 0.00082422 0.01025581 0.36609151 0.08796723 0.26687640 0.02230079 0.05409128 0.04392922 0.12418562 0.02147070
3.60018001 7.80285369 0.00108033 0.00078622 0.00067979 0.00495641 0.36928295 0.08177908 0.26792009 0.02395114 0.05098603 0.04506328 0.13102471 0.02248995
3.70018501 7.79797848 0.00111870 0.00072147 0.00075361 0.01168697 0.36580592 0.08121271 0.27645045 0.02131949 0.04829925 0.04402446 0.12872291 0.01988406
3.80019001 7.79238723 0.00151848 0.00065615 0.00112869 0.01217301 0.35892505 0.08403524 0.28094962 0.02353228 0.04172139 0.04307587 0.13174780 0.02053642
3.90019501 7.78249658 0.00132085 0.00068797 0.00101001 0.01056705 0.36119272 0.07620382 0.28022533 0.02453742 0.04381094 0.04469267 0.13208305 0.02366818
4.00020001 7.77749060 0.00134196 0.00071631 0.00094413 0.01003621 0.35903968 0.07640973 0.28855959 0.02339830 0.04391580 0.04294797 0.13376862 0.01892169
4.10020501 7.77290045 0.00074730 0.00070054 0.00040090 0.00759216 0.36964644 0.07177898 0.29089178 0.02091299 0.03991234 0.04190201 0.13884890 0.01666564
4.20021001 7.76631628 0.00083881 0.00076657 0.00035494 0.00196070 0.37188604 0.07086484 0.28608243 0.02227648 0.04755745 0.04014989 0.13970750 0.01755433
4.30021501 7.75561799 0.00100419 0.00073666 0.00043872 0.00358334 0.36579698 0.07183975 0.28509488 0.02476828 0.04877648 0.04200931 0.14159501 0.01435641
4.40022001 7.74946627 0.00115062 0.00063965 0.00053542 0.00589666 0.36685788 0.06953801 0.28644153 0.02702276 0.04621968 0.04026921 0.13984125 0.01558733
4.50022501 7.74168236 0.00116959 0.00062349 0.00062946 0.00608921 0.36247561 0.07299277 0.28669290 0.02491442 0.04677830 0.04032950 0.14142970 0.01587505
4.60023001 7.73772569 0.00091904 0.00064905 0.00053573 0.00442629 0.36749840 0.06789364 0.28932303 0.02190276 0.04805218 0.04002360 0.14047735 0.01829894
4.70023501 7.73324364 0.00085323 0.00069415 0.00053804 0.00496036 0.37248540 0.06618160 0.29069937 0.01913254 0.04852665 0.03534131 0.14159444 0.01899292
4.80024001 7.72148802 0.00101117 0.00068357 0.00070959 0.00600558 0.37582776 0.05983875 0.29754295 0.01995751 0.04024970 0.04028072 0.14169601 0.01619669
4.90024501 7.71506095 0.00145890 0.00068680 0.00103687 0.01019663 0.37353097 0.06611636 0.29134311 0.02107956 0.04273411 0.03640417 0.13970501 0.01570752
5.00025001 7.70985618 0.00080863 0.00065177 0.00033596 0.00229521 0.37512539 0.07645471 0.29278681 0.02016707 0.04190834 0.03321556 0.14152768 0.01472286
5.10025501 7.70339478 0.00115114 0.00061411 0.00076732 0.00793506 0.37350134 0.06755951 0.29644546 0.01888773 0.03916652 0.03550822 0.14227257 0.01619101
5.20026001 7.69616546 0.00079552 0.00066748 0.00048733 0.00713278 0.37628122 0.06136087 0.30107432 0.01673419 0.03702889 0.03447848 0.14694809 0.01701082
5.30026501 7.68234758 0.00110782 0.00075236 0.00095815 0.00936028 0.37463332 0.05890964 0.29608171 0.01655781 0.03753702 0.03711123 0.14899559 0.01799508
5.40027001 7.66956168 0.00121477 0.00082408 0.00106085 0.01206705 0.37407922 0.04733946 0.29715965 0.01575187 0.04872686 0.03694553 0.14921019 0.01562046
5.50027501 7.65570201 0.00149237 0.00078702 0.00108945 0.01014996 0.37282890 0.04942314 0.29398265 0.02019197 0.04923689 0.03557709 0.15316454 0.01207601
5.60028001 7.65234868 0.00114259 0.00070461 0.00061234 0.00810806 0.37100847 0.04822938 0.29497125 0.02281863 0.04625233 0.03553225 0.15906333 0.01155676
5.70028501 7.64423425 0.00089893 0.00079115 0.00056126 0.00540670 0.37566346 0.05142289 0.29815638 0.01792712 0.04894005 0.03209676 0.15644896 0.01168634
5.80029001 7.63963022 0.00099840 0.00076155 0.00048215 0.00740288 0.37506205 0.04403960 0.30161116 0.02076847 0.04999222 0.03122143 0.15457302 0.01308708
5.90029501 7.63398712 0.00075874 0.00070605 0.00047184 0.00345357 0.37466512 0.04911375 0.30115112 0.01927036 0.04784044 0.03171053 0.15763728 0.01322120
6.00030002 7.62848482 0.00074929 0.00072198 0.00057003 0.00390158 0.37228858 0.05203124 0.29638020 0.01803510 0.04938492 0.03090646 0.15922432 0.01580631
6.10030502 7.61995735 0.00113666 0.00082717 0.00072832 0.00638496 0.37715298 0.04877364 0.29354603 0.01853906 0.04415442 0.03345136 0.16231940 0.01298599
6.20031002 7.60936152 0.00068745 0.00080743 0.00043774 0.00329331 0.38953258 0.05377720 0.29366879 0.01648113 0.03713239 0.03088848 0.16085881 0.01243469
6.30031502 7.60706361 0.00046399 0.00072709 0.00022359 0.00038520 0.38725847 0.05440515 0.29930256 0.01419444 0.03854541 0.03402270 0.15816647 0.01230493
6.40032002 7.59686483 0.00075734 0.00069593 0.00042295 0.00344694 0.38859012 0.04925127 0.29745789 0.01506502 0.03838040 0.03478171 0.15887565 0.01227478
6.50032502 7.58214589 0.00125411 0.00068762 0.00081882 0.01119575 0.38148898 0.04938836 0.29141650 0.01704940 0.03722127 0.03675015 0.16118564 0.01154341
6.60033002 7.57360107 0.00081969 0.00073821 0.00067367 0.00594910 0.38487145 0.04882967 0.29144049 0.01651983 0.03677008 0.03676290 0.16217977 0.01444514
6.70033502 7.56101492 0.00096995 0.00081733 0.00078560 0.00792133 0.38176963 0.04798457 0.29310294 0.01447942 0.04098539 0.03480372 0.16332470 0.01305541
6.80034002 7.55364942 0.00128379 0.00071996 0.00121251 0.01268457 0.37418926 0.05027202 0.29365850 0.01456638 0.04035286 0.03401654 0.16107942 0.01596420
6.90034502 7.54735272 0.00078319 0.00070431 0.00047777 0.00380081 0.38146727 0.05309981 0.30216907 0.01509505 0.03977909 0.03047596 0.15988025 0.01226742
7.00035002 7.54192661 0.00070566 0.00068765 0.00041260 0.00321028 0.38260183 0.05428153 0.29744779 0.01533160 0.03956577 0.03037415 0.16169696 0.01368420
7.10035502 7.53787472 0.00059849 0.00075320 0.00020186 0.00153509 0.38430396 0.05271138 0.30055187 0.01736484 0.04532271 0.02474598 0.16106825 0.01084237
7.20036002 7.53454090 0.00078938 0.00069335 0.00040746 0.00520851 0.38632085 0.05133196 0.30257511 0.01473094 0.04365596 0.02070083 0.16475472 0.00883091
7.30036502 7.52056934 0.00108475 0.00071449 0.00074323 0.00721669 0.38742980 0.04647623 0.30134497 0.01536874 0.04587066 0.01759024 0.16464008 0.01152012
7.40037002 7.50807277 0.00113649 0.00072950 0.00083450 0.01080909 0.38052984 0.04695721 0.30062953 0.01728961 0.04504428 0.02249977 0.16106685 0.01247332
7.50037502 7.49762717 0.00128893 0.00075213 0.00096517 0.01044519 0.38066789 0.04542703 0.29846740 0.01752262 0.04243593 0.02535035 0.16567664 0.01100071
7.60038002 7.49615363 0.00067425 0.00070770 0.00033042 0.00193809 0.38272739 0.05099660 0.29945490 0.01796165 0.04325814 0.02767607 0.16385187 0.01042292
7.70038502 7.48526582 0.00052047 0.00077542 0.00013082 0.00043332 0.39069752 0.04594700 0.29697190 0.01527706 0.04487689 0.03052498 0.16467827 0.00916635
7.80039002 7.48411363 0.00055937 0.00067067 0.00027834 0.00190768 0.39219025 0.04400131 0.29785817 0.01316048 0.03967686 0.03452412 0.16560405 0.00956871
7.90039502 7.47972545 0.00064466 0.00069373 0.00044352 0.00482032 0.39118207 0.04293909 0.29279265 0.01222468 0.04158809 0.03483672 0.16574346 0.01209101
8.00040002 7.46778429 0.00080029 0.00068272 0.00063321 0.00518378 0.38793128 0.04444938 0.28976485 0.01226286 0.04099217 0.04135172 0.16462898 0.01131876
8.10040502 7.45817638 0.00082296 0.00072700 0.00071454 0.00851411 0.38739503 0.04664008 0.28574668 0.01281023 0.04197670 0.03688020 0.16415458 0.01361788
8.20041002 7.44843960 0.00085472 0.00069011 0.00055420 0.00408549 0.38745284 0.04225086 0.28958021 0.01720706 0.04363354 0.03832395 0.16064330 0.01472372
8.30041502 7.43993254 0.00085871 0.00066322 0.00035518 0.00356580 0.38676204 0.04913594 0.29033856 0.01925876 0.04539438 0.03376037 0.15884180 0.01106523
8.40042002 7.43555721 0.00074933 0.00065964 0.00050189 0.00586932 0.39266318 0.05008580 0.28515630 0.01647973 0.04388836 0.03215540 0.15763252 0.01415852
8.50042502 7.43249005 0.00087445 0.00065258 0.00059093 0.00705828 0.39265701 0.05060011 0.28828391 0.01453214 0.04313633 0.03026013 0.15927017 0.01208394
8.60043002 7.42596309 0.00096496 0.00066040 0.00054930 0.00704148 0.39389773 0.04723264 0.29314520 0.01615939 0.04329140 0.02640283 0.15900527 0.01164940
8.70043502 7.41182976 0.00123715 0.00073776 0.00081750 0.00815815 0.38975667 0.04687300 0.29010819 0.01943648 0.04731932 0.02726628 0.15807806 0.01021144
8.80044002 7.40574517 0.00067890 0.00078224 0.00041109 0.00858350 0.39290584 0.04509573 0.28682808 0.01405017 0.04703970 0.02932824 0.16444414 0.00985236
8.90044502 7.40105050 0.00065700 0.00074676 0.00039486 0.00181289 0.39630212 0.04315634 0.28409081 0.01755760 0.04354734 0.03152920 0.16731297 0.01289212
9.00045002 7.39709265 0.00049166 0.00070981 0.00017538 0.00033168 0.39791269 0.04421390 0.28969263 0.01577560 0.03957883 0.03468028 0.16610603 0.01033149
9.10045502 7.38946621 0.00070910 0.00072458 0.00049670 0.00713245 0.39373909 0.04789965 0.28704815 0.01525579 0.04148130 0.03093633 0.16300688 0.01156998
9.20046002 7.38463097 0.00060041 0.00072738 0.00045223 0.00307959 0.39800076 0.04624538 0.28483338 0.01414476 0.04161850 0.03435346 0.16281998 0.01312416
9.30046502 7.37549224 0.00077583 0.00069937 0.00040886 0.00925403 0.39743169 0.04532710 0.28157338 0.01758679 0.04139400 0.03184834 0.16290156 0.01079905
9.40047002 7.37230996 0.00098969 0.00072601 0.00062908 0.00482707 0.40477914 0.04026380 0.28132240 0.01693025 0.04513253 0.02933104 0.16403992 0.01102908
9.50047502 7.36527042 0.00101019 0.00070449 0.00095401 0.00941015 0.40161877 0.03752564 0.28836994 0.01468851 0.04012382 0.02681164 0.16318298 0.01559984
9.60048002 7.35646512 0.00125034 0.00072528 0.00112066 0.00955589 0.39783794 0.04061240 0.28896231 0.01477131 0.04182061 0.02560136 0.16465386 0.01308803
9.70048502 7.35652444 0.00086176 0.00072640 0.00069857 0.00622648 0.40327456 0.04010118 0.29640560 0.01722207 0.04094361 0.02200706 0.16064983 0.01088289
9.80049002 7.34930620 0.00048140 0.00080285 0.00033925 0.00213657 0.40358435 0.04054904 0.29595686 0.01140243 0.04602646 0.02416280 0.16362948 0.01092852
9.90049502 7.34220040 0.00058773 0.00070362 0.00029737 0.00183384 0.40170929 0.03719650 0.30035222 0.01552443 0.04374407 0.02503235 0.16149081 0.01152778
10.00050003 7.33600844 0.00072059 0.00066519 0.00052280 0.00355549 0.40560902 0.04376466 0.30200060 0.01215758 0.03529586 0.02289315 0.16042934 0.01238574
10.10050503 7.33125277 0.00100633 0.00061069 0.00077795 0.01065285 0.40116319 0.04154688 0.30282602 0.01235558 0.03382315 0.02603237 0.15757696 0.01162805
10.20051003 7.32158462 0.00080048 0.00070724 0.00065018 0.00521131 0.39546867 0.04304036 0.30252080 0.01238553 0.03910086 0.02907001 0.16020244 0.01084213
10.30051503 7.31377646 0.00053923 0.00063360 0.00041606 0.00299761 0.39908519 0.05005113 0.29714219 0.01116165 0.03802294 0.02712008 0.16111609 0.01171424
10.40052003 7.30005739 0.00063326 0.00074770 0.00041801 0.00474367 0.39551881 0.05323795 0.29277992 0.01096236 0.03894906 0.02551009 0.16600451 0.01049466
10.50052503 7.29362382 0.00068931 0.00068815 0.00048966 0.00594248 0.40065166 0.05020319 0.29165819 0.01200051 0.03910736 0.02261503 0.16389464 0.01205982
10.60053003 7.28894248 0.00057622 0.00066652 0.00032306 0.00183561 0.40138430 0.05189684 0.28994868 0.01254451 0.04110828 0.02336255 0.16289222 0.01346121
10.70053503 7.27886835 0.00110015 0.00065858 0.00088084 0.00787186 0.39543039 0.04508370 0.29350451 0.01275054 0.04091061 0.02667055 0.16149591 0.01364237
10.80054003 7.27255218 0.00062523 0.00070234 0.00039990 0.00416946 0.39894482 0.04326044 0.29763160 0.01505348 0.04059020 0.02412221 0.16013104 0.01436929
10.90054503 7.26453956 0.00096282 0.00066184 0.00063801 0.01030771 0.40483243 0.03889169 0.29466102 0.01528658 0.03919050 0.02427630 0.15865421 0.01163690
11.00055003 7.26244729 0.00046789 0.00077717 0.00042756 0.00332852 0.41713860 0.03905842 0.29120677 0.00867301 0.04532596 0.02282586 0.15955151 0.01121874
11.10055503 7.25918409 0.00051200 0.00073893 0.00035655 0.00294513 0.41892528 0.03645114 0.29218437 0.00897505 0.04712988 0.02002514 0.16302154 0.00873499
11.20056003 7.25230871 0.00053107 0.00064992 0.00025908 0.00190340 0.42160212 0.03644812 0.29321026 0.01061173 0.04388453 0.02411016 0.15865317 0.00813644
11.30056503 7.24241801 0.00053797 0.00068026 0.00037617 0.00315878 0.42644918 0.03492882 0.29196574 0.00943159 0.04211940 0.02202604 0.15878541 0.00954065
11.40057003 7.23341917 0.00055411 0.00075486 0.00034488 0.00395906 0.42581669 0.03147708 0.29403067 0.01112033 0.04300190 0.01875207 0.16039588 0.00979247
11.50057503 7.22078096 0.00100606 0.00082509 0.00079619 0.00845963 0.41927359 0.03002560 0.29302571 0.01170458 0.04724410 0.01890112 0.16163151 0.00710681
11.60058003 7.21066524 0.00095362 0.00079551 0.00064311 0.00995142 0.41552565 0.03208967 0.29017011 0.01441234 0.05106064 0.01795508 0.16044809 0.00599475
11.70058503 7.20111648 0.00083961 0.00070167 0.00057070 0.00985362 0.41523213 0.03800254 0.29141702 0.01272890 0.04579768 0.01612297 0.16085150 0.00788167
11.80059003 7.18943477 0.00120742 0.00073304 0.00089662 0.00998623 0.41059441 0.03769255 0.28225908 0.01310583 0.05053414 0.02384609 0.15787933 0.01126525
11.90059503 7.18032842 0.00080803 0.00073839 0.00064805 0.00677250 0.40907777 0.03926194 0.28459436 0.01370150 0.04812595 0.02632496 0.15946354 0.01048301
12.00060003 7.16956894 0.00051502 0.00073067 0.00025250 0.00053319 0.40680521 0.03995852 0.28505715 0.01424987 0.05095649 0.02902241 0.16045048 0.01146849
12.10060503 7.16231513 0.00078214 0.00069108 0.00062869 0.00607564 0.40092974 0.04301218 0.28462479 0.01284166 0.05096899 0.02994140 0.15878540 0.01071828
12.20061003 7.15723649 0.00059430 0.00074583 0.00033416 0.00284593 0.39833078 0.04493946 0.28954445 0.01379518 0.05086998 0.02758346 0.16050897 0.00990750
12.30061503 7.15419625 0.00050150 0.00071132 0.00021883 0.00169446 0.39601233 0.04308307 0.29034429 0.01320225 0.05331846 0.02974119 0.16161361 0.00955871
12.40062003 7.14463199 0.00070301 0.00079356 0.00028758 0.00201874 0.39096183 0.03996926 0.28907319 0.01885059 0.05244804 0.02932478 0.16472338 0.01084603
12.50062503 7.13734272 0.00096143 0.00078330 0.00073960 0.00966187 0.39184558 0.03184482 0.29962467 0.01307116 0.05639676 0.02777999 0.15934970 0.00794114
12.60063003 7.12809787 0.00048413 0.00075564 0.00036995 0.00220812 0.39662568 0.04023756 0.29924461 0.01417733 0.05202542 0.02734915 0.15734865 0.00917376
12.70063503 7.12167085 0.00074318 0.00071830 0.00054879 0.00549058 0.39959693 0.03783502 0.29419311 0.01712946 0.05307328 0.02767292 0.15441839 0.00858005
12.80064003 7.11559575 0.00081661 0.00072407 0.00055791 0.00616266 0.40402793 0.04087608 0.29006295 0.01385279 0.05238597 0.02520392 0.15679908 0.00853003
12.90064503 7.10849855 0.00035566 0.00069881 0.00018859 0.00026831 0.41201732 0.04208559 0.29067828 0.01243030 0.05110851 0.02317152 0.15749708 0.00950003
13.00065003 7.10158642 0.00032702 0.00069523 0.00015887 0.00017758 0.41498910 0.04044397 0.29363471 0.01008793 0.04850085 0.01947609 0.16018010 0.01132854
13.10065503 7.09246979 0.00071299 0.00070981 0.00032182 0.00405092 0.40866131 0.03423347 0.29675208 0.01671914 0.04652851 0.02258574 0.15934829 0.00937591
13.20066003 7.08416833 0.00051918 0.00070410 0.00039189 0.00178988 0.40532860 0.03466726 0.30119722 0.01407823 0.04750519 0.02262246 0.15726490 0.01393110
13.30066503 7.07982600 0.00038647 0.00071130 0.00024985 0.00155748 0.40841104 0.03452407 0.30201117 0.01318586 0.04659321 0.02169066 0.16027328 0.01040562
13.40067003 7.07702231 0.00054473 0.00064669 0.00033284 0.00285612 0.40579208 0.03458613 0.30387791 0.01260005 0.04409179 0.02276510 0.16159153 0.01031504
13.50067503 7.06744325 0.00066191 0.00068933 0.00046241 0.00341413 0.40210817 0.03678197 0.29919179 0.01173704 0.04717646 0.02386306 0.16483425 0.00907950
13.60068003 7.06100982 0.00053141 0.00076648 0.00054332 0.00507237 0.39865922 0.03651039 0.29817941 0.00789892 0.05249380 0.02169267 0.16590110 0.01175091
13.70068503 7.05236474 0.00075451 0.00075359 0.00067706 0.00622520 0.39332474 0.03778006 0.29632555 0.00842563 0.05006365 0.02657198 0.16953247 0.00956556
13.80069003 7.04707439 0.00080760 0.00070738 0.00056976 0.00512767 0.39282682 0.03490580 0.30097722 0.01436114 0.04539427 0.02561122 0.16809431 0.01061681
13.90069503 7.03760426 0.00075397 0.00075763 0.00055188 0.00593555 0.39854848 0.03399143 0.30154841 0.01146931 0.04449123 0.02529148 0.16665425 0.01000638
14.00070004 7.02277078 0.00083211 0.00080332 0.00064199 0.00652459 0.39976636 0.03507863 0.29644071 0.01012644 0.04517469 0.03036624 0.16581492 0.00843000
14.10070504 7.01680559 0.00063300 0.00075614 0.00053606 0.00753264 0.39780002 0.04112328 0.29859057 0.00926173 0.04527503 0.02133124 0.16357824 0.01358206
14.20071004 7.00772234 0.00044009 0.00067916 0.00027700 0.00227306 0.39570093 0.04458329 0.30344433 0.01147170 0.04346888 0.02767991 0.15870669 0.01127494
14.30071504 7.00515972 0.00061175 0.00063491 0.00045310 0.00585272 0.39460418 0.04587872 0.30229285 0.01201024 0.04291477 0.02484299 0.15755329 0.01235047
14.40072004 6.99925168 0.00085407 0.00063421 0.00060510 0.00675722 0.39458500 0.04044829 0.30542845 0.01477381 0.04207122 0.02376018 0.15728112 0.01280133
14.50072504 6.99309496 0.00071216 0.00065811 0.00046441 0.00457751 0.39481362 0.03989429 0.30562311 0.01466213 0.04564907 0.02589795 0.15725609 0.00979154
14.60073004 6.98637785 0.00073776 0.00068377 0.00044438 0.00718858 0.39442589 0.03769280 0.30240033 0.01637340 0.04769848 0.02313049 0.15879154 0.01043259
14.70073504 6.97755291 0.00075929 0.00066799 0.00052574 0.00767520 0.39992766 0.03557897 0.30057091 0.01505388 0.04590037 0.02776513 0.15693307 0.00864179
14.80074004 6.96679061 0.00133438 0.00064980 0.00123051 0.01416412 0.39571333 0.03507941 0.29549662 0.01055068 0.04470239 0.03168628 0.15743787 0.01195462
14.90074504 6.95773928 0.00081891 0.00070372 0.00042255 0.00304033 0.39260918 0.03440590 0.29592586 0.01690135 0.04797383 0.03709665 0.15878740 0.01131430
15.00075004 6.95164348 0.00046533 0.00070662 0.00021712 0.00162271 0.39556751 0.03544433 0.29701647 0.01410687 0.04908194 0.03512348 0.16162745 0.00902015
15.10075504 6.93744801 0.00070734 0.00073907 0.00057148 0.00625677 0.38478896 0.03509008 0.30047685 0.01383930 0.04908233 0.03306084 0.16291279 0.01247419
15.20076004 6.93042371 0.00077263 0.00076413 0.00065055 0.00563013 0.38144539 0.03922234 0.30626158 0.01225436 0.05060407 0.02939069 0.16292482 0.01007931
15.30076504 6.92685838 0.00077353 0.00084643 0.00045252 0.00513677 0.38058414 0.03726642 0.30449337 0.01630069 0.05136233 0.02550131 0.16871374 0.00856876
15.40077004 6.92416984 0.00058141 0.00073564 0.00027058 0.00261435 0.38463166 0.04154570 0.30797837 0.01475332 0.04691531 0.02528472 0.16573901 0.00894992
15.50077504 6.91714670 0.00096937 0.00067159 0.00061146 0.00839909 0.38356560 0.04032742 0.30170735 0.01589014 0.04390708 0.02794983 0.16414837 0.01185268
15.60078004 6.91318636 0.00069360 0.00066615 0.00042304 0.00406538 0.39331325 0.04028521 0.30122547 0.01499340 0.04540047 0.02689942 0.15939466 0.01263995
15.70078504 6.90745262 0.00068575 0.00067448 0.00045164 0.00730560 0.39721901 0.04296118 0.29687921 0.01410552 0.04245914 0.02602996 0.16076816 0.01046036
15.80079004 6.90500540 0.00031633 0.00073816 0.00026430 0.00226738 0.40196093 0.04056964 0.29749666 0.00989965 0.04850161 0.02351273 0.16330265 0.01116998
15.90079504 6.89994713 0.00050825 0.00066416 0.00039285 0.00193418 0.40159044 0.03912030 0.29822401 0.01144379 0.04601263 0.02472306 0.16350875 0.01187758
16.00080004 6.89660794 0.00053931 0.00060223 0.00042616 0.00320323 0.40168566 0.04036425 0.29825840 0.00986148 0.04423340 0.02684611 0.16322031 0.01075946
16.10080504 6.89018026 0.00051973 0.00065786 0.00034852 0.00456206 0.40193646 0.04137600 0.30041312 0.00968659 0.04170694 0.02498946 0.16328562 0.01051764
16.20081004 6.88338895 0.00092812 0.00064911 0.00066286 0.00680964 0.40225105 0.04014264 0.29834378 0.01270196 0.03971879 0.02347556 0.16103727 0.01327922
16.30081504 6.87731175 0.00054583 0.00067639 0.00028839 0.00372658 0.40970053 0.04579602 0.29887751 0.01128280 0.03979925 0.02094944 0.15894632 0.00941094
16.40082004 6.87519683 0.00045769 0.00064752 0.00025082 0.00184436 0.41450357 0.04487986 0.29998362 0.00976981 0.03958415 0.01946911 0.16128114 0.00732834
16.50082504 6.86576880 0.00035790 0.00063636 0.00023460 0.00157212 0.42014770 0.03862755 0.30442625 0.01013583 0.03218798 0.02197768 0.16060171 0.00909432
16.60083004 6.85918083 0.00051848 0.00063473 0.00023207 0.00166152 0.41868369 0.03955175 0.29891293 0.01471733 0.03091646 0.02207956 0.16285218 0.00923929
16.70083504 6.85036419 0.00072231 0.00068037 0.00036181 0.00339396 0.41519986 0.03517788 0.29958888 0.01601781 0.03445210 0.01992154 0.16607879 0.00840469
16.80084004 6.84253751 0.00074680 0.00074630 0.00050562 0.00730742 0.41211404 0.03132192 0.30606389 0.01305528 0.03524618 0.01893752 0.16582957 0.00812543
16.90084504 6.83541581 0.00078299 0.00067729 0.00064677 0.00486225 0.41289142 0.03530223 0.30115074 0.01113489 0.03852383 0.02091544 0.16275672 0.01035543
17.00085004 6.82758063 0.00097049 0.00060400 0.00074005 0.00932956 0.41091809 0.03084647 0.30147533 0.01379239 0.03913469 0.01997877 0.16186788 0.01034228
17.10085504 6.82299126 0.00082278 0.00057595 0.00058457 0.00469302 0.40798052 0.03905259 0.30403567 0.01376365 0.03946907 0.01812477 0.16193879 0.00895861
17.20086004 6.81016190 0.00042879 0.00063586 0.00035962 0.00394177 0.40563225 0.04218124 0.30536047 0.00983553 0.04134644 0.01589576 0.16302499 0.01135729
17.30086504 6.80565850 0.00032651 0.00061258 0.00035110 0.00034369 0.40060143 0.04021152 0.30413922 0.00934567 0.03749139 0.02575002 0.16715539 0.01367149
17.40087004 6.80544892 0.00054792 0.00061155 0.00030793 0.00164653 0.40259431 0.03914655 0.30532268 0.01328448 0.03648588 0.02194657 0.16698558 0.01112003
17.50087504 6.79728982 0.00044568 0.00069541 0.00018426 0.00157677 0.40550140 0.04065775 0.30656614 0.01107049 0.03773259 0.01920605 0.16750445 0.00885900
17.60088004 6.79521886 0.00046678 0.00065990 0.00036293 0.00195641 0.40462833 0.03906280 0.31039773 0.00980327 0.03943080 0.01678712 0.16488324 0.01156067
17.70088504 6.78379175 0.00045232 0.00063542 0.00049364 0.00738140 0.40701929 0.03634073 0.30586550 0.00854944 0.04035845 0.01849212 0.16012133 0.01429035
17.80089004 6.77751740 0.00067827 0.00069192 0.00066074 0.00839666 0.40952372 0.03726177 0.30247002 0.00770278 0.04427026 0.01652004 0.15904407 0.01277973
17.90089504 6.77809360 0.00040082 0.00070042 0.00021374 0.00040480 0.40779622 0.03619794 0.30462420 0.01068857 0.04326021 0.01951848 0.16561895 0.01057564
18.00090005 6.77649709 0.00043414 0.00060156 0.00028888 0.00142386 0.40779169 0.04107209 0.30481918 0.00874792 0.03927339 0.02084364 0.16551418 0.00918947
18.10090505 6.76942442 0.00065024 0.00063823 0.00040877 0.00386819 0.41612271 0.03410130 0.30441859 0.01243543 0.03636059 0.01595549 0.16445988 0.01058058
18.20091005 6.76131790 0.00053990 0.00071514 0.00048383 0.00476771 0.41448341 0.02614400 0.29998633 0.01276422 0.04042026 0.01938297 0.16839487 0.01191737
18.30091505 6.76133178 0.00046810 0.00075842 0.00030465 0.00350726 0.41277618 0.02747090 0.30232704 0.00945150 0.04342352 0.01982177 0.17271484 0.00697582
18.40092005 6.74935559 0.00055291 0.00069916 0.00038688 0.00528471 0.40477071 0.03008126 0.30537666 0.01105991 0.04240107 0.02373607 0.16675239 0.00889827
18.50092505 6.74326222 0.00052825 0.00066516 0.00043108 0.00379033 0.40458976 0.03071092 0.30705221 0.01151778 0.04232358 0.02114430 0.16536929 0.01187735
18.60093005 6.73942421 0.00097558 0.00063626 0.00085906 0.00769819 0.40333439 0.03153322 0.30909670 0.01256429 0.03818235 0.01916275 0.16675030 0.00920691
18.70093505 6.72582239 0.00079681 0.00067545 0.00068508 0.00740401 0.39386094 0.03696674 0.30752901 0.01260306 0.04069234 0.02250638 0.16724226 0.00903793
18.80094005 6.71303685 0.00074676 0.00073165 0.00035900 0.00772949 0.38685554 0.03475142 0.31255526 0.01712632 0.04473122 0.02235341 0.16312633 0.00893361
18.90094505 6.70347966 0.00054637 0.00069379 0.00018000 0.00051723 0.38782602 0.03989257 0.31324224 0.01625149 0.04152348 0.02882620 0.16071446 0.00978615
19.00095005 6.69800111 0.00053810 0.00071206 0.00025921 0.00169049 0.38633018 0.03970134 0.31428750 0.01645983 0.04040840 0.02465523 0.16426186 0.01069579
19.10095505 6.69002342 0.00088965 0.00058861 0.00076008 0.00785674 0.38550698 0.03701756 0.31646322 0.01542156 0.03582845 0.02636261 0.15961275 0.01369180
19.20096005 6.68037478 0.00061670 0.00066486 0.00048627 0.00319952 0.38649298 0.03822790 0.31508994 0.01562041 0.03917738 0.02663012 0.16057484 0.01321907
19.30096505 6.67343596 0.00080447 0.00064302 0.00069573 0.00517863 0.38440233 0.03851819 0.31263013 0.01457804 0.03904530 0.02927305 0.16127923 0.01295189
19.40097005 6.66599682 0.00073647 0.00072424 0.00060724 0.00483739 0.38038639 0.04294940 0.31028705 0.01186032 0.04399101 0.03250213 0.16061131 0.01050706
19.50097505 6.66158046 0.00079664 0.00061108 0.00053954 0.00677046 0.37674827 0.04515833 0.31143102 0.01351918 0.03795092 0.03532648 0.16125872 0.00988937
19.60098005 6.65526616 0.00052531 0.00067034 0.00029736 0.00191321 0.38289216 0.04467437 0.31247433 0.01136917 0.03617559 0.03749180 0.16178757 0.00972877
19.70098505 6.65054984 0.00086713 0.00061612 0.00063695 0.00658593 0.38553855 0.04654164 0.30996135 0.01154057 0.03665717 0.03151272 0.15922682 0.01031506
19.80099005 6.64169539 0.00065826 0.00062111 0.00037369 0.00341314 0.38497736 0.05080271 0.30827123 0.01294191 0.03656831 0.03190922 0.15956199 0.00990108
19.90099505 6.63614496 0.00047700 0.00060867 0.00011980 0.00034057 0.38632318 0.04978551 0.31031269 0.01418524 0.03609889 0.03089017 0.16065657 0.01020171
20.00100005 6.62755521 0.00090829 0.00058028 0.00027078 0.00233599 0.38340283 0.04518529 0.31052494 0.02189943 0.03597486 0.02995230 0.15951709 0.00944792
20.10100505 6.62407935 0.00083384 0.00058092 0.00037069 0.00683824 0.37958798 0.04425841 0.31156667 0.01784168 0.03553074 0.03112312 0.16073370 0.01073402
20.20101005 6.62039447 0.00079498 0.00055747 0.00045297 0.00321264 0.37525452 0.04300620 0.31246551 0.02075142 0.03573818 0.03355977 0.15998432 0.01422203
20.30101505 6.61400686 0.00058268 0.00059012 0.00013454 0.00428422 0.37390008 0.04383537 0.32005544 0.02161987 0.03461510 0.03088194 0.15883927 0.01066138
20.40102005 6.60773155 0.00084694 0.00061714 0.00049585 0.00411458 0.37705061 0.04064324 0.32164151 0.02222334 0.03471446 0.03037291 0.15597628 0.01130313
20.50102505 6.59582505 0.00087409 0.00062297 0.00052532 0.00465685 0.38130039 0.04451394 0.31407734 0.02157453 0.03082482 0.03343824 0.15717448 0.01041703
20.60103005 6.59005661 0.00086370 0.00059418 0.00055122 0.00654340 0.37739398 0.04737082 0.31580441 0.01827674 0.03426032 0.03362423 0.15594710 0.00876989
20.70103505 6.58567812 0.00096794 0.00061728 0.00051663 0.00434118 0.37773454 0.04609929 0.31428906 0.02130540 0.03572249 0.03275696 0.15563663 0.01001260
20.80104005 6.57945047 0.00108891 0.00059284 0.00068451 0.00798326 0.38304810 0.04310804 0.31574942 0.01799122 0.03603015 0.02938318 0.15657949 0.00776090
20.90104505 6.57641735 0.00066620 0.00055737 0.00049051 0.00413462 0.38380329 0.04031162 0.32090711 0.01616545 0.03361489 0.02825310 0.15911734 0.01197850
21.00105005 6.57053332 0.00073839 0.00058148 0.00051919 0.00646398 0.38404511 0.04250072 0.32963560 0.01269836 0.03052678 0.02126786 0.15921102 0.01181151
21.10105505 6.56245772 0.00086929 0.00067396 0.00059946 0.00577501 0.39002513 0.03514744 0.32442883 0.01346016 0.03354550 0.02326865 0.16132658 0.01088000
21.20106005 6.55468420 0.00061370 0.00059782 0.00052370 0.00626930 0.38691361 0.04073140 0.33016311 0.01077050 0.02850134 0.02328385 0.15982412 0.01180756
21.30106505 6.54910956 0.00078595 0.00061472 0.00053343 0.00688102 0.38910012 0.04511651 0.32562136 0.01189804 0.03057404 0.01998217 0.16008976 0.00880288
21.40107005 6.54444497 0.00083954 0.00056795 0.00061090 0.00598119 0.39482385 0.04382616 0.32553583 0.01123878 0.03004918 0.01724212 0.16102320 0.00826132
21.50107505 6.53865074 0.00063809 0.00060642 0.00033865 0.00311633 0.39170715 0.04234867 0.32513889 0.01310046 0.02982723 0.02024074 0.16472032 0.00821706
21.60108005 6.53391012 0.00040087 0.00064439 0.00037460 0.00215343 0.39198222 0.04500790 0.32342511 0.00826117 0.02633335 0.02172891 0.16561492 0.01407313
21.70108505 6.53024897 0.00053732 0.00055876 0.00035800 0.00330909 0.39192192 0.04313150 0.32756638 0.00889278 0.02458313 0.02516838 0.16336981 0.01060293
21.80109005 6.52515094 0.00064831 0.00053759 0.00029353 0.00287763 0.39816400 0.03821314 0.32663032 0.01073698 0.02257419 0.02531950 0.16409390 0.00991091
21.90109505 6.51204664 0.00066002 0.00058070 0.00039732 0.00395591 0.39491287 0.03443008 0.32579126 0.01455005 0.02804937 0.02376957 0.16066580 0.01223704
22.00110006 6.50339456 0.00111146 0.00062309 0.00103855 0.00842611 0.39293156 0.03179758 0.32460226 0.01265613 0.02797019 0.02291124 0.16387290 0.01205893
22.10110506 6.49288874 0.00064198 0.00062069 0.00054049 0.00515439 0.38838723 0.03213512 0.33471951 0.01132140 0.02468098 0.02729302 0.16359160 0.01091359
22.20111006 6.48469260 0.00061434 0.00069047 0.00036135 0.00353533 0.38467183 0.03334614 0.33202548 0.01259867 0.02862871 0.02706339 0.16798351 0.00848077
22.30111506 6.48138783 0.00080992 0.00054904 0.00056199 0.00413536 0.38834304 0.03465574 0.33017768 0.01466858 0.02421188 0.02741747 0.16471836 0.00975095
22.40112006 6.47658069 0.00073431 0.00061025 0.00047248 0.00468403 0.38888836 0.03139676 0.32944650 0.01511610 0.02626486 0.02658958 0.16679003 0.00900673
22.50112506 6.46905923 0.00068937 0.00058885 0.00048760 0.00319375 0.39276570 0.03422044 0.32905376 0.01308485 0.02430435 0.02435017 0.16728735 0.00997382
22.60113006 6.46199347 0.00044081 0.00057705 0.00024939 0.00396874 0.40100008 0.03599139 0.32477218 0.01073529 0.02562645 0.02319552 0.16402424 0.00941886
22.70113506 6.45800017 0.00044892 0.00055963 0.00012557 0.00044194 0.40068528 0.03394997 0.32311328 0.01434732 0.03091156 0.02464658 0.16273024 0.00803969
22.80114006 6.44869001 0.00063997 0.00051063 0.00041407 0.00546880 0.39538572 0.03493816 0.32675968 0.01226123 0.02651894 0.02871808 0.16082503 0.00755970
22.90114506 6.44411706 0.00085664 0.00051221 0.00040718 0.00724479 0.39396716 0.03554697 0.32745263 0.01952939 0.02622327 0.02137394 0.15984473 0.00704109
23.00115006 6.43776129 0.00127801 0.00059436 0.00109938 0.01402446 0.38680343 0.03236129 0.32591472 0.01736533 0.03057853 0.02176724 0.16010897 0.00810429
23.10115506 6.43013222 0.00084622 0.00057854 0.00069744 0.00667138 0.38874390 0.03799662 0.32421111 0.01278411 0.02790639 0.02741569 0.16256007 0.00958854
23.20116006 6.42149935 0.00061913 0.00054658 0.00048470 0.00846407 0.39007775 0.04040653 0.32447360 0.01123375 0.02934246 0.02658252 0.15755962 0.01020931
23.30116506 6.40838441 0.00098282 0.00060234 0.00097920 0.01171462 0.38085892 0.03627358 0.32553205 0.01032935 0.03652814 0.02678233 0.15647855 0.01293810
23.40117006 6.40345875 0.00075931 0.00058361 0.00063786 0.00620379 0.37940903 0.03689653 0.32828578 0.01253134 0.03400141 0.03121974 0.15772018 0.01175143
23.50117506 6.39625522 0.00084082 0.00056366 0.00081370 0.00480311 0.38181450 0.03687223 0.32468420 0.01519468 0.03304502 0.02673097 0.15989262 0.01474450
23.60118006 6.38882437 0.00096205 0.00050032 0.00079592 0.01040867 0.37618678 0.04063992 0.32423532 0.01661208 0.03062133 0.02930990 0.15645625 0.01327147
23.70118506 6.37717950 0.00109826 0.00065613 0.00072601 0.00616505 0.37529617 0.04380188 0.32186845 0.01912313 0.03831561 0.02530476 0.15786364 0.00978091
23.80119006 6.36684477 0.00109685 0.00060727 0.00063872 0.00671407 0.37816588 0.04307403 0.31594826 0.02262465 0.03747349 0.02425383 0.15980511 0.00959786
23.90119506 6.35858381 0.00062010 0.00062576 0.00046492 0.00511653 0.37828726 0.04470751 0.31904360 0.01588570 0.03598659 0.02582687 0.16005679 0.01337837
24.00120006 6.35284090 0.00072510 0.00061940 0.00044204 0.00521296 0.37921404 0.04638330 0.31916362 0.01652320 0.03489372 0.02603444 0.16010922 0.01067895
24.10120506 6.34909013 0.00093162 0.00068205 0.00052501 0.00565986 0.38530319 0.03709098 0.31849025 0.01770912 0.03905371 0.02199628 0.16247080 0.01008712
24.20121006 6.34514951 0.00056103 0.00061808 0.00032247 0.00170389 0.38977601 0.03419207 0.31676257 0.01689442 0.03858909 0.02979542 0.16025426 0.01053070
24.30121506 6.33836891 0.00075915 0.00061107 0.00053610 0.01005747 0.38876876 0.03625513 0.31884425 0.01438803 0.03794584 0.02369764 0.16183009 0.00630648
24.40122006 6.33202692 0.00084542 0.00069000 0.00046632 0.00463605 0.39244588 0.03063703 0.31704467 0.01711235 0.04002866 0.02442031 0.16579080 0.00588253
24.50122506 6.32067874 0.00088934 0.00069072 0.00067671 0.00895853 0.38624996 0.03435843 0.31950547 0.01602391 0.03672301 0.02149409 0.16483084 0.00959899
24.60123006 6.31744272 0.00055611 0.00073755 0.00029122 0.00151424 0.39280689 0.03490890 0.31722197 0.01388223 0.03933582 0.02227155 0.16789776 0.00857575
24.70123506 6.31335998 0.00047034 0.00065074 0.00022592 0.00360822 0.40189965 0.03492467 0.31746806 0.01064300 0.03264568 0.02302821 0.16733587 0.00709964
24.80124006 6.30979412 0.00044886 0.00062007 0.00027399 0.00171530 0.40555484 0.03270430 0.31718068 0.01180135 0.03120052 0.02486253 0.16544390 0.00819368
24.90124506 6.30635756 0.00045703 0.00059308 0.00023851 0.00364465 0.41052576 0.02970967 0.31864746 0.01093300 0.02917948 0.02488398 0.16305423 0.00813316
25.00125006 6.29837709 0.00037104 0.00055449 0.00026317 0.00149512 0.40295451 0.03427986 0.32315759 0.01098573 0.02889785 0.02710442 0.16043556 0.00950064
25.10125506 6.29384037 0.00037800 0.00062210 0.00037156 0.00347860 0.39784993 0.03416414 0.32051233 0.00945320 0.02935118 0.02552389 0.16766446 0.01063061
25.20126006 6.28925723 0.00058602 0.00066964 0.00046196 0.00457400 0.39922956 0.03075921 0.32208021 0.00901198 0.02949954 0.02386049 0.17252105 0.00674634
25.30126506 6.27699906 0.00043495 0.00062152 0.00026792 0.00186476 0.39197170 0.03286884 0.32675718 0.00860823 0.02367380 0.03303962 0.17297580 0.00691568
25.40127006 6.26837437 0.00079405 0.00060359 0.00060063 0.00824701 0.38839063 0.03402614 0.32603175 0.01112513 0.02129719 0.02723408 0.17167685 0.00997296
25.50127506 6.26174881 0.00050626 0.00067208 0.00042046 0.00744388 0.38883924 0.02749504 0.32302420 0.01163187 0.02728303 0.02534427 0.17418145 0.01315822
25.60128006 6.25522987 0.00038938 0.00063975 0.00029040 0.00043232 0.39352569 0.02925461 0.32382660 0.01193028 0.02657291 0.02732672 0.17343505 0.01237630
25.70128506 6.24582335 0.00059163 0.00067454 0.00031448 0.00395125 0.40187808 0.02528177 0.31716126 0.01491053 0.02817821 0.02419821 0.17410791 0.00875212
