0.00000000 11.00000000 0.00000000 0.00000000 0.00000000 0.00000000 0.00000000 0.00000000 0.00000000 1.00000000 0.00000000 0.00000000 0.00000000 0.00000000
0.10000500 11.00364713 0.02481272 0.00148437 0.00840867 0.09585886 0.12781843 0.14036274 0.02433628 0.40348967 0.04700260 0.07513953 0.01935834 0.03192780
0.20001000 11.00037442 0.00858784 0.00140373 0.00578544 0.04711509 0.16887551 0.22369069 0.06117343 0.21127177 0.05848371 0.13539681 0.02806362 0.05015236
0.30001500 10.99638688 0.00430268 0.00105805 0.00307616 0.02352460 0.18114246 0.24185826 0.07770794 0.14752387 0.06170114 0.16616987 0.04439042 0.04754457
0.40002000 10.98828912 0.00451495 0.00111067 0.00281999 0.01949184 0.17973599 0.21545320 0.08584370 0.13957530 0.07302032 0.17498301 0.05228933 0.05116171
0.50002500 10.98464004 0.00446655 0.00101041 0.00167909 0.01319234 0.18950231 0.19376836 0.09776021 0.13631315 0.07909996 0.18595993 0.05862711 0.03862057
0.60003000 10.97901394 0.00459256 0.00109238 0.00257116 0.02013450 0.20567840 0.16137587 0.10513009 0.11737144 0.08696047 0.18274616 0.06513864 0.04720831
0.70003500 10.97369557 0.00440712 0.00110163 0.00251601 0.01621019 0.21636170 0.14770711 0.12268044 0.10801008 0.08578480 0.18033889 0.06607143 0.04881060
0.80004000 10.96722702 0.00368394 0.00098559 0.00192822 0.01453157 0.20925741 0.15685841 0.12924658 0.09481603 0.08562224 0.18527970 0.06888818 0.04890213
0.90004500 10.96150824 0.00237883 0.00093503 0.00131845 0.00589051 0.22178642 0.16433141 0.13090632 0.07586766 0.08809036 0.18235020 0.07628186 0.04986295
1.00005000 10.95931961 0.00258958 0.00094051 0.00155815 0.00813422 0.23045258 0.16358466 0.13657179 0.07280584 0.08646933 0.16986836 0.07756579 0.04945919
1.10005500 10.95819680 0.00276133 0.00089864 0.00155216 0.01408716 0.24046458 0.16109226 0.13981664 0.07227166 0.08116552 0.16011309 0.07965462 0.04612234
1.20006000 10.94827171 0.00263860 0.00097911 0.00115726 0.00554401 0.24472049 0.16088129 0.14495578 0.07639633 0.08676727 0.14787968 0.08457735 0.04350284
1.30006500 10.93790237 0.00312046 0.00107288 0.00141513 0.01214591 0.25147615 0.15436456 0.16796656 0.08016793 0.08273183 0.12540659 0.08075258 0.03937942
1.40007000 10.92650573 0.00350125 0.00112351 0.00177809 0.01596044 0.25823846 0.15121463 0.17378227 0.08002327 0.08262930 0.10673022 0.08622645 0.03879210
1.50007500 10.91620348 0.00300381 0.00117685 0.00134819 0.01265551 0.26995116 0.14249390 0.17758566 0.07716008 0.08278992 0.10139911 0.09449640 0.03593939
1.60008000 10.90463691 0.00284588 0.00106436 0.00149508 0.01062151 0.28123831 0.14013705 0.18773927 0.07208071 0.07868970 0.09951199 0.08726837 0.03730777
1.70008500 10.89526091 0.00316761 0.00119394 0.00158995 0.01082770 0.29454404 0.13133120 0.19224385 0.07317023 0.08452298 0.08611815 0.08749519 0.03379517
1.80009000 10.88972250 0.00297711 0.00114954 0.00136016 0.00967644 0.30220340 0.13420291 0.19401690 0.07054569 0.08987476 0.07584737 0.08475540 0.03339031
1.90009500 10.87739025 0.00259552 0.00108360 0.00124490 0.00624994 0.31059917 0.12977810 0.20534877 0.06325214 0.08971045 0.06913409 0.08725801 0.03374531
2.00010001 10.86961111 0.00287546 0.00092408 0.00201900 0.01221745 0.32035501 0.12161388 0.21494822 0.05259655 0.07635405 0.07006992 0.09141865 0.03460773
2.10010501 10.85569262 0.00281463 0.00101821 0.00173442 0.01438312 0.31703983 0.11288264 0.22789386 0.04799980 0.07634495 0.07238366 0.09570315 0.02980173
2.20011001 10.84509762 0.00196795 0.00113208 0.00096851 0.00905410 0.32164507 0.10405620 0.23031995 0.04660202 0.07400136 0.07608231 0.10490154 0.02926890
2.30011501 10.84081871 0.00292431 0.00115528 0.00219058 0.01881943 0.32649548 0.09536746 0.22864592 0.04149342 0.07262190 0.07224714 0.10708141 0.03095765
2.40012001 10.83296336 0.00190514 0.00106850 0.00119258 0.00776568 0.32847595 0.09317189 0.24245851 0.04273543 0.07087491 0.07537510 0.10512213 0.02985418
2.50012501 10.81986791 0.00179067 0.00115250 0.00117566 0.01266339 0.32997175 0.09126085 0.24787060 0.03783359 0.06219587 0.07521440 0.11280928 0.02606144
2.60013001 10.80620003 0.00151926 0.00113093 0.00104513 0.00639168 0.33405484 0.09552935 0.25199113 0.03456772 0.06563118 0.07119168 0.11119191 0.02575519
2.70013501 10.80112016 0.00185737 0.00105762 0.00108330 0.00938812 0.33205855 0.09428623 0.25460247 0.03856236 0.06808131 0.06394222 0.11020005 0.02488040
2.80014001 10.78871873 0.00205521 0.00106960 0.00105266 0.00732646 0.33498664 0.09628046 0.25639619 0.03691086 0.07146594 0.05986560 0.11008164 0.02250874
2.90014501 10.78553980 0.00167869 0.00104691 0.00079106 0.00815708 0.33610574 0.09144227 0.25883809 0.03625500 0.07291405 0.05711403 0.11309521 0.02256187
3.00015001 10.77473615 0.00161032 0.00103816 0.00082289 0.00642985 0.34349567 0.08466483 0.25907759 0.03495966 0.06816713 0.06018073 0.11422145 0.02533172
3.10015501 10.76490959 0.00163190 0.00105979 0.00107133 0.00658056 0.34544097 0.08582464 0.26463515 0.03206299 0.06224490 0.05828032 0.11261919 0.02854826
3.20016001 10.76012361 0.00158434 0.00097817 0.00103061 0.00719313 0.34991854 0.08310770 0.26708488 0.03243363 0.06230060 0.05784175 0.10971781 0.02680884
3.30016501 10.75550657 0.00139344 0.00099768 0.00093352 0.00565328 0.35928307 0.08124616 0.26359570 0.03162128 0.05903589 0.05869187 0.11308766 0.02446045
3.40017001 10.73604896 0.00136239 0.00113877 0.00061915 0.00307643 0.36067555 0.08178108 0.26118062 0.03539659 0.06141449 0.05573156 0.11959058 0.01803280
3.50017501 10.71811343 0.00116876 0.00113248 0.00053743 0.00225403 0.35459632 0.08443040 0.25909778 0.03130286 0.06272775 0.05745292 0.12044567 0.02485360
3.60018001 10.70512506 0.00166552 0.00101200 0.00085913 0.00716637 0.34966760 0.08192219 0.26858083 0.03379190 0.06273631 0.05622486 0.11400326 0.02237003
3.70018501 10.69619461 0.00181378 0.00099790 0.00088572 0.01024548 0.35265809 0.07536534 0.27468014 0.03346267 0.06009943 0.05378603 0.11756443 0.01844098
3.80019001 10.68373686 0.00122389 0.00122347 0.00065695 0.00474606 0.35006499 0.08546934 0.27783526 0.02595091 0.06571378 0.04442056 0.12516251 0.01753229
3.90019501 10.67559673 0.00128127 0.00114392 0.00072420 0.00527705 0.35643684 0.07770279 0.27404082 0.02776771 0.06819045 0.04572795 0.12418797 0.01751903
4.00020001 10.66153746 0.00175376 0.00109097 0.00130402 0.01404878 0.35977113 0.07478626 0.27311691 0.02522426 0.05924030 0.04583779 0.12478069 0.01904512
4.10020501 10.64771365 0.00156698 0.00121229 0.00110951 0.00705945 0.35570801 0.07489851 0.27699808 0.02471398 0.06293226 0.04240456 0.13314936 0.01824701
4.20021001 10.63218668 0.00126431 0.00126158 0.00079629 0.00402366 0.35312439 0.07344407 0.27801448 0.02726979 0.06604676 0.03920349 0.13555279 0.01999840
4.30021501 10.61965115 0.00156808 0.00109621 0.00122511 0.00771559 0.35135851 0.06865923 0.28720443 0.02575020 0.05807476 0.04564692 0.12826609 0.02343486
4.40022001 10.59938679 0.00211298 0.00116069 0.00158076 0.01468925 0.34120723 0.06799781 0.28826281 0.02747917 0.06468240 0.04547073 0.12668687 0.01866929
4.50022501 10.59476532 0.00154463 0.00096873 0.00100420 0.00910099 0.35300017 0.06783848 0.28729493 0.02546832 0.05936182 0.05396145 0.12537435 0.01508192
4.60023001 10.58366679 0.00131852 0.00096968 0.00078004 0.00706828 0.35310432 0.06649721 0.28780807 0.02429866 0.05732700 0.05678312 0.12879092 0.01525418
4.70023501 10.57563362 0.00116184 0.00100071 0.00061041 0.00450089 0.36272438 0.06306917 0.28943786 0.02463754 0.05464328 0.05257616 0.13019376 0.01544399
4.80024001 10.56699964 0.00123634 0.00104231 0.00063943 0.00517133 0.36672294 0.06103715 0.28806904 0.02650689 0.05451694 0.05051077 0.12764877 0.01689809
4.90024501 10.55153218 0.00149146 0.00105653 0.00101818 0.00962365 0.36583879 0.06073794 0.28325508 0.02677364 0.05422368 0.05359164 0.12362591 0.01876348
5.00025001 10.54294636 0.00158766 0.00099745 0.00102248 0.00672399 0.36641793 0.06545392 0.28101552 0.02790403 0.05221934 0.04960710 0.12934977 0.01770080
5.10025501 10.53247139 0.00211813 0.00098670 0.00151078 0.01376612 0.36718074 0.05820464 0.28678198 0.02649380 0.05242203 0.04363621 0.13062855 0.01627032
5.20026001 10.52223043 0.00122431 0.00104234 0.00069830 0.00616800 0.36450187 0.06554480 0.28927381 0.02667274 0.05539022 0.04192964 0.13379177 0.01376222
5.30026501 10.51629740 0.00175757 0.00095910 0.00138535 0.01116008 0.37311743 0.06679471 0.28847628 0.02260026 0.05454464 0.03431255 0.13090256 0.01398948
5.40027001 10.50590947 0.00121398 0.00110644 0.00071198 0.00507970 0.37034470 0.06429389 0.28685545 0.02433570 0.05707719 0.03825278 0.13661621 0.01411197
5.50027501 10.49421228 0.00155927 0.00115983 0.00092157 0.00721652 0.37211579 0.05072455 0.28600570 0.02537592 0.06146376 0.03986877 0.13925492 0.01433341
5.60028001 10.48410598 0.00127210 0.00106125 0.00085502 0.00856671 0.37449826 0.05170960 0.29329284 0.02127541 0.05401472 0.03557137 0.14313294 0.01474979
5.70028501 10.46924449 0.00158318 0.00106013 0.00102212 0.01216150 0.37245769 0.04771397 0.29187711 0.02397588 0.05534530 0.03899376 0.14125977 0.01254958
5.80029001 10.46185672 0.00137672 0.00113613 0.00080757 0.00939734 0.37196243 0.04899246 0.29504392 0.02279997 0.05705423 0.03509667 0.14480329 0.01152927
5.90029501 10.45459722 0.00112268 0.00118593 0.00049915 0.00650872 0.37418753 0.03980466 0.29831176 0.02509922 0.06182586 0.03575167 0.14648892 0.00921390
6.00030002 10.44424513 0.00121275 0.00116589 0.00087352 0.00658367 0.37438458 0.04172647 0.29988511 0.02318640 0.06043922 0.03179643 0.14612520 0.01262076
6.10030502 10.43482156 0.00136814 0.00101298 0.00109374 0.01031322 0.37068197 0.04608667 0.30379047 0.02314129 0.05429050 0.02939337 0.14622409 0.01260356
6.20031002 10.41563041 0.00112750 0.00119200 0.00069956 0.00860336 0.37549441 0.04864009 0.30076870 0.01818101 0.05441591 0.03198717 0.15012898 0.00876131
6.30031502 10.40886826 0.00080629 0.00114905 0.00031479 0.00162754 0.37542278 0.04775286 0.30667818 0.01889374 0.05915953 0.03071890 0.14559046 0.01188588
6.40032002 10.39539577 0.00071197 0.00117331 0.00038222 0.00526753 0.36919462 0.04657248 0.30812918 0.01641016 0.06108680 0.02895898 0.14841609 0.01369665
6.50032502 10.38109040 0.00105394 0.00109904 0.00108155 0.00731301 0.36680898 0.04599977 0.30972779 0.01525419 0.05826457 0.03007136 0.14609962 0.01722617
6.60033002 10.36519196 0.00089352 0.00125839 0.00072585 0.00364825 0.36680327 0.04431632 0.30758552 0.01454923 0.05878750 0.03528063 0.15156532 0.01458621
6.70033502 10.34913670 0.00093234 0.00127204 0.00050629 0.00342817 0.35867547 0.04624555 0.30950118 0.01726286 0.06408949 0.03463734 0.15246183 0.01098745
6.80034002 10.33765813 0.00079912 0.00121920 0.00077051 0.00724264 0.35467492 0.04481453 0.31841490 0.01407006 0.06211720 0.03132939 0.14957377 0.01497375
6.90034502 10.32898954 0.00137590 0.00115184 0.00109745 0.00904283 0.35517312 0.04964986 0.31009151 0.01824645 0.05884711 0.03034903 0.15073641 0.01423848
7.00035002 10.31502521 0.00115354 0.00123409 0.00060803 0.00503805 0.35493742 0.04650650 0.31309084 0.02180369 0.06700901 0.02946072 0.14772863 0.01142946
7.10035502 10.30773293 0.00103219 0.00113678 0.00064857 0.00430516 0.36189500 0.05154694 0.30924695 0.01773216 0.06528587 0.03002086 0.14643540 0.01071411
7.20036002 10.30325622 0.00091811 0.00100404 0.00055745 0.00513249 0.35915146 0.04935614 0.31583568 0.01780564 0.05949188 0.03113338 0.14651694 0.01309678
7.30036502 10.29290312 0.00097884 0.00107175 0.00049083 0.00476792 0.36927684 0.04533276 0.31381218 0.01842583 0.05396100 0.03101474 0.14987823 0.01098908
7.40037002 10.28460527 0.00104555 0.00103440 0.00038142 0.00223517 0.36692599 0.04282410 0.31840706 0.02535190 0.05302237 0.02893009 0.14861017 0.01123176
7.50037502 10.26930172 0.00121468 0.00119817 0.00082554 0.00944625 0.36011742 0.04336083 0.31780131 0.02220499 0.05323658 0.03265282 0.14764653 0.01029489
7.60038002 10.25768792 0.00154222 0.00119663 0.00124486 0.01284212 0.36025736 0.04242010 0.31749793 0.01858542 0.05289715 0.03048266 0.15015093 0.01088261
7.70038502 10.24447553 0.00137459 0.00115351 0.00086795 0.01080148 0.37050769 0.04425146 0.31150357 0.02053807 0.04626080 0.03394010 0.14857443 0.01022635
7.80039002 10.23620380 0.00108743 0.00117837 0.00057804 0.00432390 0.37022228 0.04577407 0.30725478 0.02072905 0.05275442 0.03552483 0.15059014 0.00998267
7.90039502 10.21904433 0.00110087 0.00110046 0.00068317 0.00906160 0.36568674 0.04633828 0.30359296 0.01979834 0.04898024 0.03502339 0.15463959 0.01399435
8.00040002 10.20983084 0.00139153 0.00105973 0.00129878 0.01022077 0.36369254 0.04550835 0.29855260 0.01831821 0.04811697 0.03728575 0.15257816 0.02197661
8.10040502 10.19385666 0.00163860 0.00109092 0.00143139 0.00961504 0.35027913 0.04965670 0.30251886 0.02069883 0.04747861 0.03705643 0.15863247 0.01990301
8.20041002 10.18565650 0.00122313 0.00123063 0.00090462 0.00503722 0.34960451 0.04580331 0.30344525 0.02377665 0.05224578 0.03852601 0.16147382 0.01672905
8.30041502 10.17126227 0.00149031 0.00116131 0.00117464 0.00946253 0.35692600 0.03858388 0.30692052 0.02608401 0.05458760 0.03602771 0.15240457 0.01517691
8.40042002 10.15026258 0.00114299 0.00115308 0.00091015 0.00910327 0.34794201 0.04811411 0.31425323 0.02113999 0.05560309 0.03484187 0.15104859 0.01474762
8.50042502 10.13113587 0.00120830 0.00122561 0.00086882 0.00616757 0.35535889 0.04749703 0.31212354 0.02085168 0.05445316 0.03343526 0.15283880 0.01397134
8.60043002 10.11421392 0.00120318 0.00117495 0.00084822 0.00773182 0.35101246 0.04409053 0.31336032 0.02183183 0.05467729 0.03968123 0.15177498 0.01261319
8.70043502 10.10596457 0.00137420 0.00115994 0.00115847 0.00869337 0.35314320 0.04416446 0.31025385 0.02058028 0.05865890 0.03991009 0.14678410 0.01411914
8.80044002 10.09283294 0.00114307 0.00120300 0.00082213 0.00965009 0.35301008 0.04244956 0.30740819 0.01902302 0.05773284 0.03831174 0.15464589 0.01460039
8.90044502 10.07863539 0.00090047 0.00122040 0.00071940 0.00421980 0.35337142 0.04705321 0.30871871 0.01995074 0.05418972 0.03573532 0.15449975 0.01942106
9.00045002 10.05894617 0.00121087 0.00117241 0.00108817 0.01005517 0.35766719 0.05179439 0.29965586 0.02072899 0.05734848 0.03212174 0.15215607 0.01500068
9.10045502 10.04156989 0.00148718 0.00124387 0.00126858 0.00976831 0.35699539 0.05190494 0.29463024 0.02171881 0.06526722 0.02871590 0.15386329 0.01313628
9.20046002 10.03098816 0.00084343 0.00119451 0.00062596 0.00227398 0.35766713 0.05143759 0.30078068 0.02115715 0.06288343 0.02952331 0.15747425 0.01413858
9.30046502 10.02084506 0.00136533 0.00108028 0.00099158 0.00819752 0.36883752 0.04248229 0.30128820 0.02285780 0.05646619 0.03012752 0.15232782 0.01397796
9.40047002 10.00366153 0.00122914 0.00111324 0.00088199 0.00695671 0.36566081 0.04535952 0.29233304 0.02236630 0.05947295 0.04191581 0.15141996 0.01129054
9.50047502 9.98814066 0.00096612 0.00119363 0.00062402 0.00708301 0.37533186 0.04179335 0.28801427 0.02024831 0.06387144 0.04065737 0.14758880 0.01262783
9.60048002 9.98149827 0.00100961 0.00113515 0.00049182 0.00385186 0.37486413 0.04100770 0.29032247 0.02360158 0.06502584 0.04048842 0.14665242 0.01154902
9.70048502 9.96703456 0.00076990 0.00114511 0.00040318 0.00303319 0.38068691 0.03989117 0.29746766 0.02115744 0.05911397 0.03729553 0.14758635 0.01144959
9.80049002 9.94978247 0.00154027 0.00111090 0.00119357 0.01516659 0.37527469 0.03760811 0.29176026 0.02092478 0.05669156 0.03829173 0.14716260 0.01327494
9.90049502 9.94161094 0.00134341 0.00112834 0.00088494 0.00712959 0.37043396 0.03927040 0.30085348 0.02174626 0.05884888 0.03812620 0.14873534 0.01149920
10.00050003 9.92822207 0.00148478 0.00108557 0.00110874 0.00883359 0.36816152 0.04185549 0.30434438 0.01874412 0.05439770 0.04158484 0.14801082 0.01038845
10.10050503 9.92639695 0.00057513 0.00101393 0.00033179 0.00220490 0.36938462 0.04349934 0.31108123 0.01801863 0.05323789 0.03916476 0.14728233 0.01420545
10.20051003 9.91096940 0.00083727 0.00112121 0.00055913 0.00300087 0.36285169 0.04252522 0.31129042 0.02052453 0.05551815 0.03865730 0.14921853 0.01389569
10.30051503 9.89565258 0.00136049 0.00109144 0.00116701 0.00915094 0.36036745 0.03589093 0.31475982 0.02011234 0.05642165 0.03501718 0.14735964 0.01730111
10.40052003 9.88609844 0.00177981 0.00104827 0.00123294 0.01137174 0.36526741 0.03666388 0.31307109 0.02295002 0.05648608 0.03411473 0.14612715 0.00988689
10.50052503 9.88111834 0.00097321 0.00101165 0.00056162 0.00353278 0.36754307 0.03792928 0.31685693 0.02312825 0.05856148 0.03382313 0.14602687 0.01005173
10.60053003 9.86460184 0.00168519 0.00099153 0.00122533 0.01099531 0.36234430 0.03648335 0.32059244 0.02188398 0.05308477 0.03568910 0.14498697 0.01003774
10.70053503 9.85739821 0.00119423 0.00093850 0.00080529 0.00533580 0.36123933 0.04151288 0.32199028 0.02573758 0.05431923 0.03080503 0.14351265 0.01260919
10.80054003 9.84320737 0.00120966 0.00104029 0.00071042 0.00869409 0.36005539 0.04170888 0.32257159 0.02177762 0.05212220 0.02881219 0.15021053 0.01108712
10.90054503 9.83444517 0.00152783 0.00103756 0.00115322 0.00958819 0.35705687 0.04212956 0.32271013 0.02069002 0.05582812 0.03350687 0.14536731 0.00940431
11.00055003 9.82334020 0.00092590 0.00112847 0.00057844 0.00580652 0.35919687 0.05216629 0.31605808 0.01977647 0.05652353 0.03305989 0.14509305 0.00968649
11.10055503 9.81103813 0.00083229 0.00113523 0.00062516 0.00502905 0.36024009 0.05136864 0.31509651 0.01794128 0.05759674 0.03116111 0.14593143 0.01304248
11.20056003 9.80064676 0.00123788 0.00103635 0.00087935 0.00617357 0.35852768 0.05050397 0.31745895 0.02151624 0.05064832 0.03497842 0.14232870 0.01471057
11.30056503 9.79330160 0.00145727 0.00090620 0.00110168 0.00953340 0.35614439 0.05130850 0.32046126 0.02208774 0.04762581 0.03545496 0.13886234 0.01505643
11.40057003 9.78319735 0.00105248 0.00099636 0.00073415 0.00696661 0.35248824 0.05366706 0.31986236 0.01876836 0.04888719 0.03691002 0.14376584 0.01590131
11.50057503 9.77045992 0.00106139 0.00100306 0.00076471 0.00548975 0.36083755 0.05010475 0.31871330 0.01852950 0.04400558 0.03798953 0.14344051 0.01806037
11.60058003 9.75922142 0.00103824 0.00101205 0.00084417 0.00981735 0.36449108 0.05174905 0.31789887 0.01501860 0.04763654 0.03727017 0.13896146 0.01426243
11.70058503 9.74998793 0.00074764 0.00091490 0.00047827 0.00086129 0.36163379 0.05674644 0.31575642 0.01788709 0.04233564 0.04315551 0.14135925 0.01812376
11.80059003 9.73851830 0.00121677 0.00103727 0.00096872 0.00764508 0.35718664 0.05143894 0.31477555 0.02201721 0.04373290 0.03864889 0.14526763 0.01606438
11.90059503 9.73451167 0.00112936 0.00096332 0.00084877 0.00677554 0.36151517 0.05717242 0.31110173 0.02154080 0.04152802 0.03478470 0.14489176 0.01774841
12.00060003 9.72465644 0.00127737 0.00093854 0.00108098 0.00762861 0.35833668 0.05719982 0.31379986 0.02171983 0.04012463 0.03841871 0.14080029 0.01867468
12.10060503 9.70990026 0.00160403 0.00099946 0.00110463 0.01254101 0.35507630 0.05881900 0.31280903 0.02075434 0.04032165 0.04060782 0.14079355 0.01456917
12.20061003 9.69272460 0.00119311 0.00094025 0.00052351 0.00217204 0.35894343 0.05705039 0.31468823 0.02809677 0.03420437 0.04179753 0.14122372 0.01916665
12.30061503 9.67710299 0.00166394 0.00098115 0.00115376 0.01267805 0.36094985 0.04912483 0.31521998 0.02327614 0.03796423 0.04239060 0.13888479 0.01571269
12.40062003 9.66384807 0.00142902 0.00097846 0.00100047 0.01087846 0.35642198 0.04975438 0.32308835 0.02139995 0.03540742 0.04527059 0.14010379 0.01426713
12.50062503 9.65140055 0.00123434 0.00116124 0.00058375 0.00383334 0.35641455 0.04930417 0.31753011 0.02640374 0.04291034 0.04191016 0.14398377 0.01473050
12.60063003 9.63658426 0.00102162 0.00116896 0.00058146 0.00835593 0.35754745 0.05210120 0.31676734 0.02466522 0.04510810 0.03884925 0.14140816 0.01242532
12.70063503 9.63364485 0.00097551 0.00116091 0.00060960 0.00643350 0.36051841 0.04404275 0.31842374 0.02018447 0.05042258 0.03757045 0.14747437 0.01218372
12.80064003 9.62254526 0.00089702 0.00102365 0.00054595 0.00432360 0.36275317 0.04887533 0.32161851 0.02055541 0.04840097 0.03695384 0.14020370 0.01384886
12.90064503 9.61411320 0.00104891 0.00108226 0.00080889 0.00621524 0.36028855 0.04975206 0.31913059 0.01691195 0.04694444 0.03544763 0.14855416 0.01381532
13.00065003 9.59987493 0.00115321 0.00097412 0.00062075 0.00727509 0.35871561 0.05307587 0.31742544 0.02061973 0.04892997 0.03486037 0.14595486 0.01039498
13.10065503 9.59526750 0.00103201 0.00098844 0.00064365 0.00804046 0.36934069 0.04336128 0.32201175 0.01624069 0.05113463 0.03021664 0.14452448 0.01246526
13.20066003 9.58597864 0.00118226 0.00100362 0.00087425 0.00698352 0.37687828 0.04387466 0.31476630 0.01704279 0.04714223 0.02919432 0.14820956 0.01284820
13.30066503 9.57582511 0.00129913 0.00101118 0.00082342 0.00907891 0.38356307 0.03987158 0.31135632 0.01967428 0.04485468 0.03130895 0.14521476 0.01194374
13.40067003 9.56244814 0.00097889 0.00107067 0.00038665 0.00233548 0.37367703 0.04444468 0.31273909 0.02380376 0.05145184 0.03242629 0.14506136 0.01162427
13.50067503 9.55148056 0.00151246 0.00099000 0.00124134 0.01075697 0.36543418 0.04123126 0.31994440 0.02141285 0.04638503 0.03308397 0.14524639 0.01276115
13.60068003 9.53374088 0.00130401 0.00113537 0.00101953 0.01216830 0.36142708 0.03736038 0.32303283 0.02116345 0.04812403 0.03323594 0.15028069 0.00974840
13.70068503 9.52146081 0.00143518 0.00110168 0.00104426 0.00731494 0.35869943 0.03752546 0.32043644 0.02067602 0.05172558 0.03552630 0.15203687 0.01247784
13.80069003 9.51297053 0.00084778 0.00107000 0.00044382 0.00294626 0.36280578 0.03836386 0.32430872 0.02029243 0.05140445 0.03238469 0.15441106 0.01072117
13.90069503 9.50250199 0.00073858 0.00105297 0.00041594 0.00189389 0.36103095 0.03884591 0.32708082 0.01768466 0.05370657 0.03306058 0.15112869 0.01336044
14.00070004 9.49419917 0.00116440 0.00109786 0.00083062 0.00830967 0.35847038 0.04123478 0.32861798 0.01726010 0.05556455 0.02803999 0.15024923 0.00916044
14.10070504 9.47749801 0.00118769 0.00107382 0.00087000 0.00639067 0.36229572 0.04014560 0.32018995 0.01777260 0.05058847 0.04062827 0.14785204 0.01100518
14.20071004 9.46958990 0.00090707 0.00100782 0.00069709 0.00356525 0.36152238 0.04099029 0.32209678 0.01805126 0.05075206 0.04249918 0.14462095 0.01328985
14.30071504 9.45474587 0.00133228 0.00106442 0.00108231 0.01016687 0.35627736 0.03273292 0.32330336 0.01794986 0.05314654 0.04013822 0.15020832 0.01259754
14.40072004 9.44379961 0.00124086 0.00097878 0.00100987 0.00757098 0.36290204 0.03852696 0.31857350 0.02113268 0.04992957 0.03850156 0.14561610 0.01401708
14.50072504 9.43039271 0.00145331 0.00098743 0.00114355 0.01020313 0.36310760 0.04126343 0.32259704 0.01964270 0.04999222 0.03498424 0.14331572 0.01130964
14.60073004 9.41775508 0.00111695 0.00105904 0.00080848 0.00823320 0.36302664 0.05050767 0.31829529 0.01862225 0.04882991 0.02657263 0.14878911 0.01413881
14.70073504 9.41011654 0.00077306 0.00113124 0.00043165 0.00348509 0.36259257 0.05540055 0.32259811 0.01481268 0.05196354 0.02607593 0.14971454 0.01102103
14.80074004 9.40166894 0.00165167 0.00107070 0.00126251 0.01132928 0.35825919 0.05013562 0.32564905 0.01507287 0.05246190 0.02454855 0.14855916 0.00999949
14.90074504 9.38818745 0.00144954 0.00114460 0.00107361 0.01014081 0.34892938 0.05252614 0.32119927 0.01709158 0.05776462 0.02546398 0.15296213 0.01025435
15.00075004 9.37070833 0.00083344 0.00124907 0.00050347 0.00664642 0.35143126 0.04692830 0.32171121 0.01589183 0.05885102 0.03121567 0.15275745 0.01198087
15.10075504 9.36283149 0.00095222 0.00109729 0.00067435 0.00426762 0.35468484 0.04407181 0.32364567 0.01741470 0.05697040 0.02837078 0.15360179 0.01424852
15.20076004 9.35328289 0.00138493 0.00093713 0.00105623 0.01003479 0.35689908 0.04531234 0.32386935 0.01871088 0.05363624 0.02863275 0.14665820 0.01286809
15.30076504 9.34167455 0.00152258 0.00087440 0.00108859 0.00952598 0.36092734 0.04653146 0.32103805 0.02200831 0.04814566 0.02999478 0.14501456 0.01332831
15.40077004 9.33026335 0.00136572 0.00097937 0.00101236 0.00808236 0.36218971 0.04685309 0.32008417 0.01834119 0.04885661 0.03298025 0.14989014 0.00936502
15.50077504 9.32772585 0.00124146 0.00094709 0.00091049 0.01215517 0.36114939 0.04476519 0.31893643 0.01922137 0.05046220 0.03152829 0.14850489 0.01017803
15.60078004 9.31997877 0.00085168 0.00106019 0.00056890 0.00647706 0.35634504 0.04636893 0.31474216 0.01942781 0.05626546 0.03438595 0.14958716 0.01391968
15.70078504 9.31733232 0.00060443 0.00099567 0.00036227 0.00408150 0.36201410 0.04993921 0.31876333 0.01550657 0.05083434 0.03388396 0.14939255 0.01362205
15.80079004 9.31127023 0.00078091 0.00099700 0.00046153 0.00305611 0.36205733 0.04926547 0.31518994 0.01672508 0.04955598 0.03531794 0.15419976 0.01239296
15.90079504 9.30077119 0.00093339 0.00091795 0.00062869 0.00335668 0.35977438 0.05103847 0.31460291 0.01543861 0.04784863 0.03857459 0.15285613 0.01402958
16.00080004 9.29298664 0.00083833 0.00098776 0.00056387 0.00405492 0.35670812 0.05346827 0.31743264 0.01544176 0.04994938 0.03705900 0.14892210 0.01457385
16.10080504 9.27726047 0.00093838 0.00094112 0.00056614 0.00729006 0.35208001 0.04979656 0.31660908 0.01895769 0.04933384 0.04048868 0.14903595 0.01396250
16.20081004 9.26597419 0.00083527 0.00103203 0.00061693 0.00934493 0.35483713 0.04546094 0.32224988 0.01658685 0.04602514 0.03671474 0.15185581 0.01444034
16.30081504 9.24711819 0.00129104 0.00099122 0.00126062 0.01182091 0.35779019 0.04575694 0.31434775 0.01500437 0.04516920 0.04181125 0.14970165 0.01505486
16.40082004 9.23564273 0.00119631 0.00105534 0.00103175 0.00837273 0.36507796 0.05097604 0.31136905 0.01704184 0.04586476 0.03631585 0.14663290 0.01506549
16.50082504 9.22347878 0.00069373 0.00118961 0.00049077 0.00217718 0.37064253 0.05458858 0.30491719 0.01720967 0.04630641 0.03643527 0.15094427 0.01440480
16.60083004 9.21928860 0.00075211 0.00102955 0.00047552 0.00460452 0.37345805 0.05264878 0.30481257 0.01826361 0.04653529 0.03482420 0.15016454 0.01243126
16.70083504 9.20929337 0.00141949 0.00104935 0.00096622 0.00804797 0.36818555 0.05111545 0.30250206 0.01925183 0.04909719 0.03450972 0.15316585 0.01068931
16.80084004 9.19790437 0.00114281 0.00104552 0.00086590 0.00591617 0.36261579 0.05711931 0.30402043 0.01723462 0.04685676 0.03292826 0.15546150 0.01479295
16.90084504 9.19035984 0.00084668 0.00100717 0.00031927 0.00540215 0.36061754 0.05185087 0.31523458 0.01991107 0.04631411 0.03241087 0.15282660 0.01325910
17.00085004 9.17966175 0.00112646 0.00114015 0.00055834 0.00562567 0.35792826 0.05205264 0.31570409 0.01993067 0.04615486 0.03496852 0.15307263 0.01173769
17.10085504 9.16980745 0.00112720 0.00116708 0.00072693 0.00678647 0.35193811 0.05001690 0.31430181 0.02040051 0.04266364 0.03352706 0.16192936 0.01541495
17.20086004 9.15480592 0.00141283 0.00101789 0.00110112 0.00897636 0.35662539 0.05053014 0.30651827 0.02130995 0.03945144 0.04181516 0.15438701 0.01685444
17.30086504 9.14799696 0.00085233 0.00108645 0.00073164 0.00402671 0.35982092 0.04467432 0.30958930 0.02080960 0.04124646 0.04553614 0.15025687 0.02136925
17.40087004 9.13098512 0.00165788 0.00105225 0.00131941 0.01064700 0.36221255 0.04798968 0.30907326 0.02023231 0.03919509 0.04139223 0.15046685 0.01476148
17.50087504 9.12103968 0.00139998 0.00100145 0.00080218 0.00949463 0.36645481 0.05128261 0.30694167 0.02383241 0.04238358 0.03973230 0.14521849 0.01145590
17.60088004 9.11653901 0.00145486 0.00092824 0.00066834 0.00720833 0.36880727 0.05486332 0.30880833 0.02505957 0.04339327 0.03286170 0.14406289 0.01188387
17.70088504 9.09850812 0.00129019 0.00119483 0.00091015 0.01372126 0.36325445 0.04930759 0.30912233 0.01743431 0.05734901 0.02916112 0.14507938 0.01217537
17.80089004 9.08955690 0.00172673 0.00098610 0.00116537 0.01221254 0.36779009 0.05121767 0.30512495 0.01986352 0.05092125 0.02890072 0.14717761 0.01291345
17.90089504 9.07830714 0.00132768 0.00093602 0.00105224 0.01407773 0.36856396 0.04987033 0.30546834 0.01943088 0.04858617 0.02810282 0.14844551 0.01413832
18.00090005 9.06543769 0.00138323 0.00095560 0.00092781 0.00922617 0.36662359 0.05082253 0.30002143 0.02476668 0.05025910 0.03108314 0.14814028 0.01579044
18.10090505 9.05380553 0.00155598 0.00109562 0.00139396 0.01140636 0.36982435 0.04931505 0.29998293 0.02064980 0.05188563 0.02654090 0.15121146 0.01513795
18.20091005 9.03899256 0.00122348 0.00105550 0.00082505 0.00775633 0.36652688 0.05218299 0.30279472 0.01923849 0.05393660 0.02919585 0.15168630 0.01357782
18.30091505 9.03250948 0.00082570 0.00109582 0.00057519 0.00443836 0.36262788 0.04983660 0.31013567 0.01763941 0.05356939 0.02740983 0.15857124 0.01327490
18.40092005 9.02831636 0.00121386 0.00104986 0.00081212 0.00583856 0.36310379 0.04235714 0.31177531 0.02009220 0.05287161 0.02771248 0.16119943 0.01197365
18.50092505 9.01717104 0.00101479 0.00110353 0.00060001 0.00725590 0.36811134 0.04121897 0.31037209 0.01745717 0.05280624 0.03193033 0.15760680 0.01052284
18.60093005 9.00533808 0.00108605 0.00107159 0.00074067 0.00571899 0.36212306 0.03996302 0.32580987 0.01657031 0.05081292 0.03216049 0.15218256 0.01176047
18.70093505 8.99435293 0.00077356 0.00104638 0.00041994 0.00364688 0.36463784 0.03722447 0.32316608 0.01954291 0.05313703 0.03330421 0.15001267 0.01308803
18.80094005 8.97842033 0.00146793 0.00098395 0.00096711 0.01025555 0.35533760 0.04392935 0.31899382 0.01993263 0.05279618 0.03550481 0.14988845 0.00994263
18.90094505 8.96589807 0.00069788 0.00102712 0.00039967 0.00161854 0.35686430 0.04634293 0.32091529 0.01848700 0.05367022 0.03725239 0.15152307 0.01120159
19.00095005 8.96229151 0.00081001 0.00094792 0.00057116 0.00429982 0.36558217 0.04629681 0.31846511 0.01680562 0.05199056 0.03085697 0.15101424 0.01235961
19.10095505 8.95211013 0.00102209 0.00107752 0.00060526 0.00438336 0.36592799 0.04416246 0.31425261 0.02005028 0.05550774 0.02881838 0.15323413 0.01095817
19.20096005 8.94481941 0.00112662 0.00102665 0.00078557 0.00595195 0.36981268 0.04532278 0.31795521 0.02031565 0.05228974 0.02528949 0.14891571 0.01120794
19.30096505 8.93291742 0.00134397 0.00096303 0.00105944 0.01269052 0.36930469 0.04411567 0.31727925 0.01844826 0.04840305 0.02967245 0.14604998 0.01066968
19.40097005 8.92534947 0.00115480 0.00104288 0.00069001 0.00528986 0.36923316 0.04554982 0.31873894 0.01753102 0.05132364 0.03031780 0.14966138 0.00946668
19.50097505 8.90945507 0.00099994 0.00103033 0.00086758 0.01040543 0.36622922 0.04288083 0.31639664 0.01523133 0.05110748 0.03454097 0.14923634 0.01107392
19.60098005 8.89949404 0.00057493 0.00119448 0.00041866 0.00172873 0.36817183 0.03604495 0.32192228 0.01334537 0.05785436 0.03132056 0.15485705 0.01256679
19.70098505 8.89600570 0.00064386 0.00104162 0.00034879 0.00170113 0.36831857 0.04030056 0.32326048 0.01494780 0.05488031 0.03022169 0.15449901 0.00983617
19.80099005 8.88661623 0.00107438 0.00100629 0.00078511 0.00815349 0.36638322 0.03801562 0.31751710 0.01739010 0.05351207 0.03022815 0.15558132 0.01035315
19.90099505 8.86837136 0.00137753 0.00106077 0.00102928 0.00877646 0.36681062 0.03689544 0.31077091 0.01801544 0.05076452 0.03718243 0.15459318 0.01272341
20.00100005 8.85364008 0.00105319 0.00098166 0.00079782 0.00696905 0.37422715 0.04112709 0.31075547 0.01728559 0.05028412 0.03417386 0.15175161 0.01059339
20.10100505 8.83993121 0.00084446 0.00103593 0.00075359 0.00749169 0.37480752 0.04240666 0.30758823 0.01664327 0.05147329 0.03176502 0.15109504 0.01409531
20.20101005 8.82949824 0.00136143 0.00100550 0.00104131 0.01114295 0.37163791 0.03975210 0.31434807 0.01906288 0.04753925 0.03239986 0.15146927 0.00923947
20.30101505 8.82117012 0.00118275 0.00097250 0.00061672 0.00524151 0.37224549 0.03975709 0.31909555 0.02472907 0.04670590 0.03070004 0.14898056 0.00977283
20.40102005 8.80980850 0.00094712 0.00097297 0.00078832 0.00492568 0.37039279 0.04068662 0.31889946 0.01777587 0.04862729 0.03061795 0.15110748 0.01425844
20.50102505 8.80441643 0.00120101 0.00093259 0.00073943 0.00473614 0.37608325 0.04018203 0.32085698 0.02111595 0.04163219 0.03254378 0.14849500 0.01148166
20.60103005 8.79851086 0.00090530 0.00092074 0.00053942 0.00442196 0.37706245 0.03935464 0.32314128 0.01907446 0.04611922 0.03230934 0.14675631 0.00939489
20.70103505 8.77977658 0.00095813 0.00099969 0.00055306 0.00507374 0.37622524 0.04161212 0.31326254 0.01912831 0.05216728 0.03167246 0.14734524 0.01100217
20.80104005 8.77195072 0.00111965 0.00095110 0.00073990 0.00743160 0.37798152 0.04264051 0.31005788 0.01809197 0.05320262 0.03039835 0.14780688 0.00957803
20.90104505 8.76329355 0.00098296 0.00096384 0.00085980 0.01193557 0.37232080 0.03777427 0.32074126 0.01438890 0.05063465 0.02977716 0.14733945 0.01228134
21.00105005 8.75744377 0.00064632 0.00099581 0.00045321 0.00281509 0.37228817 0.03769435 0.32427261 0.01558737 0.05221430 0.02855348 0.15022911 0.01425016
21.10105505 8.74368157 0.00085458 0.00096416 0.00074751 0.00430857 0.37788712 0.03471808 0.32382416 0.01426263 0.04744462 0.03373482 0.14787995 0.01337381
21.20106005 8.73458119 0.00071875 0.00089462 0.00056126 0.00484785 0.37060307 0.03467720 0.33008012 0.01600889 0.04577705 0.03452752 0.14664513 0.01465853
21.30106505 8.72333728 0.00071031 0.00098768 0.00061167 0.00789044 0.37304177 0.03693373 0.33175596 0.01257095 0.04794281 0.03028372 0.14627178 0.01099918
21.40107005 8.71319588 0.00097749 0.00103629 0.00079144 0.00601038 0.37821992 0.03679425 0.33064007 0.01225142 0.05000436 0.02600895 0.14809935 0.00916608
21.50107505 8.69923946 0.00116538 0.00102167 0.00084901 0.00877240 0.37093742 0.03754435 0.32577096 0.01578229 0.05294851 0.02479975 0.15132144 0.00908682
21.60108005 8.69577923 0.00114364 0.00085194 0.00090545 0.01086217 0.37137145 0.04205441 0.32486413 0.01846187 0.04249814 0.02498775 0.15041434 0.01158472
21.70108505 8.68315492 0.00086229 0.00090452 0.00086043 0.00882758 0.37387967 0.04108333 0.32654167 0.01466385 0.04588449 0.02409250 0.14478965 0.01761002
21.80109005 8.67712455 0.00093485 0.00087158 0.00089384 0.00487577 0.37443285 0.04130389 0.33162566 0.01278673 0.04569382 0.02432817 0.14737609 0.01487675
21.90109505 8.66865278 0.00062338 0.00094825 0.00040026 0.00523079 0.37292252 0.04519334 0.33118337 0.01150307 0.04714968 0.02360065 0.15179618 0.00944851
22.00110006 8.66283201 0.00090738 0.00098173 0.00047659 0.00417545 0.37433713 0.04076564 0.33125444 0.01470239 0.04557210 0.02384643 0.15385460 0.00912610
22.10110506 8.65423284 0.00081895 0.00091544 0.00061424 0.00624889 0.37185631 0.04012117 0.33358701 0.01404886 0.03618337 0.02961870 0.15345786 0.01252919
22.20111006 8.64290232 0.00133227 0.00088639 0.00095323 0.01216408 0.37281562 0.03681733 0.33541139 0.01522197 0.03510413 0.03097846 0.14978246 0.00853267
22.30111506 8.62885819 0.00127900 0.00091004 0.00097545 0.00698204 0.37249270 0.03929155 0.33052862 0.01809050 0.03408645 0.03625083 0.14798219 0.01113063
22.40112006 8.61438377 0.00098317 0.00085224 0.00085042 0.00666071 0.37166785 0.04367748 0.33125170 0.01736998 0.03168202 0.03356666 0.14854619 0.01289158
22.50112506 8.59888767 0.00141094 0.00085059 0.00115283 0.00923116 0.36715917 0.04246708 0.33189070 0.02113097 0.02904703 0.03467215 0.14705250 0.01393486
22.60113006 8.58677783 0.00103362 0.00089597 0.00066549 0.00604786 0.36935736 0.04027177 0.32900214 0.01842669 0.03292036 0.03791134 0.14782416 0.01564323
22.70113506 8.58135778 0.00109269 0.00086738 0.00096762 0.00847818 0.37624228 0.03994763 0.33166183 0.01685423 0.03197849 0.02970123 0.14725002 0.01495842
22.80114006 8.57525865 0.00069753 0.00094721 0.00054625 0.00255960 0.37894069 0.04204798 0.33125497 0.01562733 0.03439316 0.02894038 0.15046398 0.01358092
22.90114506 8.56162589 0.00088361 0.00087497 0.00075171 0.00516467 0.37931295 0.04470424 0.32569006 0.01715272 0.03521471 0.03091293 0.14490731 0.01443012
23.00115006 8.54527229 0.00075597 0.00093331 0.00046344 0.00300982 0.37529070 0.04812911 0.32548354 0.01747643 0.03511448 0.03131181 0.14917798 0.01285342
23.10115506 8.54129528 0.00115031 0.00090915 0.00066913 0.00478855 0.37899882 0.04242682 0.32172840 0.01861817 0.03319163 0.03675524 0.15117201 0.00959179
23.20116006 8.53094957 0.00120108 0.00089934 0.00080562 0.00724076 0.37528323 0.04050845 0.32161638 0.01830074 0.03686685 0.03350132 0.15133419 0.01244203
23.30116506 8.52352940 0.00097923 0.00082080 0.00063088 0.00636754 0.37438383 0.04051466 0.31876733 0.02119292 0.03434841 0.03719268 0.15167962 0.01312210
23.40117006 8.50714369 0.00102403 0.00095379 0.00066700 0.00352579 0.37581474 0.03960030 0.31571706 0.01968429 0.03960614 0.03856682 0.15190827 0.01293177
23.50117506 8.50095935 0.00092580 0.00099655 0.00061094 0.00833443 0.37374084 0.04007179 0.31655177 0.01968217 0.04251782 0.03360134 0.15219302 0.01077353
23.60118006 8.49263993 0.00098582 0.00093834 0.00074649 0.00765400 0.37649737 0.03802845 0.30720871 0.01750927 0.04017819 0.04534758 0.15117739 0.01372839
23.70118506 8.49033545 0.00071159 0.00093632 0.00049976 0.00383763 0.37612567 0.03525240 0.31090756 0.02068479 0.03915931 0.04251330 0.15287113 0.01650052
23.80119006 8.47911308 0.00118403 0.00092504 0.00083458 0.00933077 0.37459791 0.03566095 0.31080526 0.02071225 0.04302342 0.04249984 0.14864837 0.01177757
23.90119506 8.46915225 0.00121746 0.00099600 0.00088521 0.00746052 0.37554788 0.02941675 0.31077931 0.02183230 0.04455702 0.04606610 0.15011978 0.01112165
24.00120006 8.45494476 0.00117770 0.00094075 0.00108434 0.00734700 0.36837078 0.03057974 0.31999453 0.02020114 0.04414667 0.04159283 0.15054727 0.01401725
24.10120506 8.44188926 0.00132483 0.00095986 0.00106164 0.00946318 0.36087201 0.03596887 0.31830465 0.02089474 0.04292626 0.04231165 0.15293721 0.01297509
24.20121006 8.43516364 0.00096585 0.00097143 0.00079834 0.00737997 0.36820678 0.04215425 0.31704263 0.01949670 0.04391145 0.03262561 0.15386771 0.01257927
24.30121506 8.42124584 0.00091259 0.00095114 0.00067639 0.00596032 0.36752829 0.04608307 0.31668146 0.01896716 0.03998568 0.03231424 0.15685343 0.01308623
24.40122006 8.41561597 0.00093692 0.00095269 0.00042408 0.00347236 0.37413211 0.04688985 0.31923374 0.02080220 0.03815687 0.02707030 0.15752459 0.01040429
24.50122506 8.40319504 0.00082789 0.00098487 0.00052346 0.00312275 0.37458842 0.04201909 0.31763262 0.02117845 0.03978206 0.03020701 0.15701202 0.01212136
24.60123006 8.39573956 0.00096091 0.00097821 0.00059858 0.01008956 0.37374956 0.03790788 0.31378564 0.01955698 0.03976046 0.03271165 0.15972613 0.01017444
24.70123506 8.38515156 0.00074733 0.00110500 0.00035172 0.00276922 0.37381510 0.04042247 0.31382938 0.01811121 0.05176763 0.03154484 0.15748289 0.00805322
24.80124006 8.37619047 0.00087155 0.00111041 0.00049163 0.00525672 0.37521626 0.03787588 0.30772883 0.01740038 0.05220675 0.02959669 0.16373774 0.00850715
24.90124506 8.36707215 0.00122514 0.00103950 0.00107454 0.00790194 0.37524576 0.03013647 0.31091955 0.01757390 0.04700461 0.02911560 0.16579058 0.01297242
25.00125006 8.35147637 0.00086480 0.00100058 0.00069389 0.00487103 0.37354976 0.03931153 0.31353934 0.01439389 0.04976820 0.03072246 0.16014212 0.01114240
25.10125506 8.33743774 0.00079601 0.00099326 0.00061128 0.00583527 0.36772849 0.04373919 0.31268819 0.01420312 0.05309205 0.03530971 0.15349802 0.01150542
25.20126006 8.33067071 0.00084033 0.00104787 0.00067608 0.00506188 0.36843077 0.04284815 0.31477731 0.01490527 0.05402178 0.03170764 0.15172228 0.01396065
25.30126506 8.32575013 0.00115893 0.00094640 0.00092217 0.00963609 0.37377740 0.04356445 0.31419835 0.01825486 0.04600081 0.02739436 0.15107704 0.01306913
25.40127006 8.31527752 0.00107141 0.00096908 0.00086610 0.01225717 0.37586144 0.03573002 0.32166817 0.01332802 0.04431609 0.02655662 0.15718522 0.01019066
25.50127506 8.30067214 0.00131263 0.00094881 0.00106065 0.01009521 0.36875639 0.04042833 0.31575454 0.01570805 0.04962727 0.02835023 0.15491299 0.01304490
25.60128006 8.29133273 0.00086325 0.00103422 0.00077362 0.00518531 0.36996379 0.03965575 0.31603653 0.01368864 0.05043155 0.03183575 0.15853392 0.01199769
25.70128506 8.28531990 0.00102247 0.00104244 0.00104512 0.00864502 0.36976620 0.03311971 0.30960998 0.01299442 0.05989498 0.02949503 0.15968639 0.01367822
