0.00000000 13.00000000 0.00000000 0.00000000 0.00000000 0.00000000 0.00000000 0.00000000 0.00000000 1.00000000 0.00000000 0.00000000 0.00000000 0.00000000
0.10000500 13.00390379 0.02709033 0.00146565 0.00790176 0.09803178 0.13585004 0.13270085 0.01649821 0.40958486 0.04261044 0.08673098 0.01357565 0.02795944
0.20001000 12.99888605 0.00833547 0.00146535 0.00556953 0.03756020 0.17830814 0.22972558 0.03106662 0.21485883 0.06376868 0.15242114 0.02939121 0.04752925
0.30001500 12.99193971 0.00466770 0.00124023 0.00297398 0.01847675 0.18547257 0.23112101 0.04562397 0.16285040 0.07218525 0.18884096 0.04747798 0.03906920
0.40002000 12.98676219 0.00471972 0.00115672 0.00240961 0.02028587 0.18702509 0.21690672 0.05131484 0.14674239 0.07420928 0.19960866 0.06029406 0.03532703
0.50002500 12.97491925 0.00529161 0.00125670 0.00272911 0.01695005 0.19239129 0.18429188 0.06371317 0.13964279 0.08303053 0.19758658 0.06760830 0.04550798
0.60003000 12.95741867 0.00563429 0.00134521 0.00298329 0.02258634 0.20598772 0.15140463 0.07716639 0.13491901 0.08731863 0.19350736 0.06818204 0.04896508
0.70003500 12.94753229 0.00488540 0.00128549 0.00306247 0.02298943 0.21601297 0.13771758 0.08771053 0.11234256 0.09103939 0.19826675 0.06995162 0.05473581
0.80004000 12.93681105 0.00413283 0.00125286 0.00252697 0.01723112 0.23226072 0.12708797 0.10315045 0.09995095 0.08424109 0.19803123 0.07709488 0.05303894
0.90004500 12.93271774 0.00294318 0.00123585 0.00162127 0.01245418 0.24818274 0.12465686 0.11232623 0.08623485 0.09052606 0.20196546 0.07572912 0.04212419
1.00005000 12.93005813 0.00314941 0.00104669 0.00200301 0.01316868 0.24839300 0.12556104 0.11512379 0.08433182 0.08562090 0.20107604 0.07581562 0.04471000
1.10005500 12.91889283 0.00377366 0.00103823 0.00168232 0.01330557 0.25484597 0.13257104 0.11960046 0.09461110 0.08298387 0.18096223 0.07753147 0.03709408
1.20006000 12.90877935 0.00280798 0.00112634 0.00124193 0.00593217 0.26434310 0.13734390 0.13009616 0.08952812 0.08207637 0.16451432 0.08035804 0.04063157
1.30006500 12.90235077 0.00330074 0.00099800 0.00218414 0.01273147 0.26938104 0.14811562 0.12688194 0.08757154 0.07699166 0.14759549 0.07974736 0.04450099
1.40007000 12.89365030 0.00427735 0.00102961 0.00305230 0.01733785 0.27886319 0.15131966 0.12905116 0.08523378 0.07895298 0.12923718 0.07810306 0.04354187
1.50007500 12.88023909 0.00370595 0.00120576 0.00239126 0.01269345 0.28331657 0.15359413 0.13225553 0.08315102 0.07953730 0.11835150 0.08768484 0.04211269
1.60008000 12.87257078 0.00353335 0.00131996 0.00188749 0.00971594 0.29053900 0.15271080 0.13915649 0.08394487 0.08663748 0.10129412 0.09034707 0.03891343
1.70008500 12.86079671 0.00367874 0.00128651 0.00207552 0.01648734 0.30093510 0.15834168 0.14150808 0.07509501 0.08680046 0.09028525 0.08746985 0.03603647
1.80009000 12.84972495 0.00374598 0.00135753 0.00196956 0.01659239 0.31071642 0.14791970 0.14603511 0.07011870 0.08326015 0.09038426 0.09463079 0.03326941
1.90009500 12.83592693 0.00347926 0.00122669 0.00221857 0.01883222 0.31301459 0.13821020 0.16441436 0.06260925 0.07941305 0.09086150 0.08793130 0.03778900
2.00010001 12.82898038 0.00265019 0.00122207 0.00144229 0.01063888 0.32521663 0.12689821 0.17207935 0.05956022 0.08243846 0.09296405 0.08904349 0.03584615
2.10010501 12.81494395 0.00299582 0.00128897 0.00225503 0.01512915 0.33702657 0.11750491 0.17531821 0.05261878 0.07912399 0.09241714 0.08724227 0.03707916
2.20011001 12.80325800 0.00269879 0.00132039 0.00191603 0.01314045 0.32974957 0.11355596 0.19028589 0.05153099 0.07973152 0.09031798 0.08891264 0.03683981
2.30011501 12.78591898 0.00256581 0.00128553 0.00154714 0.00912591 0.33734546 0.10123511 0.20293638 0.04836330 0.07343328 0.09894754 0.09299936 0.03021519
2.40012001 12.76871432 0.00185993 0.00135999 0.00130011 0.00795085 0.33519198 0.09368517 0.21162277 0.04526072 0.07375380 0.09534833 0.10007147 0.03259488
2.50012501 12.75759839 0.00191545 0.00136413 0.00103500 0.00527863 0.32919480 0.09982508 0.21350724 0.04458219 0.07641472 0.09122987 0.10551911 0.03013379
2.60013001 12.74355651 0.00187045 0.00132009 0.00112405 0.00644329 0.33362613 0.09278755 0.21419583 0.04734405 0.07691090 0.09060763 0.10194704 0.03182296
2.70013501 12.73716770 0.00167014 0.00140191 0.00090467 0.00802882 0.34117215 0.09876990 0.22006082 0.03953185 0.07713684 0.07975449 0.10622827 0.02534012
2.80014001 12.72836453 0.00187547 0.00139382 0.00094407 0.00651483 0.34401959 0.09804379 0.22227869 0.04158003 0.07859299 0.07207284 0.10971491 0.02296897
2.90014501 12.71168656 0.00228545 0.00126277 0.00163168 0.01318550 0.34540775 0.08751666 0.22643418 0.03873957 0.08038823 0.06943971 0.10850707 0.02520144
3.00015001 12.70198178 0.00209552 0.00121813 0.00139007 0.01192843 0.35659886 0.08627882 0.22681876 0.03719694 0.08283697 0.06035608 0.10652728 0.02675414
3.10015501 12.68637272 0.00187849 0.00127560 0.00137861 0.00945456 0.36045856 0.08299278 0.23216844 0.03633339 0.08059031 0.05957605 0.10950709 0.02438612
3.20016001 12.67128783 0.00204002 0.00135043 0.00150561 0.00827863 0.35874737 0.08657421 0.22597266 0.03805940 0.07918375 0.06198891 0.11074579 0.02555322
3.30016501 12.65065736 0.00265823 0.00143113 0.00177533 0.01307907 0.36243896 0.08074219 0.22535055 0.04007843 0.07845307 0.05886491 0.11432629 0.02080185
3.40017001 12.63508327 0.00165163 0.00146437 0.00092647 0.00517633 0.35892325 0.08077038 0.23193328 0.03732852 0.08304313 0.05500836 0.11863597 0.02513831
3.50017501 12.62472886 0.00176898 0.00132439 0.00111844 0.00865153 0.36127111 0.07835218 0.23792433 0.03583041 0.08215678 0.05725716 0.11132340 0.02302130
3.60018001 12.61341613 0.00234664 0.00125348 0.00161965 0.01451232 0.35621864 0.07789937 0.24233943 0.03695496 0.08067270 0.06096221 0.10551575 0.01970485
3.70018501 12.60222940 0.00148770 0.00147716 0.00111083 0.00372360 0.35848217 0.07529637 0.24523834 0.03354480 0.08498275 0.05749372 0.10981958 0.02734297
3.80019001 12.58100805 0.00218470 0.00131668 0.00182829 0.01932194 0.35448973 0.07262696 0.24650504 0.02924105 0.08361492 0.05809688 0.10807362 0.02270019
3.90019501 12.56932488 0.00212869 0.00134799 0.00151281 0.01091862 0.35735524 0.06988834 0.25636532 0.03215513 0.07798474 0.05795431 0.11094672 0.02144210
4.00020001 12.55611251 0.00194009 0.00133735 0.00120099 0.00902950 0.35819179 0.07045304 0.25556565 0.03447698 0.08466353 0.05375584 0.11024167 0.01914356
4.10020501 12.54480526 0.00143952 0.00142671 0.00085571 0.00492244 0.35965476 0.06586540 0.25374278 0.03043570 0.09101582 0.05518759 0.11615992 0.01929363
4.20021001 12.53382273 0.00169574 0.00134955 0.00104399 0.01006278 0.35975671 0.06404783 0.25312560 0.03471048 0.08543408 0.05129608 0.11833407 0.01914309
4.30021501 12.52249600 0.00173299 0.00131870 0.00126188 0.00813272 0.35782441 0.06830233 0.25697965 0.03351935 0.07806134 0.04822050 0.12181590 0.02283022
4.40022001 12.51271558 0.00186512 0.00137191 0.00110547 0.01030540 0.35686316 0.06541860 0.25745663 0.03700473 0.07901620 0.04727087 0.12329209 0.01902981
4.50022501 12.50420645 0.00123071 0.00133263 0.00070708 0.00209303 0.36358997 0.07060750 0.25950096 0.03168748 0.08129734 0.04679574 0.12227910 0.01887845
4.60023001 12.48460710 0.00116069 0.00133004 0.00069838 0.00485671 0.35930401 0.06705031 0.26373552 0.03120149 0.07732553 0.05357394 0.12030491 0.01945848
4.70023501 12.47047991 0.00224776 0.00125907 0.00154539 0.01031478 0.36041817 0.06266261 0.26269913 0.03117524 0.07523190 0.05570361 0.11839173 0.01835061
4.80024001 12.46110450 0.00178688 0.00138855 0.00095620 0.00691949 0.36541906 0.05554584 0.26377308 0.03443506 0.07896765 0.05147498 0.11645167 0.02288156
4.90024501 12.44764929 0.00136738 0.00128704 0.00088868 0.00532633 0.36453757 0.05927049 0.27130365 0.02795325 0.07889502 0.05181787 0.11797672 0.01937599
5.00025001 12.43680533 0.00103116 0.00136628 0.00037897 0.00440235 0.36231729 0.06013333 0.28108445 0.02589117 0.08129231 0.04413334 0.12393967 0.01402967
5.10025501 12.42507065 0.00137365 0.00132280 0.00094388 0.01111286 0.35310211 0.05957627 0.28499887 0.02343506 0.08323288 0.04269948 0.12534335 0.01285881
5.20026001 12.41726202 0.00189566 0.00138350 0.00104502 0.00897276 0.35373038 0.05902138 0.28095967 0.02975524 0.08046790 0.04276366 0.12745854 0.01254629
5.30026501 12.40211595 0.00144901 0.00150336 0.00074043 0.00639866 0.34703946 0.05657879 0.28467563 0.02966583 0.07970082 0.04387946 0.13308072 0.01528782
5.40027001 12.39338616 0.00113526 0.00158059 0.00063791 0.00440955 0.35282734 0.06194817 0.28386967 0.02473612 0.08131277 0.03745076 0.13440963 0.01568223
5.50027501 12.38110872 0.00145506 0.00151534 0.00066468 0.00702504 0.34491954 0.06295438 0.28359053 0.02698375 0.08506238 0.03726569 0.13491221 0.01365140
5.60028001 12.36313766 0.00111634 0.00160346 0.00060566 0.00493985 0.34302207 0.06039340 0.28560099 0.02333116 0.09043900 0.03761992 0.13533448 0.01599367
5.70028501 12.34750199 0.00131334 0.00139131 0.00098567 0.00695580 0.34713787 0.05560632 0.28383585 0.02225295 0.08826446 0.03979608 0.13337051 0.01908984
5.80029001 12.33264743 0.00135386 0.00132129 0.00112888 0.00835711 0.34853208 0.05672950 0.28403592 0.01941614 0.08295197 0.04684875 0.13115874 0.01816576
5.90029501 12.32666164 0.00140521 0.00144075 0.00111366 0.00595858 0.34881074 0.05326825 0.29390126 0.02137616 0.08317296 0.03597393 0.13267429 0.02090421
6.00030002 12.31473892 0.00127227 0.00154806 0.00088623 0.00717283 0.34673491 0.05775153 0.29337822 0.02054069 0.08741513 0.03501247 0.13092369 0.01736398
6.10030502 12.30393133 0.00120269 0.00145373 0.00112782 0.00574196 0.34280424 0.05703412 0.29078928 0.01891882 0.08959946 0.04132643 0.12935329 0.02064816
6.20031002 12.29339850 0.00118420 0.00133734 0.00080765 0.00669956 0.34004692 0.06148634 0.29242877 0.02048570 0.08672294 0.04102760 0.12946403 0.01830895
6.30031502 12.28634865 0.00128910 0.00141112 0.00067488 0.00757346 0.34003084 0.05814691 0.29292911 0.02102865 0.08624880 0.03889319 0.13538012 0.01639381
6.40032002 12.26029210 0.00210105 0.00152720 0.00146053 0.01282893 0.33463265 0.05496530 0.29221478 0.02353508 0.08012277 0.04902931 0.13350261 0.01407981
6.50032502 12.24003988 0.00203699 0.00155138 0.00151221 0.00991358 0.33151679 0.05682809 0.29200366 0.02401173 0.07795942 0.04890633 0.13496875 0.01879106
6.60033002 12.22454391 0.00199857 0.00159261 0.00148056 0.01368058 0.33399773 0.05551544 0.28953955 0.02511128 0.08003900 0.04587399 0.13483110 0.01633958
6.70033502 12.20642915 0.00172142 0.00156279 0.00131919 0.01281088 0.32591704 0.05262822 0.29065546 0.02495268 0.08535578 0.05074845 0.13650893 0.01581916
6.80034002 12.18381712 0.00167772 0.00147909 0.00111390 0.00674573 0.32661970 0.06607487 0.28680357 0.02467306 0.08053275 0.04932146 0.13856489 0.01639326
6.90034502 12.17954414 0.00108357 0.00149288 0.00024078 0.00064376 0.32935045 0.06118345 0.29269688 0.03063082 0.08585359 0.04262741 0.13860619 0.01559022
7.00035002 12.16891424 0.00197718 0.00135474 0.00154804 0.01104832 0.33189721 0.06077844 0.29403323 0.02378629 0.08133953 0.03926230 0.13537529 0.01759943
7.10035502 12.15539210 0.00146675 0.00136459 0.00092345 0.00570081 0.33007997 0.06139982 0.29185276 0.02734829 0.08301447 0.04308181 0.13368822 0.02007906
7.20036002 12.13775208 0.00193408 0.00138848 0.00148231 0.01107461 0.32674711 0.05835441 0.30053507 0.02740912 0.07827022 0.03981358 0.13505913 0.01793189
7.30036502 12.12638570 0.00161774 0.00146379 0.00109794 0.00808675 0.32770451 0.06152170 0.29603420 0.02773977 0.07829951 0.04205569 0.13849799 0.01588042
7.40037002 12.11210989 0.00143223 0.00150890 0.00094831 0.00875608 0.32862471 0.05482776 0.29630312 0.02642546 0.08447007 0.04254543 0.13909320 0.01506473
7.50037502 12.09279908 0.00106694 0.00134939 0.00073108 0.00519430 0.32567627 0.06019087 0.29863550 0.02620409 0.07933897 0.05087766 0.13499986 0.01573506
7.60038002 12.07289779 0.00155782 0.00140152 0.00112428 0.00940475 0.32029547 0.05737696 0.29428880 0.02682341 0.08055705 0.05184605 0.13745717 0.01786673
7.70038502 12.05977142 0.00106661 0.00148824 0.00042308 0.00355916 0.32333478 0.05863780 0.29618884 0.02608163 0.08509971 0.05187137 0.13788843 0.01436035
7.80039002 12.04286553 0.00145070 0.00145246 0.00087779 0.00956397 0.32066702 0.05865161 0.29665734 0.02926815 0.08355451 0.04944208 0.13166867 0.01674570
7.90039502 12.03554945 0.00132880 0.00148558 0.00069454 0.00521989 0.32828570 0.05890607 0.29935205 0.02580799 0.07697064 0.04645658 0.13590603 0.01958614
8.00040002 12.00995335 0.00141918 0.00150139 0.00088984 0.00985331 0.33047178 0.05345877 0.29469424 0.02784818 0.07507443 0.04983974 0.13825815 0.01669096
8.10040502 11.99172262 0.00189294 0.00154454 0.00148938 0.01215541 0.33267688 0.05441117 0.29636407 0.02274272 0.08014396 0.04554719 0.13727054 0.01376119
8.20041002 11.97897098 0.00136952 0.00152196 0.00078874 0.00543498 0.33691600 0.05391052 0.29423656 0.02985138 0.08471426 0.03909463 0.13861122 0.01355024
8.30041502 11.97079547 0.00142532 0.00144741 0.00086642 0.00449790 0.33198876 0.05708695 0.29156021 0.02764495 0.07807320 0.04446284 0.14293042 0.01801563
8.40042002 11.96085680 0.00183376 0.00143045 0.00150810 0.01130846 0.33473055 0.05134222 0.29171602 0.02478186 0.07467733 0.04124037 0.14544564 0.01998522
8.50042502 11.95136339 0.00137704 0.00147918 0.00069915 0.00425363 0.33486785 0.04801227 0.29606121 0.03007058 0.07554040 0.04480903 0.14405136 0.01877829
8.60043002 11.93380785 0.00166310 0.00156010 0.00114911 0.00841647 0.33002511 0.05038625 0.29856856 0.02717241 0.07447612 0.04404195 0.14737011 0.01517070
8.70043502 11.91313665 0.00139885 0.00155379 0.00067460 0.00357998 0.33430975 0.05893076 0.30267375 0.02915195 0.07656533 0.03859077 0.14089737 0.01167308
8.80044002 11.90279156 0.00114246 0.00155134 0.00074029 0.00465565 0.33561962 0.05635014 0.30472754 0.02634257 0.08019524 0.03589995 0.13790626 0.01486895
8.90044502 11.88319986 0.00177028 0.00155860 0.00099196 0.00714362 0.32711561 0.05710756 0.31264456 0.03194677 0.07617879 0.03233591 0.13850244 0.01270391
9.00045002 11.86924727 0.00128850 0.00139442 0.00064353 0.00586613 0.32718213 0.05704133 0.31989608 0.02815215 0.07447460 0.03242208 0.13705277 0.01458629
9.10045502 11.85641028 0.00141811 0.00146615 0.00075562 0.00655108 0.33064278 0.05379564 0.32432564 0.02471000 0.07135901 0.03217262 0.14020642 0.01259693
9.20046002 11.84556152 0.00113466 0.00152807 0.00044893 0.00203949 0.32926679 0.05208429 0.32171543 0.02534519 0.07577342 0.03679785 0.13971630 0.01414959
9.30046502 11.82864825 0.00143349 0.00146881 0.00091802 0.01221839 0.33142054 0.05285842 0.31100718 0.02328587 0.07164519 0.03939518 0.14245828 0.01189064
9.40047002 11.81625018 0.00162124 0.00148950 0.00122597 0.01181030 0.33832592 0.04943129 0.30427579 0.02000611 0.06950996 0.04298582 0.14639884 0.01291928
9.50047502 11.80309316 0.00120263 0.00135381 0.00069931 0.00810748 0.33910005 0.05158372 0.30496225 0.02285018 0.07274268 0.04292410 0.13984121 0.01463258
9.60048002 11.78275126 0.00213252 0.00151490 0.00180834 0.01368487 0.33148574 0.04694364 0.30355842 0.02113930 0.07861092 0.03764993 0.14483001 0.01664140
9.70048502 11.77412408 0.00146611 0.00144608 0.00143525 0.00856758 0.33291066 0.04909389 0.30958971 0.01925202 0.07650600 0.03861433 0.14354755 0.01757082
9.80049002 11.76477531 0.00115599 0.00148002 0.00077915 0.00573112 0.34021251 0.04560523 0.31839201 0.02051628 0.07278230 0.03493243 0.14313316 0.01527980
9.90049502 11.74250154 0.00109306 0.00156950 0.00059742 0.00584045 0.33803831 0.04401398 0.31695155 0.02150179 0.07463002 0.03630147 0.14681062 0.01265182
10.00050003 11.72589059 0.00106876 0.00153874 0.00046367 0.00550858 0.34096607 0.03882853 0.31080388 0.02645826 0.08150008 0.03511902 0.14519123 0.01255319
10.10050503 11.72065295 0.00084875 0.00147004 0.00044489 0.00356432 0.34178952 0.04589970 0.31629636 0.02115143 0.07873261 0.03713280 0.14171147 0.01095811
10.20051003 11.71093175 0.00095682 0.00136654 0.00049543 0.00306491 0.34929778 0.05093363 0.31375678 0.02193392 0.07034119 0.03712208 0.14123772 0.00949320
10.30051503 11.69589669 0.00126426 0.00135093 0.00077897 0.00693177 0.34167512 0.05269184 0.31593952 0.02155668 0.07152482 0.03861098 0.13750961 0.01016551
10.40052003 11.68813831 0.00129151 0.00137239 0.00047523 0.00212541 0.33635167 0.05373510 0.31617456 0.02962676 0.07040642 0.03795042 0.13769497 0.01279558
10.50052503 11.66906585 0.00136392 0.00131183 0.00060287 0.00440297 0.33260880 0.04904581 0.31324779 0.02988051 0.06861963 0.04663244 0.13821194 0.01407147
10.60053003 11.65973684 0.00122905 0.00138177 0.00091349 0.00604429 0.33366540 0.04743327 0.31311333 0.02449333 0.06933167 0.04653866 0.13650783 0.01934791
10.70053503 11.63941589 0.00147765 0.00135198 0.00107992 0.01026754 0.33267450 0.05064483 0.30697787 0.02319449 0.07072017 0.04875327 0.13427548 0.01858230
10.80054003 11.62395040 0.00136184 0.00137361 0.00056294 0.00438665 0.33523368 0.05359143 0.30784681 0.02845614 0.06611811 0.04854977 0.13742779 0.01509123
10.90054503 11.60783246 0.00142984 0.00138889 0.00087689 0.00600045 0.34131643 0.05185276 0.31295828 0.02551737 0.06496944 0.04371485 0.13736695 0.01260785
11.00055003 11.59083094 0.00123701 0.00148406 0.00090216 0.00751688 0.34208127 0.05341077 0.30424155 0.02156801 0.07371682 0.04186269 0.13847630 0.01350249
11.10055503 11.58023228 0.00138405 0.00140211 0.00102291 0.00913645 0.34435827 0.06061046 0.30332109 0.02052191 0.07380525 0.03702906 0.13511328 0.01229516
11.20056003 11.56039130 0.00138023 0.00135921 0.00103134 0.01291873 0.34635165 0.05824414 0.30559235 0.01912691 0.07113272 0.03372501 0.13356408 0.01557364
11.30056503 11.55297870 0.00112998 0.00141867 0.00084351 0.00463824 0.33889643 0.06064448 0.31305133 0.02067555 0.07493830 0.03031962 0.13569527 0.01774861
11.40057003 11.53220270 0.00109029 0.00135567 0.00088193 0.00505923 0.33672242 0.05995536 0.31467808 0.01962439 0.07455631 0.03043557 0.13668752 0.01895323
11.50057503 11.51465035 0.00228945 0.00132572 0.00191402 0.01343484 0.33390245 0.06234006 0.30954456 0.01973758 0.07227738 0.02969081 0.13694989 0.01659325
11.60058003 11.50189769 0.00156511 0.00142089 0.00123204 0.01331636 0.33443837 0.06422943 0.30917821 0.01934395 0.07168864 0.03020116 0.13727389 0.01611194
11.70058503 11.48482415 0.00134604 0.00139322 0.00109320 0.00706009 0.33819170 0.06934863 0.30860726 0.01817829 0.06860229 0.03184456 0.13720554 0.01712919
11.80059003 11.47642930 0.00136103 0.00134193 0.00082257 0.00559649 0.33993348 0.06595828 0.30894665 0.02116066 0.06688099 0.03259196 0.13889695 0.01650902
11.90059503 11.45985337 0.00161046 0.00131790 0.00119781 0.00749844 0.32847696 0.06407126 0.31295741 0.02270466 0.06733660 0.03875704 0.13591112 0.01816032
12.00060003 11.44592622 0.00163260 0.00141760 0.00097310 0.00745769 0.33195537 0.06284051 0.31016178 0.02398177 0.07080284 0.03522905 0.13766241 0.01588528
12.10060503 11.43153785 0.00159805 0.00134323 0.00140292 0.01240100 0.32812110 0.06150782 0.30440416 0.02057048 0.07211105 0.03774570 0.13802047 0.02077404
12.20061003 11.42128108 0.00209151 0.00128154 0.00174819 0.01295561 0.32995410 0.05178964 0.30601685 0.02549769 0.06743429 0.04535888 0.13731321 0.01855847
12.30061503 11.41185435 0.00128234 0.00126144 0.00102136 0.00707726 0.33259671 0.05960842 0.30985562 0.02233572 0.06430627 0.04447829 0.13797997 0.01819661
12.40062003 11.39726818 0.00106119 0.00137766 0.00085459 0.00428448 0.33200498 0.06135931 0.31101951 0.02297236 0.06675823 0.04093926 0.13883962 0.01852882
12.50062503 11.38549878 0.00117809 0.00133932 0.00073402 0.00549606 0.33576223 0.06761661 0.30530791 0.02064049 0.06504829 0.04390623 0.13854225 0.01442850
12.60063003 11.36395247 0.00156121 0.00161298 0.00099729 0.00628491 0.32944702 0.06441826 0.30161397 0.02604108 0.06710071 0.04430859 0.14222532 0.01438865
12.70063503 11.34879694 0.00140956 0.00142555 0.00086250 0.00584720 0.33384114 0.05690611 0.30020748 0.02360357 0.07260570 0.04520401 0.13792012 0.02016706
12.80064003 11.33280073 0.00179951 0.00135087 0.00129671 0.00929257 0.33205061 0.05725472 0.30163655 0.02509092 0.07019265 0.04216419 0.13876932 0.01910138
12.90064503 11.32482976 0.00172867 0.00126070 0.00144176 0.01067404 0.33251357 0.05588510 0.31021117 0.02499972 0.05929620 0.04242922 0.13871836 0.02084150
13.00065003 11.30996098 0.00158742 0.00133861 0.00126536 0.00673094 0.33655291 0.06151221 0.30453678 0.02467885 0.05662846 0.04150098 0.14294324 0.02072424
13.10065503 11.29891787 0.00137134 0.00150239 0.00107100 0.00575422 0.34317630 0.06543514 0.29925361 0.02205821 0.06385383 0.04077421 0.13821387 0.01753588
13.20066003 11.28367030 0.00142402 0.00134285 0.00091118 0.00845296 0.33988691 0.06321491 0.30286435 0.02413122 0.05915103 0.04368788 0.13875486 0.01617783
13.30066503 11.27143327 0.00136993 0.00136231 0.00073813 0.00542227 0.33479194 0.05882034 0.30893887 0.02656521 0.06175728 0.04427703 0.13914960 0.01680709
13.40067003 11.25913536 0.00116847 0.00131476 0.00073395 0.00325592 0.33394507 0.05765311 0.31606811 0.02420543 0.06024008 0.04751122 0.13643198 0.01747191
13.50067503 11.24558029 0.00135717 0.00134354 0.00055067 0.00571822 0.32838589 0.06180539 0.31882397 0.02691567 0.05806570 0.04142015 0.13938090 0.01623274
13.60068003 11.23466165 0.00129439 0.00134822 0.00080632 0.00789852 0.32636979 0.06185327 0.31591128 0.02495556 0.06256658 0.04213384 0.13980413 0.01505810
13.70068503 11.21496723 0.00125286 0.00123700 0.00085073 0.00557400 0.32959827 0.06437218 0.31644880 0.02462333 0.05937274 0.04203140 0.13734319 0.01729551
13.80069003 11.20225025 0.00132589 0.00131949 0.00068532 0.00608642 0.32396870 0.06326499 0.31527919 0.02871248 0.06318511 0.04240902 0.13824752 0.01551587
13.90069503 11.19310860 0.00100475 0.00137761 0.00046979 0.00356497 0.33112749 0.05584802 0.31460503 0.02525284 0.06631326 0.04576908 0.13857661 0.01609054
14.00070004 11.17456571 0.00187778 0.00120777 0.00125996 0.00803086 0.33098555 0.05670819 0.30900421 0.02749797 0.06361058 0.04914305 0.13319189 0.01748219
14.10070504 11.16462171 0.00130451 0.00126203 0.00079234 0.00462197 0.32960082 0.05837501 0.30958847 0.02769917 0.06913330 0.04618867 0.13241537 0.01901833
14.20071004 11.15039939 0.00116881 0.00137256 0.00066243 0.00764069 0.33231566 0.05560384 0.31186347 0.02387803 0.07610974 0.04408239 0.13233857 0.01296381
14.30071504 11.13954393 0.00155093 0.00128236 0.00103535 0.00755929 0.32832804 0.05749591 0.31327383 0.02348731 0.07285360 0.04366558 0.13626217 0.01320563
14.40072004 11.13055359 0.00145313 0.00135051 0.00077339 0.00654709 0.32591535 0.05454876 0.31307701 0.02682262 0.07607379 0.04074021 0.13958333 0.01311480
14.50072504 11.11281244 0.00120087 0.00136958 0.00085899 0.00455379 0.32476728 0.05306813 0.31910259 0.02088669 0.07553449 0.04240962 0.13922606 0.01702192
14.60073004 11.09968837 0.00141412 0.00127961 0.00091487 0.00639271 0.32489546 0.05723961 0.32649028 0.01983516 0.06421814 0.04514096 0.13711651 0.01506257
14.70073504 11.08371612 0.00095018 0.00130460 0.00042577 0.00184680 0.33531402 0.06079614 0.32139277 0.02126006 0.05970700 0.04382307 0.13628162 0.01689798
14.80074004 11.06830512 0.00118717 0.00127468 0.00062407 0.00370841 0.33117771 0.05606509 0.31911487 0.02587713 0.06268919 0.04508964 0.13574354 0.01744850
14.90074504 11.05149182 0.00114125 0.00139373 0.00064990 0.00444049 0.33404715 0.05433906 0.31786259 0.02560477 0.06316477 0.04157950 0.13953177 0.01624503
15.00075004 11.03698676 0.00140673 0.00140739 0.00103208 0.00696811 0.33112417 0.05199891 0.31237433 0.02384394 0.06878961 0.04436473 0.14230451 0.01438550
15.10075504 11.01920617 0.00156527 0.00131551 0.00117327 0.00900059 0.32911294 0.05900465 0.31293186 0.02121914 0.07204191 0.04247347 0.13659778 0.01356362
15.20076004 11.00628550 0.00081648 0.00121529 0.00034884 0.00238813 0.33483104 0.05615403 0.31949197 0.02263723 0.06730468 0.04465815 0.13515703 0.01499713
15.30076504 10.99525019 0.00138108 0.00122144 0.00077407 0.01033629 0.33514930 0.05391039 0.31609236 0.02444241 0.06756570 0.04170819 0.13397120 0.01344757
15.40077004 10.98164725 0.00095071 0.00137150 0.00041868 0.00277270 0.33033539 0.05652591 0.32517722 0.02263667 0.07386093 0.04004945 0.13325496 0.01264589
15.50077504 10.96455419 0.00140248 0.00140196 0.00114594 0.00834063 0.33007577 0.05131516 0.31743881 0.02275226 0.07714081 0.03739493 0.13394265 0.01764861
15.60078004 10.95036931 0.00202361 0.00132887 0.00135176 0.01291742 0.32244199 0.04600406 0.32022821 0.03079999 0.07588792 0.03339693 0.13811301 0.01550623
15.70078504 10.93286601 0.00242234 0.00132860 0.00191905 0.01476201 0.32475659 0.04596806 0.31691633 0.02751938 0.07642754 0.03437108 0.13657094 0.01703808
15.80079004 10.92131384 0.00121448 0.00148996 0.00095999 0.00775375 0.32045377 0.05005557 0.32876705 0.01990883 0.07393966 0.03395006 0.14734956 0.01415732
15.90079504 10.90244100 0.00143271 0.00155067 0.00084085 0.00823741 0.32682554 0.04962373 0.31784688 0.02247356 0.07746605 0.03213878 0.14831087 0.01325295
16.00080004 10.89229722 0.00129206 0.00157138 0.00081614 0.00874129 0.32856606 0.04849440 0.31319294 0.02027226 0.08244731 0.03443337 0.14822231 0.01195048
16.10080504 10.87775372 0.00185740 0.00141256 0.00124963 0.01206981 0.32925631 0.04870746 0.31218155 0.02233881 0.07781139 0.03973303 0.14133819 0.01204386
16.20081004 10.86177592 0.00157940 0.00139934 0.00118235 0.00733860 0.33693065 0.04477197 0.31396294 0.02301734 0.07772260 0.03775553 0.13598447 0.01835481
16.30081504 10.85207977 0.00134277 0.00142970 0.00094461 0.00728957 0.34574187 0.04305889 0.32018147 0.01961467 0.07495992 0.03449372 0.13768704 0.01325577
16.40082004 10.83862234 0.00150548 0.00135629 0.00105997 0.01012417 0.34391829 0.04262516 0.32316222 0.01978595 0.07350246 0.03353090 0.13806074 0.01136837
16.50082504 10.82328813 0.00178425 0.00125536 0.00142198 0.01302298 0.34383530 0.04247077 0.31871532 0.02229759 0.06821096 0.03521718 0.13798307 0.01378526
16.60083004 10.81760826 0.00098240 0.00121043 0.00090004 0.00485102 0.34554756 0.04593676 0.32480570 0.01998036 0.06579999 0.03314526 0.13863632 0.01820417
16.70083504 10.80789045 0.00143254 0.00134231 0.00113122 0.00875392 0.35316456 0.03771089 0.32681669 0.01949496 0.06690016 0.03151437 0.13777628 0.01396209
16.80084004 10.79888561 0.00095622 0.00141324 0.00068149 0.00632447 0.35756200 0.03537401 0.32931021 0.01832006 0.06977214 0.03269346 0.13594241 0.01165029
16.90084504 10.78866915 0.00098279 0.00132896 0.00042138 0.00794233 0.36205059 0.03844350 0.32957652 0.01935644 0.06668419 0.02908682 0.13635974 0.00776674
17.00085004 10.77567033 0.00066168 0.00139740 0.00030303 0.00340453 0.36108862 0.03821170 0.32249076 0.01960783 0.06973316 0.03373430 0.14129006 0.00807694
17.10085504 10.76694127 0.00085792 0.00130516 0.00050770 0.00496409 0.36191187 0.03517206 0.32191928 0.01837664 0.06450231 0.03152821 0.14636138 0.01259337
17.20086004 10.75708521 0.00105322 0.00128830 0.00092958 0.00701731 0.36487124 0.03148878 0.31858990 0.01867464 0.06163900 0.03272590 0.14561157 0.01611057
17.30086504 10.74256702 0.00105904 0.00122187 0.00078501 0.00679706 0.35985382 0.03759891 0.32117162 0.02116473 0.05845519 0.03431483 0.14329750 0.01428042
17.40087004 10.72873733 0.00100864 0.00137027 0.00064510 0.00400788 0.35886002 0.04325592 0.32224373 0.01884070 0.06315083 0.03144724 0.14637516 0.00879453
17.50087504 10.71446862 0.00124763 0.00138841 0.00080254 0.00687650 0.35664977 0.03888093 0.32089043 0.01930772 0.06513870 0.03223302 0.14593268 0.01065166
17.60088004 10.70539919 0.00064185 0.00129746 0.00032283 0.00362472 0.36227092 0.03717072 0.32266944 0.01642831 0.06183296 0.03539544 0.14792922 0.01041612
17.70088504 10.69261278 0.00098464 0.00131412 0.00062485 0.00630599 0.35974847 0.03804062 0.32259652 0.01670300 0.06402516 0.03526788 0.14231573 0.01207302
17.80089004 10.68076217 0.00082656 0.00124717 0.00060953 0.00596749 0.35935308 0.03877182 0.32206396 0.01803209 0.06286689 0.03787698 0.14046890 0.01191553
17.90089504 10.66653080 0.00139896 0.00129787 0.00085916 0.00633210 0.36493850 0.03762916 0.32090221 0.02193814 0.05989031 0.03631375 0.13897111 0.00952873
18.00090005 10.65231170 0.00119117 0.00138487 0.00082458 0.00456287 0.36523974 0.03986333 0.32753338 0.01702595 0.05704000 0.03338022 0.14080201 0.01115190
18.10090505 10.63328304 0.00096762 0.00120592 0.00049310 0.00702465 0.36367334 0.04339419 0.32801773 0.01914229 0.05269195 0.03524012 0.13641105 0.01173804
18.20091005 10.62260488 0.00122957 0.00136804 0.00072652 0.00480957 0.35862095 0.04397913 0.32745695 0.01955488 0.05546758 0.03356741 0.14108647 0.01213293
18.30091505 10.60882396 0.00111648 0.00131160 0.00080300 0.00751258 0.36243930 0.03950381 0.32561551 0.01939342 0.05182145 0.03283581 0.14281214 0.01483491
18.40092005 10.60246575 0.00083549 0.00127851 0.00065671 0.00323582 0.36316600 0.04618775 0.32601315 0.01794209 0.05479107 0.03050662 0.14075128 0.01463553
18.50092505 10.59153501 0.00068213 0.00127880 0.00040520 0.00347216 0.35923764 0.04608819 0.33283662 0.01549229 0.05574939 0.03014328 0.14089755 0.01371674
18.60093005 10.57367254 0.00091460 0.00132275 0.00052156 0.00295638 0.35913308 0.04415095 0.33010497 0.01685035 0.05951180 0.02712283 0.14592740 0.01148333
18.70093505 10.56133133 0.00071715 0.00129098 0.00041361 0.00401716 0.36008487 0.03969237 0.33186578 0.01495458 0.06260689 0.02793105 0.14615148 0.01027408
18.80094005 10.54838442 0.00045209 0.00133792 0.00025152 0.00032925 0.36329763 0.03660617 0.33232305 0.01293760 0.05778736 0.03092724 0.15125404 0.01249615
18.90094505 10.53887636 0.00088647 0.00117017 0.00059344 0.00516378 0.36247529 0.03591992 0.33722305 0.01611377 0.05441104 0.03223847 0.14272046 0.01108415
19.00095005 10.52557594 0.00117545 0.00128975 0.00090808 0.00559521 0.35813081 0.03377141 0.33767305 0.01795741 0.05972605 0.03149190 0.13918033 0.01310054
19.10095505 10.50927953 0.00110967 0.00120017 0.00086470 0.01005262 0.35315261 0.03487188 0.33815342 0.01679633 0.05532997 0.03177000 0.14016383 0.01653480
19.20096005 10.50075963 0.00073350 0.00120637 0.00062138 0.00297421 0.35389502 0.03669782 0.34307231 0.01722685 0.05672520 0.03121544 0.14110111 0.01453080
19.30096505 10.48186176 0.00101145 0.00128342 0.00093129 0.00474429 0.35031403 0.03752075 0.33927472 0.01541851 0.05873227 0.02938156 0.14439556 0.01699216
19.40097005 10.46350746 0.00139465 0.00124860 0.00111564 0.00685837 0.35228748 0.04081214 0.33708815 0.01892211 0.05211146 0.03006800 0.14726430 0.01082910
19.50097505 10.45157771 0.00125137 0.00130566 0.00077346 0.00502456 0.35575817 0.04216562 0.33425377 0.02015006 0.05770186 0.02510857 0.14698054 0.00952637
19.60098005 10.43432871 0.00139155 0.00128570 0.00098856 0.01113270 0.35267428 0.03974621 0.33542760 0.02006497 0.06027938 0.02507753 0.14233302 0.00959849
19.70098505 10.42153296 0.00111792 0.00136011 0.00063384 0.00383416 0.35230021 0.03860790 0.33021118 0.02060334 0.06486470 0.03038857 0.14526380 0.01081428
19.80099005 10.41427800 0.00107202 0.00130639 0.00055137 0.00462545 0.35186796 0.03627264 0.33069623 0.02072341 0.06137689 0.03156408 0.15075254 0.00919103
19.90099505 10.40044597 0.00147776 0.00119305 0.00074359 0.01037364 0.34259994 0.03570688 0.33222447 0.02543407 0.05613144 0.03474634 0.14985110 0.00951772
20.00100005 10.39254550 0.00142143 0.00124209 0.00086975 0.00882104 0.34887362 0.03856554 0.33851425 0.02041469 0.05402390 0.03335237 0.14534613 0.00855518
20.10100505 10.38069979 0.00120405 0.00124597 0.00062968 0.00345640 0.34516640 0.04355447 0.33333313 0.02109081 0.05675390 0.03657299 0.14750060 0.00949161
20.20101005 10.37249737 0.00090874 0.00128132 0.00047254 0.00402705 0.34101703 0.04045827 0.33152168 0.02186224 0.05540612 0.03792804 0.15277385 0.01234312
20.30101505 10.36430657 0.00117924 0.00130628 0.00076292 0.00629393 0.34296295 0.03858733 0.32935530 0.02036864 0.05948911 0.03841735 0.14888636 0.01239060
20.40102005 10.34669210 0.00123255 0.00127490 0.00104358 0.00894248 0.34792454 0.04030140 0.32897688 0.02161064 0.05201118 0.03532890 0.14581250 0.01554043
20.50102505 10.33376269 0.00087660 0.00125753 0.00062863 0.00215783 0.35198078 0.04296471 0.33269426 0.02147426 0.05275277 0.03197742 0.14531465 0.01592055
20.60103005 10.32212268 0.00147728 0.00126912 0.00121522 0.00812755 0.35193407 0.03851080 0.33263419 0.01868068 0.05888140 0.03191090 0.14328122 0.01207757
20.70103505 10.31300534 0.00107132 0.00139407 0.00092344 0.00636010 0.34907753 0.03636725 0.33792565 0.01822516 0.06055452 0.02646584 0.14904823 0.01258690
20.80104005 10.30377556 0.00084525 0.00135700 0.00052324 0.00493815 0.35209563 0.03255584 0.32981468 0.02068606 0.06213903 0.02952584 0.15459367 0.01092562
20.90104505 10.29481452 0.00081992 0.00122398 0.00059472 0.00286027 0.35968978 0.03779259 0.32710005 0.01836063 0.05694506 0.03205301 0.15104113 0.01151887
21.00105005 10.28346277 0.00096438 0.00120565 0.00050977 0.00844795 0.35651166 0.03352608 0.32565728 0.02214884 0.05538684 0.03435164 0.15123858 0.01005134
21.10105505 10.26557023 0.00177146 0.00125266 0.00130389 0.01251629 0.34980610 0.03391721 0.32833112 0.02174000 0.05102098 0.03912860 0.14958913 0.00962254
21.20106005 10.24430621 0.00190154 0.00130538 0.00149397 0.01111022 0.35176399 0.03853825 0.32095144 0.01864668 0.05333088 0.04498178 0.14664830 0.00932755
21.30106505 10.23563504 0.00119009 0.00123118 0.00071800 0.00581900 0.34957901 0.03671777 0.31981896 0.02286462 0.05487696 0.04824288 0.14649390 0.01244764
21.40107005 10.22206154 0.00093373 0.00132646 0.00062980 0.00434439 0.34672177 0.03817309 0.32279619 0.02041728 0.05812927 0.04330269 0.14902631 0.01419903
21.50107505 10.20818322 0.00076017 0.00128176 0.00021328 0.00052292 0.34592407 0.03520330 0.32364511 0.02299672 0.06423310 0.04961696 0.14491597 0.01068665
21.60108005 10.19901277 0.00088418 0.00126536 0.00051554 0.00299877 0.34607318 0.03377916 0.32572974 0.02359320 0.06243325 0.03969375 0.15049847 0.01253540
21.70108505 10.18750716 0.00080201 0.00118336 0.00044635 0.00378835 0.35755733 0.03956548 0.31646276 0.02033501 0.06184426 0.04257667 0.14495229 0.01048611
21.80109005 10.17011748 0.00124558 0.00121857 0.00081976 0.00867830 0.35978409 0.03883744 0.31160279 0.02313229 0.06366490 0.03818637 0.14172967 0.01110028
21.90109505 10.16134688 0.00089989 0.00134526 0.00058128 0.00301235 0.36149881 0.03896955 0.32008601 0.02119952 0.06166454 0.03514079 0.14340538 0.01219661
22.00110006 10.14799405 0.00114864 0.00118645 0.00081497 0.01105320 0.35215915 0.03748215 0.32167296 0.02326977 0.05700158 0.03735938 0.14597987 0.01087189
22.10110506 10.13608594 0.00130908 0.00119629 0.00079113 0.00752572 0.35166940 0.04020180 0.32488500 0.02330662 0.05537606 0.03528779 0.14887324 0.00957786
22.20111006 10.12311102 0.00157866 0.00114920 0.00108798 0.01078207 0.34488571 0.04922657 0.32221067 0.02383765 0.05371425 0.03337790 0.14804017 0.01010917
22.30111506 10.11044978 0.00114775 0.00125003 0.00058877 0.00505471 0.34857685 0.04801557 0.32901105 0.02058957 0.04801925 0.03412618 0.15114281 0.01247745
22.40112006 10.10250784 0.00138569 0.00119652 0.00092200 0.00558769 0.35044177 0.04667149 0.32289886 0.02154476 0.04919403 0.03743698 0.14826881 0.01445139
22.50112506 10.08618384 0.00133128 0.00126333 0.00073133 0.00984214 0.35005599 0.04503640 0.32075552 0.02381492 0.04633365 0.03388454 0.15359151 0.01335938
22.60113006 10.07265713 0.00109853 0.00128925 0.00045439 0.00320046 0.35023165 0.04775071 0.32071420 0.02365796 0.04978346 0.03731927 0.15398144 0.01051868
22.70113506 10.05718738 0.00169095 0.00119502 0.00129549 0.01308830 0.34478039 0.04929992 0.31164000 0.02266785 0.05168637 0.03720895 0.15269823 0.01274854
22.80114006 10.04632300 0.00116887 0.00120494 0.00068090 0.00695582 0.34816807 0.05039417 0.31842250 0.02282590 0.04612202 0.03811499 0.15008247 0.01585935
22.90114506 10.03282401 0.00127763 0.00117087 0.00103061 0.01010172 0.34771012 0.04955703 0.31824196 0.02156443 0.04677339 0.04201409 0.14610367 0.01445448
23.00115006 10.01791082 0.00121601 0.00125152 0.00054449 0.00438121 0.35112201 0.04533261 0.32203971 0.02497043 0.04860767 0.04162312 0.14697909 0.01193214
23.10115506 10.00868526 0.00171487 0.00115235 0.00109521 0.00874806 0.36232375 0.04481265 0.32138615 0.02589550 0.04120087 0.03627689 0.14393688 0.01145682
23.20116006 9.99138284 0.00142737 0.00111689 0.00096202 0.00739297 0.35967875 0.04921498 0.31799332 0.02204150 0.04183785 0.04769183 0.13937319 0.01126933
23.30116506 9.97636519 0.00090293 0.00127557 0.00023988 0.00377060 0.35855110 0.04949005 0.31367070 0.02602671 0.04622949 0.04546741 0.14227314 0.01210242
23.40117006 9.96363640 0.00120815 0.00120015 0.00089820 0.00677205 0.35674624 0.04960812 0.31725339 0.02107240 0.04845198 0.03980126 0.14234825 0.01463981
23.50117506 9.94982473 0.00184135 0.00123581 0.00100923 0.00999403 0.35240350 0.04766497 0.31520503 0.02665770 0.05138631 0.03388412 0.14776934 0.01094859
23.60118006 9.93628317 0.00094392 0.00119918 0.00044151 0.00136866 0.35615489 0.04879108 0.31808087 0.02609308 0.04685295 0.03209168 0.15171210 0.01627006
23.70118506 9.92093540 0.00080654 0.00128904 0.00039939 0.00175567 0.35458433 0.04514593 0.32480053 0.02310593 0.05062184 0.03252640 0.15070427 0.01426014
23.80119006 9.89795625 0.00123426 0.00139525 0.00076768 0.00701967 0.35345275 0.04888376 0.32165268 0.01880578 0.05914566 0.03151869 0.14635365 0.00977017
23.90119506 9.88231847 0.00165994 0.00132194 0.00134772 0.01142044 0.34903316 0.04512447 0.32517240 0.01736137 0.05830472 0.03311681 0.14616777 0.00996925
24.00120006 9.86417315 0.00071856 0.00128915 0.00051959 0.00344786 0.35005918 0.05058936 0.32471138 0.01716019 0.05729657 0.03227685 0.14864373 0.01328759
24.10120506 9.85741183 0.00084357 0.00126639 0.00069252 0.00793443 0.35359221 0.04271918 0.32039534 0.01646074 0.05941581 0.02991877 0.15133025 0.01543079
24.20121006 9.84705472 0.00159352 0.00136097 0.00123176 0.01210206 0.35296649 0.03871754 0.31807033 0.01719947 0.06219384 0.03127864 0.15140837 0.01187701
24.30121506 9.83367177 0.00125646 0.00129061 0.00109668 0.01327429 0.34674241 0.04328186 0.32452006 0.01397772 0.06370347 0.02383933 0.15174344 0.01527367
24.40122006 9.81369006 0.00163542 0.00120221 0.00120222 0.01145643 0.34913955 0.04548526 0.32070041 0.01634250 0.06287154 0.03511570 0.14408629 0.01076246
24.50122506 9.80877915 0.00133279 0.00129407 0.00092398 0.00753645 0.34618205 0.04799961 0.32176659 0.01953204 0.06180323 0.03252095 0.14895407 0.01015417
24.60123006 9.79820782 0.00131601 0.00131076 0.00119399 0.00817784 0.34980229 0.04552359 0.31923566 0.01652208 0.06169514 0.03085696 0.14995615 0.01440954
24.70123506 9.78034841 0.00133905 0.00134095 0.00115307 0.00777093 0.34491263 0.04611082 0.31942158 0.01734142 0.06756772 0.03402334 0.14475712 0.01426137
24.80124006 9.77186759 0.00107592 0.00122515 0.00045382 0.00316627 0.34117330 0.04884631 0.31952319 0.02152528 0.07332503 0.03176958 0.14275333 0.01516282
24.90124506 9.75854753 0.00092160 0.00132538 0.00059521 0.00366904 0.33927097 0.04555146 0.32019863 0.01935304 0.07590869 0.03298990 0.14529633 0.01491974
25.00125006 9.74888174 0.00092442 0.00136323 0.00044949 0.00209612 0.34019048 0.04469163 0.31768113 0.01908657 0.07220463 0.03510148 0.15256052 0.01365029
25.10125506 9.74014126 0.00115348 0.00138982 0.00085296 0.00617016 0.33876472 0.03951553 0.32133510 0.01788589 0.07017878 0.03766897 0.15433158 0.01075300
25.20126006 9.72896073 0.00174582 0.00126927 0.00143646 0.01038245 0.34110423 0.04356662 0.31677755 0.01915240 0.06904845 0.03790674 0.14580049 0.01180952
25.30126506 9.71967415 0.00099649 0.00128636 0.00059108 0.00502936 0.33949505 0.04963562 0.31804321 0.01816670 0.07482946 0.03657565 0.14434593 0.01100510
25.40127006 9.70418848 0.00114670 0.00125043 0.00071572 0.00796343 0.33962781 0.04790406 0.31718741 0.02238768 0.06745375 0.03709927 0.14448061 0.01278314
25.50127506 9.69342369 0.00155266 0.00119888 0.00115986 0.00863958 0.33932194 0.04619246 0.32117849 0.01999572 0.06974933 0.03389151 0.14255135 0.01456820
25.60128006 9.68458764 0.00105675 0.00115879 0.00050971 0.00338772 0.33923917 0.04928037 0.32459282 0.02179143 0.06915166 0.03499603 0.14185756 0.01297798
