0.00000000 5.00000000 0.00000000 0.00000000 0.00000000 0.00000000 0.00000000 0.00000000 0.00000000 1.00000000 0.00000000 0.00000000 0.00000000 0.00000000
0.20004001 5.00075671 0.08123192 0.00094260 0.01186899 0.09096906 0.01829229 0.28562987 0.00280610 0.13227050 0.01358753 0.27754298 0.00437147 0.08048670
0.40008002 5.00794440 0.02349576 0.00077198 0.02216730 0.05326632 0.01769905 0.33251951 0.00897219 0.23115298 0.01176957 0.23302615 0.01278719 0.05237199
0.60012002 5.03544600 0.03253420 0.00153418 0.00752131 0.08039664 0.02585819 0.10186083 0.01149306 0.45365192 0.02126182 0.15343167 0.01185272 0.09860345
0.80016003 5.06806557 0.03042459 0.00111541 0.00989649 0.06099300 0.03610586 0.13813981 0.01337618 0.04757646 0.01845179 0.57619027 0.01895075 0.04877940
1.00020004 5.07946702 0.03469778 0.00124185 0.01161179 0.06749822 0.03440528 0.09352501 0.01797887 0.26199505 0.02718775 0.33120472 0.02118623 0.09746746
1.20024005 5.11176139 0.03312224 0.00175033 0.00836207 0.07082061 0.04096033 0.18030086 0.01933875 0.29676569 0.03045155 0.21831787 0.02349901 0.07631068
1.40028006 5.11197426 0.00873309 0.00152543 0.01129313 0.04957487 0.04458562 0.34839721 0.02191289 0.08500697 0.03234907 0.31052893 0.02362696 0.06246584
1.60032006 5.11700122 0.03524463 0.00160626 0.00955535 0.07743400 0.04256444 0.21777180 0.02272508 0.28258206 0.03757160 0.19344314 0.02553260 0.05396905
1.80036007 5.08862252 0.02318687 0.00176355 0.00978259 0.04694955 0.05115765 0.09873692 0.02480229 0.36242662 0.03484681 0.25229171 0.02742967 0.06662578
2.00040008 5.04751713 0.01183843 0.00190987 0.00756191 0.04895674 0.05199925 0.19166254 0.02533545 0.09737285 0.03846294 0.38496372 0.02629246 0.11364384
2.20044009 5.02001884 0.02678577 0.00189308 0.01352750 0.05752582 0.04917640 0.13298144 0.02871844 0.30328537 0.03847022 0.27247266 0.02974184 0.04542148
2.40048010 4.99502162 0.02362504 0.00210095 0.01037739 0.04143746 0.04977417 0.16247486 0.03226706 0.32159218 0.04142881 0.23327420 0.03042897 0.05121890
2.60052010 4.98218999 0.01835522 0.00235009 0.00881342 0.04595122 0.05004772 0.25575246 0.03768046 0.10149165 0.04149968 0.34331428 0.03042201 0.06432179
2.80056011 4.97262788 0.02741157 0.00286818 0.01042929 0.04466527 0.04930495 0.07358779 0.03917407 0.47506829 0.04917230 0.12895188 0.03348046 0.06588595
3.00060012 4.96365210 0.03251646 0.00297052 0.00918812 0.06211303 0.05811170 0.21652579 0.04471399 0.27860116 0.04695788 0.16292776 0.04124586 0.04412773
3.20064013 4.96409964 0.01404053 0.00311136 0.00913840 0.04463759 0.05339883 0.28234825 0.04795386 0.13092832 0.05426071 0.28510127 0.03727520 0.03780570
3.40068014 4.95714769 0.03593652 0.00310728 0.00976161 0.06465534 0.05888646 0.10325632 0.04874350 0.35377572 0.05421291 0.18188973 0.04104980 0.04472482
3.60072014 4.97265645 0.01601901 0.00308185 0.00786078 0.04956526 0.06308082 0.11300895 0.05155590 0.14334258 0.05404735 0.37861925 0.04423404 0.07558422
3.80076015 4.97867653 0.01823680 0.00351930 0.00707267 0.04831099 0.05919059 0.10468513 0.05737600 0.15164223 0.06166179 0.39129948 0.04025226 0.05675275
4.00080016 4.99691524 0.02522540 0.00337662 0.00826844 0.04999893 0.05670635 0.12740320 0.05960037 0.30589815 0.05548963 0.21022427 0.04882698 0.04898165
4.20084017 5.00289536 0.01088079 0.00338918 0.00937211 0.03859153 0.06185107 0.23789275 0.05984673 0.15438562 0.06006047 0.27316457 0.04285249 0.04771268
4.40088018 5.00935798 0.01408225 0.00336660 0.00680701 0.03961661 0.06295303 0.20606671 0.06246872 0.23471296 0.05905928 0.20577701 0.04615232 0.05893752
4.60092018 5.00489102 0.01918158 0.00339128 0.00676123 0.03708771 0.06307435 0.13723815 0.06238627 0.34205755 0.05969932 0.16669441 0.04744872 0.05497942
4.80096019 4.98602835 0.01146508 0.00352587 0.00617140 0.03139035 0.06546470 0.16950134 0.06158587 0.16493283 0.06264119 0.31858424 0.04678232 0.05795482
5.00100020 4.97169695 0.01408415 0.00334018 0.00680797 0.03518711 0.06379133 0.15381635 0.06504110 0.20128526 0.06036638 0.28861514 0.04746096 0.06020407
5.20104021 4.94578111 0.02031336 0.00344455 0.00884268 0.03865443 0.06326614 0.11254990 0.06776967 0.27606954 0.06158706 0.24631983 0.04593252 0.05525033
5.40108022 4.93021175 0.01319811 0.00356238 0.00802297 0.04308796 0.06414877 0.17058207 0.06552566 0.10690158 0.06543149 0.35238002 0.04733164 0.05982735
5.60112022 4.93018291 0.02261882 0.00365753 0.00761019 0.04429932 0.06406671 0.11386665 0.06787251 0.29291667 0.06512308 0.21877410 0.05128012 0.04791431
5.80116023 4.91597445 0.02540254 0.00393177 0.01029925 0.04850754 0.07202470 0.14840319 0.06696320 0.30128978 0.07356004 0.15594090 0.04752023 0.04615687
6.00120024 4.91474221 0.01103552 0.00403896 0.00801612 0.04535365 0.07887641 0.26126131 0.06246324 0.12414990 0.07365186 0.23767096 0.04896947 0.04451259
6.20124025 4.90415986 0.02491219 0.00384326 0.00853550 0.05132088 0.08015895 0.12492028 0.06370558 0.29699282 0.07152087 0.17662688 0.05477127 0.04269151
6.40128026 4.90144574 0.01919524 0.00413356 0.00893684 0.04966422 0.07821282 0.10116741 0.06734676 0.20589430 0.08238299 0.28134035 0.05192380 0.04980171
6.60132026 4.89640865 0.01235185 0.00429052 0.00651427 0.04372479 0.08649314 0.12054552 0.06887281 0.13135340 0.07850090 0.32834736 0.05984257 0.05916289
6.80136027 4.90166163 0.01777675 0.00440266 0.00782948 0.04003154 0.08678233 0.09537606 0.07179384 0.24019036 0.08604567 0.24758262 0.05497543 0.04721326
7.00140028 4.91133810 0.01191856 0.00436234 0.00803462 0.04264207 0.08724204 0.15860730 0.06892704 0.17216035 0.08637789 0.25316819 0.06109063 0.04546898
7.20144029 4.90891888 0.01325494 0.00407780 0.00802352 0.04617650 0.09388240 0.16519947 0.06432472 0.20095671 0.08220589 0.21453127 0.06150911 0.04585766
7.40148030 4.91390602 0.01541650 0.00443918 0.00642603 0.03881657 0.09428543 0.14529870 0.06499046 0.26966566 0.09005948 0.16750179 0.05822538 0.04487483
7.60152030 4.89757294 0.01359575 0.00408633 0.00768318 0.03891992 0.09471845 0.15647539 0.06747602 0.20603880 0.08273468 0.21413893 0.06298444 0.05114810
7.80156031 4.88213807 0.01203886 0.00428216 0.00724533 0.04191340 0.09001082 0.15042555 0.06680942 0.16315202 0.09044040 0.26939885 0.05645711 0.04782605
8.00160032 4.86799177 0.01730028 0.00418138 0.00717877 0.04264707 0.09451627 0.10521774 0.06491330 0.22912802 0.09165623 0.23818747 0.05873275 0.04634072
8.20164033 4.85173644 0.01293359 0.00431161 0.00764686 0.04254551 0.09513570 0.12200741 0.06455613 0.14282742 0.08955111 0.30351266 0.06244537 0.05252662
8.40168034 4.84849666 0.01488267 0.00458059 0.00802804 0.04054061 0.09480279 0.11773737 0.06566007 0.16990624 0.09317649 0.27696248 0.06177997 0.05194267
8.60172034 4.83960392 0.01997384 0.00465068 0.00724147 0.04129422 0.09665766 0.11378680 0.06475981 0.28702640 0.09466089 0.16162455 0.06327089 0.04505279
8.80176035 4.84001554 0.00872000 0.00469344 0.00548671 0.03781358 0.09746984 0.20949332 0.06671166 0.15051105 0.09890819 0.21681512 0.06421679 0.03916031
9.00180036 4.82913117 0.01629637 0.00450861 0.00752197 0.03920812 0.09534160 0.16106559 0.06454567 0.23032739 0.10285872 0.17374207 0.06274533 0.04183858
9.20184037 4.82042784 0.01702571 0.00485830 0.00676873 0.03582304 0.09548793 0.10527105 0.06563802 0.25055506 0.10287545 0.20225377 0.06714022 0.04630271
9.40188038 4.81190735 0.00997182 0.00500919 0.00597773 0.03597475 0.09623468 0.13141665 0.06975587 0.12502844 0.10414406 0.29763716 0.06685612 0.05199354
9.60192038 4.80809300 0.01461463 0.00533341 0.00659173 0.03579908 0.09551133 0.09643289 0.07173634 0.20875826 0.10791175 0.24397062 0.06550708 0.04783288
9.80196039 4.81476459 0.01342262 0.00493970 0.00808929 0.03218386 0.09742779 0.11848711 0.06899573 0.16994640 0.10130430 0.26275054 0.07333240 0.04912025
10.00200040 4.81043865 0.01197226 0.00513078 0.00735489 0.03871588 0.09259737 0.14302702 0.06614494 0.17416836 0.10801662 0.23739830 0.06811021 0.04736336
10.20204041 4.81473729 0.01376777 0.00510826 0.00584892 0.04152105 0.09362603 0.14289593 0.07539283 0.23378025 0.10436820 0.17297731 0.06350460 0.04720885
10.40208042 4.81081552 0.01151975 0.00564366 0.00652369 0.03792862 0.09486715 0.15930828 0.07746571 0.19863010 0.11201665 0.18952794 0.06600673 0.04056170
10.60212042 4.80546812 0.01088452 0.00547518 0.00500046 0.03392575 0.09610316 0.15100668 0.07461407 0.17789368 0.11498691 0.21275527 0.07082059 0.04653372
10.80216043 4.79561261 0.01239465 0.00511586 0.00597928 0.02988575 0.09792445 0.11984832 0.07721246 0.19484118 0.11097096 0.22618741 0.07677619 0.04286351
11.00220044 4.78459983 0.01159838 0.00549695 0.00582341 0.03040033 0.09753257 0.10657193 0.08307864 0.16574347 0.11740652 0.25843051 0.07048523 0.04743206
11.20224045 4.77989357 0.01080887 0.00530096 0.00632973 0.02630637 0.10018068 0.11282486 0.08260311 0.13428319 0.11602768 0.28369687 0.07188748 0.04975021
11.40228046 4.76866394 0.01490927 0.00516657 0.00638533 0.02843920 0.10165610 0.09777776 0.08414014 0.22527589 0.11784371 0.20470206 0.07119338 0.04251059
11.60232046 4.76382269 0.01150008 0.00521997 0.00691951 0.03110666 0.09816988 0.15844908 0.08625548 0.17755648 0.12347949 0.18979929 0.07287509 0.03866900
11.80236047 4.75888103 0.01008874 0.00512712 0.00513457 0.03001030 0.10191300 0.16583204 0.08761028 0.17769609 0.11969828 0.18593379 0.07365123 0.03730457
12.00240048 4.74749851 0.01487030 0.00506748 0.00546335 0.03342119 0.10842337 0.10915249 0.08499777 0.24562496 0.12289779 0.16016217 0.06861349 0.04130564
12.20244049 4.74012960 0.01068934 0.00511591 0.00699813 0.02787488 0.10427098 0.13032745 0.08632811 0.14794924 0.12268015 0.23968350 0.07560476 0.04247754
12.40248050 4.73033037 0.01164772 0.00476985 0.00531704 0.02716663 0.10371344 0.10221569 0.08921522 0.17434136 0.12123449 0.24592821 0.07306690 0.04138346
12.60252050 4.72708880 0.01003274 0.00504362 0.00395451 0.02907231 0.10868531 0.09973900 0.08584602 0.16972580 0.12881436 0.24620275 0.06761059 0.04527298
12.80256051 4.73119725 0.00871983 0.00484206 0.00416848 0.02536829 0.10473118 0.12017397 0.08848099 0.14901337 0.12424294 0.25306385 0.07170274 0.04549231
13.00260052 4.73182277 0.01181933 0.00503151 0.00433286 0.02288545 0.10261138 0.11849309 0.09350359 0.20708277 0.13166680 0.19167705 0.07118663 0.03970955
13.20264053 4.73074177 0.00918639 0.00510737 0.00414426 0.02536245 0.11524046 0.14616153 0.09141676 0.18785415 0.12978192 0.17894726 0.07045338 0.03634407
13.40268054 4.72270386 0.00934091 0.00511653 0.00443282 0.02425433 0.11312551 0.14710973 0.08595583 0.18333211 0.12924210 0.18533111 0.07655994 0.03619909
13.60272054 4.71687930 0.01005734 0.00506647 0.00379706 0.02127897 0.10964751 0.13593896 0.08944906 0.18494634 0.13239670 0.19649840 0.07544016 0.03548302
13.80276055 4.70555280 0.01020733 0.00513438 0.00416796 0.02276785 0.10930966 0.10885308 0.09567427 0.17107776 0.13244076 0.22816673 0.07144083 0.04075939
14.00280056 4.69657788 0.00871006 0.00524689 0.00423265 0.01914253 0.11329503 0.10038270 0.09250952 0.13893708 0.13513903 0.26535179 0.07180943 0.04524329
14.20284057 4.68953603 0.01136116 0.00510507 0.00457954 0.02539234 0.10900508 0.09702438 0.09070467 0.17624349 0.13244956 0.23310900 0.07273552 0.04229019
14.40288058 4.68380520 0.01169111 0.00486457 0.00494113 0.02867260 0.10613660 0.12874852 0.08952343 0.18770358 0.12987439 0.19764857 0.07160091 0.03859459
14.60292058 4.68660548 0.00864212 0.00485619 0.00550565 0.02833417 0.10928418 0.16362274 0.08555433 0.15788615 0.13015821 0.19900457 0.07014699 0.03700471
14.80296059 4.67834559 0.01402793 0.00501141 0.00552671 0.03328207 0.11044181 0.12476654 0.08303383 0.22424438 0.13123253 0.15874520 0.07228033 0.03740726
15.00300060 4.67220638 0.01051938 0.00508282 0.00489233 0.02742509 0.11042564 0.13594021 0.08576947 0.17540146 0.13156398 0.20062493 0.07515799 0.03719670
15.20304061 4.66177247 0.00965121 0.00508218 0.00443559 0.02777987 0.11186880 0.12229475 0.08357930 0.15810032 0.13346485 0.22950525 0.07200477 0.04223311
15.40308062 4.65154933 0.01178907 0.00503819 0.00499146 0.02765040 0.11369206 0.09515271 0.08349029 0.17716587 0.13352584 0.23611104 0.07025353 0.04113955
15.60312062 4.64909954 0.00808444 0.00504866 0.00364191 0.02532359 0.11034321 0.10927494 0.08461136 0.14123790 0.13523699 0.26050434 0.07275969 0.04393298
15.80316063 4.64696381 0.01123207 0.00530155 0.00447811 0.02449227 0.10947772 0.11228669 0.08333093 0.18797436 0.13951016 0.20943539 0.07437954 0.03810121
16.00320064 4.64987365 0.01097712 0.00536293 0.00519261 0.02431315 0.11104358 0.13724142 0.08302473 0.18670078 0.13878009 0.18523855 0.07778858 0.03433646
16.20324065 4.64287445 0.00962399 0.00558959 0.00420717 0.02454218 0.11399309 0.14953768 0.07936475 0.17850670 0.14170510 0.18006666 0.07734737 0.03551571
16.40328066 4.63379426 0.01015978 0.00546338 0.00430716 0.02779382 0.10861170 0.13235079 0.08100639 0.19376978 0.14438818 0.17987781 0.07653025 0.03574097
16.60332066 4.62230099 0.01091201 0.00527916 0.00577612 0.02666573 0.11138746 0.11844025 0.08214379 0.17121614 0.14683573 0.20968524 0.07435375 0.03730460
16.80336067 4.60586534 0.01023537 0.00541472 0.00514956 0.02860105 0.10877928 0.10316042 0.08074944 0.15071287 0.15368182 0.23841948 0.07137464 0.04372134
17.00340068 4.60157604 0.01002154 0.00545355 0.00539101 0.02918158 0.10747857 0.09428431 0.07635797 0.15441854 0.15129778 0.24405902 0.07741204 0.04464410
17.20344069 4.59353711 0.01212929 0.00536424 0.00623959 0.03124064 0.10575654 0.10825432 0.07805625 0.17539879 0.15302602 0.20781216 0.07579685 0.04092531
17.40348070 4.59279382 0.00953302 0.00544576 0.00558606 0.03291803 0.10413228 0.13684363 0.08204659 0.15657646 0.15460516 0.19808985 0.07577012 0.03845305
17.60352070 4.59237787 0.01068604 0.00538317 0.00466085 0.03159116 0.10560750 0.12765740 0.08164786 0.18907792 0.15270465 0.17183173 0.08065671 0.03849500
17.80356071 4.58547495 0.01318669 0.00562458 0.00706020 0.03032324 0.10706258 0.12693206 0.07561561 0.19326042 0.15871007 0.16686908 0.07698706 0.03836841
18.00360072 4.57352618 0.01062912 0.00544882 0.00682823 0.03312684 0.10445968 0.13209931 0.08357140 0.15405248 0.15346154 0.20389980 0.07505846 0.03736432
18.20364073 4.56711047 0.01116298 0.00547405 0.00504202 0.03208735 0.10019286 0.09716489 0.08329988 0.17235379 0.15674098 0.21334670 0.07829213 0.04484239
18.40368074 4.56168613 0.01025288 0.00544235 0.00589504 0.02972439 0.10701987 0.09175801 0.07970283 0.14549944 0.15983139 0.24389272 0.07600346 0.04497763
18.60372074 4.55955217 0.01011763 0.00549361 0.00518861 0.02695344 0.10933670 0.09914221 0.08393931 0.15717174 0.15556141 0.22659296 0.07766886 0.04283352
18.80376075 4.55528651 0.01058546 0.00565716 0.00514125 0.02681675 0.10092018 0.11278549 0.08711728 0.17809214 0.15903957 0.19345944 0.07926570 0.04111958
19.00380076 4.55586294 0.00954011 0.00558659 0.00506261 0.02641118 0.10579257 0.13691581 0.08828761 0.16404566 0.15583964 0.18393719 0.08049348 0.03808753
19.20384077 4.55432421 0.00950538 0.00563008 0.00415930 0.02505561 0.11015151 0.13296287 0.08718614 0.18736560 0.15783580 0.16290063 0.07919635 0.03805071
19.40388078 4.54789512 0.00947985 0.00547745 0.00461434 0.02289166 0.11451086 0.13048407 0.08544306 0.17110103 0.15800880 0.18241692 0.07655972 0.03901224
19.60392078 4.54001018 0.00942650 0.00542337 0.00454597 0.02639093 0.11098123 0.10492091 0.09209116 0.15525473 0.15557076 0.21100760 0.08193337 0.04245348
19.80396079 4.53455023 0.00952065 0.00530519 0.00466520 0.02406123 0.11435087 0.09491106 0.08493253 0.14849906 0.15832807 0.23309456 0.07908323 0.04324835
20.00400080 4.53191743 0.00950462 0.00547236 0.00448255 0.02301273 0.11823635 0.10111049 0.08349445 0.15545199 0.15723500 0.21995346 0.07956174 0.04248427
20.20404081 4.52882658 0.00920194 0.00524001 0.00473336 0.02639746 0.11158357 0.11613736 0.09281925 0.15976950 0.15740161 0.20357947 0.07695546 0.03618102
20.40408082 4.52903305 0.00872319 0.00528687 0.00374910 0.02479525 0.11549795 0.12611311 0.09273043 0.16486939 0.15892704 0.18728008 0.07555760 0.03646998
20.60412082 4.51805982 0.01128388 0.00518741 0.00472894 0.02452164 0.11820827 0.12101199 0.08455099 0.19513054 0.15832037 0.16092704 0.07973286 0.03639608
20.80416083 4.51442149 0.00838024 0.00529319 0.00413837 0.02391095 0.11801102 0.13350934 0.08722966 0.16171206 0.16152788 0.18033962 0.07993813 0.03600953
21.00420084 4.50311230 0.00931318 0.00544786 0.00491257 0.02036423 0.11744326 0.11249903 0.09234550 0.16324844 0.16468194 0.19142412 0.08008133 0.03823854
21.20424085 4.49214805 0.00946689 0.00545826 0.00411542 0.02006073 0.11677743 0.09374376 0.08786042 0.15267766 0.16712604 0.22169710 0.08077774 0.04023854
21.40428086 4.48832868 0.00867818 0.00546532 0.00345484 0.01621525 0.11503338 0.09563480 0.09131324 0.14249111 0.16883535 0.22803515 0.08335260 0.04149079
21.60432086 4.48776801 0.00908747 0.00544040 0.00318475 0.01379998 0.10970905 0.10076993 0.09655891 0.16610658 0.17030187 0.20570359 0.08198966 0.03734780
21.80436087 4.48513826 0.00850045 0.00554702 0.00358109 0.01808384 0.10978400 0.12173298 0.09342608 0.15614003 0.16811899 0.19572296 0.08312380 0.03623877
22.00440088 4.47790995 0.00899068 0.00574151 0.00335401 0.01921812 0.11273861 0.12584089 0.09391444 0.17694322 0.17249670 0.16825413 0.08110863 0.03139908
22.20444089 4.47316534 0.00850959 0.00557522 0.00291064 0.02002361 0.11151364 0.12848272 0.09478741 0.17446608 0.17323541 0.16447386 0.08288822 0.03313361
22.40448090 4.46692567 0.00839872 0.00569657 0.00324339 0.01638609 0.11410455 0.12137469 0.09358222 0.16145610 0.17372320 0.18241232 0.08489334 0.03472881
22.60452090 4.45825157 0.00865659 0.00586818 0.00320257 0.01500531 0.11792523 0.09794896 0.09479475 0.15647376 0.17527300 0.20663756 0.08213873 0.03607537
22.80456091 4.45186850 0.00820012 0.00556822 0.00250377 0.01528243 0.11576716 0.09736379 0.09899802 0.14422363 0.17255453 0.21763433 0.08511195 0.03679204
23.00460092 4.44722265 0.00852797 0.00589048 0.00314736 0.01440637 0.10777738 0.10234585 0.10003496 0.15500657 0.17805832 0.20436712 0.08623874 0.03419888
23.20464093 4.44568498 0.00736212 0.00562353 0.00334608 0.01721305 0.11336449 0.11538237 0.09662847 0.14545400 0.17448915 0.20127619 0.08589425 0.03396632
23.40468094 4.44197138 0.00938742 0.00558748 0.00337154 0.02153898 0.11407130 0.11225605 0.09437430 0.17231090 0.17581306 0.17523133 0.08415376 0.03190390
23.60472094 4.43467452 0.00982598 0.00582294 0.00410922 0.02214508 0.11335431 0.12463840 0.09423357 0.16879061 0.17690590 0.16587659 0.08368316 0.03061424
23.80476095 4.42667516 0.00933122 0.00560392 0.00429917 0.02110871 0.11391965 0.12587753 0.09372519 0.15718625 0.17435972 0.17831286 0.08439142 0.03188437
24.00480096 4.41405332 0.00949284 0.00579338 0.00358651 0.02377872 0.12059427 0.10435354 0.08806352 0.15892305 0.17786239 0.19210887 0.08168632 0.03375658
24.20484097 4.40831405 0.00815228 0.00583675 0.00367324 0.02648209 0.11686435 0.09822614 0.08805453 0.14277058 0.17845533 0.21236701 0.08478892 0.03432877
24.40488098 4.40392965 0.01051687 0.00570906 0.00452758 0.03067959 0.11074613 0.09137731 0.09275139 0.15473238 0.17669284 0.20206872 0.08610046 0.03409767
24.60492098 4.40444232 0.00948478 0.00597646 0.00539004 0.02588074 0.10975107 0.10963173 0.09309684 0.14789131 0.17884255 0.19660274 0.08433297 0.03311879
24.80496099 4.40086202 0.01007813 0.00569435 0.00474929 0.02597165 0.11443283 0.11758088 0.08732934 0.15743126 0.17583570 0.18028987 0.08670766 0.03389904
25.00500100 4.39457522 0.01049191 0.00613470 0.00529305 0.02684668 0.11172902 0.12111020 0.08947289 0.17095774 0.17912062 0.16396821 0.08354266 0.03133233
25.20504101 4.39143046 0.01014891 0.00581333 0.00499701 0.02289800 0.11212686 0.12486173 0.09039279 0.15794397 0.17937148 0.17173269 0.08629543 0.03341779
25.40508102 4.38226126 0.00949585 0.00591854 0.00369473 0.02186920 0.11090796 0.10418828 0.08832363 0.16083205 0.18033840 0.18795850 0.09051135 0.03596151
25.60512102 4.37864726 0.00804271 0.00597701 0.00334491 0.02469270 0.11264413 0.10518054 0.08823362 0.14474973 0.18417839 0.20267303 0.08296673 0.03731648
25.80516103 4.37053562 0.00986598 0.00594281 0.00419149 0.02478312 0.11561173 0.10643616 0.08799069 0.14717342 0.18021318 0.19748771 0.08624147 0.03406223
26.00520104 4.36935997 0.00886870 0.00586828 0.00457129 0.02089987 0.11116690 0.10397685 0.08812513 0.14868528 0.18144106 0.19972102 0.08939852 0.03727710
26.20524105 4.36760634 0.00910013 0.00595914 0.00322899 0.02276407 0.11288473 0.10721332 0.09201181 0.15403021 0.18348110 0.18850428 0.08566310 0.03515911
26.40528106 4.36253676 0.00946398 0.00576829 0.00366530 0.02286909 0.11928870 0.11590656 0.08980983 0.17154765 0.17859385 0.16553066 0.08253922 0.03501687
26.60532106 4.35882308 0.00889301 0.00578891 0.00459527 0.01920786 0.11728826 0.13365710 0.08887315 0.15254969 0.17827962 0.17231921 0.08576995 0.03277798
26.80536107 4.34826371 0.01054680 0.00567017 0.00553457 0.02304476 0.11345285 0.11038988 0.09256074 0.15532979 0.18024191 0.17823712 0.08807422 0.03691720
27.00540108 4.34372235 0.00870600 0.00573723 0.00406492 0.02304197 0.11517479 0.10011866 0.09257947 0.15098958 0.17854731 0.19858359 0.08596109 0.03649539
27.20544109 4.33958887 0.00897296 0.00583129 0.00366576 0.02388291 0.11530012 0.09981967 0.08905909 0.14610068 0.18140652 0.20388504 0.08440287 0.03767309
27.40548110 4.33600655 0.00944347 0.00549222 0.00503017 0.02093010 0.11381878 0.10470825 0.09210434 0.15013257 0.17834566 0.19982283 0.08423889 0.03593273
27.60552110 4.33147915 0.00982139 0.00551074 0.00496277 0.02565986 0.10950948 0.11038874 0.09594858 0.14792190 0.17787791 0.19304919 0.08515318 0.03419626
27.80556111 4.32917740 0.01006760 0.00581313 0.00488351 0.02679113 0.11296164 0.11332450 0.09485419 0.16973511 0.18085581 0.16686352 0.08151512 0.03233474
28.00560112 4.32232271 0.01029343 0.00553416 0.00486668 0.02808116 0.11703981 0.11986549 0.09279727 0.15711414 0.17986275 0.17133698 0.08076591 0.03244223
28.20564113 4.31655004 0.00898078 0.00557160 0.00403640 0.02541963 0.11551582 0.11438379 0.09395223 0.16029964 0.17763141 0.17496295 0.08532882 0.03391693
28.40568114 4.30796428 0.01096257 0.00574077 0.00558778 0.02788931 0.11392758 0.10506358 0.09230476 0.15283472 0.18538817 0.18336507 0.08263861 0.03429709
28.60572114 4.30120177 0.00989917 0.00553826 0.00523385 0.02663333 0.11644392 0.10390356 0.09352519 0.14036724 0.18095588 0.19773805 0.08553663 0.03422492
28.80576115 4.29723049 0.01075872 0.00561877 0.00556011 0.02994680 0.11204634 0.09718711 0.09382835 0.14630387 0.18463606 0.19537212 0.08187037 0.03687139
29.00580116 4.29218733 0.01068823 0.00574462 0.00635394 0.03032181 0.10722340 0.10102939 0.09953225 0.14338183 0.18344843 0.19253413 0.08405119 0.03569079
29.20584117 4.28842898 0.01037726 0.00544056 0.00573644 0.03057562 0.11118783 0.11008593 0.09827353 0.15435393 0.18263235 0.17213538 0.08646561 0.03273555
29.40588118 4.28684542 0.00916843 0.00562587 0.00456409 0.03175474 0.11005554 0.11909369 0.09906038 0.15427613 0.18798212 0.16097705 0.08127597 0.03616598
29.60592118 4.28262542 0.00944553 0.00555660 0.00508807 0.03028905 0.11188203 0.11115777 0.09832904 0.15320506 0.18407580 0.16987719 0.08815641 0.03293745
29.80596119 4.27758791 0.00896987 0.00565924 0.00421751 0.02923313 0.11861956 0.09897117 0.09839446 0.14756582 0.18965365 0.17984079 0.08167298 0.03720183
30.00600120 4.26980760 0.00973649 0.00578333 0.00476270 0.02879880 0.11778063 0.10075954 0.09640562 0.14449150 0.18854429 0.18426313 0.08548601 0.03318795
30.20604121 4.26162344 0.00904018 0.00573870 0.00457056 0.02684290 0.11825832 0.09821690 0.10040287 0.14415347 0.19072102 0.18390102 0.08487895 0.03327509
30.40608122 4.25660398 0.00853781 0.00554550 0.00404881 0.02795458 0.11741670 0.10613383 0.10065561 0.13363839 0.18881430 0.18657563 0.08756777 0.03311107
30.60612122 4.25462977 0.01007717 0.00565926 0.00432026 0.03383979 0.11858816 0.09964272 0.09831495 0.15445387 0.18874268 0.16699004 0.08669484 0.03267627
30.80616123 4.25194378 0.01107009 0.00560681 0.00595779 0.03233731 0.11569690 0.11421448 0.09872025 0.14796962 0.19048823 0.16083475 0.08548769 0.03161609
31.00620124 4.24862267 0.01070671 0.00553715 0.00649913 0.03145344 0.11606625 0.11263870 0.09693882 0.14395215 0.18753574 0.16815464 0.08792192 0.03259534
31.20624125 4.24460811 0.01219679 0.00569441 0.00653488 0.03015344 0.12057088 0.09862238 0.09489302 0.15166654 0.18888070 0.17280917 0.08596087 0.03201692
31.40628126 4.23873893 0.00931893 0.00567011 0.00534824 0.03501045 0.12150914 0.09764784 0.09923179 0.13625514 0.19078511 0.18189613 0.08480373 0.03252339
31.60632126 4.23171904 0.00998599 0.00572031 0.00578613 0.04114796 0.11894267 0.08925727 0.09794346 0.13596534 0.19415066 0.18427458 0.08324278 0.03358286
31.80636127 4.22592508 0.01087217 0.00564450 0.00655387 0.03507819 0.11939764 0.08890700 0.10094302 0.14100703 0.18956923 0.17936947 0.09044549 0.03221239
32.00640128 4.21966961 0.01066474 0.00590441 0.00658411 0.03762190 0.11868213 0.09732123 0.10295847 0.14039454 0.19308669 0.16875592 0.08736818 0.03065769
32.20644129 4.21818880 0.00978277 0.00589761 0.00560729 0.03440294 0.12554897 0.10760490 0.10414820 0.14748544 0.19216930 0.15019417 0.08823580 0.02892262
32.40648130 4.21691057 0.00978852 0.00580559 0.00546108 0.03325331 0.12501078 0.10200493 0.10160049 0.14759019 0.19182746 0.15431870 0.09375556 0.02958339
32.60652130 4.20811601 0.00878141 0.00589712 0.00407886 0.03486585 0.12260506 0.09293301 0.09845321 0.14410410 0.19933595 0.16813427 0.08970854 0.03110261
32.80656131 4.20247455 0.00937382 0.00556903 0.00577107 0.03569635 0.12669189 0.09384340 0.10076731 0.13883927 0.19072227 0.17190415 0.09024938 0.03057207
33.00660132 4.19628779 0.01046318 0.00595044 0.00616343 0.03010501 0.12646517 0.09219257 0.09622546 0.13785816 0.20312416 0.17802939 0.08223465 0.03118838
33.20664133 4.19538298 0.00851354 0.00560892 0.00410167 0.02811280 0.12331548 0.09314542 0.09875282 0.12891070 0.19414278 0.18671781 0.09417988 0.03449818
33.40668134 4.19550973 0.00923895 0.00590078 0.00512769 0.03154612 0.12044852 0.09363632 0.09896323 0.14221941 0.19781387 0.17368194 0.09087348 0.03054970
33.60672134 4.19493171 0.01052847 0.00590223 0.00550894 0.02910123 0.12560673 0.10358352 0.09712938 0.15177659 0.19618486 0.15533140 0.08717668 0.03216996
33.80676135 4.19290319 0.00897245 0.00604849 0.00460708 0.03048661 0.12620058 0.11074923 0.09411265 0.13935879 0.19566778 0.15948603 0.09397037 0.03033994
34.00680136 4.18779755 0.01001045 0.00608994 0.00528026 0.03242000 0.12037922 0.10223020 0.09306962 0.14859795 0.19909102 0.15851608 0.09137008 0.03294518
34.20684137 4.18343606 0.01000116 0.00570906 0.00663699 0.03140285 0.12290614 0.10046051 0.09857967 0.14094956 0.19287902 0.17271590 0.08592600 0.03183316
34.40688138 4.17533494 0.00933669 0.00593194 0.00535161 0.03115456 0.12024625 0.10073127 0.09223294 0.13293256 0.19696483 0.18426282 0.08462392 0.03623061
34.60692138 4.17129994 0.00963088 0.00606388 0.00472903 0.03227124 0.11434602 0.08629076 0.08954628 0.14603214 0.19565356 0.18551278 0.09639014 0.03353329
34.80696139 4.16666947 0.00955805 0.00603896 0.00593423 0.03136296 0.11332723 0.09739432 0.09549767 0.13040169 0.19995109 0.18490631 0.09118493 0.03444256
35.00700140 4.15827003 0.00934209 0.00581089 0.00427005 0.03140047 0.12111320 0.11010341 0.09580314 0.14592575 0.19708576 0.16123072 0.08618689 0.03172763
35.20704141 4.15603253 0.00997385 0.00607134 0.00509736 0.02885528 0.11932721 0.10977341 0.09445320 0.14772122 0.20368769 0.15310428 0.08846044 0.03347470
35.40708142 4.14884513 0.00987414 0.00599531 0.00552116 0.03360541 0.11783683 0.10167509 0.09254527 0.14177259 0.19991164 0.16340279 0.09571083 0.03214895
35.60712142 4.14641287 0.01041987 0.00599984 0.00503672 0.03529779 0.12016574 0.09549999 0.09499142 0.14498191 0.20117391 0.16424171 0.08766896 0.03452213
35.80716143 4.13365994 0.00982545 0.00605187 0.00569569 0.03457563 0.11982996 0.10299379 0.09297149 0.13774994 0.20093127 0.17364181 0.08221529 0.03351781
36.00720144 4.12918595 0.01098977 0.00589154 0.00683511 0.03162702 0.11607228 0.09549675 0.09250042 0.13142104 0.19804465 0.18059797 0.09549099 0.03503246
36.20724145 4.12704615 0.00915458 0.00636663 0.00565564 0.02885922 0.11514946 0.09438079 0.08845126 0.13320369 0.20851419 0.18237348 0.09151834 0.03637271
36.40728146 4.12588867 0.00934976 0.00605401 0.00420966 0.02782520 0.11859153 0.10078467 0.09244084 0.14593423 0.20269180 0.16466356 0.09022170 0.03723306
36.60732146 4.11525898 0.00885824 0.00610028 0.00469000 0.03105434 0.11254434 0.11122220 0.09274888 0.14083842 0.20910131 0.15857136 0.08750508 0.03676557
36.80736147 4.11503344 0.00958083 0.00586889 0.00563582 0.03283025 0.11473912 0.10600638 0.09080673 0.14247143 0.20799617 0.15887313 0.09058896 0.03460230
37.00740148 4.10758063 0.00949173 0.00593900 0.00527642 0.02819718 0.11777260 0.10756316 0.09659419 0.14271114 0.20522176 0.15548189 0.09047233 0.03527860
37.20744149 4.10138735 0.00813868 0.00614196 0.00427795 0.02802596 0.11492174 0.10478513 0.09229839 0.13156243 0.21103121 0.17388648 0.08960658 0.03532349
37.40748150 4.09808235 0.00924357 0.00587656 0.00508650 0.02851480 0.11382954 0.08754816 0.09418509 0.13914507 0.20784063 0.17904681 0.09426807 0.03541521
37.60752150 4.09184696 0.00880352 0.00592401 0.00450769 0.02348644 0.11559539 0.09546599 0.09513378 0.12654491 0.21225615 0.18411806 0.08909054 0.03907351
37.80756151 4.08905125 0.00912907 0.00587871 0.00475895 0.02340485 0.11753828 0.10730828 0.09625313 0.13164637 0.21238969 0.16851813 0.08794007 0.03523448
38.00760152 4.08022833 0.00962988 0.00588462 0.00510291 0.03481212 0.11148590 0.10575084 0.09224429 0.14739882 0.21252177 0.15178259 0.08986330 0.03352295
38.20764153 4.07921081 0.00931787 0.00577314 0.00434477 0.02765505 0.11323458 0.10471583 0.09432054 0.13965927 0.21023157 0.16352300 0.09044005 0.03678433
38.40768154 4.07293417 0.01039176 0.00579713 0.00554018 0.02759918 0.11386518 0.10526678 0.10004812 0.14390470 0.20982649 0.15587438 0.08646295 0.03542313
38.60772154 4.07064910 0.00920384 0.00612233 0.00536651 0.02468834 0.11431092 0.11049097 0.09977061 0.13648016 0.20847701 0.15883711 0.09331901 0.03293319
38.80776155 4.06474651 0.00865509 0.00623905 0.00415172 0.02467895 0.11811583 0.09729582 0.09679116 0.12936760 0.21229735 0.17075381 0.09455649 0.03709714
39.00780156 4.05637722 0.00834857 0.00631536 0.00437691 0.02370791 0.11959905 0.08923325 0.09652092 0.12914361 0.21537970 0.17634492 0.09418485 0.03684497
39.20784157 4.04712931 0.00864886 0.00604714 0.00475934 0.02587410 0.11539639 0.09298890 0.10404945 0.13187140 0.21407505 0.16810477 0.09043185 0.03775276
39.40788158 4.04271170 0.00865982 0.00598830 0.00505662 0.02448417 0.11246053 0.10123512 0.10054259 0.13551158 0.21912225 0.16260089 0.08788621 0.03645193
39.60792158 4.04239761 0.00931280 0.00613152 0.00494815 0.02876261 0.11424615 0.10218806 0.09443790 0.13692732 0.21655944 0.15622812 0.09462486 0.03563307
39.80796159 4.03712993 0.00930817 0.00594417 0.00533272 0.02977382 0.11309467 0.10358526 0.09352166 0.14142008 0.21510450 0.14941266 0.10033486 0.03316742
40.00800160 4.03652397 0.00932761 0.00598626 0.00561328 0.02455587 0.11283907 0.10654917 0.09824842 0.13421597 0.22101919 0.15677449 0.08990693 0.03496373
40.20804161 4.03326461 0.00886036 0.00595540 0.00420999 0.02447900 0.11649223 0.09197253 0.09953174 0.13930908 0.21615305 0.16465924 0.09186745 0.03650993
40.40808162 4.02964340 0.00764331 0.00627448 0.00428143 0.02592684 0.11560992 0.09230295 0.09407222 0.12968580 0.22249520 0.17339916 0.09554806 0.03276064
40.60812162 4.02105058 0.00987497 0.00600123 0.00599602 0.02954171 0.11849876 0.09012342 0.09480063 0.12491528 0.22261915 0.16775966 0.09408011 0.03578906
40.80816163 4.01266815 0.00939211 0.00608232 0.00554422 0.03061300 0.11889605 0.08850289 0.09950907 0.13630601 0.22271444 0.15842117 0.09079800 0.03322073
41.00820164 4.00487578 0.00938540 0.00612127 0.00566528 0.03042343 0.11908967 0.09328056 0.09918596 0.12677013 0.22157151 0.15990532 0.09403145 0.03457000
41.20824165 4.00184331 0.00778071 0.00591050 0.00458507 0.03043968 0.12369391 0.09695167 0.09376056 0.13630603 0.22351676 0.14931928 0.09911813 0.02861769
41.40828166 4.00021227 0.00843835 0.00601770 0.00410929 0.02692542 0.12551708 0.10048607 0.09292681 0.13592655 0.22606410 0.14560281 0.09747418 0.03051164
41.60832166 3.99142102 0.00935326 0.00598560 0.00583434 0.02654983 0.12347211 0.09212858 0.09836316 0.12880129 0.22452302 0.15885147 0.09365598 0.03248136
41.80836167 3.98493126 0.00957326 0.00575812 0.00663896 0.03032686 0.12222239 0.08075638 0.10022437 0.12762540 0.22348974 0.16414870 0.09630526 0.03293058
42.00840168 3.97849711 0.00829266 0.00585603 0.00437911 0.02701097 0.12520550 0.08755007 0.09548747 0.12275546 0.22512985 0.16607111 0.09632101 0.03594076
42.20844169 3.97282910 0.00796043 0.00595366 0.00454130 0.02720367 0.12874139 0.09405732 0.09750344 0.12467195 0.22411535 0.15999158 0.09368602 0.03157389
42.40848170 3.97163528 0.00877248 0.00586026 0.00543769 0.03109871 0.12497133 0.09033544 0.10207614 0.12651939 0.22195734 0.15396594 0.09713480 0.03187049
42.60852170 3.96695568 0.00897106 0.00592090 0.00505428 0.03400123 0.12597382 0.08778743 0.09774676 0.13077768 0.22339106 0.15320048 0.09696733 0.03020797
42.80856171 3.96528778 0.00830684 0.00589802 0.00476252 0.02740405 0.13337328 0.09195326 0.09879198 0.13004671 0.22463887 0.14646413 0.09529771 0.03306262
43.00860172 3.95878579 0.00949301 0.00606443 0.00542117 0.02937292 0.13109251 0.09261371 0.10099707 0.12861074 0.22719936 0.14638900 0.09464650 0.02809958
43.20864173 3.95270852 0.00696320 0.00603311 0.00417340 0.02645762 0.12865753 0.08746196 0.09859335 0.12233161 0.22600587 0.15775727 0.10071000 0.03485507
43.40868174 3.94873055 0.00756956 0.00593186 0.00349579 0.02306273 0.12982140 0.08497328 0.10142165 0.12297932 0.22707264 0.16395220 0.09975231 0.02996726
43.60872174 3.94563028 0.00818200 0.00614428 0.00439458 0.02526548 0.13288837 0.07980644 0.10078588 0.12648704 0.23165498 0.15592252 0.09652636 0.03194208
43.80876175 3.94219987 0.00790427 0.00624289 0.00438010 0.02304419 0.13300743 0.08952420 0.10265476 0.12189969 0.22561708 0.15639500 0.10247770 0.02685268
44.00880176 3.93497673 0.00760110 0.00635070 0.00353629 0.02171345 0.12726409 0.09031617 0.10052187 0.12825376 0.23010908 0.15047112 0.10375412 0.03010825
44.20884177 3.93141185 0.00771405 0.00620601 0.00362330 0.02216127 0.13367223 0.09338651 0.10587950 0.12901951 0.22696532 0.14476058 0.09927680 0.02733491
44.40888178 3.92193862 0.00820733 0.00627442 0.00497668 0.02901727 0.12994408 0.09003118 0.10444113 0.12516484 0.23041164 0.14847955 0.09492859 0.02812328
44.60892178 3.91464790 0.00881793 0.00602927 0.00484031 0.02724158 0.12348506 0.08439326 0.10313872 0.12994740 0.22861423 0.15098321 0.10073258 0.03177644
44.80896179 3.90518950 0.00802246 0.00614923 0.00437861 0.02538543 0.12693234 0.08940537 0.10035227 0.12005692 0.22953076 0.15978030 0.09903527 0.03097106
45.00900180 3.90047090 0.00791483 0.00636207 0.00488472 0.02643370 0.12346354 0.08699770 0.10099228 0.12501165 0.23269678 0.15706071 0.09848520 0.02969682
45.20904181 3.89596391 0.00738222 0.00621927 0.00399304 0.02187122 0.12285586 0.08451110 0.10146938 0.13093037 0.22940802 0.15670608 0.10404733 0.03060611
45.40908182 3.88926623 0.00807405 0.00667215 0.00441008 0.02054969 0.12597307 0.09052545 0.10394116 0.12197388 0.23354608 0.15652808 0.09786742 0.02993890
45.60912182 3.88024429 0.00734930 0.00606696 0.00391649 0.02352593 0.12361707 0.09347668 0.10578367 0.12837403 0.22810360 0.14998548 0.10042856 0.02937223
45.80916183 3.87233934 0.00715987 0.00641848 0.00331175 0.02364848 0.11979436 0.09558710 0.10211810 0.13053238 0.23420990 0.14897646 0.09945904 0.02878409
46.00920184 3.86440943 0.00771599 0.00620964 0.00375366 0.02467734 0.12150902 0.09224418 0.10409518 0.12557000 0.23092306 0.15310676 0.09926295 0.03093219
46.20924185 3.85988355 0.00840098 0.00645462 0.00465226 0.01985639 0.12207250 0.08723845 0.10634828 0.12621568 0.23181559 0.15978044 0.09730888 0.02985593
46.40928186 3.85366423 0.00907714 0.00660375 0.00493381 0.02284156 0.12065239 0.08710216 0.10316294 0.12530545 0.23224948 0.15532225 0.10333131 0.02941777
46.60932186 3.84721184 0.00829594 0.00639739 0.00526616 0.02460271 0.11790580 0.09149725 0.10253241 0.12092336 0.23122388 0.15888525 0.10394038 0.02852948
46.80936187 3.83878580 0.00917279 0.00639457 0.00593193 0.03068850 0.11826615 0.08809949 0.10484123 0.12406339 0.23401138 0.15452853 0.09648654 0.02751549
47.00940188 3.83155826 0.00848544 0.00647913 0.00441813 0.02941058 0.12121783 0.08889302 0.10472500 0.12896406 0.23239031 0.14739325 0.09918759 0.02843566
47.20944189 3.82644392 0.00788651 0.00679054 0.00486105 0.02882184 0.12094627 0.09175799 0.09998945 0.12380598 0.23672860 0.14947724 0.09954500 0.02938954
47.40948190 3.82368855 0.00872835 0.00624723 0.00500332 0.03089111 0.12265391 0.08572829 0.10285046 0.13021402 0.23312692 0.14537220 0.10112135 0.02806285
47.60952190 3.82024570 0.00823797 0.00643630 0.00551212 0.02920346 0.12324398 0.08804255 0.10332116 0.12296101 0.23233110 0.15175838 0.09866732 0.03028464
47.80956191 3.81108248 0.00810865 0.00624825 0.00442841 0.03059525 0.11915819 0.08665419 0.11350176 0.11824443 0.23201406 0.15710774 0.09507760 0.02886147
48.00960192 3.80582666 0.00824833 0.00607410 0.00477916 0.03255742 0.11617715 0.08286489 0.10864654 0.12694092 0.22987497 0.15259284 0.10322710 0.02801658
48.20964193 3.80586406 0.00787281 0.00613832 0.00466389 0.03060387 0.11880372 0.08584031 0.10458673 0.11996943 0.23481719 0.15675632 0.09965390 0.03029350
48.40968194 3.80252063 0.00896738 0.00583962 0.00481915 0.02830438 0.11950721 0.08682928 0.10958896 0.12798283 0.23118418 0.15139528 0.09787989 0.02770184
48.60972194 3.79613640 0.00774983 0.00599049 0.00467980 0.03024350 0.11440424 0.09406762 0.10809729 0.12640755 0.23766202 0.14698674 0.09384584 0.02986509
48.80976195 3.78473367 0.00782013 0.00588853 0.00458990 0.02898258 0.11326423 0.09359126 0.10713171 0.12972420 0.23100654 0.15247198 0.09670885 0.02882008
49.00980196 3.77903686 0.00799494 0.00578260 0.00423783 0.02712208 0.11638235 0.08822441 0.10632261 0.12877004 0.23184677 0.15444819 0.09566554 0.03320264
49.20984197 3.77742509 0.00669231 0.00630588 0.00315949 0.02158134 0.11149978 0.09046359 0.11075694 0.12648850 0.23788016 0.15987684 0.09555711 0.02973806
49.40988198 3.77128665 0.00704996 0.00614773 0.00336245 0.01844334 0.11483252 0.08336469 0.10967497 0.12819593 0.23427891 0.15884050 0.10506573 0.03074326
49.60992198 3.76614841 0.00733476 0.00621591 0.00402287 0.02102381 0.11700142 0.08819853 0.10750390 0.12145977 0.24085430 0.16018128 0.09842434 0.02777911
49.80996199 3.75914809 0.00903616 0.00606267 0.00544436 0.02356833 0.12129659 0.08524661 0.10838561 0.12901875 0.23527595 0.14845829 0.09897904 0.02922764
50.01000200 3.75604119 0.00873012 0.00590512 0.00528545 0.02706880 0.11607485 0.08986754 0.10772916 0.12853445 0.23381568 0.14697589 0.10247506 0.02753788
50.21004201 3.74869357 0.00861887 0.00593793 0.00475680 0.03038032 0.11674652 0.08751336 0.10588687 0.12889267 0.23892363 0.14597734 0.09650492 0.02986078
50.41008202 3.74220930 0.00895794 0.00557579 0.00521711 0.02643970 0.12147400 0.08587849 0.10551994 0.13195185 0.23351956 0.14821721 0.09791058 0.02933784
50.61012202 3.73889058 0.00962343 0.00594693 0.00637922 0.02712571 0.11475919 0.08920463 0.10795221 0.12359846 0.23294132 0.15494780 0.09840022 0.02912089
50.81016203 3.73473788 0.00952381 0.00623185 0.00601354 0.02839639 0.11973331 0.08373728 0.10782454 0.12370719 0.23517507 0.15427911 0.09703509 0.02834282
51.01020204 3.72940916 0.00841450 0.00593400 0.00423310 0.03098123 0.12093469 0.08180033 0.10441751 0.12354487 0.23035931 0.16058121 0.10035436 0.02844489
51.21024205 3.72591368 0.00907285 0.00598341 0.00505900 0.03180925 0.11598574 0.08332615 0.10299511 0.12610866 0.23371494 0.15754887 0.09932067 0.02907535
51.41028206 3.72040722 0.01063755 0.00592060 0.00753676 0.03204085 0.11428957 0.08953723 0.10222675 0.13033290 0.23189508 0.15152642 0.09566787 0.02838842
