0.00000000 10.00000000 0.00000000 0.00000000 0.00000000 0.00000000 0.00000000 0.00000000 0.00000000 1.00000000 0.00000000 0.00000000 0.00000000 0.00000000
0.20004001 10.00013611 0.08116525 0.00068636 0.01468747 0.09997675 0.01804773 0.26876925 0.00299600 0.13610897 0.00597508 0.27932835 0.00429482 0.08796397
0.40008002 10.00981712 0.02374690 0.00048474 0.02297580 0.05680976 0.01280235 0.32778181 0.00652919 0.22256756 0.00614734 0.24220518 0.00803637 0.06991300
0.60012002 10.05660578 0.03248430 0.00079240 0.00855700 0.08175968 0.01402258 0.13171433 0.00820502 0.43496205 0.00952999 0.16979722 0.00945000 0.09872543
0.80016003 10.10472371 0.02931558 0.00080817 0.01038924 0.06329732 0.02513985 0.16513596 0.00815594 0.07668496 0.01400186 0.53783385 0.00989416 0.05934310
1.00020004 10.11874445 0.03022273 0.00086416 0.01349110 0.07081232 0.02495921 0.12876805 0.00971251 0.22412783 0.01459551 0.34958807 0.01386859 0.11898991
1.20024005 10.16249394 0.03107739 0.00124114 0.00813886 0.07860743 0.03321676 0.16518663 0.01130885 0.30420920 0.01556731 0.24206768 0.01666593 0.09271282
1.40028006 10.14348640 0.01324318 0.00129844 0.01167995 0.05550163 0.03061829 0.33313916 0.01524512 0.13399181 0.01820170 0.30711716 0.01663643 0.06332712
1.60032006 10.13104039 0.02962767 0.00127107 0.01206806 0.07121708 0.03172683 0.28782187 0.02164253 0.20034991 0.01672786 0.25320418 0.01663170 0.05771124
1.80036007 10.07016204 0.03029565 0.00170431 0.01195069 0.05702776 0.04227950 0.09989703 0.02089460 0.39591008 0.02204917 0.23880587 0.01707240 0.06211294
2.00040008 10.00545959 0.01649096 0.00151139 0.00721422 0.04667210 0.03632695 0.15903989 0.02618756 0.13848118 0.02222981 0.40508749 0.02374426 0.11701419
2.20044009 9.96709956 0.03463084 0.00227247 0.01213903 0.06269199 0.03792236 0.11411161 0.03016515 0.30194529 0.02898039 0.30301627 0.02265960 0.04946500
2.40048010 9.95200399 0.02931946 0.00199089 0.01162611 0.04117665 0.04025507 0.16932174 0.03105770 0.41528653 0.02996262 0.16822080 0.02473368 0.03704875
2.60052010 9.95700516 0.01846726 0.00188433 0.00820106 0.05043898 0.03982459 0.34512173 0.03133069 0.09271988 0.03320298 0.29901879 0.02775739 0.05203233
2.80056011 9.95584916 0.02665607 0.00234572 0.01252148 0.04299890 0.03566190 0.11006028 0.03380710 0.46042086 0.03958958 0.13971846 0.02859567 0.06762398
3.00060012 9.97438069 0.03779609 0.00242654 0.01011789 0.07085375 0.03695667 0.14778427 0.04446660 0.34431906 0.04033546 0.18183954 0.02781470 0.05528942
3.20064013 9.98040496 0.01291397 0.00206880 0.00945811 0.04639163 0.03725321 0.24518790 0.04234848 0.10633413 0.04113306 0.36510791 0.02919641 0.06260639
3.40068014 9.98435519 0.02676935 0.00213996 0.01003214 0.05808933 0.03898778 0.15500922 0.04792238 0.26965921 0.03644266 0.25556541 0.03250719 0.06687537
3.60072014 10.00695278 0.02119067 0.00229263 0.01037784 0.06399755 0.03705825 0.15889683 0.04748162 0.19839775 0.04036245 0.31990112 0.02880502 0.07123828
3.80076015 10.01600058 0.01483688 0.00243488 0.00899370 0.05365891 0.04496661 0.16294271 0.05057861 0.12342302 0.04192867 0.39761053 0.03209119 0.06653429
4.00080016 10.03040658 0.02405273 0.00239396 0.00738338 0.05846067 0.04182651 0.13955679 0.05191657 0.29160164 0.04424734 0.22459895 0.03561558 0.07834587
4.20084017 10.00827330 0.01956118 0.00257197 0.01113968 0.05667271 0.04584735 0.18659384 0.05250083 0.29246025 0.04726102 0.19372899 0.03381880 0.05784339
4.40088018 9.98413167 0.01294617 0.00265690 0.00950053 0.05249389 0.04961819 0.28018380 0.04861852 0.13927505 0.05009271 0.27485846 0.03501364 0.04474213
4.60092018 9.94662503 0.02535946 0.00281384 0.00907793 0.05090359 0.05070310 0.14766397 0.04979003 0.33925157 0.05131739 0.18136185 0.03737559 0.05438166
4.80096019 9.90736763 0.02392166 0.00315538 0.01121007 0.05054051 0.05698422 0.10817814 0.04992982 0.22480962 0.05762929 0.32135309 0.03830125 0.05398695
5.00100020 9.89733535 0.01852712 0.00311424 0.00847140 0.05235889 0.06568922 0.12228870 0.04994224 0.16399462 0.06041896 0.34391035 0.04283529 0.06844896
5.20104021 9.88596715 0.02805810 0.00334654 0.01026408 0.05075366 0.07209717 0.09341983 0.04784218 0.35503869 0.06827111 0.18269651 0.04244295 0.04576919
5.40108022 9.90716257 0.01495246 0.00324613 0.00798127 0.05413191 0.06961330 0.24432445 0.05098929 0.14182696 0.06881350 0.25684141 0.04533774 0.04194159
5.60112022 9.91022153 0.01851221 0.00303429 0.00761619 0.05095015 0.07337520 0.19915617 0.05392907 0.24725861 0.06604934 0.19538500 0.04361204 0.04112173
5.80116023 9.92148515 0.02583369 0.00322226 0.00858193 0.05309130 0.07103198 0.11866942 0.05547187 0.31836256 0.07176755 0.17306068 0.04050629 0.06040048
6.00120024 9.91543189 0.01423574 0.00291162 0.00806918 0.04227849 0.07457268 0.17941648 0.05801057 0.15436395 0.06572458 0.28904384 0.05078049 0.06059236
6.20124025 9.91035967 0.01629054 0.00343903 0.00695122 0.04181536 0.07747331 0.14872728 0.05786754 0.18099600 0.07223413 0.28965112 0.04898593 0.05556855
6.40128026 9.91354623 0.01745998 0.00336051 0.00674315 0.04204810 0.08103132 0.12448597 0.06250718 0.23047644 0.06989220 0.26436909 0.04720874 0.05041732
6.60132026 9.90736028 0.01347178 0.00342244 0.00717935 0.03934492 0.08325832 0.15864943 0.06443497 0.17348991 0.07033346 0.28012527 0.04655076 0.05973939
6.80136027 9.91510408 0.01400888 0.00356831 0.00662109 0.03316847 0.07959070 0.17167910 0.06440775 0.18688363 0.07163473 0.26490093 0.04879845 0.05473796
7.00140028 9.90369083 0.01974702 0.00369114 0.00524306 0.03642122 0.08027689 0.12708726 0.06592674 0.33150985 0.07373185 0.16097783 0.05037332 0.04501382
7.20144029 9.88579034 0.01352889 0.00367198 0.00633307 0.03369391 0.08052851 0.20379905 0.06870185 0.18273291 0.07399888 0.23718822 0.05109871 0.04472401
7.40148030 9.86155820 0.01716904 0.00389260 0.00862224 0.03443059 0.08359364 0.17367748 0.06609100 0.21730907 0.07872109 0.23419093 0.04770161 0.03460072
7.60152030 9.83304718 0.02060822 0.00409056 0.00584235 0.03672281 0.08605588 0.10117817 0.06544224 0.26789423 0.08186560 0.22885326 0.05054566 0.05090101
7.80156031 9.83224707 0.01414859 0.00367107 0.00568980 0.03949948 0.08336335 0.12133334 0.06985372 0.13730009 0.07976964 0.34470174 0.05334216 0.04732702
8.00160032 9.82687144 0.02209064 0.00375765 0.00719892 0.04091801 0.08504100 0.09631395 0.06781937 0.27033997 0.08418793 0.22920047 0.04919399 0.04393811
8.20164033 9.84111594 0.01704612 0.00365379 0.00889954 0.04159748 0.09225336 0.17364049 0.06832468 0.20737724 0.08030227 0.21479657 0.05346583 0.03864262
8.40168034 9.84334514 0.01316452 0.00372506 0.00746429 0.04111792 0.08248734 0.19504904 0.07195749 0.17766411 0.08516990 0.22665343 0.05466015 0.04088674
8.60172034 9.84951239 0.01840770 0.00374277 0.00565758 0.04174193 0.09203977 0.13735854 0.07561709 0.26721449 0.08529365 0.17650030 0.05330665 0.04311953
8.80176035 9.83560768 0.01471843 0.00415515 0.00652043 0.03632154 0.09406455 0.14077562 0.07332831 0.19757859 0.08830567 0.24455242 0.05414625 0.04553304
9.00180036 9.81735878 0.01272639 0.00416668 0.00594230 0.03166217 0.08918245 0.13938975 0.07326101 0.16115502 0.08933804 0.27728832 0.06005176 0.05583612
9.20184037 9.81481507 0.01452843 0.00381027 0.00535534 0.03512969 0.09431681 0.12110515 0.07481841 0.20320476 0.08921344 0.25759198 0.05384099 0.04708473
9.40188038 9.80410060 0.01545843 0.00402554 0.00611471 0.03313030 0.09980538 0.12908159 0.07576642 0.21645985 0.08978495 0.23199398 0.05261764 0.04576121
9.60192038 9.80262226 0.01098682 0.00420476 0.00602005 0.03581972 0.09263522 0.18407782 0.07914936 0.15674645 0.08994071 0.24306023 0.05406989 0.04328897
9.80196039 9.79609384 0.01724166 0.00398408 0.00522094 0.03593933 0.09259249 0.13259827 0.07689017 0.26781903 0.08957798 0.17832125 0.05695522 0.04285958
10.00200040 9.78203510 0.01590275 0.00410257 0.00587539 0.03410457 0.10166295 0.14626166 0.07937555 0.23213632 0.09143630 0.19412496 0.05742255 0.03759442
10.20204041 9.76778434 0.01243791 0.00435000 0.00583327 0.03297687 0.09641523 0.17067433 0.08436293 0.16502804 0.09488806 0.24277713 0.05398371 0.03627253
10.40208042 9.75386677 0.01780651 0.00420909 0.00570238 0.03321434 0.09840210 0.10727414 0.08253435 0.23826846 0.09234794 0.22320722 0.05850644 0.03852702
10.60212042 9.75312232 0.01302817 0.00453853 0.00566045 0.02694852 0.10342891 0.11774602 0.08081776 0.15833754 0.09933944 0.28813223 0.05787528 0.04414716
10.80216043 9.75700650 0.01454689 0.00421627 0.00425792 0.03052943 0.10301512 0.10244238 0.08797632 0.20373966 0.09825439 0.25094199 0.05653783 0.04354181
11.00220044 9.76571100 0.01238300 0.00449727 0.00446821 0.02918996 0.10362478 0.14087847 0.09312270 0.21215558 0.09889378 0.20092349 0.06186141 0.03800136
11.20224045 9.77161257 0.01082096 0.00458639 0.00457007 0.02730818 0.10480350 0.16931416 0.08988518 0.18113116 0.10475715 0.20516035 0.06196771 0.03569521
11.40228046 9.76657707 0.01239788 0.00405509 0.00404607 0.02317559 0.10849260 0.14266170 0.09560673 0.21624452 0.09618876 0.19346751 0.06365674 0.04000680
11.60232046 9.75972959 0.01229143 0.00448688 0.00366118 0.02170266 0.10678220 0.12937637 0.09854135 0.20421556 0.10563326 0.21363196 0.05855624 0.04112092
11.80236047 9.73610208 0.01068619 0.00418534 0.00387742 0.02193949 0.11098405 0.11695115 0.09676757 0.17154870 0.10073755 0.25026681 0.06532540 0.04673033
12.00240048 9.73116750 0.01053723 0.00467296 0.00381720 0.01814412 0.10979822 0.11291793 0.09666296 0.16577508 0.10944847 0.26066224 0.06541731 0.04214628
12.20244049 9.71951355 0.01367045 0.00458290 0.00436210 0.01578727 0.11906553 0.10359702 0.09911718 0.21851303 0.11065891 0.20574825 0.06457539 0.04032195
12.40248050 9.71684891 0.00860588 0.00471750 0.00315387 0.01342270 0.12513573 0.14964351 0.09724967 0.16361004 0.11503892 0.22264054 0.06385810 0.03292355
12.60252050 9.71568908 0.01138269 0.00512302 0.00333308 0.01254439 0.12437794 0.13564118 0.09920328 0.20023493 0.11536527 0.18648794 0.07193040 0.03437587
12.80256051 9.70421948 0.01349745 0.00484241 0.00377956 0.01730611 0.12115883 0.11439094 0.10055596 0.23630162 0.11555640 0.16915055 0.07188630 0.03157386
13.00260052 9.69729973 0.00844244 0.00475069 0.00220309 0.01237320 0.12802254 0.13977208 0.09916712 0.16093187 0.11680794 0.22528567 0.06725163 0.03499174
13.20264053 9.68260362 0.01313194 0.00485134 0.00456614 0.01552649 0.13216634 0.10648966 0.09527317 0.18969261 0.12096621 0.21823682 0.06474284 0.03435643
13.40268054 9.67968740 0.01068486 0.00466435 0.00428118 0.01967722 0.12460644 0.09602684 0.10301281 0.16209281 0.11840290 0.25110366 0.06931342 0.03613353
13.60272054 9.67924939 0.01070734 0.00473298 0.00314448 0.02118002 0.12748527 0.09152963 0.10288183 0.18071657 0.11661814 0.23563372 0.06828169 0.03708833
13.80276055 9.68206473 0.00980576 0.00508025 0.00395038 0.02254230 0.13508571 0.11672452 0.09452305 0.18780109 0.12290669 0.19994130 0.06640421 0.03523475
14.00280056 9.67673656 0.01011434 0.00498491 0.00466012 0.02305458 0.12780635 0.14043688 0.09890060 0.17891043 0.11902127 0.18713716 0.07328678 0.03168659
14.20284057 9.66603097 0.01071008 0.00489154 0.00398951 0.02356637 0.12216777 0.12488083 0.10698559 0.19722812 0.12426342 0.17687289 0.07169159 0.03275230
14.40288058 9.65955980 0.01107203 0.00498218 0.00451097 0.02281543 0.13019802 0.11468173 0.10655440 0.18067572 0.12607488 0.19819444 0.06619043 0.03404977
14.60292058 9.63902703 0.01194473 0.00523063 0.00518345 0.02138631 0.13037109 0.09511970 0.10384260 0.17882833 0.12842266 0.21365683 0.07013292 0.03588075
14.80296059 9.63304724 0.00985847 0.00521766 0.00411143 0.02074508 0.12784003 0.09811026 0.10027596 0.14495943 0.12733356 0.24287077 0.07933270 0.03934466
15.00300060 9.63047607 0.01129257 0.00530996 0.00269590 0.01533394 0.13510816 0.09268222 0.10754824 0.19030912 0.12648832 0.20424538 0.07554521 0.03344096
15.20304061 9.62990816 0.00976025 0.00535338 0.00324413 0.01539667 0.13634452 0.12216380 0.10892477 0.17655990 0.12765480 0.18799342 0.07372243 0.03288192
15.40308062 9.62907230 0.01005488 0.00540580 0.00464983 0.01721608 0.13303278 0.13941691 0.10771484 0.16046085 0.12908416 0.18902321 0.07476232 0.02917834
15.60312062 9.62292056 0.01330588 0.00545528 0.00425938 0.01697404 0.13488553 0.10284893 0.10805346 0.21500763 0.12789035 0.15999493 0.07771528 0.03360931
15.80316063 9.61796837 0.00918672 0.00539899 0.00333915 0.01726529 0.13494494 0.12015237 0.11009978 0.16292872 0.12880095 0.20262934 0.07275524 0.03249851
16.00320064 9.60929551 0.00917011 0.00548598 0.00302289 0.01707920 0.13368798 0.10729884 0.11291420 0.16421424 0.13040958 0.21143790 0.07150216 0.03377692
16.20324065 9.60147874 0.00971796 0.00556695 0.00347050 0.01406480 0.13765185 0.09738566 0.11164498 0.15790631 0.12561946 0.22703477 0.07751666 0.03242011
16.40328066 9.59706796 0.01060343 0.00541618 0.00361793 0.01967865 0.13523793 0.08945540 0.10817845 0.16497893 0.13022882 0.21792933 0.07693852 0.03773644
16.60332066 9.59769346 0.01092943 0.00534958 0.00481512 0.01899716 0.13484301 0.10578456 0.11065896 0.18059075 0.12810252 0.19016849 0.07704583 0.03271459
16.80336067 9.59738141 0.00933748 0.00524626 0.00456057 0.02133121 0.13572660 0.12747042 0.11281994 0.16747805 0.13088321 0.18177810 0.07132389 0.03204428
17.00340068 9.59309096 0.01052451 0.00507057 0.00426586 0.02294680 0.13444887 0.11957765 0.11083894 0.18762057 0.13121549 0.16971804 0.07242603 0.03134667
17.20344069 9.58702603 0.01108050 0.00480538 0.00463864 0.02259179 0.13618803 0.11511665 0.11724763 0.17068076 0.12631587 0.18775655 0.07144298 0.03213521
17.40348070 9.57401730 0.01228511 0.00496428 0.00530191 0.02289389 0.13592083 0.09780082 0.11303804 0.17271690 0.13418646 0.19905882 0.06789028 0.03394264
17.60352070 9.56860503 0.00862742 0.00499265 0.00264840 0.02190392 0.13770419 0.10077611 0.11080127 0.14195767 0.12966075 0.22565754 0.07884104 0.03642903
17.80356071 9.55942947 0.01093180 0.00501579 0.00334131 0.02164209 0.14035481 0.09049587 0.11628213 0.16732816 0.13058155 0.20310805 0.07576563 0.03515281
18.00360072 9.56408948 0.01150870 0.00483316 0.00425317 0.02025483 0.14541808 0.10549911 0.12076834 0.17849815 0.13557625 0.17636584 0.06740407 0.02962031
18.20364073 9.57245964 0.00826595 0.00493581 0.00351967 0.01725136 0.15168485 0.13393643 0.11564287 0.14706210 0.13378568 0.17990418 0.07195068 0.03206041
18.40368074 9.56743158 0.01058468 0.00489605 0.00351254 0.02053511 0.14416282 0.11369571 0.11411019 0.18753889 0.13677280 0.16014552 0.07405803 0.02998765
18.60372074 9.56547482 0.01081224 0.00456712 0.00436212 0.01915293 0.13977614 0.10870620 0.12047774 0.16900363 0.13313229 0.18172920 0.07604661 0.03223379
18.80376075 9.55342596 0.00900900 0.00496577 0.00347316 0.02364065 0.14635106 0.10171116 0.11589444 0.15451710 0.13711350 0.20063699 0.06967514 0.03301204
19.00380076 9.54751817 0.00948160 0.00486602 0.00386909 0.02267733 0.14475166 0.09835008 0.11458577 0.14614352 0.13529791 0.21002777 0.07449853 0.03545071
19.20384077 9.54380257 0.01040075 0.00524696 0.00470545 0.02123445 0.13940968 0.09122339 0.11958660 0.15473197 0.13679121 0.20417878 0.07896546 0.03352531
19.40388078 9.54411832 0.00998930 0.00525815 0.00353975 0.02474433 0.14957347 0.09859686 0.11893773 0.17018111 0.13829441 0.17841985 0.07193612 0.03052891
19.60392078 9.54342913 0.00899638 0.00538400 0.00306342 0.02475879 0.15370997 0.12052482 0.11322503 0.15905904 0.13810494 0.17457096 0.07157597 0.02702670
19.80396079 9.53174340 0.01053157 0.00567448 0.00400210 0.02300666 0.14692678 0.11084737 0.11443537 0.17740486 0.13903723 0.16125669 0.07792603 0.02895086
20.00400080 9.52117763 0.01059552 0.00553925 0.00437408 0.02733013 0.14732305 0.10385673 0.11461173 0.16340827 0.13755650 0.17936856 0.07696938 0.02906682
20.20404081 9.50830136 0.01077323 0.00592929 0.00412365 0.02508975 0.14703072 0.09378321 0.11186786 0.16349319 0.14256879 0.19401692 0.07460323 0.02672017
20.40408082 9.49927708 0.01096782 0.00560487 0.00549340 0.02380270 0.14785411 0.08762362 0.11544814 0.14718509 0.13740888 0.20821961 0.07768389 0.03270787
20.60412082 9.49894304 0.01038262 0.00551154 0.00464522 0.02148362 0.14877129 0.09126004 0.11385173 0.15228279 0.13865688 0.20633826 0.07520844 0.03160755
20.80416083 9.50195375 0.01017923 0.00561433 0.00285410 0.02285655 0.14960327 0.09301243 0.11310156 0.18142038 0.14127121 0.17281229 0.07440952 0.03286512
21.00420084 9.50046165 0.00921785 0.00517471 0.00504059 0.02746102 0.14988811 0.12633092 0.11116133 0.15228214 0.13662980 0.17608077 0.07314595 0.02758682
21.20424085 9.49816836 0.01048092 0.00520552 0.00475886 0.02250345 0.14984453 0.11032886 0.11110893 0.17599445 0.13757798 0.16531590 0.07426294 0.03261766
21.40428086 9.49494800 0.01013860 0.00509967 0.00404130 0.02565703 0.15083254 0.09980046 0.10939106 0.17037679 0.13401854 0.18224437 0.07865808 0.02974155
21.60432086 9.47690980 0.00969862 0.00526333 0.00432167 0.02445191 0.15361068 0.09159980 0.11412740 0.15387126 0.13901483 0.19937115 0.07398366 0.03068570
21.80436087 9.46616677 0.00948372 0.00594516 0.00403628 0.02085889 0.15365637 0.09151522 0.11314428 0.14904046 0.14755185 0.20322322 0.07170224 0.02984231
22.00440088 9.46519030 0.00969969 0.00533990 0.00417427 0.02041231 0.15526500 0.09138059 0.11111311 0.15005027 0.14020123 0.20267117 0.07808065 0.03161181
22.20444089 9.45865311 0.00991454 0.00545459 0.00354101 0.02155901 0.15271395 0.09073976 0.11252906 0.17411911 0.14532170 0.17904141 0.07398059 0.03108527
22.40448090 9.45600386 0.00818390 0.00560542 0.00340964 0.02100696 0.15423640 0.11389435 0.11173230 0.15738030 0.14749271 0.17234588 0.07293306 0.03177908
22.60452090 9.44776786 0.00871009 0.00532805 0.00306667 0.02017339 0.15549908 0.10812997 0.10993737 0.17179480 0.14230599 0.16524355 0.07892941 0.03088164
22.80456091 9.44104703 0.00924992 0.00531522 0.00340738 0.01820865 0.15272116 0.09699658 0.11164547 0.17030156 0.14887390 0.17553491 0.07744414 0.03030110
23.00460092 9.43246944 0.00939421 0.00534447 0.00397179 0.01903578 0.15200110 0.09120227 0.11758806 0.15371987 0.14564797 0.19477497 0.07341830 0.03390122
23.20464093 9.42593160 0.00843850 0.00555923 0.00277897 0.01520387 0.15310994 0.08875913 0.11792829 0.15278782 0.15097712 0.19848168 0.07042530 0.03555014
23.40468094 9.42400767 0.00868935 0.00530975 0.00354950 0.01779632 0.15341824 0.09167823 0.11892662 0.14413221 0.14801681 0.19842696 0.07632847 0.03372753
23.60472094 9.41476686 0.00969757 0.00565385 0.00375756 0.01743625 0.14855715 0.09156065 0.12006593 0.16818822 0.15147692 0.17375562 0.07824603 0.03160423
23.80476095 9.41032733 0.00919820 0.00521415 0.00447220 0.02076546 0.15409820 0.10639609 0.11928996 0.15786148 0.14972000 0.16560705 0.07567758 0.03169963
24.00480096 9.40718338 0.00920601 0.00520145 0.00462612 0.02111444 0.15452526 0.10457271 0.11770474 0.15891541 0.15439905 0.16300056 0.07416939 0.03256486
24.20484097 9.40250714 0.00909894 0.00496180 0.00474326 0.01919315 0.14827874 0.09208759 0.12509854 0.15892797 0.15034771 0.17766215 0.07931310 0.03028705
24.40488098 9.39352616 0.00942906 0.00547473 0.00483297 0.01677886 0.14915982 0.08734915 0.12990798 0.14883150 0.15574725 0.18674198 0.07571011 0.03003658
24.60492098 9.38216378 0.00823737 0.00575049 0.00384627 0.01710440 0.15397541 0.08197604 0.12867197 0.14244233 0.15664796 0.19113969 0.07895405 0.03125403
24.80496099 9.37901521 0.00794456 0.00543088 0.00371825 0.01989113 0.15655159 0.08021447 0.12737317 0.13631239 0.15280719 0.19444665 0.08383705 0.03147266
25.00500100 9.36957379 0.00999742 0.00604491 0.00431423 0.01778679 0.15560849 0.07660028 0.13115315 0.16438284 0.15716578 0.15928386 0.08602755 0.03163470
25.20504101 9.36714036 0.00784616 0.00602726 0.00388997 0.01879485 0.16213988 0.10460554 0.13097897 0.14199616 0.15565289 0.15656476 0.08520089 0.02630267
25.40508102 9.36165741 0.00763582 0.00604516 0.00343794 0.01796392 0.16508068 0.10027078 0.12952201 0.14951762 0.15593216 0.15068521 0.08541987 0.02848884
25.60512102 9.34861525 0.00931921 0.00616683 0.00393791 0.02136309 0.15923302 0.08065234 0.13338110 0.15513031 0.15635084 0.15920495 0.08486810 0.03039231
25.80516103 9.33719959 0.01039002 0.00601483 0.00599122 0.01879220 0.16578950 0.07891094 0.13226647 0.13535716 0.15604218 0.17524952 0.08388690 0.03130905
26.00520104 9.32709060 0.00955135 0.00635997 0.00486310 0.02491424 0.16746277 0.07547785 0.12718402 0.13998361 0.16127515 0.17347260 0.08171797 0.02773738
26.20524105 9.32793499 0.00724725 0.00624285 0.00315774 0.01992863 0.16657164 0.08453773 0.13111385 0.13024834 0.15804055 0.17606429 0.08603100 0.03081614
26.40528106 9.32344197 0.00961046 0.00610213 0.00384388 0.02056707 0.16551882 0.08405695 0.12493447 0.14860370 0.15843285 0.15999502 0.08901160 0.02932303
26.60532106 9.32310927 0.00980997 0.00611179 0.00551800 0.02275697 0.16854897 0.09045214 0.12384391 0.15096057 0.15891373 0.15243863 0.08458149 0.02606384
26.80536107 9.31674959 0.00956702 0.00570531 0.00471356 0.02476314 0.16598580 0.09396126 0.13042875 0.14396895 0.15662089 0.15450798 0.08125913 0.02851819
27.00540108 9.31399141 0.00887916 0.00581343 0.00461775 0.02083945 0.15795112 0.08546013 0.13353238 0.14482958 0.15827453 0.16425224 0.08442842 0.03112180
27.20544109 9.30869133 0.00932844 0.00578691 0.00507144 0.02297170 0.16422101 0.08058084 0.12644654 0.14165442 0.15725083 0.17104253 0.08829459 0.02735075
27.40548110 9.30240402 0.00940218 0.00586499 0.00503121 0.02571894 0.16748077 0.07854154 0.12456356 0.13591755 0.15911459 0.17858008 0.08297598 0.02680861
27.60552110 9.29679236 0.00811988 0.00589804 0.00345386 0.02270719 0.16515469 0.07747128 0.12803191 0.13234360 0.16224453 0.18014233 0.08467071 0.02976197
27.80556111 9.29352681 0.01002377 0.00570694 0.00456346 0.02473190 0.16437724 0.07583714 0.12777864 0.15567957 0.15772417 0.15609808 0.08841289 0.02906620
28.00560112 9.28807735 0.00918442 0.00620477 0.00569424 0.02574953 0.16515746 0.09378755 0.12693542 0.14397185 0.16514356 0.15062324 0.08255866 0.02498930
28.20564113 9.27992045 0.00862864 0.00606131 0.00438690 0.03085626 0.16474777 0.09419155 0.12309163 0.14466046 0.15960373 0.15153009 0.08449545 0.02774621
28.40568114 9.26967023 0.00987897 0.00611786 0.00430749 0.03125395 0.16119191 0.07878986 0.12808517 0.15140836 0.15999424 0.15590374 0.08661070 0.02645774
28.60572114 9.26411585 0.01062997 0.00595745 0.00643826 0.02929997 0.15699902 0.07356184 0.13150901 0.13915759 0.15871252 0.17289557 0.08482188 0.03001692
28.80576115 9.25900973 0.01001425 0.00610600 0.00594186 0.02475222 0.16381687 0.07498868 0.12505980 0.13918161 0.15885108 0.17572201 0.08416613 0.03139950
29.00580116 9.25682598 0.00894797 0.00629401 0.00440596 0.02629615 0.16426878 0.08209421 0.12234373 0.13299783 0.16407743 0.17467423 0.08301594 0.03058377
29.20584117 9.24986519 0.01010898 0.00565527 0.00546552 0.03165156 0.16395603 0.07946725 0.12245558 0.14650714 0.15771717 0.16330351 0.08421583 0.02949616
29.40588118 9.24314279 0.00959781 0.00612442 0.00582627 0.02938764 0.15572914 0.08723426 0.12674865 0.14643023 0.16767614 0.15514303 0.07972154 0.03038088
29.60592118 9.23738138 0.00967304 0.00576502 0.00533140 0.02866945 0.16124486 0.08939545 0.12657196 0.14890592 0.16140258 0.15166000 0.08101546 0.03036487
29.80596119 9.23151542 0.00997345 0.00583542 0.00630267 0.03041593 0.16402272 0.08196978 0.12364276 0.14392570 0.16457923 0.15976489 0.07991976 0.02964770
30.00600120 9.22277172 0.00921462 0.00580007 0.00544747 0.03034189 0.15793790 0.07625361 0.12839805 0.14024297 0.16355318 0.17061078 0.08431069 0.02788878
30.20604121 9.21212685 0.00975336 0.00582373 0.00534209 0.02905355 0.15914782 0.07131059 0.13120200 0.14135964 0.16538461 0.17010633 0.08244172 0.02907457
30.40608122 9.21050194 0.01003256 0.00565139 0.00683794 0.03387886 0.16275791 0.07281728 0.12776364 0.12803139 0.16601763 0.17920290 0.07780931 0.02919920
30.60612122 9.20545198 0.01031738 0.00533637 0.00580483 0.03784084 0.16542420 0.06768402 0.12577764 0.14779990 0.16288391 0.16306567 0.08057777 0.02748747
30.80616123 9.20546037 0.00939215 0.00528502 0.00479257 0.03550568 0.16058730 0.08298804 0.12990882 0.15254797 0.16453474 0.14630495 0.07968400 0.02846875
31.00620124 9.19687776 0.00984376 0.00545301 0.00651377 0.03372254 0.16136277 0.09610389 0.12969062 0.13704312 0.16413456 0.15017185 0.07735892 0.02860118
31.20624125 9.18905519 0.01132893 0.00529981 0.00689523 0.03732842 0.16078539 0.08293219 0.13023277 0.14709223 0.16289770 0.15053840 0.07878421 0.02588472
31.40628126 9.17816479 0.00999115 0.00529888 0.00511595 0.03394398 0.15632366 0.07229784 0.12933671 0.14434091 0.16423760 0.16898978 0.07880303 0.03132050
31.60632126 9.16328408 0.01148699 0.00545262 0.00688590 0.03740238 0.16191144 0.07279472 0.12190648 0.13575085 0.16418061 0.17414049 0.07654873 0.03153880
31.80636127 9.15899682 0.01130258 0.00536330 0.00783135 0.04234763 0.16113456 0.07681789 0.12454405 0.12942875 0.16597671 0.16904487 0.07698126 0.02922706
32.00640128 9.15363917 0.01020060 0.00530197 0.00538539 0.04015068 0.15713732 0.07891577 0.12776780 0.14184887 0.16554668 0.15743268 0.08024612 0.03006613
32.20644129 9.15358079 0.00912137 0.00538095 0.00468136 0.03447832 0.16295665 0.09115012 0.12294844 0.14279277 0.16619646 0.14967200 0.08051739 0.03010418
32.40648130 9.14870807 0.00954681 0.00562658 0.00592446 0.03795296 0.16633478 0.09085188 0.11899708 0.14150469 0.17245534 0.14816625 0.07458610 0.02805307
32.60652130 9.14488081 0.01011427 0.00544273 0.00586713 0.03539080 0.16179405 0.07728497 0.12939417 0.14560113 0.16453921 0.15455226 0.08282972 0.02718955
32.80656131 9.13685731 0.00934031 0.00596850 0.00524192 0.02986032 0.16418081 0.07422577 0.13217745 0.12940863 0.17048528 0.16778842 0.08118785 0.03013476
33.00660132 9.12978908 0.01044120 0.00553054 0.00626787 0.03223321 0.17251865 0.07179132 0.12660612 0.13600114 0.16856634 0.16378205 0.08077823 0.02548332
33.20664133 9.12408159 0.00940883 0.00551031 0.00617577 0.03629326 0.16862862 0.07838191 0.12551884 0.12680071 0.16907666 0.16636617 0.08126545 0.02657346
33.40668134 9.12095162 0.00922089 0.00560037 0.00497104 0.03166886 0.16420175 0.07489099 0.12720377 0.13670730 0.17035375 0.16205497 0.08264023 0.03048607
33.60672134 9.11450111 0.00980550 0.00530894 0.00499126 0.03450382 0.16617020 0.07560500 0.12728565 0.14942754 0.16480318 0.14812501 0.08643191 0.02754200
33.80676135 9.10661868 0.00959915 0.00594984 0.00586042 0.03293529 0.16603170 0.09498555 0.12458737 0.13524601 0.17538123 0.14716867 0.07804974 0.02420502
34.00680136 9.10116749 0.00892425 0.00563555 0.00435748 0.03062137 0.16878529 0.08327390 0.12926705 0.14021733 0.16733570 0.15057958 0.08297629 0.02802621
34.20684137 9.09658772 0.00884111 0.00596945 0.00387753 0.02706037 0.16723961 0.07548950 0.12890275 0.13509987 0.17452752 0.16215260 0.08136055 0.02947914
34.40688138 9.09150896 0.00930477 0.00589023 0.00520639 0.02601159 0.16815718 0.07590957 0.12962804 0.13475083 0.17029265 0.16280784 0.08603178 0.02600914
34.60692138 9.08784486 0.00981682 0.00603886 0.00550062 0.02761052 0.16745911 0.07878271 0.13040535 0.12806411 0.17446900 0.16146310 0.08162756 0.02876225
34.80696139 9.08384734 0.00879545 0.00587490 0.00430534 0.02656302 0.17032639 0.08209447 0.13078472 0.13499246 0.17248886 0.15311490 0.08252501 0.02813449
35.00700140 9.07902975 0.00878597 0.00613713 0.00426411 0.02885585 0.17131178 0.08399917 0.12689192 0.14031289 0.17539277 0.13925112 0.08626628 0.02853101
35.20704141 9.07232859 0.00886168 0.00621125 0.00451062 0.02378097 0.16677806 0.09592363 0.12971363 0.13372092 0.17850373 0.14337266 0.08279320 0.02582965
35.40708142 9.06309856 0.00960415 0.00577351 0.00396783 0.02582137 0.16928906 0.08274680 0.13052325 0.14096742 0.17240459 0.14519423 0.08200946 0.03169832
35.60712142 9.06192613 0.00947373 0.00561920 0.00531968 0.02716977 0.17055548 0.07949048 0.12809945 0.12610343 0.17389244 0.16285535 0.08383331 0.02758768
35.80716143 9.05149644 0.01001721 0.00572284 0.00539247 0.02853589 0.16969851 0.07268835 0.12741313 0.13234313 0.17548675 0.15855137 0.08367865 0.03047170
36.00720144 9.04936279 0.01006933 0.00564218 0.00602637 0.02544027 0.16795182 0.08103019 0.12933165 0.12545618 0.17332876 0.16450993 0.08174547 0.02946785
36.20724145 9.04968708 0.00822013 0.00568311 0.00428103 0.02145645 0.16498605 0.08647090 0.13326903 0.12838138 0.17579518 0.15602743 0.08426650 0.03116281
36.40728146 9.04563899 0.00977492 0.00560616 0.00431948 0.02314045 0.17059347 0.08684442 0.13090900 0.14589031 0.17320123 0.13902746 0.08169001 0.02900308
36.60732146 9.04018787 0.00806098 0.00588570 0.00373994 0.02239537 0.17080347 0.09548143 0.12725438 0.13093779 0.18069855 0.14407693 0.07935777 0.03130768
36.80736147 9.03445608 0.00834965 0.00556250 0.00378190 0.02153820 0.16749945 0.08976965 0.13437873 0.13752340 0.17586779 0.14230945 0.08269141 0.03072788
37.00740148 9.02847174 0.00875003 0.00567112 0.00380546 0.02025376 0.17115320 0.08234061 0.13200060 0.12926198 0.18006110 0.15401383 0.08111386 0.03157445
37.20744149 9.02225471 0.00963018 0.00549890 0.00515417 0.02132446 0.16960672 0.07859317 0.12935204 0.12737752 0.17775097 0.16225394 0.08379125 0.02966669
37.40748150 9.01755468 0.00923181 0.00578262 0.00448100 0.01995315 0.16867557 0.08361200 0.13222667 0.12729565 0.17932547 0.15738903 0.08398956 0.02803749
37.60752150 9.01747157 0.00842988 0.00550294 0.00422589 0.02031577 0.17099553 0.08401820 0.13348961 0.12979833 0.17819953 0.15386172 0.08181227 0.02935034
37.80756151 9.00722866 0.01017714 0.00530523 0.00473648 0.02392515 0.17035099 0.08548779 0.13153610 0.14008650 0.17665252 0.14144080 0.08215504 0.02814626
38.00760152 9.00906442 0.00796839 0.00552616 0.00350179 0.02402338 0.16987446 0.09579780 0.12901513 0.13245975 0.18190757 0.14184791 0.07967656 0.02840109
38.20764153 9.00208432 0.00790599 0.00555545 0.00353813 0.02168293 0.17538285 0.08979915 0.12789227 0.13387770 0.18074757 0.14515961 0.08042174 0.02803662
38.40768154 8.99725372 0.00784907 0.00539769 0.00355417 0.02277027 0.17580944 0.08081725 0.13148563 0.12775667 0.17606813 0.15486044 0.08323898 0.03039226
38.60772154 8.99196522 0.00860676 0.00569913 0.00406261 0.02153825 0.16992123 0.07183893 0.13017452 0.12926640 0.18302548 0.16485203 0.08117951 0.02983514
38.80776155 8.98987186 0.00848092 0.00559146 0.00403158 0.02110096 0.17263515 0.07769703 0.12863763 0.12929601 0.18105479 0.15867981 0.08408085 0.02871382
39.00780156 8.97937998 0.00818155 0.00557823 0.00468402 0.02398366 0.17560957 0.08857171 0.12757265 0.12309795 0.18241352 0.15298088 0.08082591 0.02650036
39.20784157 8.97404016 0.00827239 0.00572921 0.00344583 0.01807403 0.16972655 0.08571734 0.13355435 0.13828688 0.18409969 0.14303337 0.08289007 0.02717029
39.40788158 8.97087988 0.00852947 0.00550332 0.00364362 0.01882197 0.17061870 0.08925749 0.13051867 0.13652254 0.18166101 0.14274244 0.08369818 0.02848260
39.60792158 8.96447343 0.00900507 0.00578707 0.00388114 0.01788925 0.17183207 0.08736644 0.12600972 0.13497626 0.18795504 0.14465945 0.08241597 0.02822252
39.80796159 8.95304279 0.00827159 0.00548930 0.00413991 0.02232648 0.17098421 0.08089362 0.13108568 0.12775353 0.17997164 0.15133980 0.08646905 0.03127519
40.00800160 8.94902521 0.00808998 0.00579178 0.00355499 0.01952739 0.16916786 0.08272952 0.12967856 0.12307481 0.18811989 0.15767786 0.08324178 0.02934557
40.20804161 8.94140718 0.00993289 0.00557998 0.00497994 0.01999001 0.16983011 0.08000224 0.12682121 0.12762473 0.18657157 0.15650102 0.08319700 0.02896929
40.40808162 8.93792532 0.00910789 0.00556655 0.00430415 0.02186412 0.17362227 0.08289532 0.12618712 0.12763263 0.18530989 0.15401312 0.08331405 0.02618289
40.60812162 8.93024567 0.00843123 0.00587450 0.00351788 0.02468372 0.16630168 0.08374157 0.13045301 0.13277715 0.18794429 0.14186673 0.08342640 0.03098184
40.80816163 8.92705004 0.00813817 0.00546155 0.00376550 0.02133863 0.17361932 0.09296281 0.13018796 0.13173524 0.18430859 0.13895230 0.08442245 0.02510748
41.00820164 8.91644660 0.00942911 0.00602998 0.00484367 0.02511817 0.16889915 0.08523194 0.12832639 0.12968432 0.19375128 0.13836807 0.08299308 0.02732484
41.20824165 8.90993219 0.00965972 0.00581344 0.00502642 0.02372762 0.16842011 0.07713136 0.13066551 0.12325409 0.19186989 0.15061366 0.08723092 0.02658726
41.40828166 8.90827898 0.00836980 0.00609127 0.00357197 0.02255473 0.16895650 0.07115345 0.13202420 0.12169273 0.19592891 0.15233451 0.08499899 0.03232294
41.60832166 8.90463063 0.00838795 0.00589957 0.00418765 0.02596280 0.17024485 0.07682570 0.13036653 0.12273530 0.19694450 0.14741824 0.08454442 0.02648249
41.80836167 8.90198311 0.00856308 0.00565827 0.00537646 0.03157230 0.16647157 0.08538651 0.13346045 0.11253788 0.19469718 0.14414144 0.08571241 0.02642246
42.00840168 8.90282683 0.01080393 0.00567415 0.00638065 0.02882176 0.16695919 0.08039311 0.13070077 0.12786361 0.19710650 0.13137471 0.08355926 0.03036237
42.20844169 8.90149460 0.00975377 0.00558432 0.00647022 0.02946563 0.17372707 0.08765887 0.13219553 0.11960161 0.19470495 0.12702474 0.08378801 0.03002529
42.40848170 8.89269788 0.00950081 0.00573776 0.00580369 0.03602503 0.16606285 0.08338321 0.13455145 0.12089482 0.20305855 0.12681794 0.08058926 0.02757463
42.60852170 8.88594670 0.00934387 0.00542036 0.00469621 0.03223736 0.16588856 0.07870877 0.13601631 0.11752942 0.19572956 0.13615260 0.08694508 0.03133190
42.80856171 8.87711376 0.01031100 0.00537512 0.00679233 0.03105073 0.16773956 0.07632297 0.13069842 0.11140893 0.20063174 0.14558819 0.07955505 0.03452598
43.00860172 8.87805849 0.00989464 0.00512121 0.00686983 0.03645442 0.16710081 0.07723153 0.13211959 0.11653095 0.19470173 0.14222344 0.08095653 0.03079532
43.20864173 8.87122642 0.00839902 0.00509036 0.00508653 0.03494959 0.16492816 0.08510884 0.13414803 0.11153499 0.19525742 0.14098123 0.08057590 0.03393994
43.40868174 8.87069644 0.00961415 0.00550362 0.00519787 0.03025001 0.16904709 0.08301682 0.13088704 0.12570021 0.19696918 0.13214799 0.08159294 0.03007308
43.60872174 8.86531059 0.00984179 0.00534438 0.00625469 0.03199230 0.17226086 0.08389698 0.12846998 0.12567276 0.19116246 0.12779335 0.08476220 0.03254825
43.80876175 8.85619327 0.01047133 0.00528784 0.00703433 0.02922549 0.17072498 0.08683378 0.12983191 0.12071816 0.19587456 0.13148923 0.08028059 0.03222781
44.00880176 8.85281804 0.00943981 0.00550600 0.00606233 0.02959362 0.17403777 0.08089068 0.13210374 0.11837609 0.18999226 0.13450779 0.08436010 0.03512980
44.20884177 8.84043816 0.00842085 0.00548400 0.00558315 0.02979959 0.17302011 0.07537195 0.13064185 0.11364066 0.19032961 0.14790024 0.08252431 0.03728368
44.40888178 8.83820353 0.00962573 0.00570171 0.00551220 0.02923230 0.16980071 0.07464254 0.13194476 0.11796181 0.19580610 0.14444886 0.08074659 0.03457669
44.60892178 8.83538080 0.00799010 0.00558078 0.00561914 0.03164100 0.17214823 0.08134951 0.12941839 0.11206869 0.18970815 0.14000093 0.08914432 0.03533077
44.80896179 8.82929357 0.00965112 0.00601038 0.00550876 0.03227943 0.16750831 0.08636138 0.13006992 0.11996351 0.19447731 0.13076329 0.08593395 0.03147264
45.00900180 8.82617576 0.00851114 0.00578432 0.00574191 0.03244767 0.16839376 0.08997678 0.13040014 0.12119449 0.19404543 0.12477252 0.08537623 0.03335562
45.20904181 8.81575907 0.00944308 0.00600311 0.00591954 0.03053808 0.16652518 0.08894604 0.12738098 0.11746976 0.19572338 0.13021688 0.09036722 0.03146674
45.40908182 8.80883787 0.00975875 0.00601186 0.00629727 0.03325415 0.16732819 0.07697007 0.12678696 0.11665021 0.19725784 0.13796903 0.08261502 0.03910064
45.60912182 8.79856324 0.00986035 0.00554441 0.00640064 0.03104369 0.16976738 0.07727227 0.13129589 0.11802486 0.18827614 0.14529879 0.08511604 0.03209953
45.80916183 8.79651637 0.00891561 0.00593859 0.00563966 0.03137229 0.16553999 0.07925466 0.12821641 0.11474995 0.19512529 0.14259528 0.08517959 0.03747267
46.00920184 8.79692804 0.00895042 0.00585238 0.00557174 0.02734843 0.17396671 0.08572646 0.12748864 0.11132442 0.19262198 0.14579001 0.08607016 0.02928865
46.20924185 8.79567177 0.00955986 0.00595099 0.00601974 0.02558630 0.17855318 0.07505215 0.12893049 0.12276611 0.19092483 0.13310511 0.08764038 0.03591085
46.40928186 8.78654559 0.01007079 0.00585468 0.00610817 0.02831061 0.17510149 0.08987520 0.12808428 0.12117634 0.19378076 0.12763025 0.08517866 0.02882875
46.60932186 8.78105621 0.00875942 0.00563786 0.00544731 0.03123706 0.17645634 0.08912682 0.12596850 0.12028093 0.19385394 0.12548366 0.08608324 0.03166494
46.80936187 8.77089712 0.00962064 0.00582471 0.00516830 0.03074730 0.17821891 0.07966128 0.12689287 0.12081395 0.19359816 0.13502594 0.08546523 0.02896271
47.00940188 8.76441877 0.00924610 0.00570743 0.00589880 0.03095282 0.17489082 0.07237094 0.13188371 0.11451253 0.19327182 0.14278789 0.08624610 0.03223104
47.20944189 8.75434190 0.00937046 0.00591190 0.00533731 0.02621361 0.17564013 0.06965713 0.13052706 0.11918721 0.19798285 0.14398369 0.08593793 0.03025073
47.40948190 8.75405573 0.00831593 0.00585148 0.00498380 0.02668599 0.18038190 0.07740946 0.12685477 0.11407366 0.19557905 0.14099059 0.08933267 0.02954069
47.60952190 8.75104233 0.00814153 0.00582204 0.00467942 0.02465374 0.17759931 0.08289541 0.13575343 0.11555413 0.19966757 0.13576681 0.08515751 0.02430910
47.80956191 8.74255523 0.00886505 0.00588400 0.00458815 0.02522874 0.17977896 0.07955349 0.13447185 0.12691691 0.19732503 0.12653271 0.08454002 0.02631508
48.00960192 8.73538397 0.00970924 0.00593129 0.00542584 0.02913770 0.17582539 0.08027091 0.13007230 0.12145736 0.20051170 0.12694375 0.08765920 0.02705533
48.20964193 8.72801761 0.00802263 0.00607529 0.00399723 0.02797599 0.17143873 0.07649402 0.13303345 0.11778406 0.20323024 0.13796243 0.08822216 0.02576377
48.40968194 8.72722521 0.00916034 0.00569445 0.00434696 0.02639478 0.17188179 0.07141728 0.13980173 0.11719972 0.19668510 0.13894564 0.08793680 0.03053541
48.60972194 8.72164719 0.00803862 0.00626134 0.00429049 0.02742823 0.17792413 0.07223335 0.13477464 0.11436232 0.20694371 0.13936344 0.08409606 0.02428368
48.80976195 8.72050425 0.00841844 0.00583653 0.00413099 0.02351925 0.17617181 0.07799849 0.13753371 0.10756791 0.20261311 0.14064339 0.08784471 0.02772168
49.00980196 8.72107528 0.00823869 0.00562453 0.00465196 0.02430909 0.17383888 0.07650589 0.14068408 0.12055047 0.20123853 0.13174602 0.08861385 0.02399802
49.20984197 8.71652897 0.00846475 0.00619261 0.00369670 0.02598369 0.17666520 0.07601829 0.13641985 0.11953896 0.20966730 0.12522818 0.08505490 0.02706956
49.40988198 8.70657667 0.00799146 0.00571302 0.00398096 0.01997809 0.17529162 0.08372847 0.13575526 0.12044588 0.20007402 0.12877655 0.09316594 0.02509872
49.60992198 8.70021915 0.00871732 0.00586086 0.00379724 0.01951370 0.17347984 0.08246732 0.13706475 0.11756856 0.20568723 0.13422663 0.08190718 0.02970937
49.80996199 8.69185591 0.00793877 0.00573625 0.00426154 0.02100189 0.17751141 0.07530710 0.13987576 0.11367998 0.19977290 0.14347399 0.08310354 0.02833687
50.01000200 8.68485216 0.00878727 0.00587709 0.00476281 0.02463515 0.17325233 0.07124919 0.13568332 0.11502768 0.19824156 0.14247555 0.09094557 0.02906247
50.21004201 8.67966333 0.00791304 0.00622892 0.00398821 0.02341784 0.16750455 0.07822917 0.13049146 0.11138077 0.20669395 0.14378744 0.09108099 0.02928366
50.41008202 8.67591795 0.00811615 0.00538654 0.00392812 0.02309874 0.17210091 0.08157174 0.13858797 0.11993180 0.19449747 0.13641983 0.08742698 0.02893376
50.61012202 8.66820722 0.00823522 0.00577740 0.00418671 0.02618836 0.17530745 0.08439371 0.13393554 0.12332458 0.19995191 0.13204419 0.07902756 0.02762737
50.81016203 8.65990982 0.00930217 0.00576447 0.00499070 0.02573438 0.17264297 0.08957957 0.12496525 0.12290738 0.19653816 0.12918294 0.09008902 0.02830299
51.01020204 8.65259941 0.00877835 0.00569607 0.00477706 0.02559461 0.17597058 0.08798735 0.12608637 0.11692053 0.19769762 0.13095574 0.09054923 0.02898649
51.21024205 8.63948408 0.00887709 0.00620763 0.00482559 0.02480256 0.17895681 0.07750994 0.12760361 0.11654460 0.20190814 0.13884809 0.08332368 0.03059226
51.41028206 8.63230692 0.00958916 0.00600058 0.00523543 0.02775947 0.17617460 0.07382885 0.12984509 0.11768476 0.19705501 0.13894838 0.08692460 0.03095409
