0.00000000 8.00000000 0.00000000 0.00000000 0.00000000 0.00000000 0.00000000 0.00000000 0.00000000 1.00000000 0.00000000 0.00000000 0.00000000 0.00000000
0.10000500 8.00196698 0.01258679 0.00052043 0.00306277 0.09235511 0.06951046 0.11930509 0.01803275 0.57200786 0.04539311 0.04126407 0.00654326 0.01941831
0.20001000 8.00120312 0.00651170 0.00067010 0.00263287 0.06426166 0.12980369 0.18133612 0.03876650 0.35900080 0.06341030 0.09403218 0.03134942 0.02822467
0.30001500 7.99996576 0.00383234 0.00063744 0.00192229 0.04185679 0.16110605 0.20264384 0.05749670 0.24017921 0.07761403 0.12823033 0.03714577 0.04733519
0.40002000 7.99934865 0.00357504 0.00067198 0.00196314 0.04028623 0.17506762 0.21804431 0.05974247 0.16855066 0.08527056 0.15587492 0.04724737 0.04370570
0.50002500 7.99885197 0.00281593 0.00063707 0.00129425 0.02401141 0.18729154 0.22099391 0.07817354 0.13765228 0.08885587 0.15746110 0.05304197 0.04777112
0.60003000 7.99790218 0.00261527 0.00065067 0.00125081 0.01637395 0.20142360 0.21867681 0.08472646 0.10950475 0.09964067 0.16143688 0.05755860 0.04614153
0.70003500 7.99633631 0.00215307 0.00070025 0.00104237 0.02146417 0.21737962 0.21219388 0.10085568 0.08495395 0.09801345 0.15142329 0.06705099 0.04276926
0.80004000 7.99263202 0.00209280 0.00068767 0.00134169 0.02215119 0.22498565 0.20982552 0.10558206 0.06633212 0.10038494 0.15289220 0.06635968 0.04736448
0.90004500 7.98980459 0.00186748 0.00065159 0.00140585 0.02727710 0.22749217 0.21265063 0.11947044 0.05227833 0.09854894 0.13952014 0.06783687 0.05100047
1.00005000 7.98822061 0.00200489 0.00061612 0.00156766 0.03403562 0.22850497 0.20823885 0.13064639 0.04995224 0.08934615 0.12369369 0.07888637 0.05250704
1.10005500 7.98507566 0.00173866 0.00058044 0.00130863 0.01734057 0.24078058 0.20992575 0.14023426 0.05387425 0.07717061 0.11982559 0.08523411 0.05198655
1.20006000 7.98252106 0.00183523 0.00060751 0.00136227 0.02524026 0.25749326 0.20275071 0.15225137 0.04511378 0.07736796 0.10602200 0.08427989 0.04567576
1.30006500 7.98014779 0.00166966 0.00058022 0.00109582 0.02182079 0.27838522 0.20097333 0.15161098 0.04284064 0.07715613 0.10248809 0.08426744 0.03711167
1.40007000 7.97831250 0.00164495 0.00050829 0.00085353 0.01687181 0.28196678 0.19948072 0.14993293 0.05020295 0.07353983 0.10212354 0.08605217 0.03682251
1.50007500 7.97630861 0.00158645 0.00063726 0.00095499 0.01633935 0.29245859 0.17370992 0.16214249 0.04475187 0.07743805 0.09551067 0.09732361 0.03714675
1.60008000 7.97147466 0.00170399 0.00056189 0.00103143 0.02054043 0.30352524 0.16809542 0.17103714 0.04524263 0.07454721 0.08153059 0.10032853 0.03185552
1.70008500 7.96799077 0.00161611 0.00053848 0.00085565 0.01436151 0.31335858 0.17048002 0.17020702 0.04437753 0.07234682 0.07748937 0.10354910 0.03081982
1.80009000 7.96797840 0.00156135 0.00054818 0.00094955 0.02089356 0.31799237 0.17348055 0.17812310 0.04069177 0.06729325 0.06327225 0.10404310 0.03115098
1.90009500 7.96186234 0.00149918 0.00053113 0.00109798 0.01763207 0.31528247 0.17254026 0.18484497 0.03500229 0.06785576 0.06381917 0.10348567 0.03640906
2.00010001 7.96087714 0.00120666 0.00059425 0.00064192 0.00923421 0.33166696 0.16538830 0.19493214 0.03400416 0.07125960 0.05501191 0.10754705 0.02851283
2.10010501 7.95394305 0.00132375 0.00053168 0.00067996 0.01177171 0.33088635 0.16597117 0.19806535 0.03739740 0.07024063 0.05052259 0.10627599 0.02633343
2.20011001 7.94628953 0.00112009 0.00053703 0.00071952 0.01264576 0.33343010 0.16921338 0.19684185 0.02808743 0.07091435 0.05243520 0.10427667 0.02977863
2.30011501 7.94166473 0.00102777 0.00050284 0.00074695 0.01116075 0.34890189 0.15201082 0.20180139 0.02551793 0.06775046 0.05121136 0.10704343 0.03232440
2.40012001 7.93858345 0.00097741 0.00050298 0.00058584 0.00729078 0.35336004 0.14649340 0.21557785 0.03162814 0.06074944 0.04409361 0.10980970 0.02893082
2.50012501 7.93128441 0.00120202 0.00049108 0.00091931 0.02182459 0.35033948 0.13611156 0.22367973 0.02182509 0.05961944 0.04535239 0.11387027 0.02476503
2.60013001 7.92566413 0.00125692 0.00047964 0.00095269 0.02018112 0.35814736 0.12352350 0.22615874 0.02738453 0.05310969 0.04441586 0.11610457 0.02828538
2.70013501 7.92061773 0.00098616 0.00051660 0.00067429 0.01276661 0.36342954 0.12162768 0.23127245 0.02424372 0.05099252 0.04567477 0.12378888 0.02402677
2.80014001 7.91488950 0.00083874 0.00050379 0.00054749 0.00915855 0.36863911 0.12237174 0.22728255 0.02462627 0.05291400 0.04901768 0.12266056 0.02143954
2.90014501 7.91165993 0.00069732 0.00051850 0.00044771 0.01165805 0.37056928 0.11906692 0.22905592 0.02103410 0.05350778 0.04446789 0.12834851 0.02062800
3.00015001 7.90739133 0.00078567 0.00049858 0.00043447 0.00814786 0.37722697 0.11231547 0.22837163 0.02704038 0.05157365 0.04172358 0.12832918 0.02355257
3.10015501 7.90489941 0.00076324 0.00046408 0.00055150 0.00938207 0.38105659 0.10834627 0.23831959 0.02296952 0.04637561 0.04006823 0.12578413 0.02591917
3.20016001 7.89931477 0.00094744 0.00046281 0.00065367 0.01292095 0.38562668 0.10071739 0.24110883 0.02469680 0.04292300 0.03996276 0.12587869 0.02410098
3.30016501 7.89430322 0.00072802 0.00042612 0.00052185 0.00732905 0.38425246 0.10325827 0.25116816 0.02031782 0.04268076 0.04114644 0.12547250 0.02269855
3.40017001 7.89033479 0.00079137 0.00043382 0.00054504 0.01215408 0.38271384 0.10314882 0.25622506 0.01846304 0.04170121 0.03591356 0.12892608 0.01898409
3.50017501 7.88971863 0.00091070 0.00042765 0.00081532 0.01252790 0.38506872 0.09411287 0.25924576 0.01433951 0.04113293 0.03310370 0.13212494 0.02619000
3.60018001 7.88349426 0.00074454 0.00042563 0.00045023 0.00576130 0.38676229 0.09417414 0.26481273 0.02137826 0.03802863 0.03650856 0.12997072 0.02098297
3.70018501 7.87875311 0.00063375 0.00042937 0.00043188 0.00561666 0.38961945 0.08767325 0.26688861 0.01824219 0.03831434 0.03695361 0.13474823 0.02044866
3.80019001 7.87464110 0.00072070 0.00041529 0.00055249 0.01063609 0.39312299 0.08916209 0.26978769 0.01551320 0.03328987 0.03207224 0.13738416 0.01734320
3.90019501 7.86809757 0.00068687 0.00038363 0.00060551 0.00865140 0.40072160 0.08991809 0.27005948 0.01354780 0.03300503 0.02760825 0.13583025 0.01898208
4.00020001 7.86277125 0.00054258 0.00036579 0.00042374 0.00558687 0.39892157 0.08333407 0.27887987 0.01415898 0.03201309 0.03001610 0.13581968 0.01993766
4.10020501 7.86120378 0.00049888 0.00038867 0.00032946 0.00387587 0.39855518 0.08339202 0.28078759 0.01238526 0.03350155 0.02781274 0.14076701 0.01770578
4.20021001 7.85762045 0.00039739 0.00039545 0.00021582 0.00405942 0.39757259 0.07950754 0.28553773 0.01330833 0.03184920 0.02937961 0.14264502 0.01513189
4.30021501 7.85466221 0.00035027 0.00042986 0.00013803 0.00029311 0.39753854 0.07574923 0.28698350 0.01298616 0.03764651 0.02910065 0.14540158 0.01338255
4.40022001 7.85122425 0.00042799 0.00039005 0.00019583 0.00216147 0.40026229 0.07728843 0.28358357 0.01270642 0.03507899 0.02876546 0.14468510 0.01445439
4.50022501 7.84859254 0.00050461 0.00039962 0.00032791 0.00376950 0.40140069 0.07182252 0.28199992 0.01684408 0.03277559 0.02430429 0.14942418 0.01642708
4.60023001 7.84030185 0.00057834 0.00036645 0.00038236 0.00784190 0.40269551 0.06769473 0.28700393 0.01635208 0.03017040 0.02822164 0.14376370 0.01492895
4.70023501 7.83560854 0.00054533 0.00036651 0.00032496 0.00758224 0.41156678 0.06359675 0.28684567 0.01680416 0.02616055 0.02920261 0.14506048 0.01194394
4.80024001 7.83676108 0.00051330 0.00034170 0.00032168 0.00562822 0.41590067 0.06750364 0.28608115 0.01402767 0.02366534 0.02875084 0.14601115 0.01125465
4.90024501 7.83271386 0.00033460 0.00037035 0.00011748 0.00017799 0.41981511 0.07233121 0.28320900 0.01522608 0.02794576 0.02172493 0.14865978 0.01008771
5.00025001 7.83038544 0.00080273 0.00034187 0.00064247 0.01412832 0.41818178 0.06057266 0.28424671 0.01216681 0.02758437 0.02036520 0.14964528 0.01132181
5.10025501 7.82155420 0.00071590 0.00038729 0.00051073 0.01268719 0.41368588 0.06223884 0.28562424 0.01254974 0.03043117 0.02026235 0.14987142 0.01103525
5.20026001 7.81626418 0.00053815 0.00037283 0.00034417 0.00725929 0.41306904 0.06194606 0.29142294 0.01274841 0.02986100 0.01939433 0.15327419 0.00976959
5.30026501 7.81091023 0.00058605 0.00032622 0.00043781 0.00871105 0.41010184 0.06210236 0.29430061 0.01271907 0.02349515 0.02180201 0.15377618 0.01164165
5.40027001 7.80887613 0.00039361 0.00033843 0.00027870 0.00547256 0.40994389 0.06428337 0.29941297 0.00833562 0.02283029 0.02193325 0.15547442 0.01130289
5.50027501 7.80480201 0.00034760 0.00036726 0.00021615 0.00337744 0.40570797 0.06250620 0.30272098 0.00849343 0.02657397 0.02255543 0.15862983 0.00850374
5.60028001 7.80065360 0.00044259 0.00033692 0.00022361 0.00399934 0.40651383 0.05351115 0.30338221 0.01378196 0.02571613 0.02790498 0.15405091 0.01013638
5.70028501 7.79633136 0.00058696 0.00032937 0.00049427 0.01060535 0.40983100 0.04865655 0.30179248 0.01006171 0.02158874 0.02588284 0.15845840 0.01171232
5.80029001 7.79525264 0.00040590 0.00032297 0.00022455 0.00189693 0.41243418 0.05276491 0.29796435 0.01463423 0.02330362 0.02508324 0.15797488 0.01299025
5.90029501 7.79140381 0.00027018 0.00033236 0.00014698 0.00024637 0.41577957 0.05596080 0.30012994 0.01074618 0.02493742 0.02000845 0.15882070 0.01262104
6.00030002 7.78726302 0.00035250 0.00032476 0.00030282 0.00371837 0.41477750 0.05131443 0.29696004 0.00996753 0.02293461 0.02282509 0.16100308 0.01551927
6.10030502 7.78295929 0.00036944 0.00037182 0.00027255 0.00954263 0.41764394 0.05251443 0.29875351 0.00783561 0.02003561 0.01855413 0.16519512 0.00891121
6.20031002 7.77687900 0.00035705 0.00033034 0.00026355 0.00374571 0.41317748 0.05286227 0.30284708 0.01085556 0.01678769 0.02286365 0.16485740 0.01105220
6.30031502 7.77466405 0.00058960 0.00032672 0.00039767 0.00923230 0.41760840 0.04561733 0.29905335 0.01571509 0.01891638 0.02163918 0.16009514 0.01080883
6.40032002 7.77228963 0.00033311 0.00031147 0.00023235 0.00380740 0.42139239 0.04959788 0.30035004 0.01226938 0.01694510 0.01987366 0.16100101 0.01388622
6.50032502 7.76532816 0.00046460 0.00034668 0.00042482 0.00852290 0.41529180 0.04779538 0.30017873 0.00911529 0.01830314 0.02177059 0.16387965 0.01390642
6.60033002 7.76310973 0.00061090 0.00033719 0.00050258 0.01067492 0.40915977 0.04657080 0.29805791 0.00991126 0.01796280 0.02653057 0.16848233 0.01119895
6.70033502 7.75831136 0.00029710 0.00035255 0.00026640 0.00383143 0.40725558 0.04899103 0.30165274 0.00881680 0.02313440 0.02351064 0.16760473 0.01428661
6.80034002 7.75753697 0.00026410 0.00036777 0.00017760 0.00371906 0.40403910 0.05145595 0.30312299 0.00853205 0.02127280 0.02184134 0.17519733 0.01000990
6.90034502 7.74782442 0.00043146 0.00038467 0.00029920 0.00541839 0.40392953 0.04763036 0.30382221 0.01171041 0.02377352 0.02091478 0.17209007 0.00959540
7.00035002 7.74494013 0.00036613 0.00037116 0.00026554 0.00506946 0.40448994 0.04374823 0.30795522 0.01246238 0.02561971 0.01786919 0.16956397 0.01221906
7.10035502 7.74398411 0.00036663 0.00038240 0.00024045 0.00382043 0.40651314 0.04463164 0.30952413 0.01085689 0.02567147 0.01665155 0.17190885 0.00943241
7.20036002 7.73630158 0.00031866 0.00040742 0.00017242 0.00210141 0.40153253 0.04631342 0.30830645 0.01101564 0.02460757 0.02154059 0.17514603 0.00853785
7.30036502 7.73242802 0.00049978 0.00034489 0.00032516 0.00726129 0.40101838 0.04856511 0.30797539 0.01178775 0.02377630 0.01733487 0.17288503 0.00822603
7.40037002 7.72678556 0.00049652 0.00034015 0.00026562 0.00704830 0.40141227 0.04670108 0.30837820 0.01472855 0.02277880 0.01597101 0.17509058 0.00678892
7.50037502 7.71909791 0.00052339 0.00036141 0.00039984 0.01112639 0.40578034 0.04974539 0.30581546 0.00703313 0.02441117 0.01465208 0.17363162 0.00651977
7.60038002 7.71657284 0.00035645 0.00035164 0.00027193 0.00367539 0.41044903 0.05104402 0.30603650 0.00663335 0.02339175 0.01557451 0.17177109 0.01044435
7.70038502 7.71202004 0.00038273 0.00035199 0.00031230 0.00552380 0.41083227 0.05146107 0.30083648 0.00654499 0.02555354 0.01950317 0.16842572 0.01027193
7.80039002 7.70613153 0.00029314 0.00037920 0.00015338 0.00194020 0.41187140 0.05308304 0.29910930 0.00786227 0.02937128 0.02030011 0.16726882 0.00836786
7.90039502 7.70030800 0.00025332 0.00037388 0.00007695 0.00020111 0.41179930 0.04976127 0.30232669 0.00962555 0.02681595 0.02194539 0.16868419 0.00813641
8.00040002 7.69950459 0.00030528 0.00034219 0.00014959 0.00196186 0.41262627 0.04378546 0.30404669 0.00917299 0.02430773 0.02107426 0.17267712 0.00955056
8.10040502 7.69498846 0.00027203 0.00032676 0.00016464 0.00196288 0.41157720 0.04657572 0.30225634 0.00792856 0.02594326 0.01971821 0.17189644 0.01137796
8.20041002 7.69057174 0.00029170 0.00031114 0.00017094 0.00199572 0.41610439 0.04179332 0.30429304 0.00946455 0.02224189 0.01993333 0.17304953 0.01035044
8.30041502 7.68682251 0.00030836 0.00032595 0.00020562 0.00361261 0.41980492 0.04510009 0.29938198 0.00741483 0.02204850 0.01876090 0.17443865 0.00859760
8.40042002 7.68284303 0.00026103 0.00038415 0.00014057 0.00192143 0.41490790 0.03970897 0.30506185 0.00902498 0.02409691 0.01973691 0.17754918 0.00720612
8.50042502 7.68068734 0.00031754 0.00039597 0.00018262 0.00362421 0.41553877 0.04334682 0.30554031 0.00687691 0.02682681 0.01759653 0.17369814 0.00605536
8.60043002 7.67830579 0.00037152 0.00038597 0.00025208 0.00553421 0.41303229 0.04534155 0.30967478 0.00583740 0.02497281 0.01671270 0.17193416 0.00595053
8.70043502 7.67720576 0.00029917 0.00038067 0.00025218 0.00359276 0.42063199 0.04095953 0.30440632 0.00575918 0.02705600 0.01583334 0.17152501 0.00930384
8.80044002 7.67504087 0.00044437 0.00034909 0.00036869 0.00875903 0.42494739 0.03887748 0.30212136 0.00576434 0.01939027 0.01621303 0.17519188 0.00757307
8.90044502 7.66894671 0.00035854 0.00034840 0.00019088 0.00316776 0.42500262 0.03736275 0.30751459 0.00975468 0.01823785 0.01570659 0.17489655 0.00745880
9.00045002 7.66598986 0.00031034 0.00034891 0.00019728 0.00344264 0.42390695 0.04200774 0.30828860 0.00503183 0.02047611 0.01506421 0.17497943 0.00594595
9.10045502 7.66217972 0.00021474 0.00034998 0.00008227 0.00012970 0.42721327 0.04000836 0.30754119 0.00839955 0.02354635 0.01321720 0.17134921 0.00794819
9.20046002 7.65689697 0.00025122 0.00033613 0.00008935 0.00019110 0.42605481 0.03914869 0.30599029 0.00953876 0.02317515 0.01517132 0.17244362 0.00760956
9.30046502 7.65267611 0.00055478 0.00032595 0.00042881 0.01079838 0.42129101 0.03712212 0.30165692 0.00857179 0.02064304 0.01957295 0.17208307 0.00695117
9.40047002 7.64883146 0.00042065 0.00032183 0.00040265 0.00734416 0.42376711 0.03968087 0.29678967 0.00722816 0.02198019 0.01885618 0.17114120 0.01206733
9.50047502 7.64573885 0.00027939 0.00035046 0.00024784 0.00373504 0.42491577 0.03621487 0.30146052 0.00707290 0.02374688 0.01947331 0.17152636 0.01097666
9.60048002 7.63463303 0.00046801 0.00038973 0.00042447 0.01086527 0.42050295 0.03863527 0.29786506 0.00602122 0.02570928 0.01976098 0.17153297 0.00782478
9.70048502 7.63096287 0.00044474 0.00034147 0.00046162 0.00863769 0.42621730 0.03832259 0.29854960 0.00669036 0.02206630 0.02273173 0.16482534 0.01071127
9.80049002 7.63131782 0.00036034 0.00035617 0.00029374 0.00483264 0.42634553 0.04306850 0.29878914 0.00483114 0.02417120 0.02411504 0.16633797 0.00649859
9.90049502 7.62642965 0.00066680 0.00033324 0.00060913 0.01356299 0.42346337 0.03762497 0.30037637 0.00727846 0.02331054 0.02166319 0.16251648 0.00859445
10.00050003 7.62477419 0.00041443 0.00035441 0.00026020 0.00426771 0.42305288 0.03937164 0.30283859 0.01062720 0.02491791 0.02306909 0.16483621 0.00598973
10.10050503 7.62266509 0.00024813 0.00034408 0.00013632 0.00202253 0.42293161 0.04126703 0.30841671 0.00759312 0.02678342 0.01860619 0.16552418 0.00612668
10.20051003 7.61326450 0.00037642 0.00038646 0.00029117 0.00669088 0.42383119 0.04094042 0.30451863 0.00653405 0.02534659 0.01903262 0.16591714 0.00613444
10.30051503 7.60466054 0.00044108 0.00037907 0.00035391 0.00729123 0.42071218 0.04287518 0.30421893 0.00824008 0.02085602 0.02067190 0.16583380 0.00812663
10.40052003 7.59920767 0.00035784 0.00040999 0.00026808 0.00537935 0.42781357 0.04101121 0.29553540 0.00792159 0.02689701 0.01924094 0.16734402 0.00782099
10.50052503 7.59130762 0.00051711 0.00035945 0.00033563 0.00728015 0.42887025 0.04139660 0.28932996 0.01259908 0.02816711 0.02003044 0.16327323 0.00784099
10.60053003 7.58943675 0.00046225 0.00037311 0.00028878 0.00715989 0.42297444 0.04785568 0.29149815 0.01086449 0.03002120 0.01489011 0.16713310 0.00647881
10.70053503 7.58548173 0.00038332 0.00036779 0.00023835 0.00344530 0.42140122 0.04382457 0.29329888 0.01031179 0.03137599 0.01928565 0.16755611 0.00851100
10.80054003 7.58048503 0.00039851 0.00037025 0.00032897 0.00639200 0.42138646 0.04597616 0.29259100 0.00792451 0.03125481 0.01818509 0.16639748 0.00879477
10.90054503 7.57993715 0.00022595 0.00038348 0.00018596 0.00197820 0.42079985 0.04383722 0.29405446 0.00593286 0.03262840 0.02109413 0.16813381 0.01074568
11.00055003 7.57424561 0.00031580 0.00039017 0.00036666 0.00514091 0.41856741 0.04058256 0.29676200 0.00598253 0.03101157 0.01923441 0.16726885 0.01437712
11.10055503 7.56890044 0.00020338 0.00040738 0.00019085 0.00183516 0.42152679 0.04323429 0.29756659 0.00509766 0.03629401 0.01853262 0.16420522 0.01090604
11.20056003 7.56696695 0.00029065 0.00039229 0.00023041 0.00340747 0.41774068 0.04441391 0.30138657 0.00542739 0.03440762 0.01814285 0.16607284 0.00808731
11.30056503 7.56305267 0.00017921 0.00036734 0.00012636 0.00017730 0.41489080 0.04261082 0.30005393 0.00557979 0.03411384 0.02776314 0.16457409 0.00956338
11.40057003 7.55983537 0.00042978 0.00037669 0.00031876 0.00715569 0.41400370 0.03939826 0.30018166 0.00736603 0.03386172 0.02595937 0.16357623 0.00737211
11.50057503 7.55567890 0.00040359 0.00037934 0.00033260 0.00722054 0.41663991 0.03767434 0.29731188 0.00566507 0.03701436 0.02591727 0.16065451 0.01078659
11.60058003 7.55011367 0.00035462 0.00037357 0.00021541 0.00440700 0.41569104 0.04226579 0.30381095 0.00642803 0.02990359 0.02685258 0.16222084 0.00747657
11.70058503 7.54445505 0.00040809 0.00034498 0.00034298 0.00666997 0.41602061 0.04334234 0.30614191 0.00696770 0.02700347 0.02652445 0.15648903 0.00974446
11.80059003 7.53804912 0.00042665 0.00034056 0.00028870 0.00527690 0.41782981 0.04230934 0.30787939 0.00961685 0.02532593 0.02473575 0.15662431 0.00934582
11.90059503 7.53365302 0.00044686 0.00033064 0.00034772 0.00954396 0.42077877 0.04495359 0.30401767 0.00790556 0.02530717 0.02171580 0.15556576 0.00908651
12.00060003 7.52726948 0.00036852 0.00034768 0.00021041 0.00365800 0.41989266 0.04868499 0.30437924 0.00930071 0.02567559 0.02289840 0.15570483 0.00887896
12.10060503 7.52345012 0.00034501 0.00039238 0.00029170 0.00385032 0.42049427 0.04264496 0.30208856 0.00806455 0.02989908 0.02291098 0.15712571 0.01189247
12.20061003 7.52203030 0.00057886 0.00036600 0.00053188 0.01467986 0.42381484 0.03823115 0.30162708 0.00693776 0.02581241 0.01705611 0.16037966 0.00998437
12.30061503 7.51873429 0.00046489 0.00034612 0.00040768 0.00528330 0.42335267 0.04073515 0.30201686 0.00990526 0.02554122 0.01791226 0.16074312 0.01329146
12.40062003 7.51791688 0.00037170 0.00033694 0.00030173 0.00725447 0.41925897 0.03942508 0.30816969 0.00734598 0.02770334 0.01768836 0.16253106 0.00961269
12.50062503 7.51196506 0.00049702 0.00033239 0.00040581 0.00752844 0.41455561 0.03730632 0.30926491 0.01167188 0.02896460 0.01595333 0.16088250 0.01263719
12.60063003 7.50232513 0.00062258 0.00037236 0.00051368 0.01263174 0.40927191 0.04560589 0.30834786 0.00879212 0.02888732 0.02112145 0.15712054 0.00671254
12.70063503 7.49752745 0.00059936 0.00034001 0.00037764 0.00895171 0.40909994 0.04366038 0.30768625 0.01552538 0.03022329 0.02058963 0.15465051 0.00829591
12.80064003 7.49402006 0.00032361 0.00036212 0.00025947 0.00218824 0.40746205 0.04484829 0.30690755 0.00999981 0.02952318 0.02637450 0.15974510 0.01200609
12.90064503 7.49125083 0.00036163 0.00034093 0.00025615 0.00373821 0.40932684 0.04336629 0.31168965 0.01108706 0.03032396 0.02169287 0.15631862 0.01149779
13.00065003 7.48807458 0.00033540 0.00032949 0.00009300 0.00215702 0.41209149 0.04150257 0.31150499 0.01411453 0.02539678 0.02909037 0.15667725 0.00670712
13.10065503 7.48603754 0.00027100 0.00032814 0.00009569 0.00018722 0.41348639 0.04308061 0.31006060 0.01286846 0.02722666 0.02637006 0.15689821 0.00912696
13.20066003 7.48436163 0.00027282 0.00033254 0.00009227 0.00219740 0.41500446 0.04128548 0.31282023 0.01354073 0.02243043 0.02389195 0.15941233 0.00871935
13.30066503 7.48229528 0.00041410 0.00033753 0.00037243 0.00932287 0.42479897 0.03625693 0.30778070 0.00803621 0.02285309 0.01948835 0.16022971 0.01010911
13.40067003 7.48001119 0.00021522 0.00036209 0.00014061 0.00022676 0.42700701 0.03561120 0.30983899 0.00932272 0.02711862 0.01809454 0.16167329 0.01038895
13.50067503 7.47780388 0.00045318 0.00032574 0.00038005 0.00710252 0.42493535 0.03535684 0.30977124 0.00826382 0.02666907 0.01649174 0.16029860 0.00995185
13.60068003 7.47335046 0.00022718 0.00034458 0.00017033 0.00173222 0.43039497 0.03611244 0.30924707 0.00761313 0.02671167 0.01677960 0.16130170 0.00936509
13.70068503 7.47062889 0.00021195 0.00032898 0.00018979 0.00182193 0.43126107 0.04116261 0.30781802 0.00786020 0.02209638 0.01476780 0.16249556 0.00998572
13.80069003 7.47045926 0.00017707 0.00031639 0.00012669 0.00015022 0.43290597 0.04056807 0.31009571 0.00687751 0.02213982 0.01311119 0.16254212 0.01098925
13.90069503 7.46706705 0.00028191 0.00032800 0.00025425 0.00365896 0.43148346 0.03504502 0.31042273 0.00653711 0.02392305 0.01313095 0.16384275 0.01109180
14.00070004 7.46104811 0.00031153 0.00036145 0.00033238 0.00500512 0.42772070 0.03796543 0.30970702 0.00417513 0.03067622 0.01173934 0.16153462 0.01047109
14.10070504 7.45512655 0.00031183 0.00035120 0.00029916 0.00521590 0.43150482 0.03956489 0.30881790 0.00457111 0.02748937 0.01289725 0.15983671 0.00913986
14.20071004 7.44905210 0.00031351 0.00030501 0.00034408 0.00524640 0.43283229 0.03825166 0.30481888 0.00639592 0.02446844 0.01627426 0.15957539 0.01117417
14.30071504 7.44445297 0.00033249 0.00034294 0.00030787 0.00473252 0.43132327 0.03469430 0.30718842 0.00975555 0.02941179 0.01113529 0.15973358 0.01104197
14.40072004 7.44091289 0.00029146 0.00034216 0.00016085 0.00406950 0.42593880 0.03207120 0.30891281 0.01053467 0.03252137 0.01487858 0.16228485 0.00799373
14.50072504 7.43787061 0.00027684 0.00034951 0.00013069 0.00380046 0.42726773 0.02749405 0.31298985 0.01147435 0.03235763 0.01442915 0.16303528 0.00639446
14.60073004 7.43328632 0.00028073 0.00034475 0.00010989 0.00206207 0.42747463 0.02862517 0.31750751 0.01157024 0.02941611 0.01491032 0.16325701 0.00444159
14.70073504 7.43305992 0.00027250 0.00031730 0.00014298 0.00171985 0.43468249 0.03070970 0.31219549 0.01122909 0.02293653 0.01741534 0.16186820 0.00651053
14.80074004 7.42719374 0.00024731 0.00037670 0.00020155 0.00382835 0.43424683 0.02639094 0.30865113 0.00965372 0.02940593 0.01699252 0.16131941 0.00868562
14.90074504 7.42249269 0.00033964 0.00037889 0.00023048 0.00736138 0.43378301 0.02796595 0.30878836 0.00926367 0.02850514 0.01430313 0.16254460 0.00653575
15.00075004 7.41612924 0.00049145 0.00038023 0.00041961 0.00856388 0.42416967 0.02501263 0.31557208 0.00946197 0.02489682 0.01853963 0.16498121 0.00751083
15.10075504 7.41314680 0.00035603 0.00036204 0.00031710 0.00735634 0.42263220 0.02284752 0.31857213 0.00797142 0.02570086 0.02111486 0.16473277 0.00803674
15.20076004 7.41019196 0.00025959 0.00034657 0.00018244 0.00590296 0.42078122 0.02133196 0.31951666 0.01005893 0.02611350 0.02421022 0.16324205 0.00805390
15.30076504 7.40613070 0.00032287 0.00036405 0.00028929 0.00554196 0.42675489 0.02471323 0.31559413 0.00898563 0.02614628 0.01752329 0.16514065 0.00862373
15.40077004 7.40508990 0.00024688 0.00031057 0.00013846 0.00212547 0.43070874 0.02806068 0.31627827 0.01035480 0.02064731 0.02114372 0.16205511 0.00792999
15.50077504 7.40159790 0.00046745 0.00030914 0.00026008 0.00561943 0.43483337 0.02617107 0.31485692 0.01333984 0.01733588 0.01837521 0.16266469 0.00576691
15.60078004 7.40060747 0.00032455 0.00030282 0.00013710 0.00179290 0.43983561 0.02677882 0.31669235 0.01175381 0.01728594 0.01797923 0.16188329 0.00523358
15.70078504 7.39640233 0.00027580 0.00034101 0.00017553 0.00326513 0.43774545 0.02634822 0.31651983 0.00972730 0.01919052 0.01551888 0.16620319 0.00468914
15.80079004 7.39097735 0.00031505 0.00032536 0.00021938 0.00545526 0.43694948 0.02806620 0.31328650 0.00801200 0.02121659 0.01608740 0.16622207 0.00384471
15.90079504 7.38657494 0.00027212 0.00029987 0.00018036 0.00338856 0.43724488 0.02708077 0.31565022 0.00689140 0.01864295 0.02238920 0.16416209 0.00379759
16.00080004 7.38289823 0.00034728 0.00030285 0.00025026 0.00542456 0.43561169 0.02938913 0.31029583 0.00625133 0.01871449 0.02443507 0.16507515 0.00390236
16.10080504 7.37921447 0.00021038 0.00033183 0.00009435 0.00013956 0.43035825 0.03291880 0.30986041 0.00855303 0.01662749 0.02568226 0.16882203 0.00640163
16.20081004 7.37097626 0.00045128 0.00033008 0.00035011 0.00869638 0.43499459 0.02705043 0.31083519 0.00629819 0.01515460 0.02252330 0.16868554 0.00463031
16.30081504 7.36829746 0.00024271 0.00033562 0.00020711 0.00192357 0.43495027 0.02994497 0.31035676 0.00699551 0.01805847 0.01838628 0.16829887 0.01029986
16.40082004 7.36715995 0.00024698 0.00030267 0.00021042 0.00173543 0.43834618 0.02548460 0.31011795 0.00839090 0.01794165 0.01861660 0.16729155 0.01131508
16.50082504 7.36687457 0.00019757 0.00028001 0.00008313 0.00208303 0.44283063 0.02604904 0.31561389 0.01072259 0.01397353 0.01437352 0.16730195 0.00649112
16.60083004 7.35917777 0.00023080 0.00031904 0.00014042 0.00202905 0.44357272 0.02578443 0.31361748 0.00844797 0.01527947 0.01420146 0.16921128 0.00716587
16.70083504 7.35436910 0.00021842 0.00030578 0.00022483 0.00366618 0.44620430 0.02542701 0.31006096 0.00448150 0.01501806 0.01822728 0.16841089 0.00775477
16.80084004 7.35176148 0.00023697 0.00033085 0.00016167 0.00191296 0.44402232 0.02822909 0.30676967 0.00842482 0.01529324 0.01836356 0.16958393 0.00667093
16.90084504 7.34289407 0.00036152 0.00040658 0.00026349 0.00572572 0.44236342 0.02463479 0.30756735 0.00700440 0.02001251 0.01456150 0.17165014 0.00544857
17.00085004 7.33800663 0.00040651 0.00032714 0.00036167 0.00742349 0.44424723 0.02400452 0.30656406 0.00673866 0.01931138 0.01780206 0.16555018 0.00726310
17.10085504 7.33600342 0.00020325 0.00034234 0.00015228 0.00180165 0.44508472 0.02298767 0.30488373 0.00696129 0.02453756 0.01704770 0.16915163 0.00684617
17.20086004 7.32917817 0.00033768 0.00036273 0.00026743 0.00548871 0.44330776 0.01968470 0.30541993 0.00676435 0.01827229 0.01983609 0.17463730 0.00562105
17.30086504 7.32603445 0.00023417 0.00034155 0.00013668 0.00178801 0.44215698 0.02384641 0.30499980 0.00532183 0.01896414 0.01982484 0.17553752 0.00684806
17.40087004 7.31930167 0.00032021 0.00032652 0.00026396 0.00751361 0.43822451 0.02419866 0.30549977 0.00484538 0.01931061 0.02453204 0.17063859 0.00432614
17.50087504 7.31770556 0.00025948 0.00035550 0.00018943 0.00368343 0.44005730 0.02828266 0.30492329 0.00532790 0.01734399 0.02406749 0.17131992 0.00418961
17.60088004 7.31633538 0.00020950 0.00032331 0.00012720 0.00162318 0.44033277 0.03576428 0.30169957 0.00587331 0.01768862 0.02191021 0.16995572 0.00449231
17.70088504 7.30998877 0.00027469 0.00034546 0.00016206 0.00302712 0.43933664 0.03337310 0.30319154 0.00776638 0.01755163 0.01934596 0.17157473 0.00405069
17.80089004 7.30529121 0.00031754 0.00031431 0.00017917 0.00352559 0.43837588 0.03485490 0.30188003 0.00775905 0.01719625 0.02081565 0.17023352 0.00454811
17.90089504 7.30291249 0.00038800 0.00029265 0.00033805 0.00708738 0.44213077 0.03409403 0.30349366 0.00498938 0.01595823 0.01448579 0.16812469 0.00861737
18.00090005 7.29935199 0.00049660 0.00030520 0.00045613 0.01104926 0.44309309 0.03066152 0.30053145 0.00440546 0.01531996 0.01647009 0.16675031 0.01046093
18.10090505 7.29591452 0.00032245 0.00030727 0.00030379 0.00748544 0.44305290 0.03300900 0.29897795 0.00407021 0.01896207 0.01733845 0.16669981 0.00947066
18.20091005 7.29709570 0.00024989 0.00028880 0.00023824 0.00339563 0.44478604 0.03907567 0.30009464 0.00506044 0.01828567 0.01323415 0.16654485 0.00874599
18.30091505 7.29345758 0.00018938 0.00029424 0.00020005 0.00172031 0.44488401 0.04061174 0.29836438 0.00514395 0.01458303 0.01448342 0.16987434 0.00965115
18.40092005 7.28991706 0.00017710 0.00034420 0.00007867 0.00011791 0.43836853 0.04066157 0.29988096 0.00732754 0.02009484 0.01431767 0.17131148 0.00731954
18.50092505 7.28263121 0.00033644 0.00031736 0.00033036 0.00541790 0.43573099 0.04106944 0.30035043 0.00373215 0.01466902 0.01702728 0.17093220 0.01008643
18.60093005 7.27934965 0.00017563 0.00032554 0.00012603 0.00214592 0.43830420 0.04118521 0.30117039 0.00506724 0.01633986 0.01223665 0.17386001 0.00906333
18.70093505 7.27572171 0.00025755 0.00030594 0.00014314 0.00191951 0.43504841 0.04358548 0.30005200 0.00734132 0.01794214 0.01579230 0.17065150 0.00696069
18.80094005 7.27462473 0.00024536 0.00030298 0.00015101 0.00192515 0.43483872 0.04231370 0.30045529 0.00710774 0.01800873 0.01609080 0.17039428 0.00816624
18.90094505 7.26911162 0.00029036 0.00029927 0.00024749 0.00368943 0.43737251 0.03841670 0.29720433 0.00633653 0.01710982 0.01952497 0.17001408 0.00949452
19.00095005 7.26613621 0.00041795 0.00033460 0.00037433 0.00915520 0.43321950 0.03395081 0.30017525 0.00592602 0.01660843 0.01752596 0.17366222 0.00864972
19.10095505 7.26155849 0.00029207 0.00033039 0.00015537 0.00196576 0.43240525 0.03882586 0.29952794 0.00952528 0.01784010 0.01940717 0.17189633 0.00782849
19.20096005 7.25887882 0.00051234 0.00032081 0.00040905 0.00859818 0.43094411 0.03634184 0.29508112 0.00720816 0.02125438 0.01997547 0.17239958 0.00695496
19.30096505 7.25143086 0.00030709 0.00040835 0.00022211 0.00530829 0.42586876 0.03654168 0.29245824 0.00602531 0.03254620 0.02112182 0.17271844 0.00647371
19.40097005 7.24940429 0.00040422 0.00038222 0.00030393 0.00735482 0.43533739 0.03496676 0.28550132 0.00555320 0.03031602 0.01930467 0.17446305 0.00611240
19.50097505 7.24190869 0.00039998 0.00039916 0.00033513 0.00737074 0.43347758 0.03520962 0.28949195 0.00475112 0.03151672 0.01618837 0.17311460 0.00774504
19.60098005 7.23778815 0.00020072 0.00038833 0.00017313 0.00210704 0.43316574 0.03234066 0.29687760 0.00638424 0.03125169 0.01587793 0.17031663 0.01091628
19.70098505 7.23545470 0.00020023 0.00036962 0.00020412 0.00185825 0.43180903 0.02987000 0.29821667 0.00508972 0.02799205 0.01742310 0.17561264 0.01135458
19.80099005 7.23125351 0.00032679 0.00032968 0.00038631 0.00728809 0.43438692 0.03102333 0.29613185 0.00380574 0.02122915 0.02062615 0.16992240 0.01454359
19.90099505 7.22566459 0.00040889 0.00033193 0.00034404 0.01086938 0.43511026 0.03161313 0.30038817 0.00611172 0.02160337 0.01920992 0.16656628 0.00744292
20.00100005 7.22173371 0.00028660 0.00035076 0.00014809 0.00191026 0.43260059 0.03513073 0.30458340 0.00973576 0.02347625 0.01890145 0.16698899 0.00588710
20.10100505 7.21773304 0.00026041 0.00038627 0.00023821 0.00387182 0.43659200 0.03916383 0.29580979 0.00418650 0.02391483 0.01517484 0.17329712 0.00710438
20.20101005 7.21597606 0.00028267 0.00037882 0.00021014 0.00583418 0.43823158 0.03603064 0.30124131 0.00565062 0.01940888 0.01395633 0.17273941 0.00603542
20.30101505 7.21305029 0.00028285 0.00033357 0.00019411 0.00376437 0.43962024 0.03875608 0.29913461 0.00751160 0.01777360 0.01390353 0.17113799 0.00758745
20.40102005 7.20787378 0.00030876 0.00032452 0.00016819 0.00194359 0.43781797 0.03802870 0.29694836 0.01094167 0.01828458 0.01787844 0.16862457 0.00873065
20.50102505 7.20251927 0.00030406 0.00033360 0.00025400 0.00547843 0.43733411 0.03502780 0.29804607 0.00825792 0.01966135 0.01444356 0.17262487 0.00823423
20.60103005 7.19892904 0.00040132 0.00033727 0.00031050 0.00521074 0.44573164 0.03396679 0.29248370 0.00765766 0.01947713 0.01640273 0.16997025 0.00805027
20.70103505 7.19473939 0.00038842 0.00030309 0.00023492 0.00906313 0.44602060 0.02955400 0.29434118 0.00923441 0.01935759 0.01570742 0.16797754 0.00781771
20.80104005 7.18913810 0.00033652 0.00032420 0.00012565 0.00207445 0.44811998 0.02646447 0.29284633 0.01221396 0.01964592 0.02002164 0.17106357 0.00676331
20.90104505 7.18497312 0.00045920 0.00031690 0.00040382 0.00873519 0.44391818 0.02584687 0.29370666 0.00714927 0.02134366 0.02285982 0.16671460 0.00854584
21.00105005 7.18268384 0.00020374 0.00033897 0.00016111 0.00169298 0.45182629 0.02733046 0.29214999 0.00638445 0.01915404 0.02441058 0.16853071 0.00781668
21.10105505 7.17968694 0.00031619 0.00032337 0.00026758 0.00531754 0.44893935 0.02828757 0.29179246 0.00625842 0.02094680 0.02424399 0.16599801 0.00730871
21.20106005 7.17872988 0.00020919 0.00029231 0.00016849 0.00180489 0.45274897 0.03038342 0.29524984 0.00674669 0.01701276 0.02197682 0.16469612 0.00871050
21.30106505 7.17281057 0.00021645 0.00030766 0.00016641 0.00195169 0.46002511 0.03381635 0.28866456 0.00468012 0.01537814 0.02215018 0.16562453 0.00701880
21.40107005 7.16691411 0.00029250 0.00029926 0.00022361 0.00524535 0.45411681 0.03112285 0.29634877 0.00512141 0.01693385 0.01978539 0.16430129 0.00620889
21.50107505 7.16365931 0.00022333 0.00029492 0.00016520 0.00397558 0.45414605 0.03324008 0.29956548 0.00435426 0.01694638 0.01466391 0.16504717 0.00737763
21.60108005 7.15711212 0.00029208 0.00029045 0.00028439 0.00525696 0.45767613 0.03133098 0.29881236 0.00332283 0.01713819 0.01336261 0.16408287 0.00815015
21.70108505 7.15082377 0.00017597 0.00032681 0.00015501 0.00168341 0.45461446 0.03374976 0.30167777 0.00331755 0.01889511 0.01395879 0.16448584 0.00695952
21.80109005 7.14690808 0.00032083 0.00034630 0.00029843 0.00706744 0.44736873 0.02982436 0.30290186 0.00335294 0.02416681 0.01090128 0.16721629 0.00623472
21.90109505 7.14122501 0.00014846 0.00031341 0.00010683 0.00403556 0.44782678 0.03393453 0.29878153 0.00344113 0.02541128 0.01430556 0.16566700 0.00602794
22.00110006 7.14033422 0.00020861 0.00031936 0.00012880 0.00195910 0.44710490 0.03491322 0.29909878 0.00453647 0.02864405 0.00995783 0.16683290 0.00629596
22.10110506 7.14206858 0.00024230 0.00033184 0.00020712 0.00354078 0.44211624 0.03115017 0.30099305 0.00623400 0.02859014 0.01032923 0.16796875 0.00829640
22.20111006 7.13969579 0.00054447 0.00030989 0.00050745 0.01454224 0.44472475 0.02921498 0.29747354 0.00451781 0.02463184 0.00884743 0.16685999 0.00782563
22.30111506 7.13574635 0.00059915 0.00031789 0.00058766 0.01208641 0.45012732 0.02488098 0.30346760 0.00403433 0.02082638 0.00811391 0.16726081 0.00769757
22.40112006 7.13521858 0.00024437 0.00034027 0.00019350 0.00356198 0.46087264 0.02690970 0.30334560 0.00315030 0.02130738 0.00641083 0.16813411 0.00552933
22.50112506 7.12997145 0.00033706 0.00034543 0.00031110 0.00590323 0.45520907 0.02886085 0.30309938 0.00253807 0.02204896 0.00979603 0.16529715 0.00625367
22.60113006 7.12797516 0.00026463 0.00033235 0.00025592 0.00526072 0.45316937 0.02911992 0.30437373 0.00419076 0.02421956 0.00734597 0.16390500 0.00756208
22.70113506 7.12634057 0.00024325 0.00032560 0.00020148 0.00550984 0.45355951 0.03090951 0.30751000 0.00230357 0.02554799 0.00668570 0.16305688 0.00414666
22.80114006 7.12361433 0.00027534 0.00028150 0.00024456 0.00536477 0.45653422 0.03065422 0.30757368 0.00252684 0.01839582 0.00852073 0.16321477 0.00641354
22.90114506 7.12026555 0.00025879 0.00029488 0.00022982 0.00346769 0.45622703 0.02781539 0.30976460 0.00416768 0.02014437 0.00644169 0.16356913 0.00761894
23.00115006 7.11628620 0.00025043 0.00031818 0.00018752 0.00347465 0.45122239 0.02792686 0.31148228 0.00400323 0.02193283 0.00851895 0.16504432 0.00563836
23.10115506 7.10882506 0.00017472 0.00029962 0.00013191 0.00194507 0.45527630 0.02924003 0.30922252 0.00375859 0.01978666 0.00842281 0.16541490 0.00632689
23.20116006 7.10475895 0.00021037 0.00032774 0.00022632 0.00349673 0.45414026 0.02476066 0.30613584 0.00364822 0.02315631 0.01196825 0.16423985 0.00768944
23.30116506 7.09931239 0.00033065 0.00030581 0.00022531 0.00352643 0.45854368 0.02070760 0.30612564 0.01021809 0.02089816 0.00827618 0.16412671 0.00671574
23.40117006 7.09640886 0.00032809 0.00032279 0.00028358 0.00532054 0.45406457 0.02206262 0.30574619 0.00760050 0.02333160 0.00840871 0.16653485 0.00599596
23.50117506 7.09466516 0.00033850 0.00030214 0.00031806 0.00687641 0.45605654 0.02432776 0.30313140 0.00375839 0.02167437 0.01249686 0.16683556 0.00388402
23.60118006 7.09231591 0.00020038 0.00031135 0.00017280 0.00166530 0.45266816 0.03044096 0.30282314 0.00474871 0.02327202 0.01137548 0.16692533 0.00539636
23.70118506 7.08965082 0.00017362 0.00034381 0.00010772 0.00183120 0.45079515 0.03170119 0.29953003 0.00497324 0.02496906 0.01131019 0.17036196 0.00390283
23.80119006 7.08723346 0.00025206 0.00034936 0.00009012 0.00214968 0.44857386 0.02908094 0.29581630 0.00913559 0.02518050 0.01313495 0.17207998 0.00415666
23.90119506 7.08600941 0.00023647 0.00033510 0.00008801 0.00204921 0.44782838 0.02863782 0.29784382 0.00852874 0.02691079 0.01196403 0.17108190 0.00449571
24.00120006 7.08213257 0.00033697 0.00033134 0.00023130 0.00532785 0.44813173 0.03367450 0.29874905 0.00720779 0.02440303 0.00897893 0.16838485 0.00424267
24.10120506 7.08055906 0.00030185 0.00032329 0.00022022 0.00551041 0.44465428 0.03527170 0.29481753 0.00796641 0.02229685 0.01230633 0.16990805 0.00642308
24.20121006 7.07569571 0.00018686 0.00034094 0.00011479 0.00172644 0.44315811 0.03931722 0.29542297 0.00489618 0.02598715 0.01694527 0.16709083 0.00481324
24.30121506 7.07370078 0.00020549 0.00033093 0.00005572 0.00013036 0.44098391 0.03821561 0.29374877 0.00856230 0.02802223 0.01737820 0.16691416 0.00545231
24.40122006 7.07305261 0.00017736 0.00031248 0.00005102 0.00009562 0.44067453 0.04297858 0.29367885 0.00723614 0.02781041 0.01346885 0.16752373 0.00599243
24.50122506 7.07222326 0.00026481 0.00032486 0.00014590 0.00360255 0.44100699 0.04067550 0.29103539 0.00726358 0.02593515 0.01547707 0.16769761 0.00657060
24.60123006 7.07057136 0.00021469 0.00030057 0.00016912 0.00209980 0.44225960 0.03748334 0.29460165 0.00676287 0.02201023 0.01724426 0.16682795 0.01002592
24.70123506 7.06698973 0.00029790 0.00034508 0.00022784 0.00363000 0.44427587 0.02998261 0.29389519 0.00822796 0.02454305 0.01682930 0.16694081 0.01080439
24.80124006 7.05883415 0.00025503 0.00035267 0.00020726 0.00203163 0.44104441 0.03064234 0.29511526 0.00947171 0.02505770 0.01873239 0.16642995 0.01065964
24.90124506 7.05470613 0.00038682 0.00033485 0.00035385 0.00521906 0.43628831 0.03105954 0.29208828 0.00967414 0.02552918 0.02393783 0.16375938 0.01136876
25.00125006 7.04977285 0.00054308 0.00029628 0.00051977 0.01108532 0.43294627 0.03170948 0.29196250 0.00842246 0.01988553 0.02405050 0.16490942 0.01366939
25.10125506 7.04241674 0.00065936 0.00034032 0.00063134 0.01205255 0.42476005 0.02858823 0.29658675 0.01046128 0.02428804 0.02420824 0.16402484 0.01339900
25.20126006 7.03737969 0.00049246 0.00035601 0.00044607 0.00663362 0.42449334 0.03660730 0.30280040 0.00957860 0.02031870 0.01922132 0.16803154 0.01102064
25.30126506 7.03597888 0.00054115 0.00034531 0.00044016 0.00929578 0.42536828 0.03398810 0.29924702 0.01280073 0.02202617 0.01644952 0.16701320 0.01248456
25.40127006 7.03321442 0.00040270 0.00032079 0.00041503 0.00547265 0.42583814 0.03611966 0.29717673 0.01066233 0.02057720 0.02007001 0.16808714 0.01485763
25.50127506 7.02795204 0.00030099 0.00033142 0.00028132 0.00182314 0.43313644 0.03590896 0.29997360 0.00987747 0.01906567 0.01805593 0.16749287 0.01375219
25.60128006 7.02535950 0.00030103 0.00032315 0.00029694 0.00484218 0.43327451 0.03726201 0.30183107 0.00865233 0.01740118 0.01717607 0.16917009 0.00946944
25.70128506 7.02140605 0.00036117 0.00035892 0.00028965 0.00725447 0.43402249 0.03386455 0.30166231 0.00650218 0.01933945 0.01613549 0.17261684 0.00759248
