0.00000000 3.00000000 0.00000000 0.00000000 0.00000000 0.00000000 0.00000000 0.00000000 0.00000000 1.00000000 0.00000000 0.00000000 0.00000000 0.00000000
0.10000500 3.00216417 0.02141389 0.00113515 0.00721452 0.09545547 0.10475546 0.15843370 0.02024017 0.42584357 0.04492421 0.07946641 0.01494501 0.02617244
0.20001000 3.00151587 0.00725100 0.00101032 0.00429321 0.05107285 0.14612753 0.23762453 0.04154547 0.24139258 0.05796975 0.14180943 0.02934694 0.04055638
0.30001500 3.00017920 0.00498870 0.00099936 0.00289514 0.03285766 0.15071035 0.24575057 0.05667858 0.17778385 0.07753539 0.17182700 0.04007632 0.03789707
0.40002000 2.99930913 0.00438824 0.00080831 0.00222136 0.03344854 0.16334252 0.23815304 0.07478845 0.14900070 0.07898004 0.17813097 0.04008069 0.03665714
0.50002500 2.99849039 0.00427924 0.00076509 0.00151103 0.01552975 0.16900934 0.21994422 0.08364694 0.14478122 0.08503949 0.18369739 0.04953913 0.04225716
0.60003000 2.99730050 0.00427522 0.00076505 0.00202857 0.02203435 0.17928983 0.18426847 0.08772639 0.13174748 0.08951421 0.19158365 0.06070453 0.04606225
0.70003500 2.99516895 0.00423637 0.00075079 0.00227728 0.02098564 0.19421637 0.17250437 0.08729189 0.11435272 0.09590957 0.19723492 0.06583138 0.04440870
0.80004000 2.99293900 0.00367617 0.00079999 0.00218182 0.02113289 0.19921682 0.17773223 0.10129008 0.09535955 0.09423168 0.18017307 0.07446143 0.04974427
0.90004500 2.99166953 0.00342912 0.00079098 0.00228543 0.02771687 0.20537015 0.17052004 0.10911172 0.07693782 0.08913310 0.18359554 0.08159405 0.04951518
1.00005000 2.98961658 0.00301553 0.00081213 0.00190894 0.01772510 0.21979069 0.16265110 0.12625357 0.07267316 0.08361853 0.17624341 0.08352508 0.05178276
1.10005500 2.98771379 0.00234206 0.00083251 0.00135300 0.00934556 0.22366876 0.16620398 0.13310145 0.07344349 0.08774118 0.16211778 0.08865610 0.05119413
1.20006000 2.98580843 0.00211317 0.00082984 0.00147923 0.01267954 0.23911588 0.16081951 0.13788946 0.06661249 0.08736715 0.14661594 0.09279767 0.05168013
1.30006500 2.98293294 0.00224858 0.00083283 0.00130602 0.01094129 0.25115783 0.16324180 0.14051824 0.06567321 0.09000332 0.13110630 0.09548778 0.04748281
1.40007000 2.98046226 0.00250585 0.00079365 0.00135413 0.01562233 0.25887896 0.16058506 0.14362805 0.06380156 0.09453717 0.12756972 0.09216216 0.03856135
1.50007500 2.97910843 0.00261912 0.00064175 0.00121233 0.01335437 0.26350788 0.16023364 0.15590111 0.06887326 0.08910317 0.11542083 0.09284608 0.03628645
1.60008000 2.97814659 0.00274200 0.00075818 0.00141916 0.01115390 0.27224882 0.14796532 0.16140667 0.07137025 0.09429720 0.10335240 0.09528913 0.03799696
1.70008500 2.97633265 0.00252509 0.00080045 0.00091699 0.00749765 0.28460177 0.14620187 0.16362801 0.06950326 0.10105848 0.08965052 0.09791128 0.03570461
1.80009000 2.97415472 0.00293169 0.00064010 0.00170802 0.01832388 0.28946400 0.13638102 0.17697009 0.06544749 0.08660141 0.09326554 0.09432440 0.03394236
1.90009500 2.97223811 0.00254283 0.00065432 0.00145766 0.01221287 0.29881540 0.14262295 0.18542548 0.05736016 0.07840622 0.08789389 0.09669857 0.03590964
2.00010001 2.96745239 0.00177072 0.00075312 0.00099408 0.01078619 0.31167700 0.14026427 0.19596650 0.04800387 0.07750309 0.07583362 0.10210029 0.03434724
2.10010501 2.96459093 0.00196102 0.00074356 0.00102673 0.00883670 0.31290598 0.13542167 0.19813836 0.04937671 0.07624404 0.07317116 0.10996807 0.03220602
2.20011001 2.96302256 0.00220725 0.00069080 0.00140268 0.01492121 0.31394187 0.12731297 0.20493947 0.04505289 0.07440306 0.06946527 0.11402479 0.03163772
2.30011501 2.96136089 0.00155560 0.00067858 0.00085222 0.00462109 0.32386005 0.12478180 0.20784016 0.04138902 0.06912578 0.07044630 0.12249543 0.03235397
2.40012001 2.95967807 0.00185155 0.00066519 0.00100923 0.01148104 0.32991661 0.11820870 0.20797444 0.03944631 0.07130618 0.05962583 0.13013758 0.02837734
2.50012501 2.95757297 0.00183467 0.00067420 0.00130334 0.01436790 0.32837710 0.10927004 0.21908149 0.03572058 0.07000204 0.06395901 0.12786516 0.02754447
2.60013001 2.95536850 0.00171066 0.00064917 0.00098458 0.01235840 0.33768631 0.10691213 0.21986292 0.03566621 0.06865368 0.05983817 0.12914792 0.02652985
2.70013501 2.95066601 0.00161030 0.00065073 0.00105699 0.01122689 0.34296898 0.11123403 0.22338780 0.02955029 0.06013152 0.06503726 0.12886098 0.02428424
2.80014001 2.94927425 0.00134477 0.00059260 0.00057280 0.00462161 0.34599714 0.10726126 0.23256014 0.03137133 0.06277932 0.06089135 0.12807081 0.02393688
2.90014501 2.94334311 0.00145843 0.00058626 0.00067646 0.00605876 0.34858528 0.10237992 0.23349674 0.03449294 0.06215495 0.05445625 0.13117676 0.02447724
3.00015001 2.94064167 0.00169880 0.00052686 0.00103139 0.01066933 0.35951809 0.09744104 0.23464464 0.03465586 0.05851101 0.04942184 0.12879940 0.02308174
3.10015501 2.93914794 0.00119429 0.00058468 0.00072511 0.00550616 0.36276353 0.09485494 0.24096350 0.03012162 0.06138349 0.04698366 0.12830480 0.02661422
3.20016001 2.93761210 0.00125342 0.00056690 0.00077568 0.00857185 0.36840811 0.09099166 0.24364167 0.02692857 0.06009698 0.04457091 0.13328634 0.02090790
3.30016501 2.93260051 0.00134429 0.00058226 0.00090576 0.00787413 0.38314589 0.08483551 0.24282868 0.02602429 0.05641408 0.03979146 0.13502908 0.02122456
3.40017001 2.93055009 0.00123360 0.00061465 0.00093123 0.00707606 0.38954289 0.08677253 0.24450120 0.02084084 0.05729931 0.03361415 0.13604196 0.02153159
3.50017501 2.92736591 0.00089954 0.00058473 0.00042609 0.00403865 0.38543679 0.08812060 0.24749243 0.02121623 0.05893551 0.03724501 0.13755054 0.01805388
3.60018001 2.92435959 0.00104835 0.00059305 0.00077947 0.00649299 0.38909717 0.07474001 0.25072601 0.01700571 0.05407125 0.03939628 0.14551252 0.02053718
3.70018501 2.92178130 0.00092883 0.00060095 0.00062850 0.00704809 0.39281787 0.07318343 0.24855873 0.01760966 0.05620256 0.03501308 0.14781989 0.01958840
3.80019001 2.91903573 0.00084439 0.00051903 0.00052098 0.00357944 0.39431950 0.07366122 0.25380289 0.01583140 0.05086849 0.03833174 0.14849009 0.01923083
3.90019501 2.91610533 0.00068265 0.00061279 0.00057731 0.00338858 0.39391149 0.06626235 0.25721301 0.01285970 0.05303007 0.03534385 0.15523264 0.02088556
4.00020001 2.91350569 0.00088046 0.00049739 0.00088475 0.00668623 0.39514095 0.06170846 0.25576280 0.01464142 0.04901920 0.03520873 0.15557966 0.02398995
4.10020501 2.91257823 0.00084529 0.00049274 0.00062561 0.00441152 0.39561262 0.06174248 0.26296946 0.01507287 0.04597969 0.03453520 0.15894548 0.01876703
4.20021001 2.91045613 0.00120348 0.00051804 0.00055552 0.00673402 0.39482052 0.06259805 0.26260435 0.01990025 0.04813867 0.02770024 0.15991842 0.01530843
4.30021501 2.90987356 0.00086667 0.00048473 0.00080891 0.00513780 0.39765656 0.06781589 0.26097826 0.01310277 0.04531713 0.02644519 0.15956333 0.02182278
4.40022001 2.90831569 0.00069309 0.00046795 0.00024643 0.00070753 0.39733784 0.06776599 0.26496929 0.01925057 0.04775772 0.02546745 0.15946719 0.01586895
4.50022501 2.90553430 0.00063399 0.00041047 0.00023570 0.00053308 0.39737297 0.06574446 0.26386587 0.01999792 0.04612645 0.02798509 0.16022424 0.01686975
4.60023001 2.90336931 0.00086175 0.00038920 0.00054157 0.00519225 0.40251177 0.06486798 0.26243219 0.01930663 0.03888645 0.02795410 0.16178039 0.01527572
4.70023501 2.90250271 0.00045429 0.00050472 0.00016542 0.00034197 0.41042442 0.06244643 0.26265286 0.01425781 0.04463037 0.02666873 0.16378764 0.01366535
4.80024001 2.89776464 0.00101348 0.00044191 0.00063003 0.00583377 0.40944715 0.06098905 0.26081045 0.01730184 0.04429909 0.02482567 0.16300141 0.01140617
4.90024501 2.89497350 0.00071314 0.00040770 0.00014010 0.00056075 0.40909640 0.05885353 0.26301841 0.02041349 0.04336496 0.02807003 0.16411253 0.01124895
5.00025001 2.89194025 0.00074379 0.00045847 0.00031836 0.00521413 0.41037502 0.05505682 0.26444002 0.01692148 0.04215773 0.02596081 0.16656876 0.01178461
5.10025501 2.88962988 0.00088581 0.00040757 0.00051554 0.00448506 0.40790239 0.05182896 0.26760237 0.01899653 0.03666672 0.02954395 0.16742095 0.01374415
5.20026001 2.88470346 0.00076331 0.00049822 0.00048920 0.00487964 0.40455977 0.05584610 0.26405215 0.01396526 0.04071182 0.03014733 0.17017805 0.01390915
5.30026501 2.88363256 0.00061684 0.00041635 0.00017920 0.00043555 0.41052844 0.05636990 0.26408319 0.01959774 0.03527969 0.02762049 0.17169233 0.01318028
5.40027001 2.88214928 0.00058560 0.00044808 0.00022768 0.00247523 0.40679604 0.05002184 0.26477644 0.01827305 0.03891049 0.02804305 0.17506895 0.01437354
5.50027501 2.87903205 0.00059393 0.00040106 0.00046451 0.00604042 0.41205377 0.04472045 0.26709837 0.01418757 0.03620640 0.02627422 0.17624040 0.01571890
5.60028001 2.87836044 0.00052500 0.00041384 0.00032491 0.00565206 0.40893085 0.04985374 0.26785907 0.01315551 0.03778947 0.02421610 0.17900677 0.01227268
5.70028501 2.87520019 0.00069084 0.00051201 0.00044552 0.00563041 0.40647808 0.04583206 0.26782571 0.01501865 0.04159902 0.02144666 0.18158518 0.01293586
5.80029001 2.87336823 0.00056550 0.00054836 0.00030728 0.00317531 0.40426695 0.04665701 0.26958185 0.01241384 0.04489442 0.02152530 0.18670842 0.00935577
5.90029501 2.87232884 0.00049929 0.00053647 0.00018557 0.00148097 0.40880446 0.04288788 0.26926250 0.01312037 0.04453746 0.02052218 0.18885910 0.00930374
6.00030002 2.86783111 0.00064475 0.00047639 0.00031408 0.00346175 0.40981925 0.03998204 0.26942874 0.01422836 0.04572180 0.02221804 0.18455383 0.00915098
6.10030502 2.86197095 0.00062805 0.00043944 0.00036515 0.00316951 0.40710048 0.04105767 0.27330009 0.01523299 0.04040017 0.02345660 0.18475981 0.01009003
6.20031002 2.85965105 0.00069882 0.00042886 0.00060537 0.00451265 0.41697336 0.04177670 0.27172647 0.01140907 0.03378691 0.02073422 0.18508440 0.01226318
6.30031502 2.85641189 0.00061086 0.00043395 0.00026921 0.00198932 0.41575400 0.03893510 0.27552246 0.01409231 0.03524462 0.02459813 0.18304497 0.00950507
6.40032002 2.85213824 0.00046200 0.00047417 0.00022595 0.00194486 0.41703563 0.03553415 0.27868490 0.00996030 0.03539134 0.02620679 0.18641396 0.00766595
6.50032502 2.84957714 0.00069342 0.00043535 0.00040781 0.00532035 0.41466407 0.03290265 0.28110133 0.01072400 0.03214716 0.02779555 0.18565209 0.00815623
6.60033002 2.84615842 0.00047789 0.00044247 0.00023549 0.00379239 0.41167976 0.03556588 0.28022264 0.01018256 0.03579138 0.02743892 0.18586375 0.00830687
6.70033502 2.84413288 0.00050978 0.00042664 0.00030253 0.00163126 0.41317048 0.03264515 0.27966892 0.01038442 0.03658299 0.02648927 0.18815098 0.01003759
6.80034002 2.84354641 0.00077730 0.00038772 0.00055272 0.00868554 0.41603063 0.02996092 0.29053621 0.01107006 0.02537843 0.02369545 0.18566701 0.00725800
6.90034502 2.84316380 0.00045046 0.00045735 0.00023040 0.00352252 0.42272912 0.02672938 0.29535649 0.00946293 0.02541048 0.02086520 0.18804656 0.00673912
7.00035002 2.84123674 0.00072209 0.00040179 0.00055369 0.00649778 0.42092160 0.02424645 0.29704699 0.01078244 0.02334010 0.01919760 0.18828952 0.00799994
7.10035502 2.83992531 0.00054756 0.00039805 0.00032736 0.00355683 0.42423452 0.02967234 0.29610982 0.00993732 0.02180413 0.01634644 0.19145348 0.00561215
7.20036002 2.83445674 0.00044422 0.00040565 0.00026993 0.00369493 0.42072174 0.02975888 0.29710904 0.00998232 0.01853682 0.01808915 0.19322674 0.00776057
7.30036502 2.83249241 0.00070514 0.00032637 0.00049275 0.00663599 0.41859675 0.03167357 0.29582083 0.00982207 0.01381592 0.02035398 0.19344013 0.00831650
7.40037002 2.82424179 0.00051362 0.00036662 0.00033981 0.00193145 0.41746663 0.03564596 0.29706025 0.01135271 0.01351244 0.01845776 0.19359407 0.00975869
7.50037502 2.82017250 0.00072680 0.00038421 0.00042070 0.00507792 0.42297273 0.02864702 0.29914029 0.01268623 0.01566553 0.01546958 0.19183724 0.00697174
7.60038002 2.81674314 0.00036382 0.00034641 0.00026379 0.00143749 0.42662383 0.03308076 0.29946264 0.00887389 0.01431134 0.01758684 0.18925578 0.00839340
7.70038502 2.81416685 0.00040728 0.00035697 0.00021872 0.00165848 0.42794734 0.03409776 0.30161307 0.00872155 0.01394101 0.01286038 0.19014161 0.00803583
7.80039002 2.81159929 0.00027067 0.00037344 0.00011353 0.00208164 0.43132240 0.03291330 0.29954455 0.00697401 0.01371758 0.01034464 0.19504202 0.00730221
7.90039502 2.80560929 0.00021261 0.00043858 0.00005341 0.00011294 0.43360182 0.02921386 0.30385740 0.00630714 0.01783916 0.01072384 0.19226304 0.00537620
8.00040002 2.79949392 0.00044724 0.00043415 0.00032263 0.00302250 0.42938171 0.02521400 0.30306440 0.00769130 0.02091015 0.01211874 0.19020959 0.00718358
8.10040502 2.79323394 0.00054408 0.00037584 0.00041028 0.00576206 0.42259332 0.02724688 0.30358359 0.00839125 0.02067015 0.01196564 0.19077710 0.00767982
8.20041002 2.79223740 0.00042347 0.00036729 0.00035642 0.00390457 0.42495317 0.02958435 0.30418005 0.00710076 0.02194010 0.01099449 0.19055939 0.00563594
8.30041502 2.78851310 0.00066193 0.00037239 0.00050588 0.00562792 0.42625623 0.02698449 0.30354762 0.00809465 0.02053029 0.01070326 0.19129347 0.00542186
8.40042002 2.78507554 0.00051786 0.00032515 0.00040936 0.00384205 0.42376053 0.02932756 0.30317219 0.00841293 0.02039945 0.01187882 0.18834268 0.00961141
8.50042502 2.77835444 0.00050420 0.00035278 0.00029033 0.00199826 0.42595498 0.03207076 0.30084660 0.00753905 0.02040797 0.01288898 0.18643767 0.01070842
8.60043002 2.77486992 0.00046632 0.00041518 0.00029398 0.00385245 0.42494166 0.02972783 0.30462300 0.00810982 0.02036123 0.01071755 0.18765893 0.00883205
8.70043502 2.77312600 0.00044951 0.00040278 0.00037792 0.00407147 0.42819592 0.02598700 0.30277938 0.00752793 0.01930354 0.01358152 0.18931838 0.00800465
8.80044002 2.76811058 0.00022303 0.00041991 0.00011441 0.00077203 0.42528403 0.02550200 0.30304631 0.00671324 0.01937630 0.01779680 0.19387343 0.00687848
8.90044502 2.76516858 0.00030268 0.00038371 0.00008907 0.00214082 0.42852310 0.02750308 0.29993752 0.00856965 0.01659782 0.01628143 0.19255785 0.00711328
9.00045002 2.76224014 0.00034274 0.00036344 0.00018438 0.00168708 0.43088894 0.02971087 0.30487117 0.00586610 0.01699138 0.01358218 0.18888506 0.00662665
9.10045502 2.75752634 0.00040232 0.00036633 0.00033424 0.00531092 0.42924014 0.03007808 0.30218660 0.00569530 0.01751399 0.01363900 0.18669295 0.00854014
9.20046002 2.75389714 0.00065891 0.00033985 0.00055314 0.00628764 0.43159790 0.02831747 0.30554962 0.00586834 0.01526635 0.01355124 0.18524627 0.00676326
9.30046502 2.74634216 0.00060347 0.00037463 0.00043438 0.00421028 0.42850746 0.02541683 0.30346121 0.01154531 0.01728737 0.01545826 0.18436932 0.00833147
9.40047002 2.74434901 0.00037351 0.00036574 0.00021285 0.00118801 0.42998369 0.02714906 0.30485950 0.00659172 0.01987869 0.01512343 0.18491238 0.00936143
9.50047502 2.74307486 0.00029541 0.00035260 0.00017894 0.00139496 0.44194630 0.02678791 0.30503674 0.00594489 0.01540619 0.01457136 0.18125817 0.00682653
9.60048002 2.73831068 0.00039162 0.00031250 0.00023456 0.00469075 0.43775014 0.02567102 0.30562908 0.00724126 0.01690988 0.01359445 0.18139840 0.00617635
9.70048502 2.73582742 0.00042027 0.00031207 0.00024735 0.00359946 0.43601247 0.02299450 0.30691200 0.00699999 0.01631347 0.02208229 0.17844999 0.00565616
9.80049002 2.73376758 0.00042857 0.00031623 0.00021466 0.00243448 0.43900229 0.01998304 0.30687525 0.00757213 0.01628876 0.01958595 0.17951748 0.00778117
9.90049502 2.73271206 0.00031532 0.00039783 0.00015879 0.00151920 0.43952435 0.01873642 0.30626641 0.00957980 0.01996746 0.01789912 0.17984394 0.00579135
10.00050003 2.73121326 0.00037727 0.00035466 0.00015315 0.00142304 0.43814382 0.02015781 0.30369375 0.01055003 0.02440766 0.01603936 0.17940012 0.00529935
10.10050503 2.72200673 0.00045599 0.00037871 0.00020714 0.00549655 0.43882676 0.01829891 0.30148343 0.01023910 0.02531023 0.01650028 0.17800086 0.00480203
10.20051003 2.71921441 0.00042699 0.00036966 0.00026771 0.00150142 0.43695058 0.02057008 0.30048970 0.00988153 0.02610129 0.01508426 0.18208877 0.00626800
10.30051503 2.71826476 0.00025762 0.00033356 0.00005338 0.00018187 0.43727209 0.01997679 0.30108845 0.00890921 0.02968134 0.01598861 0.18162456 0.00463251
10.40052003 2.71428877 0.00034822 0.00036784 0.00022606 0.00283710 0.43694945 0.01979824 0.30017054 0.00736003 0.02984729 0.01830880 0.17866488 0.00512155
10.50052503 2.70986629 0.00048917 0.00035094 0.00033713 0.00346154 0.43970518 0.01895376 0.30072679 0.00746014 0.02622531 0.02051627 0.17699178 0.00478200
10.60053003 2.70767400 0.00038721 0.00037138 0.00021837 0.00576743 0.44245305 0.01814854 0.29952421 0.00805577 0.02305721 0.01872493 0.17859415 0.00469775
10.70053503 2.70349666 0.00038163 0.00037733 0.00029233 0.00190894 0.43736999 0.01769457 0.30500252 0.00901162 0.02226263 0.02450671 0.17498752 0.00620421
10.80054003 2.70300448 0.00038280 0.00042364 0.00023408 0.00323685 0.43924203 0.01817732 0.30478375 0.00772748 0.02651653 0.02149663 0.17303406 0.00474484
10.90054503 2.69996638 0.00041578 0.00038073 0.00028110 0.00503681 0.44505459 0.01877358 0.30489425 0.00711649 0.02552368 0.01596414 0.17214675 0.00441210
11.00055003 2.69586417 0.00038288 0.00034734 0.00021245 0.00180884 0.45317120 0.02353774 0.29762688 0.00718929 0.02423981 0.01479979 0.17261476 0.00406901
11.10055503 2.69549927 0.00038717 0.00030374 0.00021688 0.00471883 0.45194480 0.02314124 0.29810344 0.00841093 0.02261619 0.01419795 0.17103183 0.00492700
11.20056003 2.69170847 0.00057969 0.00031144 0.00041788 0.00889064 0.45161720 0.02312850 0.30255566 0.00706237 0.02138650 0.01193847 0.16812919 0.00398246
11.30056503 2.69063951 0.00054797 0.00033165 0.00035030 0.00281906 0.45001094 0.02544273 0.30618477 0.00828037 0.02189830 0.01054797 0.16757434 0.00601160
11.40057003 2.68788467 0.00047010 0.00033893 0.00019416 0.00399587 0.44998031 0.02415519 0.30412173 0.01046219 0.02184569 0.01059414 0.16771334 0.00612835
11.50057503 2.68296829 0.00051778 0.00039921 0.00031066 0.00486992 0.45334044 0.01751070 0.30629275 0.00719805 0.02349508 0.01303354 0.16847251 0.00455935
11.60058003 2.68075697 0.00043427 0.00037055 0.00019411 0.00181215 0.44989811 0.01724878 0.30906935 0.00813144 0.01976182 0.01574251 0.17290017 0.00443673
11.70058503 2.67984174 0.00030611 0.00031128 0.00029286 0.00152158 0.44736675 0.01492286 0.30556862 0.00936011 0.01977881 0.01769071 0.17297454 0.00990577
11.80059003 2.67767000 0.00055878 0.00028615 0.00054265 0.00466064 0.44915585 0.01621832 0.30606219 0.00749713 0.01666716 0.01769874 0.17182865 0.00882375
11.90059503 2.67729779 0.00066181 0.00026721 0.00041405 0.00321124 0.45146458 0.01891954 0.30469876 0.01036124 0.01648186 0.01588429 0.17108758 0.00654782
12.00060003 2.67596932 0.00043013 0.00030188 0.00025182 0.00214396 0.45044865 0.01895671 0.30878833 0.00972142 0.01814346 0.01375361 0.17231768 0.00474234
12.10060503 2.67312722 0.00023979 0.00033760 0.00004927 0.00019087 0.44876408 0.02009426 0.31088637 0.00891904 0.01831537 0.01380443 0.17369657 0.00470234
12.20061003 2.67085472 0.00020304 0.00029943 0.00005332 0.00212453 0.44857148 0.02215285 0.30936048 0.00681720 0.01825795 0.01414752 0.17351066 0.00450154
12.30061503 2.66607114 0.00050348 0.00033562 0.00040237 0.00666881 0.45151725 0.01880130 0.30925549 0.00594702 0.01701143 0.01181916 0.17388021 0.00385787
12.40062003 2.66598788 0.00057485 0.00026660 0.00042710 0.00420670 0.44787833 0.02548572 0.30971074 0.00626693 0.01646149 0.01266750 0.17168284 0.00437120
12.50062503 2.66302101 0.00054848 0.00030944 0.00033174 0.00322049 0.44676611 0.02339039 0.30684827 0.00817198 0.02017642 0.01530909 0.16989977 0.00502783
12.60063003 2.66331143 0.00024103 0.00032031 0.00015933 0.00208952 0.45150366 0.02484014 0.30545078 0.00540305 0.01969155 0.01288401 0.17103370 0.00638293
12.70063503 2.66174517 0.00033706 0.00028163 0.00023597 0.00169542 0.45263566 0.02478205 0.30753648 0.00588246 0.01887183 0.01031777 0.17067441 0.00674927
12.80064003 2.65941065 0.00032136 0.00029966 0.00010441 0.00028075 0.45181334 0.02422410 0.31067550 0.00932326 0.01707275 0.00883195 0.17013876 0.00691417
12.90064503 2.65700795 0.00034589 0.00029777 0.00019756 0.00200475 0.45423769 0.02373543 0.30927786 0.00711302 0.01558360 0.00971701 0.17060307 0.00688635
13.00065003 2.65465682 0.00022561 0.00033838 0.00008317 0.00015490 0.45868602 0.02178259 0.30531787 0.00629312 0.01421261 0.01108948 0.17544513 0.00637113
13.10065503 2.65295200 0.00039452 0.00031991 0.00032158 0.00301486 0.45688370 0.02039290 0.30431059 0.00582565 0.01465790 0.01414010 0.17382790 0.00591040
13.20066003 2.65129274 0.00030559 0.00029807 0.00019959 0.00144986 0.45761411 0.02031101 0.30352651 0.00666260 0.01314071 0.01588620 0.17542060 0.00518515
13.30066503 2.64459975 0.00024146 0.00032531 0.00007372 0.00226458 0.45321779 0.01998744 0.30809898 0.00660446 0.01698044 0.01425529 0.17337749 0.00457305
13.40067003 2.64440382 0.00016092 0.00028024 0.00010597 0.00016496 0.45434983 0.01850796 0.31041452 0.00576219 0.01498148 0.01485024 0.17397394 0.00644776
13.50067503 2.64249340 0.00015214 0.00029036 0.00008647 0.00013759 0.45318741 0.02097544 0.30706045 0.00506658 0.01668502 0.01530986 0.17477676 0.00627192
13.60068003 2.64006569 0.00025755 0.00030132 0.00015271 0.00155329 0.45332552 0.01968463 0.30837041 0.00530015 0.01771062 0.01273883 0.17629212 0.00431282
13.70068503 2.63919023 0.00017071 0.00027182 0.00011008 0.00015440 0.45209351 0.02049296 0.30767268 0.00564273 0.01710754 0.01150667 0.17885444 0.00592245
13.80069003 2.63852580 0.00021972 0.00029370 0.00012682 0.00132111 0.45138000 0.02199608 0.30906669 0.00443668 0.01874328 0.00808807 0.18051634 0.00381151
13.90069503 2.63545684 0.00015981 0.00032825 0.00004345 0.00010896 0.45329596 0.01731927 0.30840313 0.00431733 0.02039614 0.01082482 0.18157652 0.00322636
14.00070004 2.63430116 0.00026166 0.00033915 0.00003015 0.00016650 0.45172852 0.01717619 0.30952872 0.00788713 0.01817270 0.00718314 0.18423091 0.00329522
14.10070504 2.63029706 0.00023719 0.00039530 0.00011853 0.00387362 0.45625741 0.01469275 0.30788742 0.00440692 0.01832298 0.00553100 0.18513689 0.00314000
14.20071004 2.62573306 0.00033710 0.00035139 0.00022804 0.00174440 0.45651513 0.01715780 0.30438195 0.00569169 0.01643287 0.00773347 0.18431867 0.00510750
14.30071504 2.62535987 0.00016378 0.00034521 0.00007988 0.00013358 0.45748349 0.01707208 0.30397302 0.00537135 0.01752003 0.01008988 0.18267824 0.00508946
14.40072004 2.62453981 0.00018468 0.00036058 0.00014436 0.00143615 0.45591756 0.01498725 0.30789164 0.00445703 0.01716336 0.01025460 0.18266685 0.00453593
14.50072504 2.62138136 0.00013267 0.00035482 0.00005449 0.00011784 0.45532484 0.01830147 0.30785966 0.00385304 0.01483122 0.01012668 0.18562946 0.00341380
14.60073004 2.61888953 0.00011044 0.00030383 0.00012280 0.00010727 0.45491432 0.01614834 0.30652898 0.00353141 0.01527651 0.00899213 0.18697636 0.00698761
14.70073504 2.61782306 0.00018630 0.00028901 0.00017118 0.00133967 0.45684532 0.01624411 0.30548699 0.00404989 0.01523530 0.00863635 0.18614338 0.00537250
14.80074004 2.61396568 0.00013378 0.00029701 0.00007465 0.00007500 0.45219801 0.01818452 0.31132921 0.00387089 0.01470685 0.00872125 0.18546892 0.00493989
14.90074504 2.60981492 0.00027879 0.00028554 0.00006908 0.00027814 0.44732969 0.01644761 0.31280421 0.00724677 0.01488381 0.01110150 0.18469675 0.00457811
15.00075004 2.60452324 0.00044006 0.00030418 0.00038715 0.00418220 0.44441595 0.01847570 0.31029968 0.00471593 0.01338534 0.01303437 0.18559485 0.00476459
15.10075504 2.60413232 0.00032863 0.00030506 0.00013666 0.00202098 0.44689175 0.02138286 0.30987242 0.00635424 0.01320160 0.00832559 0.18772917 0.00345103
15.20076004 2.60190002 0.00013536 0.00034707 0.00003151 0.00007620 0.44620378 0.01951818 0.31008818 0.00425901 0.01690000 0.00812211 0.19046097 0.00385762
15.30076504 2.60146067 0.00021045 0.00029981 0.00012780 0.00148127 0.44566004 0.01940338 0.31215925 0.00377946 0.01488647 0.00697050 0.19099442 0.00402713
15.40077004 2.59951683 0.00011942 0.00037023 0.00003216 0.00008038 0.44225993 0.01902921 0.31172668 0.00362407 0.02028931 0.00709063 0.19135384 0.00402413
15.50077504 2.59228221 0.00034651 0.00031710 0.00032234 0.00300170 0.43878904 0.02313801 0.31196225 0.00379351 0.01799855 0.00741065 0.18693306 0.00598728
15.60078004 2.58961822 0.00025883 0.00030594 0.00018118 0.00133585 0.44108758 0.02491323 0.31170067 0.00435054 0.01851579 0.00568573 0.18639001 0.00527465
15.70078504 2.58589490 0.00055697 0.00032271 0.00049493 0.00445872 0.44235007 0.02254096 0.31028028 0.00378154 0.01492673 0.00736340 0.18812021 0.00480347
15.80079004 2.58157472 0.00041956 0.00041870 0.00030130 0.00271512 0.43652711 0.02015170 0.30976621 0.00461462 0.01739452 0.00749363 0.19389346 0.00630407
15.90079504 2.57953002 0.00015303 0.00037503 0.00010845 0.00014070 0.43619455 0.01820083 0.30833921 0.00328276 0.02125774 0.01321336 0.19383347 0.00490086
16.00080004 2.57513139 0.00034664 0.00034019 0.00033664 0.00255838 0.43329185 0.01891975 0.30897464 0.00405294 0.02267162 0.01308240 0.19072170 0.00470325
16.10080504 2.57435278 0.00026032 0.00032958 0.00019046 0.00160670 0.43356473 0.02252656 0.30805869 0.00393016 0.02232644 0.01099807 0.19172056 0.00448774
16.20081004 2.57189330 0.00051586 0.00030856 0.00036181 0.00490440 0.43246335 0.02022361 0.30880108 0.00814765 0.01922739 0.01106460 0.18919962 0.00478208
16.30081504 2.56975032 0.00046749 0.00034929 0.00036931 0.00295239 0.43514543 0.01867855 0.30841346 0.00637745 0.02314739 0.00912669 0.18894443 0.00602812
16.40082004 2.56903299 0.00042394 0.00031930 0.00037650 0.00444754 0.43209844 0.01492923 0.31113714 0.00888379 0.02185983 0.00920691 0.18858529 0.00773210
16.50082504 2.56655417 0.00025825 0.00032678 0.00020939 0.00131332 0.43338887 0.01524636 0.31406522 0.00698126 0.02159533 0.01017741 0.19062380 0.00581401
16.60083004 2.56484348 0.00052360 0.00034080 0.00066447 0.00627747 0.43335171 0.01392494 0.31131617 0.00341690 0.02006374 0.01116136 0.19092758 0.00803126
16.70083504 2.56267743 0.00088788 0.00033011 0.00080353 0.00769991 0.43554342 0.01231910 0.31159956 0.00737248 0.01846594 0.00786192 0.19206097 0.00505518
16.80084004 2.55927486 0.00047919 0.00029383 0.00034213 0.00320186 0.43655747 0.01485658 0.31380686 0.00636218 0.01658125 0.01568338 0.18876059 0.00307468
16.90084504 2.55746281 0.00029406 0.00029175 0.00018386 0.00164496 0.43758926 0.01730177 0.31158341 0.00608847 0.01661387 0.01681932 0.18792172 0.00366756
17.00085004 2.55581162 0.00041456 0.00029846 0.00025818 0.00342709 0.43803709 0.01533401 0.31125473 0.00730645 0.01673088 0.01545259 0.18767884 0.00380713
17.10085504 2.54853581 0.00050902 0.00030840 0.00048196 0.00447398 0.43402906 0.01575812 0.31402059 0.00615162 0.01677552 0.01496528 0.18686642 0.00566002
17.20086004 2.54504166 0.00061188 0.00030418 0.00048528 0.00433668 0.43319495 0.01170412 0.31527817 0.00741838 0.01517256 0.02054493 0.18805014 0.00289873
17.30086504 2.54173507 0.00050880 0.00032826 0.00042550 0.00447585 0.43389085 0.01213912 0.31476984 0.00694668 0.01514534 0.01636211 0.18986571 0.00514193
17.40087004 2.54133929 0.00041221 0.00036195 0.00029564 0.00349873 0.43376582 0.01453552 0.31470909 0.00590189 0.01712091 0.01436306 0.19204223 0.00299294
17.50087504 2.53695009 0.00043493 0.00032637 0.00039489 0.00440979 0.43319278 0.01475429 0.30941607 0.00985780 0.01552739 0.01543273 0.19153739 0.00471557
17.60088004 2.53681096 0.00045576 0.00031346 0.00023450 0.00158673 0.43572185 0.01505214 0.31195775 0.00914217 0.01592136 0.01542436 0.19008558 0.00410433
17.70088504 2.53111679 0.00024508 0.00036776 0.00013866 0.00142781 0.43688391 0.01627333 0.31572195 0.00814302 0.01759410 0.01279792 0.18743228 0.00297419
17.80089004 2.52833432 0.00018811 0.00033363 0.00011953 0.00023054 0.43519127 0.01826079 0.31389082 0.00695442 0.01744053 0.01384821 0.18914376 0.00439840
17.90089504 2.52486988 0.00046644 0.00028166 0.00024199 0.00531270 0.43134771 0.01709933 0.31282192 0.01233951 0.01592969 0.01398097 0.18761902 0.00255906
18.00090005 2.52163251 0.00038970 0.00032168 0.00004267 0.00033168 0.43593808 0.01839245 0.31216631 0.01230993 0.01433938 0.01366195 0.18923455 0.00287162
18.10090505 2.51597015 0.00020248 0.00032366 0.00017439 0.00013250 0.43521382 0.01785578 0.31046431 0.00825634 0.01645517 0.01452964 0.18754304 0.00884887
18.20091005 2.51349266 0.00033402 0.00039926 0.00023211 0.00186069 0.43993119 0.01525361 0.30953855 0.00752415 0.02048135 0.01196548 0.18764965 0.00482994
18.30091505 2.51229992 0.00036858 0.00029789 0.00024210 0.00177337 0.43870291 0.01604505 0.31035500 0.00789590 0.01640961 0.01554610 0.18823460 0.00412890
18.40092005 2.50833550 0.00026062 0.00029180 0.00007624 0.00023764 0.43993429 0.01690244 0.31294323 0.00921357 0.01601760 0.01402673 0.18681309 0.00328276
18.50092505 2.50716196 0.00045617 0.00026989 0.00027977 0.00363503 0.43757180 0.01686585 0.31153759 0.00853156 0.01614915 0.01482931 0.18647157 0.00340230
18.60093005 2.50221411 0.00048823 0.00028868 0.00045564 0.00309362 0.43427534 0.01941848 0.30797259 0.00871605 0.01568243 0.01644342 0.18578095 0.00738455
18.70093505 2.49735398 0.00048946 0.00033961 0.00039178 0.00349642 0.43223710 0.02329012 0.30737844 0.00803980 0.01430853 0.01573333 0.18773631 0.00655908
18.80094005 2.49453383 0.00040304 0.00031875 0.00027919 0.00577770 0.43000944 0.02714340 0.30745375 0.00785219 0.01465887 0.01502602 0.18555920 0.00551845
18.90094505 2.49233108 0.00039435 0.00034781 0.00022721 0.00356264 0.42882904 0.02517861 0.31207127 0.00935497 0.01667119 0.01437659 0.18408069 0.00490561
19.00095005 2.48859551 0.00038692 0.00033439 0.00019620 0.00183317 0.43242570 0.02608282 0.31088416 0.00839556 0.01877097 0.01405129 0.18158477 0.00505404
19.10095505 2.48720683 0.00036899 0.00029965 0.00021557 0.00370222 0.43413878 0.02710638 0.30665162 0.00745970 0.01839784 0.01561595 0.18051211 0.00553118
19.20096005 2.48434954 0.00034651 0.00028765 0.00021661 0.00272422 0.43249997 0.02709857 0.30797792 0.00752459 0.01902130 0.01586788 0.18021316 0.00622163
19.30096505 2.48347146 0.00028565 0.00029662 0.00019530 0.00159613 0.43669747 0.02474922 0.30726648 0.00558151 0.01833670 0.01402677 0.18340274 0.00756543
19.40097005 2.48152685 0.00044945 0.00030818 0.00025285 0.00367751 0.43837468 0.02602977 0.30737660 0.00676747 0.01669609 0.01204821 0.18324445 0.00477473
19.50097505 2.47703822 0.00063979 0.00028816 0.00046866 0.00511392 0.43745581 0.02419546 0.30541974 0.00868318 0.01708443 0.01202051 0.18175186 0.00687847
19.60098005 2.47258097 0.00058354 0.00031155 0.00045699 0.00507473 0.43876178 0.02215037 0.30686402 0.01022447 0.01752397 0.01105387 0.17853868 0.00845603
19.70098505 2.46933253 0.00038055 0.00039672 0.00026297 0.00178825 0.43622372 0.02530464 0.31542634 0.00747911 0.01838589 0.00866829 0.17956733 0.00611619
19.80099005 2.46418217 0.00031019 0.00033075 0.00022636 0.00166621 0.43537685 0.02480165 0.32053955 0.00544186 0.01807597 0.01035903 0.17767687 0.00519470
19.90099505 2.46110713 0.00042443 0.00033936 0.00038261 0.00352298 0.43246072 0.02252129 0.31819075 0.00527722 0.01991930 0.01165878 0.17908986 0.00621269
20.00100005 2.45994065 0.00021314 0.00035117 0.00010418 0.00013347 0.43427472 0.02119965 0.31978775 0.00597998 0.01970408 0.00981922 0.18188229 0.00655036
20.10100505 2.45827526 0.00038466 0.00031706 0.00027602 0.00306081 0.43446202 0.02129598 0.31951883 0.00424343 0.02148213 0.00973921 0.18021996 0.00499989
20.20101005 2.45444140 0.00034200 0.00043817 0.00016042 0.00138547 0.43630602 0.02127874 0.31282433 0.00360429 0.02345336 0.01027261 0.18497812 0.00495646
20.30101505 2.45129106 0.00015169 0.00038241 0.00004527 0.00011174 0.43549135 0.02145814 0.31364508 0.00359139 0.02516525 0.01175256 0.18331591 0.00488921
20.40102005 2.44761150 0.00059802 0.00039925 0.00045394 0.00488721 0.43472806 0.01864401 0.31120830 0.00571141 0.02606778 0.01175963 0.18159661 0.00394579
20.50102505 2.44412447 0.00046255 0.00034555 0.00036370 0.00468828 0.43832363 0.01842028 0.31194085 0.00462157 0.02548708 0.01103022 0.17990290 0.00441340
20.60103005 2.44084062 0.00055294 0.00038384 0.00047452 0.00621339 0.43810765 0.01919308 0.30779115 0.00418102 0.02592777 0.01157157 0.18178959 0.00381349
20.70103505 2.43866247 0.00053211 0.00035802 0.00037890 0.00466555 0.43928295 0.01653645 0.31139502 0.00657931 0.02391796 0.01375654 0.17904605 0.00355113
20.80104005 2.43699122 0.00026708 0.00035845 0.00007048 0.00206533 0.43813542 0.02010943 0.31470062 0.00713793 0.02111657 0.01238374 0.17968894 0.00396602
20.90104505 2.43479527 0.00023719 0.00034803 0.00011557 0.00023180 0.43704123 0.02223145 0.31871285 0.00640553 0.02159686 0.01148623 0.17630104 0.00529223
21.00105005 2.43386845 0.00062853 0.00029426 0.00045783 0.00679163 0.43519090 0.02129768 0.31706908 0.00852681 0.01764203 0.01113383 0.17580373 0.00516369
21.10105505 2.43037594 0.00073642 0.00031531 0.00074805 0.00696851 0.43824372 0.01858228 0.31592479 0.00536275 0.01948686 0.00919994 0.17602933 0.00840205
21.20106005 2.42844913 0.00029971 0.00029396 0.00037950 0.00187885 0.43891641 0.02051293 0.31664667 0.00456704 0.01926962 0.01338353 0.17487333 0.00897843
21.30106505 2.42696443 0.00015852 0.00030519 0.00015521 0.00013798 0.44117765 0.02100209 0.31481456 0.00488236 0.01903013 0.01397681 0.17667247 0.00768702
21.40107005 2.42624923 0.00016533 0.00030965 0.00008791 0.00012162 0.43884004 0.02301142 0.31586940 0.00508421 0.01892376 0.01579067 0.17605715 0.00573883
21.50107505 2.42556319 0.00022953 0.00029479 0.00007970 0.00219238 0.43828969 0.01946907 0.31736655 0.00634182 0.01545661 0.01652162 0.17859236 0.00516589
21.60108005 2.42283535 0.00026749 0.00029118 0.00018467 0.00551682 0.43328891 0.02092801 0.32315820 0.00378430 0.01689822 0.01415558 0.17636350 0.00516313
21.70108505 2.41866064 0.00057683 0.00030650 0.00037329 0.00280365 0.43381515 0.02066611 0.32158059 0.00614322 0.01721101 0.01460817 0.17508674 0.00682875
21.80109005 2.41650094 0.00046754 0.00030367 0.00028299 0.00341269 0.43785173 0.02017089 0.31549381 0.00910958 0.01334966 0.01601845 0.17700114 0.00653786
21.90109505 2.41501389 0.00047653 0.00028756 0.00034134 0.00547123 0.43718272 0.02330783 0.31579004 0.00676196 0.01364966 0.01469501 0.17709002 0.00494609
22.00110006 2.41245267 0.00048176 0.00029208 0.00014112 0.00210298 0.43826823 0.02556068 0.31223131 0.01230934 0.01370783 0.01418835 0.17550054 0.00521577
22.10110506 2.41080429 0.00040695 0.00028386 0.00021848 0.00148356 0.44014932 0.02638408 0.31007788 0.00856063 0.01402053 0.01775887 0.17546841 0.00518743
22.20111006 2.41022995 0.00062724 0.00026373 0.00032401 0.00343803 0.43950074 0.02767699 0.30977351 0.01158960 0.01248090 0.01289120 0.17598111 0.00545294
22.30111506 2.40863471 0.00028868 0.00029064 0.00011336 0.00027520 0.43941986 0.02417548 0.31416887 0.00905009 0.01410955 0.01483479 0.17601108 0.00726241
22.40112006 2.40657751 0.00049298 0.00028388 0.00039529 0.00510138 0.43821376 0.02123086 0.31450436 0.00655063 0.01310324 0.01796375 0.17589477 0.00626512
22.50112506 2.40368950 0.00019527 0.00032074 0.00024749 0.00026908 0.44029198 0.02136184 0.31366508 0.00608357 0.01850420 0.01548964 0.17321800 0.01035311
22.60113006 2.40171268 0.00049861 0.00029385 0.00031675 0.00270828 0.44285438 0.02092926 0.31257601 0.00931545 0.01798156 0.01412455 0.17229421 0.00610710
22.70113506 2.39858391 0.00020423 0.00029698 0.00013953 0.00071891 0.44564149 0.02508419 0.31019033 0.00622823 0.01931640 0.01367951 0.17255480 0.00594539
22.80114006 2.39623250 0.00051741 0.00030369 0.00033316 0.00337976 0.44008698 0.02390621 0.30788710 0.00776543 0.01878465 0.01454231 0.17693758 0.00555571
22.90114506 2.39493890 0.00025961 0.00031523 0.00011288 0.00020126 0.44088142 0.02156664 0.30661942 0.00930128 0.02006909 0.01606978 0.17811485 0.00648854
23.00115006 2.39206657 0.00053031 0.00028151 0.00035543 0.00471673 0.43969302 0.02122186 0.30911080 0.00799288 0.01851232 0.01573668 0.17640235 0.00544612
23.10115506 2.38838925 0.00040206 0.00028617 0.00027243 0.00516331 0.43861305 0.02377419 0.30842728 0.00693147 0.01866325 0.01617943 0.17601025 0.00527712
23.20116006 2.38661305 0.00040531 0.00035989 0.00040000 0.00362042 0.44373260 0.02086457 0.30436928 0.00593893 0.02271205 0.01347316 0.17682618 0.00729762
23.30116506 2.37974905 0.00071835 0.00045255 0.00051918 0.00437739 0.43803731 0.02050275 0.30707901 0.00837944 0.02551228 0.01383386 0.17491885 0.00566902
23.40117006 2.37846863 0.00049046 0.00030266 0.00034011 0.00410915 0.44013984 0.02219189 0.30922769 0.00771948 0.02190008 0.01449457 0.17442973 0.00465434
23.50117506 2.37345983 0.00045197 0.00031349 0.00019510 0.00158946 0.43677076 0.02211540 0.30879093 0.00950791 0.02176178 0.01727284 0.17636303 0.00486732
23.60118006 2.36893245 0.00057343 0.00036421 0.00035584 0.00322602 0.43130790 0.02301593 0.30661957 0.01104797 0.02337623 0.01306745 0.18033210 0.00671335
23.70118506 2.36650807 0.00057149 0.00033588 0.00034796 0.00304927 0.43224707 0.02439326 0.30292034 0.01191987 0.01921228 0.01461849 0.18328443 0.00709967
23.80119006 2.36559117 0.00038516 0.00035024 0.00014297 0.00037004 0.43425880 0.02558861 0.29994154 0.01209140 0.01818208 0.01860525 0.18326734 0.00681657
23.90119506 2.36479391 0.00038118 0.00031054 0.00020878 0.00197012 0.43213481 0.02520009 0.30294464 0.01103151 0.01820099 0.02089407 0.18040902 0.00631425
24.00120006 2.36171214 0.00030856 0.00040057 0.00021216 0.00134715 0.43189992 0.02476294 0.30470800 0.00831508 0.02416717 0.01824751 0.17882434 0.00680661
24.10120506 2.35619167 0.00073805 0.00035208 0.00045406 0.00691540 0.43016572 0.02640156 0.30322870 0.01095821 0.02204102 0.01547116 0.17821248 0.00506154
24.20121006 2.35427121 0.00062345 0.00030671 0.00043168 0.00279105 0.42717861 0.03161802 0.30849782 0.00884293 0.02116330 0.01452473 0.17685356 0.00716815
24.30121506 2.35073358 0.00029354 0.00032245 0.00011009 0.00201478 0.43130550 0.03101837 0.30985061 0.00826734 0.02092887 0.01466966 0.17559258 0.00562622
24.40122006 2.34460067 0.00039580 0.00034692 0.00018953 0.00334676 0.43165604 0.03184180 0.30543060 0.00995590 0.02153321 0.01283035 0.17703324 0.00543985
24.50122506 2.34098437 0.00051164 0.00032784 0.00036406 0.00545780 0.43076647 0.02790792 0.31142183 0.00717794 0.01959378 0.01355033 0.17589007 0.00703031
24.60123006 2.34024677 0.00044624 0.00033127 0.00047310 0.00316352 0.43397347 0.02576952 0.30759118 0.00507828 0.01969474 0.01459545 0.18040935 0.00847388
24.70123506 2.33736159 0.00021252 0.00033958 0.00015439 0.00064487 0.43435796 0.02321900 0.30926431 0.00734074 0.02192548 0.01398494 0.18211267 0.00644354
24.80124006 2.33057969 0.00034832 0.00039428 0.00023931 0.00171618 0.43773759 0.02070125 0.31010846 0.00588323 0.02411987 0.01272149 0.17963980 0.00639021
24.90124506 2.32965529 0.00052426 0.00031399 0.00041487 0.00451125 0.43924301 0.02210005 0.30980006 0.00539205 0.02169767 0.01048625 0.18094527 0.00457128
25.00125006 2.32816576 0.00014359 0.00032795 0.00007782 0.00008721 0.44103827 0.02179845 0.31070191 0.00447154 0.02126217 0.00926124 0.18466970 0.00616016
25.10125506 2.32546389 0.00049693 0.00032825 0.00034190 0.00304308 0.43528740 0.01706337 0.31769328 0.00670124 0.01927632 0.01243724 0.18341474 0.00391624
25.20126006 2.31940739 0.00037431 0.00033312 0.00028661 0.00377586 0.43271892 0.01726458 0.31884097 0.00558226 0.02164282 0.01115538 0.18246416 0.00556101
25.30126506 2.31612690 0.00034693 0.00033122 0.00037990 0.00307227 0.43278251 0.01863140 0.31686287 0.00343102 0.02047556 0.01304789 0.18354784 0.00709059
25.40127006 2.31262119 0.00013731 0.00033854 0.00007557 0.00008634 0.43388230 0.01968942 0.31920237 0.00374679 0.02022092 0.01223586 0.18435587 0.00602871
25.50127506 2.31171157 0.00020437 0.00033342 0.00017014 0.00146064 0.43581217 0.01645641 0.31997610 0.00414883 0.02011277 0.01122627 0.18376553 0.00633333
25.60128006 2.30758782 0.00038748 0.00027611 0.00031376 0.00364041 0.43441479 0.01879169 0.32197717 0.00434668 0.01784486 0.01271583 0.17948706 0.00580414
25.70128506 2.30724728 0.00021238 0.00029647 0.00007140 0.00017555 0.43963269 0.02027958 0.31961935 0.00578227 0.01765289 0.01068400 0.18079861 0.00479482
