0.00000000 7.00000000 0.00000000 0.00000000 0.00000000 0.00000000 0.00000000 0.00000000 0.00000000 1.00000000 0.00000000 0.00000000 0.00000000 0.00000000
0.10000500 7.00366135 0.02855259 0.00150058 0.00851085 0.09865488 0.10045957 0.14336013 0.01843377 0.42545166 0.05201525 0.08453479 0.01159082 0.02693509
0.20001000 7.00162885 0.01001829 0.00133404 0.00651299 0.05568756 0.13912807 0.22183559 0.05577276 0.22627462 0.05494494 0.14683584 0.03482019 0.04683510
0.30001500 6.99731768 0.00533231 0.00101098 0.00436455 0.03627842 0.16112829 0.23175378 0.06360859 0.15395292 0.06048393 0.19348991 0.03776820 0.05082812
0.40002000 6.99441667 0.00462857 0.00088663 0.00290149 0.02295364 0.15930576 0.21355045 0.06916750 0.15528250 0.06702986 0.20726721 0.04361025 0.05341614
0.50002500 6.99156685 0.00548897 0.00113797 0.00284702 0.02300662 0.17180526 0.17915627 0.07471965 0.15006342 0.08704576 0.20764910 0.04929136 0.04778859
0.60003000 6.98756430 0.00513444 0.00106056 0.00264425 0.01474715 0.19177818 0.16508239 0.08757511 0.12769925 0.09291658 0.21016997 0.05666957 0.04452255
0.70003500 6.97793896 0.00432996 0.00096452 0.00215632 0.01501974 0.19568917 0.14238282 0.10420297 0.11795711 0.08906423 0.21406912 0.06407911 0.05008493
0.80004000 6.97355261 0.00343567 0.00102465 0.00184861 0.01242045 0.19209878 0.13453665 0.11853824 0.09845699 0.09894861 0.21699340 0.07138972 0.05030822
0.90004500 6.96885903 0.00333988 0.00103305 0.00212805 0.01236253 0.21073023 0.12888889 0.12095453 0.08578616 0.09666086 0.20826949 0.07862132 0.05122499
1.00005000 6.96956215 0.00288278 0.00107660 0.00139920 0.01021056 0.21924668 0.13212756 0.12346174 0.08137414 0.10638778 0.19766538 0.08182721 0.04234037
1.10005500 6.96178711 0.00310338 0.00100565 0.00163826 0.00980579 0.22739727 0.13662440 0.12943446 0.08349715 0.09959548 0.17733915 0.08656713 0.04399186
1.20006000 6.95712487 0.00351089 0.00096369 0.00182162 0.01137899 0.23337737 0.14377463 0.13512930 0.08703357 0.09923406 0.15987325 0.08329557 0.04060706
1.30006500 6.95322800 0.00299970 0.00112008 0.00140877 0.00943192 0.23981402 0.14983667 0.14505998 0.08318449 0.10462176 0.13588735 0.08938416 0.03725109
1.40007000 6.94967178 0.00296229 0.00116051 0.00101483 0.00760136 0.25522410 0.15726417 0.14723034 0.08229930 0.10789881 0.11617644 0.08648625 0.03468161
1.50007500 6.94090347 0.00373195 0.00104883 0.00165327 0.01154657 0.26553524 0.15332272 0.15111053 0.08837558 0.09924956 0.09936191 0.08905584 0.03600800
1.60008000 6.93540271 0.00368559 0.00111828 0.00171806 0.01985734 0.27921519 0.14225199 0.15979544 0.08207569 0.09608535 0.09088638 0.08778573 0.03552495
1.70008500 6.92258637 0.00360151 0.00122688 0.00191849 0.01434109 0.28001906 0.13928803 0.17182574 0.08319316 0.09246638 0.08524001 0.08846195 0.03841771
1.80009000 6.92023035 0.00290816 0.00112832 0.00111045 0.00534084 0.29004398 0.13549475 0.17678960 0.08351272 0.09660744 0.08004504 0.08943065 0.03758803
1.90009500 6.91338866 0.00240226 0.00102499 0.00110083 0.01015870 0.30490092 0.13239961 0.18228208 0.06663119 0.09121015 0.08310089 0.09258186 0.03220652
2.00010001 6.90562341 0.00207132 0.00108479 0.00099269 0.00515352 0.30497715 0.13326502 0.18311341 0.05541889 0.09603290 0.08794102 0.09679175 0.03315754
2.10010501 6.90356612 0.00219752 0.00101238 0.00096476 0.00781662 0.30786554 0.12945553 0.18230489 0.05305300 0.09668602 0.08771281 0.09813116 0.03279976
2.20011001 6.89043752 0.00168010 0.00096854 0.00091428 0.00921940 0.31349675 0.12000501 0.18579694 0.04754234 0.09019839 0.08995106 0.09953939 0.04068782
2.30011501 6.88082020 0.00255803 0.00099333 0.00155964 0.01343841 0.30530602 0.11844320 0.18916347 0.04733702 0.08861375 0.09007662 0.10392343 0.03858709
2.40012001 6.87256866 0.00166670 0.00099698 0.00093950 0.00520545 0.30548446 0.12176354 0.19507160 0.04444731 0.08751425 0.09106450 0.10493271 0.04091301
2.50012501 6.86970932 0.00169762 0.00101676 0.00093872 0.00489221 0.31783876 0.11652697 0.19945366 0.04151253 0.08372942 0.09064294 0.10796140 0.03378901
2.60013001 6.86343324 0.00150077 0.00093011 0.00075650 0.00766333 0.31610069 0.12600326 0.19896534 0.03789560 0.08468878 0.08698624 0.10731508 0.03119430
2.70013501 6.85849333 0.00150112 0.00095461 0.00065653 0.00374480 0.31971336 0.12419422 0.20317509 0.03851588 0.08633617 0.08256166 0.10982077 0.02882579
2.80014001 6.85249597 0.00187093 0.00093098 0.00082868 0.00577396 0.31993163 0.12237941 0.20408214 0.04304413 0.08096537 0.07694528 0.11408989 0.02915760
2.90014501 6.84221937 0.00281340 0.00095579 0.00157231 0.01565465 0.32489291 0.11529878 0.20461954 0.04572958 0.07951500 0.06682701 0.11201676 0.03010427
3.00015001 6.82555544 0.00287620 0.00096738 0.00176548 0.01490575 0.32386493 0.11411447 0.20767520 0.04479541 0.07760570 0.06670341 0.11188679 0.03283928
3.10015501 6.81269833 0.00275344 0.00098936 0.00180307 0.01292914 0.33333441 0.11907919 0.20956400 0.03892524 0.07774165 0.06124130 0.11037058 0.03126863
3.20016001 6.80445095 0.00213596 0.00101279 0.00139965 0.00730976 0.34079595 0.11926234 0.20612973 0.04006924 0.07930030 0.05822202 0.11476122 0.02960102
3.30016501 6.79438154 0.00213575 0.00106200 0.00115548 0.00652383 0.34136022 0.11538994 0.21075238 0.04388432 0.07550248 0.05998806 0.11332291 0.02892262
3.40017001 6.78646190 0.00259770 0.00094964 0.00171164 0.01700380 0.34276920 0.11662919 0.21168942 0.03758434 0.07268900 0.05926453 0.11190275 0.02520880
3.50017501 6.77495473 0.00214936 0.00094713 0.00131119 0.01160993 0.34725075 0.11203569 0.22244683 0.03671633 0.06475196 0.05992628 0.11260332 0.02825122
3.60018001 6.76653000 0.00275584 0.00091434 0.00153990 0.01383279 0.34886801 0.10514144 0.22474005 0.04182730 0.06528778 0.05791967 0.11218982 0.02498306
3.70018501 6.75361633 0.00269623 0.00099857 0.00154064 0.01463840 0.35386242 0.09372575 0.22163443 0.04220378 0.06051373 0.05973818 0.12099085 0.02745701
3.80019001 6.75015558 0.00222964 0.00086093 0.00168604 0.01225751 0.36202416 0.09704980 0.22071013 0.03397374 0.05898655 0.05733527 0.12141824 0.03146801
3.90019501 6.74640882 0.00167619 0.00090811 0.00113356 0.00793201 0.36852062 0.10000032 0.21916833 0.03220214 0.05695508 0.05807007 0.12644785 0.02698570
4.00020001 6.73641933 0.00144506 0.00103819 0.00075819 0.00829210 0.36804267 0.09252875 0.22724571 0.03178698 0.05990904 0.05595874 0.12976440 0.02323018
4.10020501 6.72781514 0.00196113 0.00092596 0.00139506 0.00963248 0.36992553 0.09104526 0.23069838 0.02930771 0.05745076 0.05408626 0.12899938 0.02457210
4.20021001 6.71607935 0.00173949 0.00091880 0.00137322 0.00836339 0.37218912 0.08386294 0.23275716 0.02589018 0.05654147 0.05487059 0.13359345 0.02790019
4.30021501 6.71101979 0.00113681 0.00095629 0.00053902 0.00412454 0.37698764 0.08203590 0.23113378 0.02669864 0.05919523 0.05504405 0.13772707 0.02442105
4.40022001 6.69889901 0.00128164 0.00102545 0.00062586 0.00577274 0.37892222 0.08309103 0.23122435 0.02711310 0.06160490 0.04879878 0.13722308 0.02331685
4.50022501 6.68891107 0.00105169 0.00097468 0.00063666 0.00258807 0.38161662 0.08071730 0.23296632 0.02628852 0.06066542 0.04864178 0.13777697 0.02607598
4.60023001 6.68250237 0.00121604 0.00089130 0.00042071 0.00311921 0.38049278 0.07700806 0.24339334 0.03128400 0.05786086 0.04463393 0.13736173 0.02231805
4.70023501 6.67288762 0.00159755 0.00087884 0.00076270 0.00801190 0.38693374 0.07784253 0.23583585 0.02861657 0.05733826 0.04634741 0.13701331 0.01882134
4.80024001 6.66145458 0.00156600 0.00094924 0.00108428 0.00523764 0.38890739 0.07257652 0.23909715 0.02809545 0.05546695 0.04310504 0.13957927 0.02433506
4.90024501 6.65638615 0.00124413 0.00100642 0.00075164 0.00505123 0.38469241 0.07317652 0.24601136 0.02613059 0.05551390 0.04178581 0.14477592 0.01986007
5.00025001 6.65005343 0.00162593 0.00105431 0.00113714 0.00622990 0.38041161 0.07590464 0.24103818 0.02558939 0.05826192 0.04311272 0.14523398 0.02040028
5.10025501 6.63499777 0.00183634 0.00094957 0.00143328 0.01137019 0.37692224 0.07321826 0.23789769 0.02461308 0.05385265 0.04895749 0.14637785 0.02257137
5.20026001 6.62127102 0.00192811 0.00100260 0.00132258 0.01140898 0.37699672 0.06850601 0.23973465 0.02624314 0.05589753 0.04760462 0.14836849 0.02098656
5.30026501 6.60936087 0.00188691 0.00109327 0.00121413 0.01375023 0.37587699 0.06861224 0.24417855 0.02677766 0.05795756 0.04290934 0.14689364 0.01884948
5.40027001 6.59635770 0.00201023 0.00107361 0.00162115 0.01147183 0.37419428 0.07343028 0.24417848 0.02421524 0.05572932 0.04079116 0.15082430 0.02046012
5.50027501 6.59406286 0.00134258 0.00096718 0.00070023 0.00673585 0.37471623 0.07277111 0.24966976 0.02610987 0.05285594 0.04319887 0.15179088 0.01914149
5.60028001 6.58516014 0.00167750 0.00092824 0.00137041 0.01105909 0.38253412 0.06677011 0.24664140 0.02312895 0.05350878 0.04304867 0.14838746 0.02094527
5.70028501 6.57577468 0.00146519 0.00098054 0.00117207 0.01056607 0.38172995 0.06753677 0.24954421 0.02384691 0.05536526 0.04111531 0.14838004 0.01829768
5.80029001 6.55939664 0.00170554 0.00095113 0.00100778 0.00780354 0.38045988 0.06731217 0.25005526 0.02754279 0.05449077 0.04139468 0.15204296 0.01523350
5.90029501 6.55208167 0.00177083 0.00098459 0.00113804 0.00984292 0.38157838 0.05945320 0.25452855 0.02668071 0.05138588 0.03880742 0.15752259 0.01630688
6.00030002 6.54305813 0.00136853 0.00092517 0.00091549 0.00792789 0.38370120 0.06405910 0.25738126 0.02100349 0.05142655 0.04048965 0.15456583 0.01623585
6.10030502 6.53971673 0.00146762 0.00092676 0.00102772 0.01043555 0.38805410 0.06423637 0.25574264 0.02093263 0.05181773 0.03909380 0.15145877 0.01480631
6.20031002 6.53284475 0.00117565 0.00096326 0.00079970 0.00753899 0.38856367 0.06025091 0.25972113 0.02101852 0.05054025 0.03937013 0.15421170 0.01584610
6.30031502 6.51626692 0.00169595 0.00102694 0.00124916 0.01025081 0.38291666 0.05459191 0.26355042 0.02267156 0.05456544 0.03587368 0.15594054 0.01566693
6.40032002 6.50891122 0.00112713 0.00099090 0.00081650 0.00430115 0.37997001 0.05789595 0.26687233 0.02095490 0.05402608 0.03785633 0.15814067 0.01704804
6.50032502 6.50240408 0.00164605 0.00096607 0.00131883 0.00954979 0.37938777 0.05286148 0.26221338 0.02211427 0.05214893 0.04060250 0.16128384 0.01590708
6.60033002 6.49044119 0.00107641 0.00108547 0.00033738 0.00284860 0.38695333 0.05529591 0.26551475 0.02473566 0.05195147 0.03528164 0.15849498 0.01642441
6.70033502 6.47831439 0.00121846 0.00094865 0.00074672 0.00757746 0.39170745 0.05402970 0.26048098 0.02318048 0.04792656 0.03777534 0.15693635 0.01747185
6.80034002 6.47501562 0.00124999 0.00094267 0.00065016 0.00459979 0.38669887 0.06039545 0.26604204 0.02487462 0.04532683 0.03317049 0.16098959 0.01505950
6.90034502 6.46534704 0.00160658 0.00099249 0.00100738 0.00893109 0.38125065 0.05808037 0.26750097 0.02384167 0.05110040 0.03077605 0.16115549 0.01375686
7.00035002 6.45205982 0.00133574 0.00098381 0.00101116 0.00650354 0.38368219 0.05478738 0.27040679 0.02389757 0.05106130 0.03064979 0.15986591 0.01581481
7.10035502 6.44334884 0.00139046 0.00101136 0.00089882 0.00688100 0.38143568 0.05798424 0.26934201 0.02203329 0.05204059 0.03282036 0.16017036 0.01399184
7.20036002 6.43369641 0.00173581 0.00092202 0.00118294 0.01282457 0.37320111 0.06146294 0.27410658 0.01960879 0.04591380 0.03393867 0.16185649 0.01324627
7.30036502 6.42589262 0.00147399 0.00092222 0.00109916 0.00971541 0.37271431 0.05908387 0.27158656 0.02131016 0.04607392 0.03915848 0.16070298 0.01615894
7.40037002 6.41564327 0.00111484 0.00094960 0.00085517 0.00516450 0.37449514 0.06463468 0.27137115 0.02122161 0.04651856 0.03600387 0.15866554 0.01900533
7.50037502 6.40992349 0.00129468 0.00095808 0.00073719 0.00336435 0.37606633 0.06008842 0.27475598 0.02525665 0.04234248 0.03395976 0.16387713 0.01729895
7.60038002 6.39846585 0.00119635 0.00089230 0.00079089 0.00639043 0.37417989 0.06399212 0.27881932 0.02289404 0.04395734 0.03249065 0.15815115 0.01624553
7.70038502 6.39027097 0.00130627 0.00095344 0.00100235 0.00768769 0.37468366 0.06869771 0.27754836 0.01940410 0.04267466 0.03167716 0.15813988 0.01622471
7.80039002 6.38275287 0.00107791 0.00104259 0.00053776 0.00418063 0.37249379 0.06303867 0.28251824 0.02184367 0.04280553 0.03195971 0.16313985 0.01536164
7.90039502 6.37306119 0.00098826 0.00102655 0.00055125 0.00387718 0.37228165 0.06049115 0.28405894 0.01882985 0.04588606 0.03371041 0.16074680 0.01755191
8.00040002 6.36144956 0.00131285 0.00097203 0.00093277 0.00751821 0.37451180 0.05063900 0.28317359 0.02397098 0.04507762 0.03515730 0.16026496 0.01646890
8.10040502 6.35167618 0.00121854 0.00094468 0.00100476 0.00667037 0.38023345 0.04500984 0.28601221 0.02083171 0.04452035 0.03345995 0.15828930 0.02180483
8.20041002 6.33722703 0.00165936 0.00087486 0.00149914 0.01099778 0.37974511 0.04787301 0.28525432 0.01756275 0.04415753 0.03643800 0.15596817 0.01796996
8.30041502 6.32980671 0.00117909 0.00088316 0.00079673 0.00342116 0.37814059 0.05447081 0.28857569 0.01961849 0.04252195 0.04009632 0.15387862 0.01641740
8.40042002 6.32111358 0.00128813 0.00088457 0.00126490 0.00787197 0.37573448 0.05550502 0.28959327 0.01787948 0.04240924 0.03695175 0.15337844 0.01723875
8.50042502 6.31773084 0.00100090 0.00087345 0.00072880 0.00991021 0.37877578 0.05414789 0.29038599 0.01541723 0.04059885 0.03831113 0.15536592 0.01448384
8.60043002 6.30712899 0.00106341 0.00100760 0.00084214 0.00453734 0.37819442 0.05531038 0.29090993 0.01779773 0.04467832 0.03022938 0.15920973 0.01621962
8.70043502 6.29605991 0.00147870 0.00087653 0.00090395 0.00865394 0.37689336 0.05468856 0.29178213 0.01768572 0.04331869 0.03170259 0.15912929 0.01288654
8.80044002 6.28885477 0.00130406 0.00093705 0.00064841 0.00780295 0.37604793 0.05184934 0.28841575 0.01976468 0.04491173 0.03157951 0.16368754 0.01305105
8.90044502 6.28330758 0.00098383 0.00090172 0.00037085 0.00302560 0.37512799 0.04917117 0.28885506 0.02311857 0.04796865 0.02991938 0.16514658 0.01541061
9.00045002 6.26681908 0.00133906 0.00091682 0.00082680 0.00719838 0.37250799 0.05524322 0.28917157 0.02149436 0.04868711 0.03165653 0.15871650 0.01224165
9.10045502 6.26112530 0.00156595 0.00087058 0.00102214 0.00817872 0.37300272 0.05359972 0.29042388 0.02433924 0.04315281 0.03299889 0.15855001 0.01229535
9.20046002 6.25425625 0.00090607 0.00095944 0.00048017 0.00305888 0.38305691 0.04398574 0.29506241 0.02054969 0.04792122 0.03287914 0.15900003 0.01214031
9.30046502 6.24426261 0.00064486 0.00092531 0.00043477 0.00233629 0.38174366 0.04683952 0.30488719 0.01523256 0.04244683 0.03067146 0.15999701 0.01384054
9.40047002 6.23972702 0.00070607 0.00086503 0.00029586 0.00070659 0.38709444 0.04710209 0.29911946 0.01701259 0.03882475 0.03110770 0.16209632 0.01506910
9.50047502 6.23525725 0.00098371 0.00087673 0.00076293 0.00464700 0.38399821 0.04943016 0.30079427 0.01341407 0.03962161 0.02468971 0.16470918 0.01607241
9.60048002 6.21979377 0.00078222 0.00101639 0.00068304 0.00616852 0.38133185 0.04463874 0.30271712 0.01318727 0.04702072 0.02404939 0.16391393 0.01449081
9.70048502 6.20652665 0.00125503 0.00090631 0.00123215 0.00712591 0.38373167 0.04389332 0.30210077 0.01518295 0.04047952 0.02512775 0.16278173 0.01618290
9.80049002 6.20022739 0.00083121 0.00090288 0.00062454 0.00193694 0.38970412 0.04469284 0.30641757 0.01706196 0.03891401 0.02517999 0.16006142 0.01367253
9.90049502 6.19098495 0.00087643 0.00087085 0.00052348 0.00568757 0.39285286 0.04425365 0.30534617 0.01670207 0.03877122 0.02834646 0.15615890 0.00961034
10.00050003 6.18269802 0.00067046 0.00091350 0.00034238 0.00264046 0.39177818 0.05146552 0.30666647 0.01491833 0.03847648 0.02220722 0.16016537 0.00975563
10.10050503 6.17683544 0.00078035 0.00091589 0.00039758 0.00496594 0.39489246 0.04262275 0.30796089 0.01325753 0.03882899 0.02420667 0.16140178 0.00976918
10.20051003 6.16872183 0.00062593 0.00091772 0.00018101 0.00338606 0.39744954 0.04046578 0.30693138 0.01171463 0.04233365 0.02312479 0.16236770 0.01050180
10.30051503 6.16383421 0.00080602 0.00081873 0.00051937 0.00469004 0.39459588 0.04027118 0.30398554 0.01318998 0.04324278 0.02353080 0.16335708 0.01099261
10.40052003 6.15486848 0.00068552 0.00087294 0.00042340 0.00381067 0.38965881 0.04101494 0.31175764 0.01331722 0.04056740 0.02243437 0.16514321 0.01031388
10.50052503 6.14507873 0.00058092 0.00085624 0.00040729 0.00481423 0.39279555 0.04099303 0.30766301 0.01159119 0.03528669 0.02673944 0.16539851 0.01287390
10.60053003 6.13721304 0.00112890 0.00080042 0.00081403 0.00511243 0.39955503 0.03598464 0.30512174 0.01614090 0.03363468 0.03097400 0.15888813 0.01184509
10.70053503 6.12514691 0.00113946 0.00084676 0.00078175 0.00871690 0.39283824 0.03553433 0.30785636 0.01570222 0.03734928 0.03078673 0.15910936 0.00933861
10.80054003 6.11641220 0.00086950 0.00087082 0.00052848 0.00293597 0.39694953 0.03680264 0.30653154 0.01472726 0.03655940 0.03075109 0.16108872 0.01138506
10.90054503 6.11142088 0.00093013 0.00085891 0.00069463 0.00504400 0.39991174 0.04028256 0.31003283 0.01190901 0.03532911 0.02470620 0.15986742 0.01043347
11.00055003 6.10696185 0.00099966 0.00088335 0.00080002 0.00576227 0.40108450 0.04389612 0.30853383 0.01181585 0.03364318 0.02071690 0.16185514 0.01000918
11.10055503 6.09666563 0.00065536 0.00088089 0.00046513 0.00264128 0.39483142 0.04256804 0.31257880 0.01416188 0.03689502 0.02013951 0.16081388 0.01336879
11.20056003 6.09080779 0.00087772 0.00090910 0.00063809 0.00425290 0.40003327 0.03395523 0.31683375 0.01106916 0.03969540 0.02154108 0.16252848 0.00766582
11.30056503 6.08395934 0.00084729 0.00083928 0.00068546 0.00759555 0.39855167 0.03104419 0.31733168 0.01063140 0.04051054 0.01778096 0.16276684 0.01141515
11.40057003 6.07483666 0.00109505 0.00086231 0.00067857 0.00660332 0.39205523 0.03386384 0.31581700 0.01451878 0.03723977 0.02576436 0.16202568 0.00947609
11.50057503 6.06360272 0.00120910 0.00086657 0.00105482 0.00815633 0.39502322 0.03485303 0.31241670 0.01090502 0.03800096 0.02696052 0.15969255 0.01086118
11.60058003 6.05666774 0.00133780 0.00094418 0.00127448 0.00739794 0.39035390 0.03246320 0.31134236 0.01404132 0.03923087 0.02294249 0.16212869 0.01654276
11.70058503 6.04729534 0.00122168 0.00083055 0.00111478 0.01086791 0.38881390 0.02980480 0.31672606 0.01490516 0.03669584 0.02496718 0.16093365 0.01311849
11.80059003 6.03863578 0.00093090 0.00089201 0.00079276 0.00920578 0.38580196 0.03502903 0.31546811 0.01342616 0.03812143 0.02909376 0.16171649 0.00952159
11.90059503 6.02608749 0.00072626 0.00088228 0.00081073 0.00454817 0.39171137 0.03206925 0.30810685 0.01179699 0.04130371 0.03363417 0.16199579 0.01241443
12.00060003 6.01776294 0.00056414 0.00095292 0.00038438 0.00149084 0.39316730 0.03410156 0.30925422 0.01456455 0.04104679 0.02992299 0.16357877 0.01097155
12.10060503 6.01039863 0.00092957 0.00090372 0.00076309 0.00754870 0.39368365 0.03044676 0.31324596 0.01330178 0.04025316 0.02626925 0.16191350 0.01074085
12.20061003 6.00163922 0.00085803 0.00101941 0.00042089 0.00187475 0.39796582 0.03170258 0.31041293 0.01712279 0.04117558 0.02253714 0.16542626 0.00948382
12.30061503 5.99390494 0.00095097 0.00099078 0.00056874 0.00574707 0.39739481 0.03182700 0.31049395 0.01710215 0.04409207 0.02048205 0.16302838 0.00732201
12.40062003 5.98634104 0.00071786 0.00089284 0.00033539 0.00191782 0.39945678 0.03169985 0.31716687 0.01780465 0.04124952 0.01784992 0.16123398 0.00967451
12.50062503 5.97234539 0.00092373 0.00088896 0.00053425 0.00865416 0.39745357 0.02730256 0.32778897 0.01602322 0.03697826 0.01566879 0.16289024 0.00489329
12.60063003 5.96998440 0.00092173 0.00086135 0.00078484 0.00842513 0.39350587 0.02380463 0.32969467 0.01283073 0.03728762 0.01623837 0.16665050 0.00899457
12.70063503 5.96049420 0.00103328 0.00094258 0.00086023 0.00544766 0.39057493 0.02472562 0.33241443 0.01192000 0.04202641 0.01713211 0.16604165 0.00688110
12.80064003 5.94940088 0.00077836 0.00098853 0.00058094 0.00575853 0.38894572 0.02663884 0.32895906 0.01080926 0.04828537 0.01932133 0.16282132 0.00611275
12.90064503 5.94353525 0.00088500 0.00090309 0.00059962 0.00935329 0.39138477 0.02367680 0.32390357 0.01248157 0.04849622 0.01769462 0.16331235 0.00730910
13.00065003 5.93483531 0.00088658 0.00081701 0.00061302 0.00801548 0.39309624 0.02524438 0.32392935 0.01445812 0.04332557 0.01791856 0.16283182 0.00886386
13.10065503 5.92765132 0.00122100 0.00089688 0.00084226 0.00972008 0.38806366 0.02608837 0.32554349 0.01312978 0.04367361 0.01849580 0.16582235 0.00650272
13.20066003 5.91790234 0.00075055 0.00095072 0.00063576 0.00324722 0.38235260 0.03033765 0.32379948 0.00968776 0.04902462 0.02349299 0.16787257 0.00784807
13.30066503 5.90709577 0.00052992 0.00088426 0.00013560 0.00034038 0.37820105 0.03447402 0.32257712 0.01433013 0.04718056 0.02731118 0.16715701 0.00687876
13.40067003 5.90515529 0.00067523 0.00084167 0.00043271 0.00339619 0.37727418 0.03233382 0.32204208 0.01210037 0.04712596 0.02717447 0.16671610 0.00988721
13.50067503 5.90286703 0.00061808 0.00082297 0.00026565 0.00196702 0.38102539 0.03075074 0.32328757 0.01453853 0.04688238 0.02592656 0.16398169 0.00993342
13.60068003 5.88918750 0.00081939 0.00094100 0.00060614 0.00577365 0.38557649 0.03078133 0.32047257 0.01282771 0.04804331 0.02332721 0.16296663 0.00786458
13.70068503 5.88165554 0.00062444 0.00094381 0.00035253 0.00170154 0.38370385 0.02882711 0.32227003 0.01408902 0.04453683 0.02372488 0.17054547 0.00868047
13.80069003 5.86773243 0.00122111 0.00086337 0.00085977 0.00670994 0.38301442 0.02654018 0.32093541 0.01856934 0.04029009 0.02475331 0.16489671 0.01134635
13.90069503 5.86111706 0.00104685 0.00089948 0.00084045 0.00667274 0.38155127 0.03429777 0.32140968 0.01472263 0.04189197 0.02323127 0.16424760 0.00918829
14.00070004 5.85432177 0.00065795 0.00086643 0.00040080 0.00157486 0.38369362 0.03777962 0.32606577 0.01361363 0.04030183 0.02282245 0.16307235 0.00915070
14.10070504 5.84038045 0.00085715 0.00091628 0.00052278 0.00647675 0.37989289 0.03604670 0.32522670 0.01141290 0.04470993 0.02310486 0.16325419 0.00757885
14.20071004 5.83233109 0.00127506 0.00089443 0.00074319 0.00753132 0.37589237 0.03177742 0.32410322 0.01724921 0.04187880 0.02475703 0.16323118 0.01066678
14.30071504 5.82604595 0.00088851 0.00090865 0.00072133 0.00623299 0.37874819 0.03179011 0.32500820 0.01412097 0.04216301 0.02103555 0.16517195 0.01321054
14.40072004 5.81557514 0.00096939 0.00089392 0.00094007 0.00477953 0.38061394 0.03247927 0.32104790 0.01332766 0.04147338 0.02164769 0.16597087 0.01585639
14.50072504 5.80821601 0.00113023 0.00085479 0.00109340 0.00666856 0.37957973 0.03490306 0.31937834 0.01369807 0.03967754 0.02197400 0.16650960 0.01453269
14.60073004 5.79780942 0.00080145 0.00088648 0.00072992 0.00303781 0.37596416 0.03439211 0.31982805 0.01526260 0.04208156 0.02506497 0.16723975 0.01471114
14.70073504 5.79333503 0.00084369 0.00080192 0.00067985 0.00657903 0.37984310 0.03157484 0.32573505 0.01527516 0.03822671 0.02566780 0.16339322 0.01137965
14.80074004 5.78822997 0.00090950 0.00084645 0.00073355 0.00626459 0.38094746 0.03215817 0.32190748 0.01508478 0.03920175 0.02637168 0.16509686 0.01047773
14.90074504 5.78637616 0.00074368 0.00083228 0.00069633 0.00341883 0.38043772 0.03047873 0.32237909 0.01293841 0.03715894 0.02926932 0.16919198 0.01245470
15.00075004 5.78258060 0.00091310 0.00084261 0.00072021 0.00527981 0.38070514 0.03192531 0.32440975 0.01322519 0.03544894 0.02682173 0.17059356 0.00911464
15.10075504 5.77673565 0.00066367 0.00084644 0.00034216 0.00505653 0.37859239 0.03137953 0.32951331 0.01557403 0.03421689 0.02642663 0.16883097 0.00855746
15.20076004 5.76422504 0.00105459 0.00082460 0.00079218 0.00437800 0.38098173 0.03539289 0.33004546 0.01334201 0.03394541 0.02494968 0.16420280 0.01009066
15.30076504 5.75693705 0.00078594 0.00080346 0.00047414 0.00438917 0.37746373 0.03548245 0.33268879 0.01435556 0.03347736 0.02726673 0.16156666 0.01124601
15.40077004 5.74488007 0.00103714 0.00082627 0.00054447 0.00611195 0.37074644 0.03324896 0.33828892 0.01740484 0.03356980 0.02685936 0.16056858 0.01079327
15.50077504 5.73974333 0.00152957 0.00077175 0.00108913 0.00727485 0.37043117 0.03135403 0.33869106 0.01695708 0.03669261 0.02572914 0.16141341 0.00806620
15.60078004 5.72947681 0.00086264 0.00089465 0.00055862 0.00981152 0.36959366 0.03200453 0.33492436 0.01353520 0.03961668 0.02385627 0.16697066 0.00737123
15.70078504 5.72367475 0.00069099 0.00085323 0.00043376 0.00295505 0.37409290 0.03295558 0.33405355 0.01378280 0.04141009 0.02250313 0.16759024 0.00867869
15.80079004 5.71396915 0.00066803 0.00084498 0.00021477 0.00242335 0.37337327 0.03581950 0.32778233 0.01489012 0.04592386 0.02511821 0.16607555 0.00686601
15.90079504 5.69912006 0.00070129 0.00089963 0.00033740 0.00320044 0.37422672 0.03417353 0.32936752 0.01482626 0.04227032 0.02307816 0.16923582 0.00768292
16.00080004 5.69696012 0.00061526 0.00087413 0.00019110 0.00347333 0.37305617 0.03467864 0.32913877 0.01513692 0.03964103 0.02298732 0.17128989 0.00891743
16.10080504 5.68968612 0.00065332 0.00080415 0.00046055 0.00281247 0.37817130 0.03138153 0.32832629 0.01414647 0.03939523 0.02613057 0.16530303 0.01241510
16.20081004 5.67737220 0.00068896 0.00085228 0.00048254 0.00637157 0.37269898 0.03396791 0.33520556 0.01244214 0.03805289 0.02456881 0.16519030 0.00947808
16.30081504 5.67421779 0.00078849 0.00089273 0.00056436 0.00695342 0.37405702 0.03103341 0.33361076 0.01179365 0.03732457 0.02520975 0.16811491 0.00965691
16.40082004 5.66575638 0.00073456 0.00097533 0.00059243 0.00301465 0.37660803 0.02818758 0.32887604 0.01437969 0.04250468 0.02459082 0.16703591 0.01250026
16.50082504 5.65416407 0.00098025 0.00097996 0.00082329 0.00555624 0.37128282 0.03300812 0.32032533 0.01352819 0.04114324 0.02630000 0.17426864 0.01180391
16.60083004 5.64823884 0.00116721 0.00096518 0.00063174 0.00623976 0.37169165 0.03152958 0.32152728 0.01862803 0.04155300 0.02313110 0.17226288 0.01067258
16.70083504 5.64236452 0.00062798 0.00093748 0.00027529 0.00117258 0.37206770 0.03504014 0.32222195 0.01636727 0.04462317 0.02771314 0.17014970 0.00880359
16.80084004 5.63335882 0.00055263 0.00101496 0.00024197 0.00256757 0.37544077 0.03112964 0.32084537 0.01537974 0.04880212 0.02690497 0.16789678 0.00922349
16.90084504 5.63161007 0.00101144 0.00084381 0.00072861 0.00756083 0.37553897 0.02777400 0.32234300 0.01783225 0.04983333 0.02282982 0.16544088 0.00826305
17.00085004 5.62857229 0.00093221 0.00085461 0.00061926 0.00423023 0.37605951 0.02967423 0.32113517 0.01446008 0.04947767 0.02706449 0.16647304 0.00901951
17.10085504 5.61985741 0.00080620 0.00090739 0.00058074 0.00323464 0.37695791 0.02896729 0.31878540 0.01736360 0.05104953 0.02290042 0.16829977 0.01014711
17.20086004 5.61412929 0.00067836 0.00092676 0.00036171 0.00173653 0.37425116 0.03186267 0.32309976 0.01488061 0.05315221 0.02444395 0.16657011 0.00803617
17.30086504 5.60514747 0.00055398 0.00087996 0.00023132 0.00155215 0.37124597 0.03043388 0.32392937 0.01387531 0.05722247 0.02566215 0.16672223 0.00769120
17.40087004 5.59764676 0.00079631 0.00090279 0.00035047 0.00667267 0.36408929 0.02860379 0.33265753 0.01688172 0.05294029 0.02102876 0.16741010 0.00766629
17.50087504 5.58893073 0.00097575 0.00095430 0.00081971 0.01014115 0.36467958 0.02277552 0.33310908 0.01202149 0.05402144 0.02229750 0.17123560 0.00696888
17.60088004 5.57867902 0.00068650 0.00082827 0.00049592 0.00342477 0.36542280 0.02511203 0.33629037 0.01232339 0.05057236 0.02967582 0.16688619 0.00828157
17.70088504 5.57039958 0.00050670 0.00087842 0.00035567 0.00230594 0.36704783 0.02434950 0.33198824 0.01344713 0.05326586 0.02851728 0.16681965 0.01051777
17.80089004 5.56609252 0.00052526 0.00097628 0.00029152 0.00173527 0.36886637 0.02359005 0.32880490 0.01258125 0.05582477 0.02970183 0.16752768 0.00957483
17.90089504 5.56064804 0.00053086 0.00099755 0.00045677 0.00270607 0.36734331 0.02280229 0.32726125 0.01200051 0.05197412 0.02978712 0.17442377 0.00971637
18.00090005 5.55177903 0.00088036 0.00091922 0.00064512 0.00483034 0.36723744 0.02616432 0.32729390 0.01408004 0.05255558 0.02619085 0.16999386 0.00920897
18.10090505 5.54692681 0.00080738 0.00096454 0.00026386 0.00184211 0.37000035 0.02602679 0.33000807 0.01872325 0.05614562 0.02022557 0.16888141 0.00611103
18.20091005 5.54138320 0.00108274 0.00083935 0.00073758 0.00872188 0.36631438 0.02704216 0.33057024 0.01560045 0.05373660 0.02204193 0.16653943 0.00677325
18.30091505 5.53232195 0.00089704 0.00079641 0.00051596 0.00445106 0.36787869 0.03346493 0.33161131 0.01515207 0.05077555 0.02333279 0.16293803 0.00818615
18.40092005 5.52571889 0.00045114 0.00078117 0.00022925 0.00210224 0.36792276 0.04052116 0.33716826 0.01426033 0.04879685 0.01930795 0.16133097 0.00712793
18.50092505 5.51853722 0.00064499 0.00084304 0.00037301 0.00393709 0.36602582 0.03899299 0.34043291 0.01370882 0.04466569 0.01958609 0.16203254 0.00875701
18.60093005 5.51248808 0.00098940 0.00083596 0.00063476 0.00468112 0.37003364 0.04062919 0.33319009 0.01570957 0.04337792 0.01993223 0.16056238 0.00942374
18.70093505 5.50686746 0.00132866 0.00084745 0.00081374 0.00749165 0.37055828 0.03727385 0.33149785 0.01641530 0.04423121 0.01958628 0.16086522 0.00909052
18.80094005 5.49759526 0.00108453 0.00103345 0.00066845 0.00680162 0.36598202 0.03302819 0.32844291 0.01688100 0.04612133 0.01910672 0.16842030 0.01242949
18.90094505 5.48079355 0.00133356 0.00095847 0.00098037 0.00836475 0.35995086 0.03331470 0.33337668 0.01624234 0.04667970 0.02414561 0.16503428 0.00961866
19.00095005 5.47315465 0.00101002 0.00093403 0.00101781 0.00923130 0.35683393 0.03269637 0.33482949 0.01178398 0.05027402 0.02428997 0.16512852 0.01197056
19.10095505 5.46722162 0.00073961 0.00077689 0.00053276 0.00483352 0.36481940 0.03853824 0.33379454 0.01320940 0.04540424 0.02302413 0.16520493 0.00912236
19.20096005 5.45914826 0.00073429 0.00077808 0.00048647 0.00643245 0.37005838 0.03930919 0.32764316 0.01340014 0.04432619 0.02620714 0.16319418 0.00743032
19.30096505 5.45292779 0.00051119 0.00082823 0.00051133 0.00266556 0.37022889 0.03670609 0.32821475 0.01073769 0.04690155 0.02685774 0.16182658 0.01401041
19.40097005 5.44268884 0.00111349 0.00087833 0.00088202 0.00626541 0.37408080 0.03401912 0.32353733 0.01149377 0.04738862 0.02490851 0.16211493 0.01331769
19.50097505 5.42683156 0.00077204 0.00092538 0.00069235 0.00318835 0.36927891 0.03398953 0.32736079 0.01326297 0.04509157 0.02726767 0.16334335 0.01482710
19.60098005 5.41778746 0.00118721 0.00088376 0.00096878 0.00628122 0.36280647 0.03743268 0.32735267 0.01216809 0.04630725 0.02700892 0.16664986 0.01095310
19.70098505 5.40928967 0.00194246 0.00079033 0.00155624 0.01226281 0.36093858 0.03786456 0.32958506 0.01400364 0.04595863 0.02313068 0.16272740 0.00923961
19.80099005 5.40468428 0.00116093 0.00083453 0.00088279 0.00693022 0.36267972 0.03874121 0.33044509 0.01489788 0.04622144 0.02620113 0.15981923 0.01118584
19.90099505 5.40166673 0.00105632 0.00080105 0.00098770 0.00778340 0.36529498 0.03623626 0.33422960 0.01386055 0.04162311 0.02488813 0.15805127 0.01518765
20.00100005 5.39404344 0.00079899 0.00085333 0.00057819 0.00421071 0.36709549 0.03460826 0.33773477 0.01230927 0.04112648 0.03021928 0.15918993 0.01127530
20.10100505 5.38629548 0.00054875 0.00086130 0.00027938 0.00160234 0.36829070 0.03610677 0.33188529 0.01401810 0.04216821 0.03223348 0.16079450 0.01121119
20.20101005 5.38057886 0.00134488 0.00082622 0.00112567 0.00727123 0.36250715 0.03356764 0.33088559 0.01367739 0.04274470 0.03368908 0.16103634 0.01132410
20.30101505 5.36563647 0.00119058 0.00084649 0.00082972 0.00822152 0.36315270 0.03644551 0.32936343 0.01569096 0.04170119 0.02875943 0.16293620 0.01086227
20.40102005 5.35771073 0.00103288 0.00077669 0.00097231 0.00644167 0.36475944 0.03927986 0.32843263 0.01376265 0.04069828 0.02571028 0.16333296 0.01480035
20.50102505 5.34914308 0.00042808 0.00093145 0.00024965 0.00033113 0.36836220 0.04511847 0.32993399 0.01184342 0.04560201 0.02133663 0.16517035 0.01069261
20.60103005 5.33749859 0.00115810 0.00091550 0.00072625 0.00674363 0.35813732 0.04007584 0.32858374 0.01802523 0.05002639 0.02140079 0.16433705 0.00987016
20.70103505 5.33320292 0.00119781 0.00084480 0.00099542 0.00701986 0.35918805 0.03941226 0.33048991 0.01418662 0.04758928 0.02470297 0.16388796 0.01048507
20.80104005 5.32460147 0.00110626 0.00084237 0.00080275 0.01081145 0.35924854 0.04189960 0.32801556 0.01373201 0.04631706 0.02306992 0.16357646 0.01057801
20.90104505 5.31681172 0.00111560 0.00081898 0.00085094 0.00651233 0.35737364 0.04218269 0.32889504 0.01464408 0.04664917 0.02582946 0.16226317 0.01286491
21.00105005 5.31242464 0.00078790 0.00086089 0.00073085 0.00387323 0.35666730 0.03792651 0.32723823 0.01818930 0.04895393 0.02532400 0.16227965 0.01716822
21.10105505 5.30630612 0.00095821 0.00088202 0.00086924 0.00489447 0.35373481 0.03824048 0.32887285 0.01752158 0.04676260 0.02682029 0.16374772 0.01669574
21.20106005 5.30116257 0.00072387 0.00085741 0.00049446 0.00401194 0.35162484 0.04179200 0.33351742 0.01800787 0.04943305 0.02618461 0.16056728 0.01278525
21.30106505 5.29490545 0.00084852 0.00087805 0.00074705 0.00327075 0.35736630 0.04588675 0.33403633 0.01430250 0.04826445 0.02496141 0.15745487 0.01198301
21.40107005 5.28616284 0.00108974 0.00079560 0.00104114 0.00884376 0.35836996 0.04257582 0.33420646 0.01368666 0.04668220 0.02500184 0.15594578 0.01176105
21.50107505 5.27803073 0.00124982 0.00079081 0.00077963 0.00591688 0.35929020 0.04237429 0.33740242 0.01471036 0.04462077 0.02786135 0.15589579 0.00910768
21.60108005 5.27532073 0.00085621 0.00081582 0.00064485 0.00336109 0.36690471 0.03582065 0.33565935 0.01449445 0.04032448 0.02839098 0.15829565 0.01443178
21.70108505 5.27090588 0.00072265 0.00080709 0.00037061 0.00341433 0.36542813 0.03422780 0.33258065 0.01315848 0.04475107 0.02938225 0.16243306 0.01272388
21.80109005 5.25756634 0.00061772 0.00088253 0.00039886 0.00347221 0.36007596 0.03750485 0.32849121 0.01508611 0.04444711 0.03206937 0.16410319 0.01285088
21.90109505 5.25252516 0.00053410 0.00076951 0.00036675 0.00325209 0.35640586 0.03980344 0.33724025 0.01300203 0.04391106 0.03172660 0.16167333 0.01131498
22.00110006 5.24638983 0.00092003 0.00075922 0.00055530 0.00316281 0.35915348 0.04225491 0.33466429 0.01453343 0.04367337 0.02576676 0.16574965 0.00880677
22.10110506 5.23897777 0.00071718 0.00083276 0.00041008 0.00373115 0.36258233 0.03795523 0.33538952 0.01368068 0.04398997 0.02664201 0.16320542 0.01086366
22.20111006 5.23168911 0.00105652 0.00080746 0.00087079 0.00617468 0.35947899 0.03653854 0.33277492 0.01358516 0.04507320 0.03106503 0.15986542 0.01270928
22.30111506 5.22954922 0.00072630 0.00073573 0.00048924 0.00236301 0.35681849 0.04035611 0.33264091 0.01761295 0.04320958 0.03123797 0.16059529 0.01321442
22.40112006 5.21980737 0.00088910 0.00083858 0.00067467 0.00688050 0.35954667 0.03954493 0.33272019 0.01594114 0.04252164 0.02589389 0.16237293 0.01217577
22.50112506 5.21946326 0.00095247 0.00074947 0.00078714 0.00472007 0.36261361 0.03825454 0.33589331 0.01578998 0.04075785 0.02307487 0.16198576 0.01442094
22.60113006 5.21432325 0.00104528 0.00077370 0.00088569 0.00553552 0.36380355 0.03707676 0.34190898 0.01277759 0.03947956 0.02297668 0.16203421 0.01170248
22.70113506 5.21138503 0.00097247 0.00077851 0.00045036 0.00348873 0.36026380 0.04041109 0.34527799 0.01645980 0.03973383 0.01933621 0.16394587 0.00888134
22.80114006 5.20355328 0.00059614 0.00084090 0.00020308 0.00238012 0.35881960 0.04304545 0.34317330 0.01633677 0.03865839 0.01843469 0.16450782 0.01300375
22.90114506 5.19281860 0.00133126 0.00084351 0.00111376 0.00706099 0.36424589 0.03779829 0.33774875 0.01441037 0.03880443 0.02010778 0.16235742 0.01417755
23.00115006 5.18958579 0.00082768 0.00082359 0.00067806 0.00330126 0.36514872 0.04080078 0.33721490 0.01473451 0.03529860 0.01993847 0.16751420 0.01371924
23.10115506 5.18222407 0.00085519 0.00082793 0.00054617 0.00341073 0.36415956 0.04578751 0.33789769 0.01336101 0.03436583 0.02244139 0.16674898 0.00959801
23.20116006 5.17743962 0.00081921 0.00071268 0.00060575 0.00334299 0.35830431 0.04450471 0.33959907 0.01246363 0.03229344 0.03008260 0.16509050 0.01218110
23.30116506 5.16686753 0.00089957 0.00075110 0.00069857 0.00495043 0.36339005 0.03871758 0.33634067 0.01414696 0.03208075 0.02858192 0.16543743 0.01400497
23.40117006 5.16066111 0.00068526 0.00074835 0.00042949 0.00257991 0.36093488 0.03785219 0.33973917 0.01622409 0.03222625 0.03193046 0.16435136 0.01229860
23.50117506 5.15301029 0.00098262 0.00074315 0.00059262 0.00462577 0.36034646 0.03430627 0.33771127 0.01673994 0.03221482 0.03521042 0.16498430 0.01154238
23.60118006 5.14667508 0.00090838 0.00078543 0.00064505 0.00813467 0.36764458 0.03444618 0.33929020 0.01226911 0.02938000 0.03160336 0.16489980 0.00999325
23.70118506 5.13651804 0.00087109 0.00085464 0.00063878 0.00619341 0.36412185 0.03400897 0.33589693 0.01402685 0.03212420 0.03066914 0.16900238 0.01159176
23.80119006 5.12603531 0.00104246 0.00085658 0.00086013 0.00790656 0.36273868 0.03727030 0.33437952 0.01464577 0.03173823 0.02783575 0.16828698 0.01243903
23.90119506 5.11780570 0.00130447 0.00080239 0.00118747 0.00855142 0.36723064 0.03713692 0.33403051 0.01617183 0.02821939 0.02491320 0.16771707 0.01273468
24.00120006 5.11108296 0.00152239 0.00071999 0.00108499 0.00988073 0.36377429 0.03802170 0.33051045 0.02118233 0.02889140 0.02713547 0.16610387 0.01117239
24.10120506 5.10548748 0.00150849 0.00072738 0.00121794 0.00914719 0.36946566 0.04093526 0.32989928 0.01677289 0.03068783 0.02616793 0.16321985 0.01025031
24.20121006 5.09856668 0.00120626 0.00074238 0.00097551 0.00991583 0.36502036 0.03990048 0.33070783 0.01648776 0.03127959 0.02899692 0.16424983 0.01051723
24.30121506 5.09187387 0.00121909 0.00076366 0.00070478 0.00842177 0.36691190 0.03780217 0.33218656 0.01825721 0.03257057 0.02720509 0.16556732 0.00838988
24.40122006 5.08205089 0.00083531 0.00086047 0.00043447 0.00405514 0.36423296 0.03877748 0.33129841 0.01808872 0.03619708 0.02465385 0.16941107 0.01115502
24.50122506 5.07450083 0.00103285 0.00078329 0.00078677 0.00812573 0.36172024 0.04168681 0.33186412 0.01536249 0.03483759 0.02462620 0.16679476 0.01237915
24.60123006 5.06861217 0.00090006 0.00069842 0.00066551 0.00312582 0.36733700 0.04191310 0.33480913 0.01571174 0.03048448 0.02864608 0.16267097 0.01303769
24.70123506 5.05916791 0.00070757 0.00070750 0.00059413 0.00433561 0.36526845 0.04255960 0.33724413 0.01396357 0.03215795 0.02785372 0.16062197 0.01398579
24.80124006 5.05443944 0.00083339 0.00070306 0.00070023 0.00562170 0.36308606 0.04074599 0.33677465 0.01378741 0.03533365 0.02774896 0.16210258 0.01256233
24.90124506 5.05018402 0.00061489 0.00072813 0.00037025 0.00204352 0.36831020 0.04225192 0.33255741 0.01589992 0.03308171 0.02670484 0.16532256 0.01211467
25.00125006 5.04211861 0.00065731 0.00076605 0.00037506 0.00262323 0.36684238 0.04194266 0.33534840 0.01472923 0.03455793 0.02803945 0.16448525 0.00963306
25.10125506 5.02760902 0.00082901 0.00092627 0.00059066 0.00408873 0.36378569 0.03631874 0.33142903 0.01592805 0.03573364 0.02791032 0.17012538 0.01233448
25.20126006 5.01670965 0.00090407 0.00090943 0.00069763 0.00453869 0.35843062 0.04329954 0.32953710 0.01350377 0.04223254 0.02658783 0.16689031 0.01246848
25.30126506 5.00744248 0.00091393 0.00078467 0.00074721 0.00968077 0.35277735 0.04432667 0.32586339 0.01409665 0.04255112 0.03031615 0.16402346 0.01391863
25.40127006 4.99775130 0.00157105 0.00077706 0.00095257 0.00787147 0.35460664 0.04096656 0.32546300 0.02049062 0.04213405 0.03004469 0.16501925 0.01010303
25.50127506 4.99191599 0.00068497 0.00079635 0.00040586 0.00368935 0.36098802 0.04513537 0.32467785 0.01523262 0.04428534 0.02701375 0.16525243 0.01183809
25.60128006 4.97981800 0.00118181 0.00076227 0.00093810 0.01016234 0.35843499 0.04673032 0.32429715 0.01520869 0.03759305 0.03044464 0.16091254 0.01333410
25.70128506 4.97257805 0.00111848 0.00078387 0.00078399 0.00882766 0.35736318 0.04898317 0.32861818 0.01586720 0.03887005 0.02992846 0.15636471 0.01249105
