0.00000000 4.00000000 0.00000000 0.00000000 0.00000000 0.00000000 0.00000000 0.00000000 0.00000000 1.00000000 0.00000000 0.00000000 0.00000000 0.00000000
0.10000500 4.00253301 0.02553566 0.00160272 0.00888582 0.10441013 0.10059320 0.13203381 0.02429397 0.40589331 0.07553057 0.08222042 0.00797952 0.03102085
0.20001000 4.00129639 0.00749407 0.00134192 0.00455721 0.04178363 0.12118116 0.21984216 0.05590333 0.23015364 0.09138177 0.14974595 0.03219182 0.04442333
0.30001500 3.99983204 0.00436690 0.00093179 0.00300616 0.02954363 0.12936077 0.23505228 0.07783252 0.16218646 0.08850832 0.18507029 0.04536660 0.03877427
0.40002000 3.99918197 0.00438280 0.00090294 0.00209537 0.02303915 0.13476156 0.21409994 0.08808017 0.15282933 0.09782308 0.19715826 0.04643224 0.03839516
0.50002500 3.99617559 0.00534945 0.00100787 0.00298222 0.02202160 0.13499958 0.18316810 0.09640643 0.14915105 0.10495026 0.19879374 0.05663587 0.04453384
0.60003000 3.99593777 0.00489125 0.00100689 0.00235625 0.01794632 0.15247278 0.16042821 0.10660861 0.13474058 0.10444218 0.21133489 0.05746954 0.04630250
0.70003500 3.99471649 0.00421813 0.00105436 0.00232341 0.02061898 0.15661793 0.15149423 0.10798332 0.11454332 0.10695259 0.21588451 0.06339181 0.05491743
0.80004000 3.99208998 0.00384855 0.00096001 0.00259652 0.02032217 0.17059277 0.15068500 0.11563978 0.09192158 0.10669013 0.20569868 0.07411730 0.05692750
0.90004500 3.98937414 0.00372218 0.00097032 0.00258485 0.02769705 0.17625166 0.14605414 0.12554300 0.08506693 0.10092095 0.20089183 0.07831407 0.05198302
1.00005000 3.98677776 0.00375576 0.00086176 0.00238512 0.01797568 0.18354414 0.15650766 0.12913953 0.08412478 0.09205596 0.19552781 0.08639862 0.04772318
1.10005500 3.98260706 0.00265767 0.00102414 0.00166241 0.01370754 0.19820484 0.15781648 0.13417570 0.08298055 0.09786881 0.16712032 0.09072652 0.05205503
1.20006000 3.98070009 0.00273145 0.00106945 0.00107987 0.01587900 0.21554501 0.16161774 0.14548910 0.07844105 0.09842495 0.14919852 0.08947149 0.04105238
1.30006500 3.97648759 0.00359202 0.00091137 0.00159982 0.01698432 0.22707202 0.16776272 0.14806620 0.08091160 0.09058938 0.13194275 0.09136102 0.03920677
1.40007000 3.97190304 0.00253184 0.00096586 0.00085493 0.00686402 0.22971987 0.18473697 0.15604005 0.07667337 0.09013564 0.11497715 0.09313858 0.04336172
1.50007500 3.97077667 0.00279451 0.00104294 0.00112635 0.00994599 0.24376619 0.18516174 0.15930649 0.07683284 0.09168493 0.09511251 0.09219945 0.04102607
1.60008000 3.96617941 0.00297223 0.00097501 0.00122942 0.00838351 0.25697277 0.17379740 0.16824200 0.07772871 0.08817510 0.08843983 0.09363512 0.03944890
1.70008500 3.96152250 0.00307042 0.00080765 0.00145187 0.01213792 0.25904901 0.16904646 0.17080565 0.07003923 0.08438887 0.09730164 0.09294882 0.03895246
1.80009000 3.95764031 0.00299778 0.00098767 0.00162429 0.01480835 0.27462800 0.15586863 0.17442292 0.05963594 0.09325793 0.08334580 0.09870348 0.03971921
1.90009500 3.95258761 0.00311360 0.00098905 0.00200548 0.01776522 0.27728156 0.13653828 0.18689307 0.05666193 0.09362825 0.08353127 0.10120807 0.04038423
2.00010001 3.95018897 0.00215120 0.00087068 0.00133939 0.00697231 0.28579334 0.14128079 0.19508717 0.04563278 0.09536946 0.08492492 0.10087936 0.03969861
2.10010501 3.94897220 0.00195741 0.00091366 0.00121217 0.01257409 0.29167605 0.13140253 0.19919683 0.04080477 0.09420419 0.08210649 0.11000927 0.03394253
2.20011001 3.94812599 0.00209459 0.00096890 0.00120255 0.00890199 0.29506456 0.11633432 0.21030976 0.04035869 0.09816827 0.07822838 0.11548851 0.03287948
2.30011501 3.94606042 0.00214405 0.00082107 0.00108789 0.00763765 0.30098858 0.11325248 0.21010982 0.04416002 0.09337006 0.07764199 0.11671048 0.03207593
2.40012001 3.94026639 0.00203743 0.00079183 0.00102053 0.00487720 0.30149743 0.10577395 0.21306267 0.04846008 0.09055376 0.07960264 0.11609431 0.03622816
2.50012501 3.93536253 0.00166275 0.00074905 0.00099796 0.00630383 0.30386935 0.11655471 0.21771842 0.03962163 0.08019243 0.08104879 0.11747075 0.03381033
2.60013001 3.93129563 0.00179835 0.00082030 0.00089625 0.00594916 0.30762153 0.11373335 0.21725890 0.04501509 0.08095224 0.07517227 0.11934703 0.03143554
2.70013501 3.92929125 0.00198464 0.00070960 0.00096581 0.00553718 0.31446945 0.10454664 0.22339314 0.04501081 0.07905117 0.07469907 0.12037665 0.02925585
2.80014001 3.92316129 0.00194779 0.00069939 0.00116966 0.01394142 0.31693074 0.10407498 0.22731597 0.04144246 0.07485834 0.06606893 0.12419555 0.02735476
2.90014501 3.91855397 0.00208438 0.00069013 0.00105437 0.00816503 0.32058955 0.10307116 0.23688169 0.04418704 0.07326586 0.06380678 0.12257277 0.02363124
3.00015001 3.91554619 0.00178139 0.00074036 0.00089612 0.00888529 0.32507826 0.10215146 0.23631762 0.04004126 0.07740620 0.05871455 0.12445756 0.02352992
3.10015501 3.91073670 0.00188603 0.00087117 0.00093638 0.00708234 0.32366930 0.10398350 0.24040558 0.03868007 0.07976083 0.05023388 0.12929311 0.02319779
3.20016001 3.90588700 0.00184348 0.00083979 0.00092243 0.00899555 0.33709947 0.09724786 0.23603422 0.03567780 0.07577401 0.04764606 0.13225250 0.02566682
3.30016501 3.89779913 0.00166103 0.00086484 0.00102752 0.01352558 0.34101940 0.09427334 0.24015269 0.02690098 0.07628952 0.05071172 0.13167355 0.02189983
3.40017001 3.89115493 0.00127387 0.00082096 0.00075380 0.00398157 0.34428016 0.09312922 0.24526512 0.02730359 0.07632216 0.04905554 0.13131160 0.02650241
3.50017501 3.88747187 0.00117719 0.00082890 0.00061698 0.00518220 0.34784797 0.08216645 0.25154736 0.02687950 0.07493771 0.05066147 0.13483806 0.02331622
3.60018001 3.88394503 0.00112662 0.00079999 0.00052035 0.00339998 0.34485123 0.08329226 0.25760867 0.02518662 0.07086305 0.05115879 0.13987706 0.02131537
3.70018501 3.88023496 0.00123079 0.00078452 0.00056016 0.00668735 0.34619927 0.08017815 0.25869570 0.02405303 0.07168307 0.05177648 0.13863745 0.01951404
3.80019001 3.87690709 0.00131108 0.00081147 0.00052867 0.00559801 0.34536264 0.07582648 0.26095336 0.02789293 0.07187594 0.04899534 0.14099659 0.01984750
3.90019501 3.86817202 0.00156315 0.00083943 0.00090960 0.00942383 0.34520032 0.07101963 0.26437997 0.02632285 0.06946736 0.04533214 0.14611292 0.01942880
4.00020001 3.86485516 0.00113103 0.00077293 0.00059967 0.00623742 0.34910245 0.06899116 0.26257579 0.02655600 0.06889919 0.04371831 0.15264965 0.01876640
4.10020501 3.86266822 0.00118336 0.00083102 0.00062384 0.00621848 0.35167350 0.06593435 0.26876416 0.02318969 0.07026112 0.04227295 0.15247019 0.01657733
4.20021001 3.86038693 0.00090204 0.00077151 0.00050225 0.00246708 0.35665261 0.06525695 0.26939677 0.02111510 0.07158854 0.04182325 0.15159056 0.01793334
4.30021501 3.85939790 0.00089062 0.00071424 0.00052008 0.00331191 0.35607862 0.06548909 0.27050706 0.02036972 0.07113200 0.04118170 0.15156808 0.01823688
4.40022001 3.85213819 0.00105919 0.00075225 0.00059147 0.00570363 0.35825104 0.06324707 0.27549889 0.02071305 0.06767062 0.03691101 0.15382721 0.01577457
4.50022501 3.84540453 0.00085781 0.00083412 0.00059652 0.00358166 0.35524218 0.05725562 0.27930685 0.02117111 0.06816101 0.03451978 0.15845583 0.02001749
4.60023001 3.83922353 0.00097229 0.00077026 0.00058740 0.00317682 0.35743457 0.06098502 0.28081338 0.01917346 0.06896259 0.03355871 0.15801920 0.01554630
4.70023501 3.83488698 0.00085397 0.00079406 0.00052151 0.00498245 0.36137386 0.05556571 0.28131351 0.01649712 0.07147693 0.03268699 0.15904164 0.01489225
4.80024001 3.82976319 0.00124092 0.00076582 0.00087949 0.00725050 0.35821275 0.05534522 0.28347103 0.01801540 0.06692198 0.03231339 0.15862841 0.01695510
4.90024501 3.82655297 0.00137149 0.00068747 0.00094329 0.00848531 0.36254484 0.05741438 0.28487423 0.01975826 0.06226284 0.03211141 0.15563062 0.01391586
5.00025001 3.82173524 0.00128658 0.00066626 0.00073436 0.00783068 0.36585340 0.05548330 0.28446802 0.02263226 0.05892063 0.02757864 0.15609169 0.01845418
5.10025501 3.81444844 0.00076109 0.00083852 0.00045915 0.00162015 0.35720124 0.05542516 0.29886383 0.01686086 0.06247995 0.02548144 0.16061646 0.01939216
5.20026001 3.80888043 0.00066065 0.00073802 0.00052801 0.00741085 0.35823420 0.05406364 0.29663877 0.01351838 0.06324450 0.02478797 0.16314450 0.01703050
5.30026501 3.79735655 0.00120377 0.00081341 0.00115000 0.00948028 0.35554032 0.05105374 0.29012570 0.01256646 0.06167995 0.03386513 0.16584062 0.01668062
5.40027001 3.79407704 0.00096747 0.00077868 0.00075354 0.00800590 0.35821896 0.04659899 0.29571009 0.01607659 0.06682160 0.02950751 0.16247067 0.01409001
5.50027501 3.79121344 0.00084298 0.00079954 0.00043048 0.00476831 0.35937743 0.05129879 0.29710508 0.01618785 0.06575318 0.02606825 0.16696477 0.01040333
5.60028001 3.78628504 0.00081358 0.00068108 0.00059334 0.00594476 0.36393322 0.04684375 0.29702850 0.01320205 0.06353444 0.02920013 0.16482276 0.01340239
5.70028501 3.78282815 0.00044641 0.00074192 0.00028748 0.00037907 0.36690515 0.04785193 0.29934573 0.01223675 0.06290999 0.02675981 0.16609722 0.01603855
5.80029001 3.78269260 0.00078172 0.00065068 0.00038680 0.00419518 0.36740016 0.04127840 0.30457913 0.01719516 0.05728554 0.02825542 0.16608450 0.01190732
5.90029501 3.78019547 0.00058618 0.00067005 0.00031393 0.00145693 0.36641081 0.04583888 0.30417651 0.01552117 0.05636899 0.02724229 0.16837364 0.01304061
6.00030002 3.77495931 0.00117479 0.00073178 0.00099868 0.00866571 0.36487487 0.04895836 0.29875625 0.01465825 0.05150859 0.02787493 0.17012850 0.01166928
6.10030502 3.76952082 0.00069221 0.00076558 0.00048467 0.00345804 0.36574053 0.04732505 0.30463298 0.01441352 0.04810489 0.02475067 0.17475602 0.01487583
6.20031002 3.76823894 0.00067039 0.00068785 0.00050647 0.00386853 0.36517763 0.04972621 0.31473442 0.01293017 0.04117669 0.02434997 0.17222342 0.01394826
6.30031502 3.76617396 0.00087050 0.00067751 0.00062406 0.00482691 0.36510464 0.04798491 0.31808803 0.01184024 0.04523223 0.02264872 0.17089760 0.01120466
6.40032002 3.76688378 0.00096456 0.00066472 0.00063833 0.00454120 0.37166090 0.04262385 0.31750637 0.01133748 0.04465736 0.02422734 0.17151065 0.00966724
6.50032502 3.76338282 0.00078124 0.00066855 0.00043203 0.00315178 0.37110696 0.04150246 0.32175430 0.01301468 0.04230417 0.02206030 0.17416602 0.00905752
6.60033002 3.76192154 0.00059761 0.00064244 0.00032775 0.00313242 0.37340835 0.03977847 0.32182935 0.01050334 0.04400310 0.02224881 0.17411676 0.00941161
6.70033502 3.75632770 0.00088976 0.00064697 0.00069597 0.00578549 0.37678471 0.03184256 0.32111958 0.01065729 0.04319932 0.02411906 0.17624941 0.00800987
6.80034002 3.75496658 0.00058924 0.00064426 0.00042465 0.00352231 0.37743729 0.03162306 0.32188042 0.01076066 0.04503040 0.02385729 0.17500763 0.00922279
6.90034502 3.74865627 0.00064089 0.00061885 0.00042334 0.00380374 0.37518084 0.03316762 0.32347223 0.01021603 0.04100371 0.02373309 0.17772437 0.01001529
7.00035002 3.74417569 0.00094255 0.00062823 0.00069900 0.00676885 0.37758536 0.03003832 0.32062882 0.01140155 0.04322009 0.02320761 0.17393751 0.01094212
7.10035502 3.73870921 0.00061658 0.00068667 0.00054676 0.00507750 0.38208855 0.02853711 0.32309396 0.01041797 0.04003198 0.02124978 0.17609884 0.01155430
7.20036002 3.73373881 0.00074095 0.00060324 0.00050136 0.00320207 0.38074282 0.02869463 0.32521276 0.01485254 0.03832611 0.02016184 0.17511507 0.01184661
7.30036502 3.72891507 0.00055669 0.00061784 0.00033164 0.00163771 0.38080342 0.02943396 0.32314736 0.01342642 0.04021901 0.02408133 0.17721237 0.00853224
7.40037002 3.72787041 0.00040748 0.00058542 0.00029247 0.00349453 0.37729378 0.03410638 0.32318079 0.01157547 0.03814036 0.02217917 0.17879966 0.00994450
7.50037502 3.72339533 0.00058958 0.00057828 0.00041927 0.00368289 0.37680581 0.03233069 0.32126892 0.01272380 0.03833918 0.02574837 0.17700781 0.01050540
7.60038002 3.71863364 0.00053080 0.00057498 0.00048353 0.00166199 0.37636245 0.03229795 0.32313433 0.01233085 0.03794811 0.02618078 0.17598013 0.01251410
7.70038502 3.71414429 0.00074300 0.00058813 0.00054322 0.00364916 0.37804139 0.03501122 0.31798887 0.01327608 0.03819110 0.02325402 0.17719051 0.01152330
7.80039002 3.70838656 0.00075193 0.00063316 0.00042040 0.00298389 0.38119692 0.03605905 0.31517226 0.01269411 0.04015237 0.02458536 0.17684528 0.00850526
7.90039502 3.70522684 0.00089942 0.00055452 0.00068959 0.00738657 0.38262307 0.03798581 0.31156931 0.01179720 0.03764930 0.02473444 0.17560380 0.00850695
8.00040002 3.70286090 0.00060688 0.00055784 0.00040999 0.00318051 0.38212473 0.04098654 0.31381978 0.01156688 0.03678571 0.02294231 0.17671194 0.01030688
8.10040502 3.69505587 0.00066156 0.00057760 0.00033262 0.00280272 0.38331619 0.04158124 0.31337503 0.01419490 0.03838939 0.02162354 0.17434179 0.00880341
8.20041002 3.69063345 0.00063873 0.00061649 0.00025995 0.00172855 0.38591430 0.04004662 0.31222698 0.01458245 0.04010716 0.01999117 0.17513506 0.00875253
8.30041502 3.68435425 0.00055282 0.00062064 0.00024580 0.00147409 0.38623535 0.04146408 0.31191961 0.01283113 0.04024927 0.01880892 0.17697513 0.00862316
8.40042002 3.68086954 0.00072986 0.00061884 0.00026617 0.00474538 0.38934799 0.03617825 0.31262145 0.01585899 0.04035212 0.01766047 0.17305961 0.00856089
8.50042502 3.67359592 0.00099255 0.00058519 0.00065978 0.00792973 0.38569054 0.03357032 0.31245874 0.01667610 0.04255572 0.01816910 0.17070981 0.01000241
8.60043002 3.67042784 0.00081705 0.00052446 0.00051934 0.00581707 0.38796426 0.03380122 0.31328085 0.01716012 0.03782314 0.02001977 0.17040729 0.01186543
8.70043502 3.67064585 0.00096356 0.00063790 0.00083230 0.00857211 0.39068290 0.02768230 0.31217584 0.01214842 0.04064160 0.01916964 0.17786177 0.00863169
8.80044002 3.66421995 0.00076727 0.00066512 0.00038755 0.00323257 0.38856820 0.02643180 0.31517206 0.01549666 0.04584165 0.02066482 0.17575298 0.00701934
8.90044502 3.65987106 0.00050901 0.00068329 0.00014232 0.00228776 0.38666952 0.02502966 0.31733473 0.01588172 0.05104348 0.01892545 0.17626898 0.00522408
9.00045002 3.65627127 0.00037364 0.00067195 0.00022106 0.00261425 0.38988675 0.02561162 0.31726332 0.00991498 0.05202196 0.01585464 0.18015601 0.00540980
9.10045502 3.65362487 0.00050654 0.00068286 0.00025236 0.00344028 0.39012734 0.02474177 0.31063996 0.01233126 0.05210338 0.01521173 0.18244645 0.00751606
9.20046002 3.64988873 0.00037641 0.00069005 0.00006160 0.00028643 0.38966690 0.02203949 0.31700645 0.01271104 0.05177584 0.01731657 0.18286076 0.00520845
9.30046502 3.64730913 0.00053587 0.00062604 0.00029190 0.00271451 0.39123435 0.02508353 0.32023896 0.01086281 0.04892134 0.01519317 0.17897931 0.00531820
9.40047002 3.64268337 0.00039796 0.00063105 0.00031296 0.00159657 0.39590045 0.02740980 0.31645349 0.00706644 0.04708312 0.01609559 0.17993189 0.00712069
9.50047502 3.63826334 0.00022392 0.00070445 0.00026023 0.00035368 0.39900392 0.02248941 0.31204411 0.00582255 0.05142433 0.01828645 0.18082319 0.00856376
9.60048002 3.63575252 0.00046420 0.00069615 0.00031785 0.00758401 0.39592435 0.02362531 0.31058336 0.00625182 0.05349379 0.01614865 0.17930236 0.00560816
9.70048502 3.63226903 0.00071010 0.00059054 0.00057200 0.00406972 0.39995128 0.02387569 0.31134579 0.00830403 0.05060207 0.01464553 0.17751032 0.00782294
9.80049002 3.62893610 0.00037445 0.00061279 0.00017076 0.00142538 0.39984631 0.02296213 0.31833255 0.00899182 0.05208619 0.01290981 0.17512217 0.00716564
9.90049502 3.62300276 0.00031970 0.00060509 0.00007747 0.00033550 0.40114658 0.02184595 0.32174365 0.00882106 0.05025240 0.01748826 0.17225228 0.00511207
10.00050003 3.62087907 0.00025033 0.00060947 0.00005667 0.00014583 0.39979106 0.02218506 0.32301739 0.00838605 0.04836797 0.01737599 0.17421411 0.00560006
10.10050503 3.61782122 0.00034197 0.00063092 0.00023953 0.00244534 0.40163857 0.01799901 0.31997487 0.00781332 0.05118765 0.01781021 0.17456800 0.00535062
10.20051003 3.61466008 0.00038388 0.00063584 0.00023682 0.00154310 0.40205894 0.02285480 0.31594288 0.00775577 0.05232283 0.01653840 0.17503952 0.00468722
10.30051503 3.60996499 0.00025559 0.00063472 0.00016778 0.00212660 0.40437307 0.02359857 0.31262926 0.00740526 0.04939583 0.01407807 0.17896712 0.00636814
10.40052003 3.60607176 0.00037554 0.00058643 0.00029452 0.00194295 0.40648201 0.02170951 0.31165495 0.00780190 0.04916697 0.01590603 0.17610965 0.00796955
10.50052503 3.59998981 0.00039982 0.00060838 0.00026196 0.00582845 0.41066430 0.02261371 0.31417820 0.00709629 0.04491393 0.01474618 0.17363520 0.00505358
10.60053003 3.59858364 0.00064103 0.00055876 0.00042969 0.00492579 0.41087789 0.02760722 0.31215265 0.00855646 0.04083108 0.01458500 0.17357962 0.00525481
10.70053503 3.59631309 0.00039524 0.00058643 0.00018691 0.00191141 0.41269211 0.02713959 0.31421914 0.00813269 0.04017176 0.01480298 0.17433056 0.00543117
10.80054003 3.59342379 0.00059651 0.00053795 0.00037992 0.00311238 0.40891635 0.02689069 0.31667545 0.00841160 0.03855513 0.01648692 0.17331512 0.00612197
10.90054503 3.58900589 0.00087089 0.00051125 0.00069248 0.00790394 0.40894371 0.02299628 0.31773221 0.00774021 0.03582325 0.01774926 0.17098957 0.00804693
11.00055003 3.58351193 0.00053944 0.00060874 0.00035478 0.00488710 0.40349444 0.02541736 0.31723623 0.00980136 0.03856445 0.01957229 0.17209614 0.00742766
11.10055503 3.57379393 0.00059462 0.00053642 0.00055668 0.00519812 0.39898586 0.02771204 0.31659529 0.00829664 0.03619408 0.02304699 0.17168833 0.01059490
11.20056003 3.57042263 0.00058766 0.00056006 0.00062294 0.00411443 0.39696824 0.02813115 0.31876026 0.00894139 0.03637483 0.02202364 0.17133662 0.01157880
11.30056503 3.56690810 0.00050476 0.00055279 0.00036720 0.00289457 0.39736021 0.02825386 0.31887516 0.00897321 0.03618472 0.02688226 0.17102711 0.00812414
11.40057003 3.56445045 0.00066173 0.00052350 0.00044637 0.00437921 0.39841232 0.02906122 0.31800587 0.01043620 0.03520887 0.02468536 0.16984944 0.00832991
11.50057503 3.56138574 0.00077890 0.00059726 0.00041014 0.00368278 0.40318381 0.02252172 0.31610010 0.01277224 0.03729756 0.02468661 0.17082127 0.00714761
11.60058003 3.56089116 0.00040849 0.00058629 0.00008563 0.00033527 0.40464258 0.02460614 0.31812045 0.01282057 0.03702772 0.02316756 0.17162297 0.00657635
11.70058503 3.55478623 0.00071556 0.00057570 0.00046575 0.00471568 0.40410855 0.02497622 0.31520971 0.01255428 0.03549811 0.02197848 0.17260794 0.00659403
11.80059003 3.55227216 0.00049840 0.00063505 0.00033481 0.00288419 0.40393997 0.02361168 0.31760831 0.01192169 0.03488280 0.01896331 0.17693387 0.00778592
11.90059503 3.54763984 0.00055153 0.00060485 0.00035699 0.00364233 0.40116344 0.02443032 0.32302453 0.01090750 0.03730515 0.01709658 0.17390202 0.00701475
12.00060003 3.54579096 0.00068295 0.00056123 0.00032587 0.00334195 0.40236931 0.02658899 0.32079014 0.01300045 0.03857129 0.01597483 0.17170803 0.00608495
12.10060503 3.53987944 0.00050259 0.00058566 0.00018567 0.00349758 0.40466553 0.02931267 0.32000286 0.01175296 0.03865218 0.01338883 0.17209376 0.00535970
12.20061003 3.52980637 0.00097479 0.00057511 0.00067425 0.00580946 0.40075465 0.02466264 0.32332608 0.01246126 0.04160167 0.01658005 0.16774250 0.00483755
12.30061503 3.52359975 0.00049439 0.00059695 0.00042810 0.00194964 0.39950457 0.02755317 0.31930316 0.00938082 0.04262028 0.01796227 0.17197504 0.00823163
12.40062003 3.51902173 0.00039983 0.00060596 0.00011065 0.00036246 0.39837826 0.02734488 0.31774906 0.01027858 0.04231093 0.02422753 0.17295579 0.00527606
12.50062503 3.51493300 0.00042738 0.00055504 0.00031457 0.00528229 0.39579019 0.02580228 0.31879597 0.01052036 0.04135485 0.02187798 0.17150394 0.00777515
12.60063003 3.51158606 0.00049383 0.00057584 0.00040618 0.00349520 0.39401435 0.02825997 0.31793762 0.01213769 0.03793944 0.02295783 0.17153274 0.01024931
12.70063503 3.50853519 0.00040540 0.00060928 0.00013440 0.00034825 0.39963876 0.02596362 0.31807506 0.01109289 0.03977095 0.02757278 0.16790595 0.00848265
12.80064003 3.50426722 0.00055020 0.00056190 0.00008721 0.00244514 0.39981333 0.02310788 0.31899221 0.01792119 0.03580268 0.02691148 0.16682988 0.00697691
12.90064503 3.50265550 0.00049362 0.00054094 0.00026536 0.00146732 0.40338411 0.02604091 0.31765189 0.01303787 0.03543191 0.02409993 0.16899115 0.00859499
13.00065003 3.50132898 0.00041394 0.00049128 0.00017699 0.00530167 0.40246443 0.02671331 0.32145134 0.01431016 0.03206407 0.02269098 0.16752888 0.00639296
13.10065503 3.49439401 0.00090289 0.00054247 0.00069641 0.00475504 0.40279706 0.02581894 0.32327301 0.01361092 0.02930357 0.02233402 0.16808390 0.00788179
13.20066003 3.49367530 0.00063650 0.00048014 0.00042136 0.00289629 0.40350518 0.02900272 0.32664324 0.01352210 0.02781049 0.02019111 0.16756096 0.00732993
13.30066503 3.48949838 0.00083348 0.00045836 0.00066673 0.00509274 0.40238575 0.02547745 0.32235451 0.01325668 0.02797670 0.02538599 0.16682469 0.00928692
13.40067003 3.48492159 0.00082138 0.00045845 0.00060441 0.00623970 0.40163786 0.03295095 0.32394267 0.01142990 0.02836095 0.02132957 0.16560008 0.00662409
13.50067503 3.47960031 0.00069516 0.00047328 0.00031727 0.00257003 0.40439135 0.03289944 0.32037117 0.01228567 0.02924484 0.02396865 0.16551937 0.00726378
13.60068003 3.46881279 0.00056830 0.00051070 0.00036610 0.00159382 0.40149501 0.03353733 0.32040842 0.01248395 0.02991828 0.02300228 0.16766759 0.00844823
13.70068503 3.46494979 0.00072071 0.00057795 0.00032590 0.00532006 0.40864090 0.02656449 0.31532775 0.01518000 0.02756188 0.02204221 0.16989153 0.00784662
13.80069003 3.45747746 0.00086473 0.00057946 0.00038066 0.00325678 0.41012342 0.02854108 0.31256484 0.01629082 0.02505302 0.02609256 0.16967926 0.00657337
13.90069503 3.45586126 0.00086829 0.00059498 0.00060633 0.00463567 0.41076010 0.02838531 0.31198533 0.01350196 0.02561829 0.02323774 0.17304130 0.00676469
14.00070004 3.44625615 0.00082431 0.00057776 0.00045170 0.00471586 0.41570054 0.02736025 0.30690923 0.01651221 0.02818903 0.02315787 0.16862344 0.00697780
14.10070504 3.44374370 0.00055110 0.00052088 0.00026289 0.00276319 0.41383391 0.02823989 0.30943294 0.01418900 0.02919225 0.02685579 0.16702001 0.00713813
14.20071004 3.43958614 0.00048977 0.00049732 0.00038848 0.00206527 0.41297209 0.03061600 0.30666928 0.01160697 0.03024615 0.02892797 0.16561516 0.00990555
14.30071504 3.43188812 0.00090022 0.00049478 0.00067168 0.00501985 0.41435782 0.03232533 0.30781474 0.01354857 0.03117239 0.02236623 0.16416027 0.00716812
14.40072004 3.42971271 0.00075365 0.00046137 0.00047707 0.00301981 0.41542538 0.03262123 0.30970965 0.01410045 0.02957824 0.02063033 0.16482536 0.00839747
14.50072504 3.42843004 0.00055653 0.00050893 0.00014307 0.00047512 0.41531085 0.03317526 0.30968530 0.01564970 0.02991034 0.02014196 0.16658458 0.00785836
14.60073004 3.42584535 0.00057744 0.00047638 0.00034406 0.00283808 0.41701877 0.03465513 0.30893771 0.01279504 0.02628972 0.02176676 0.16727741 0.00702348
14.70073504 3.42290452 0.00058586 0.00047363 0.00028306 0.00181176 0.41874915 0.03407789 0.31104123 0.01342637 0.02415925 0.02108803 0.16757674 0.00672703
14.80074004 3.41937979 0.00045582 0.00054329 0.00016325 0.00139099 0.42037569 0.02853018 0.30761565 0.01375119 0.02934548 0.02333908 0.16811988 0.00636950
14.90074504 3.41594272 0.00101756 0.00047113 0.00057022 0.00465830 0.41932775 0.02465493 0.30774705 0.01789718 0.02665035 0.02319785 0.16780371 0.00600396
15.00075004 3.41276365 0.00055226 0.00056074 0.00026835 0.00456831 0.41970486 0.02475544 0.31161686 0.01298645 0.02772760 0.01903590 0.17238994 0.00583329
15.10075504 3.40569962 0.00056187 0.00061156 0.00045925 0.00310546 0.41493368 0.02428107 0.30918660 0.01200852 0.02845900 0.01943592 0.17880916 0.00814790
15.20076004 3.39862500 0.00067382 0.00055298 0.00053695 0.00335000 0.41492780 0.02375133 0.31103891 0.01246017 0.03023270 0.01775460 0.17524761 0.00947312
15.30076504 3.39218551 0.00062774 0.00058062 0.00046237 0.00528151 0.41234690 0.02335280 0.31930098 0.01017958 0.02825454 0.01860290 0.17551696 0.00549310
15.40077004 3.38659737 0.00082350 0.00060143 0.00062037 0.00421396 0.41142782 0.02275315 0.31590122 0.01130157 0.03050509 0.01763724 0.17756444 0.00665021
15.50077504 3.38607075 0.00025451 0.00055648 0.00022465 0.00023112 0.41557583 0.02088351 0.31910594 0.01025747 0.02967044 0.01705476 0.17709131 0.00909398
15.60078004 3.38252564 0.00058547 0.00055641 0.00057677 0.00507579 0.41495710 0.01762593 0.32072682 0.00799160 0.03189608 0.01664399 0.17586358 0.00750045
15.70078504 3.37945889 0.00040560 0.00054396 0.00029710 0.00145970 0.41353008 0.01793864 0.32660341 0.01029553 0.03099220 0.01419157 0.17633036 0.00741186
15.80079004 3.37450675 0.00032394 0.00059393 0.00020757 0.00395849 0.41629051 0.01703093 0.32295511 0.00762257 0.03253444 0.01477188 0.17762600 0.00608462
15.90079504 3.37227111 0.00059167 0.00050596 0.00050830 0.00434529 0.41648162 0.01772273 0.32582751 0.00614554 0.02740403 0.01839353 0.17778087 0.00429294
16.00080004 3.36845889 0.00022610 0.00053169 0.00014058 0.00020586 0.41720403 0.01780601 0.32761603 0.00732683 0.02936531 0.01645579 0.17728294 0.00583883
16.10080504 3.36548452 0.00022809 0.00053339 0.00007134 0.00012054 0.41501043 0.02033864 0.32549315 0.00727397 0.02951736 0.01762760 0.17944567 0.00433982
16.20081004 3.36291020 0.00052377 0.00048228 0.00038714 0.00291202 0.41518606 0.01579626 0.32779660 0.00693799 0.02909140 0.01712435 0.17944366 0.00431847
16.30081504 3.35581797 0.00023631 0.00048586 0.00014286 0.00023812 0.41271657 0.01779691 0.32847329 0.00771455 0.02896519 0.01940513 0.17735909 0.00646613
16.40082004 3.34964899 0.00059476 0.00050244 0.00036321 0.00303490 0.40981589 0.01908405 0.32511765 0.00986123 0.02934772 0.02202247 0.17521630 0.00503938
16.50082504 3.34636310 0.00054006 0.00045145 0.00034052 0.00460606 0.40935423 0.02046411 0.32664183 0.00946713 0.02556459 0.01907091 0.17598790 0.00751120
16.60083004 3.34236384 0.00073763 0.00049718 0.00038422 0.00294212 0.40737143 0.02124631 0.32919561 0.01223192 0.02178507 0.01612095 0.18115071 0.00633685
16.70083504 3.34058773 0.00091145 0.00044608 0.00082358 0.00767736 0.40638307 0.02113839 0.32862929 0.01080518 0.01911162 0.01935519 0.17942994 0.00528885
16.80084004 3.33712434 0.00088581 0.00047098 0.00074237 0.00764777 0.40414778 0.02009905 0.33272077 0.00853109 0.01924880 0.01908700 0.18141166 0.00500691
16.90084504 3.33418994 0.00046753 0.00045685 0.00036847 0.00307084 0.40153834 0.02246627 0.33423137 0.00897126 0.01890766 0.01990255 0.18286579 0.00675308
17.00085004 3.33261796 0.00029954 0.00042845 0.00008424 0.00013212 0.40395006 0.02993880 0.33198676 0.00906156 0.01886266 0.01728191 0.18277207 0.00520183
17.10085504 3.32755291 0.00048322 0.00047257 0.00012808 0.00215297 0.40560122 0.02210190 0.33386732 0.01200778 0.01894895 0.01611615 0.18310993 0.00500991
17.20086004 3.32555814 0.00048717 0.00044069 0.00029233 0.00249496 0.40506244 0.02102106 0.33291393 0.01122335 0.01923086 0.01891168 0.18235207 0.00556944
17.30086504 3.32241059 0.00047208 0.00050915 0.00040975 0.00505214 0.40787806 0.01882516 0.33435195 0.00795988 0.01784749 0.01676650 0.18341335 0.00651449
17.40087004 3.31856217 0.00054333 0.00044153 0.00049970 0.00333850 0.40864637 0.01819813 0.33629237 0.00907225 0.01736935 0.01493010 0.18325038 0.00741800
17.50087504 3.31479121 0.00043609 0.00044474 0.00038766 0.00570976 0.40748313 0.01750903 0.34052145 0.00658425 0.01684671 0.01527702 0.18270397 0.00609619
17.60088004 3.31186575 0.00064161 0.00045447 0.00053101 0.00402204 0.40035430 0.02243290 0.34213900 0.00795747 0.01689634 0.01419351 0.18615588 0.00422146
17.70088504 3.31020004 0.00060598 0.00047713 0.00037824 0.00289228 0.39887148 0.02459621 0.34308145 0.00936692 0.01670024 0.01144322 0.18686970 0.00471716
17.80089004 3.30482924 0.00056056 0.00044423 0.00029627 0.00336023 0.39528067 0.02649805 0.35055528 0.00871692 0.01531573 0.01127002 0.18240409 0.00529795
17.90089504 3.30070667 0.00100833 0.00045719 0.00064447 0.00594812 0.39711129 0.02509697 0.34738412 0.01027671 0.01239590 0.01134207 0.18265151 0.00568332
18.00090005 3.29495455 0.00099187 0.00041142 0.00060144 0.00580066 0.39286706 0.02812879 0.34552649 0.01393535 0.01066322 0.01417563 0.18053181 0.00636626
18.10090505 3.29003139 0.00071248 0.00041950 0.00050603 0.00642061 0.39287923 0.02799322 0.34343003 0.01158548 0.01212564 0.01657536 0.17914559 0.00820682
18.20091005 3.28762515 0.00035732 0.00046897 0.00038944 0.00193790 0.39110810 0.02726071 0.34865888 0.00850701 0.01356420 0.01723050 0.18019985 0.01031713
18.30091505 3.28675223 0.00039328 0.00043735 0.00044483 0.00157527 0.38971091 0.02555748 0.34866651 0.00695752 0.01491643 0.01957085 0.18226880 0.00950075
18.40092005 3.27938007 0.00050278 0.00046942 0.00040898 0.00286364 0.39081167 0.02817841 0.34194311 0.00717588 0.01803815 0.02113415 0.18073766 0.00773616
18.50092505 3.27127572 0.00071823 0.00046516 0.00055715 0.00785715 0.39610100 0.02586847 0.33993274 0.00633693 0.01951993 0.01746516 0.17798117 0.00719691
18.60093005 3.26955793 0.00068115 0.00045792 0.00059681 0.00552031 0.39751878 0.02516687 0.33873902 0.00566387 0.02247657 0.01521284 0.18080771 0.00715815
18.70093505 3.26907631 0.00056104 0.00045572 0.00028753 0.00265028 0.40001268 0.02494928 0.34022495 0.00629492 0.02032854 0.01599794 0.18097810 0.00725901
18.80094005 3.26335917 0.00053105 0.00045985 0.00027372 0.00209466 0.39799441 0.02841627 0.34046903 0.00695306 0.02056240 0.01437601 0.18051431 0.00735523
18.90094505 3.26095267 0.00049614 0.00044521 0.00038863 0.00289780 0.39736256 0.02979805 0.33855328 0.00660883 0.01882373 0.01451954 0.18281522 0.00729102
19.00095005 3.25201779 0.00032064 0.00049183 0.00020310 0.00151568 0.39879669 0.02824893 0.33728439 0.00596048 0.02095252 0.01674893 0.18247457 0.00700223
19.10095505 3.24599106 0.00042223 0.00049729 0.00016337 0.00136563 0.39653561 0.02863343 0.33891443 0.00640546 0.02278441 0.01778102 0.17926825 0.00722886
19.20096005 3.24110111 0.00036418 0.00045169 0.00008196 0.00032003 0.40104208 0.03097286 0.33242072 0.00872668 0.02368205 0.01840623 0.17640347 0.00712807
19.30096505 3.23856368 0.00040679 0.00044697 0.00008291 0.00034063 0.40053261 0.02677004 0.33255055 0.01148271 0.02480489 0.01818248 0.17566497 0.00873443
19.40097005 3.23675521 0.00052856 0.00045008 0.00036099 0.00277395 0.40176801 0.02233994 0.33216065 0.01096653 0.02711343 0.01720757 0.17650783 0.00782246
19.50097505 3.23650058 0.00029839 0.00045751 0.00022576 0.00226521 0.40296327 0.02161945 0.33381694 0.00933484 0.02518820 0.01541692 0.17957408 0.00883942
19.60098005 3.23032186 0.00039811 0.00054196 0.00022787 0.00392755 0.40308235 0.01927317 0.33120855 0.00892696 0.02712861 0.01720444 0.18203853 0.00604191
19.70098505 3.22821831 0.00043572 0.00048780 0.00022780 0.00156956 0.40723329 0.02194829 0.33335920 0.00949738 0.02529477 0.01397660 0.18162494 0.00434465
19.80099005 3.22259974 0.00031807 0.00050643 0.00006162 0.00027684 0.40623769 0.02390241 0.33033947 0.00948762 0.02703294 0.01530250 0.18188347 0.00465093
19.90099505 3.21616502 0.00038058 0.00046987 0.00007793 0.00214838 0.40659746 0.02332187 0.33220101 0.01139294 0.02374073 0.01804939 0.17699092 0.00462891
20.00100005 3.21183867 0.00030471 0.00048952 0.00003977 0.00017687 0.41549861 0.02147817 0.33254365 0.00999716 0.02396034 0.01500566 0.17550788 0.00499765
20.10100505 3.20988159 0.00064180 0.00047133 0.00042182 0.00523064 0.41294733 0.02041758 0.33054320 0.00906339 0.02108396 0.01729863 0.17695418 0.00492614
20.20101005 3.20345355 0.00077647 0.00043498 0.00057001 0.00497847 0.41383835 0.02191430 0.33032023 0.00863957 0.01959750 0.01798364 0.17580894 0.00513754
20.30101505 3.20051309 0.00040542 0.00041669 0.00030932 0.00270783 0.41624893 0.02253983 0.32936048 0.00871035 0.01808429 0.01778902 0.17588962 0.00753823
20.40102005 3.19609993 0.00069007 0.00043564 0.00045056 0.00641180 0.41827041 0.01806703 0.32791990 0.00767066 0.01828581 0.01933100 0.17708823 0.00537888
20.50102505 3.18817940 0.00050560 0.00045031 0.00025433 0.00155945 0.41534900 0.02287344 0.32698157 0.00968001 0.02191220 0.01805979 0.17730692 0.00506739
20.60103005 3.18503385 0.00068246 0.00042073 0.00054218 0.00621793 0.41361475 0.02270004 0.32771353 0.00946048 0.01773220 0.02099797 0.17251878 0.00739894
20.70103505 3.18205599 0.00061757 0.00041297 0.00044386 0.00715238 0.41404064 0.02298686 0.32289362 0.00856193 0.01867341 0.02524186 0.17197937 0.00699554
20.80104005 3.17959385 0.00077937 0.00037765 0.00047538 0.00446749 0.41599868 0.02140346 0.32459903 0.01288997 0.01548384 0.02226194 0.17154080 0.00972239
20.90104505 3.17467475 0.00062887 0.00049998 0.00033804 0.00502418 0.42052830 0.02219859 0.32180024 0.01187615 0.01780498 0.02203449 0.17136650 0.00589967
21.00105005 3.17022115 0.00064392 0.00048926 0.00038569 0.00310878 0.42345550 0.02165188 0.32153616 0.01182103 0.01978646 0.02110583 0.17073262 0.00528287
21.10105505 3.16843907 0.00046238 0.00038655 0.00032021 0.00528079 0.42284545 0.02638677 0.32297946 0.01031195 0.01720288 0.01698164 0.17058566 0.00625626
21.20106005 3.16543612 0.00037365 0.00039921 0.00015051 0.00025266 0.42503794 0.02380113 0.32481437 0.01216155 0.01560010 0.01806608 0.17214839 0.00719441
21.30106505 3.16186708 0.00047428 0.00043397 0.00025595 0.00178303 0.42913963 0.02051862 0.32731959 0.01067595 0.01456189 0.01799874 0.17254492 0.00429343
21.40107005 3.15936709 0.00035907 0.00040192 0.00014172 0.00398199 0.42884139 0.02521213 0.32834602 0.00965432 0.01462488 0.01440078 0.16978580 0.00424999
21.50107505 3.15680321 0.00053491 0.00042467 0.00019054 0.00356272 0.43413877 0.02191943 0.32332720 0.01150240 0.01318943 0.01532529 0.17091993 0.00496473
21.60108005 3.15449590 0.00066749 0.00042719 0.00030995 0.00341317 0.43370509 0.02307679 0.32156273 0.01200117 0.01338434 0.01360638 0.17292064 0.00492505
21.70108505 3.15211229 0.00034952 0.00042379 0.00026942 0.00156910 0.43173398 0.02164554 0.32373405 0.00819688 0.01479038 0.01543823 0.17531780 0.00653131
21.80109005 3.14854949 0.00031011 0.00043279 0.00021147 0.00194495 0.43335646 0.02316983 0.32241902 0.00784238 0.01451134 0.01507837 0.17528039 0.00544288
21.90109505 3.14434000 0.00049791 0.00040221 0.00033313 0.00469738 0.43495364 0.02235372 0.32369105 0.00737945 0.01286668 0.01406002 0.17408641 0.00467839
22.00110006 3.14070685 0.00077038 0.00038413 0.00062611 0.00465786 0.43369018 0.01980122 0.32606779 0.00984406 0.01289541 0.01191495 0.17096249 0.00838541
22.10110506 3.13383246 0.00030971 0.00044816 0.00030198 0.00241912 0.43707037 0.01988498 0.32533400 0.00706646 0.01253631 0.01293705 0.17061116 0.01108070
22.20111006 3.13188258 0.00062481 0.00038054 0.00059524 0.00315454 0.43493974 0.01880745 0.32525374 0.00719542 0.01472741 0.01381856 0.17069856 0.00980397
22.30111506 3.13004768 0.00054617 0.00041808 0.00056600 0.00357704 0.43272842 0.01800916 0.32835111 0.00706557 0.01704330 0.01428740 0.17145910 0.00594866
22.40112006 3.12563713 0.00081880 0.00041541 0.00069489 0.00624617 0.42768171 0.01731620 0.32803821 0.00786209 0.01780764 0.01690365 0.17205704 0.00415819
22.50112506 3.12085311 0.00018833 0.00043612 0.00009149 0.00012840 0.43192675 0.01959488 0.32636835 0.00600467 0.01663509 0.01822514 0.17663369 0.00376709
22.60113006 3.11532905 0.00043835 0.00044386 0.00028457 0.00310421 0.43096253 0.01724655 0.32437211 0.00950431 0.01565351 0.01344302 0.17856799 0.00597899
22.70113506 3.11271841 0.00060570 0.00042830 0.00036670 0.00390385 0.42985360 0.01689156 0.32573328 0.00687410 0.01801771 0.01806854 0.17396710 0.00528955
22.80114006 3.10774679 0.00058900 0.00039518 0.00061072 0.00419737 0.42956082 0.01558877 0.32531780 0.00679165 0.01617409 0.02161908 0.17055211 0.00860341
22.90114506 3.10405125 0.00027113 0.00046223 0.00027452 0.00220142 0.42772342 0.01787340 0.32441944 0.00652030 0.01970678 0.02199920 0.16968814 0.00886003
23.00115006 3.10132407 0.00040039 0.00041977 0.00037976 0.00148109 0.43113592 0.02094654 0.31751113 0.00751342 0.02069543 0.02071449 0.17023775 0.00856431
23.10115506 3.09563970 0.00025815 0.00047223 0.00020643 0.00202309 0.42830774 0.02051476 0.32020616 0.00662212 0.02560483 0.01620040 0.17340906 0.00617506
23.20116006 3.09493602 0.00035338 0.00041363 0.00023914 0.00340806 0.42910524 0.02164361 0.32190228 0.00674715 0.02323051 0.01342230 0.17534833 0.00418636
23.30116506 3.09205254 0.00030733 0.00042853 0.00011998 0.00034327 0.43016113 0.01892564 0.32311681 0.00928293 0.02488009 0.01143288 0.17541345 0.00558797
23.40117006 3.08837238 0.00021440 0.00044233 0.00012201 0.00013520 0.43022175 0.02120498 0.32358451 0.00612147 0.02653287 0.00876295 0.17721854 0.00543898
23.50117506 3.08595549 0.00029959 0.00046737 0.00014938 0.00139179 0.42869726 0.02281512 0.32495442 0.00591484 0.02799495 0.00752313 0.17588600 0.00390615
23.60118006 3.08128188 0.00025247 0.00045700 0.00004301 0.00011374 0.42615416 0.02481464 0.32640748 0.00745524 0.02777676 0.00894516 0.17320460 0.00437575
23.70118506 3.07759829 0.00045013 0.00045324 0.00025952 0.00269305 0.42785700 0.01909593 0.32276814 0.00710242 0.02771335 0.01178879 0.17520826 0.00461017
23.80119006 3.07359387 0.00034551 0.00050724 0.00018720 0.00147829 0.42452753 0.02201998 0.32145386 0.00636735 0.02932391 0.01082005 0.17818746 0.00478162
23.90119506 3.06893612 0.00064646 0.00051682 0.00058993 0.00537425 0.42150959 0.01756547 0.31806365 0.00802217 0.02745047 0.01308806 0.18045946 0.00671366
24.00120006 3.06124649 0.00041362 0.00066393 0.00028522 0.00302197 0.41962672 0.01669586 0.31880022 0.00312161 0.03760632 0.01174750 0.18330280 0.00471422
24.10120506 3.05317238 0.00044275 0.00062625 0.00042916 0.00568872 0.41488053 0.01175243 0.32272000 0.00579860 0.04033951 0.01174476 0.18143371 0.00414357
24.20121006 3.04753496 0.00047109 0.00048168 0.00043744 0.00301120 0.42021932 0.01398329 0.32121249 0.00521918 0.03415495 0.01526492 0.17993156 0.00561289
24.30121506 3.04192639 0.00040282 0.00046873 0.00035982 0.00566658 0.42210057 0.01051068 0.32124419 0.00473881 0.03412672 0.01796995 0.17805979 0.00435134
24.40122006 3.03850607 0.00050138 0.00051879 0.00041996 0.00378315 0.42319675 0.01142835 0.31937506 0.00733565 0.03629793 0.01453306 0.17861147 0.00399844
24.50122506 3.03427029 0.00030975 0.00056379 0.00029329 0.00171117 0.42087059 0.01209135 0.32320571 0.00444447 0.04029544 0.01251273 0.17906447 0.00463725
24.60123006 3.02899348 0.00067170 0.00048820 0.00055582 0.00623908 0.41646297 0.01137321 0.32464849 0.00559772 0.03683088 0.01455306 0.17956946 0.00300940
24.70123506 3.02515198 0.00034570 0.00050392 0.00034404 0.00195645 0.41759006 0.01268222 0.32582052 0.00647136 0.03483661 0.01191046 0.18124889 0.00628977
24.80124006 3.01886947 0.00028153 0.00053123 0.00019358 0.00206563 0.41947568 0.01658195 0.31921739 0.00615400 0.03872841 0.01009091 0.18204729 0.00463240
24.90124506 3.01405845 0.00059159 0.00048914 0.00053346 0.00405638 0.42439822 0.02000876 0.31473023 0.00675035 0.03176891 0.01214186 0.18061349 0.00391761
25.00125006 3.00768940 0.00055753 0.00045260 0.00047977 0.00391523 0.42814013 0.01601284 0.31474636 0.01211951 0.02861963 0.01120508 0.17804127 0.00571003
25.10125506 3.00334439 0.00026305 0.00064924 0.00018199 0.00124660 0.42642334 0.02069171 0.31649021 0.00461168 0.03462698 0.00743037 0.18381022 0.00357460
25.20126006 2.99618090 0.00031226 0.00062161 0.00029642 0.00173597 0.42267444 0.01818328 0.31814260 0.00380646 0.03612603 0.00644180 0.18643533 0.00522379
25.30126506 2.99130997 0.00044486 0.00053383 0.00050852 0.00432899 0.41806280 0.01823483 0.32036569 0.00473253 0.03260262 0.00801616 0.18443506 0.00773411
25.40127006 2.98595721 0.00050548 0.00060833 0.00045567 0.00291726 0.41439271 0.01766022 0.32284454 0.00322478 0.03514086 0.00649962 0.18901356 0.00673697
25.50127506 2.98055727 0.00031297 0.00058383 0.00024493 0.00387949 0.40959714 0.01768017 0.32337205 0.00501181 0.03695258 0.01079913 0.18749439 0.00407150
25.60128006 2.97714317 0.00060607 0.00052998 0.00038744 0.00329876 0.41085397 0.01657710 0.32177308 0.00598772 0.03779482 0.01324103 0.18504815 0.00390188
25.70128506 2.97171740 0.00036684 0.00051563 0.00033486 0.00248442 0.41094246 0.01847692 0.31839954 0.00625063 0.03578283 0.01539528 0.18435954 0.00669104
