0.00000000 10.00000000 0.00000000 0.00000000 0.00000000 0.00000000 0.00000000 0.00000000 0.00000000 1.00000000 0.00000000 0.00000000 0.00000000 0.00000000
0.10000500 10.00318202 0.02620243 0.00131683 0.00883959 0.11024055 0.11035867 0.15074318 0.02022068 0.41318145 0.04886853 0.07504258 0.01523529 0.01975022
0.20001000 9.99996222 0.00848618 0.00159591 0.00477023 0.04875849 0.15335760 0.23703093 0.04190534 0.22176957 0.07154659 0.13367497 0.04359455 0.03350963
0.30001500 9.99385869 0.00425441 0.00118343 0.00256301 0.02354993 0.16710543 0.24187019 0.06817971 0.15161619 0.07540613 0.17181139 0.05212530 0.04033488
0.40002000 9.99006104 0.00411992 0.00119392 0.00161541 0.01488658 0.16538522 0.21241362 0.08014120 0.14495173 0.07968128 0.19607733 0.06159838 0.03793540
0.50002500 9.98023296 0.00394382 0.00112943 0.00142406 0.01868746 0.17235569 0.18062247 0.09343099 0.13800564 0.08599481 0.20720124 0.05908908 0.03811531
0.60003000 9.97095343 0.00445271 0.00104703 0.00250169 0.01490484 0.18412233 0.15288334 0.10412399 0.12690200 0.08366647 0.21323507 0.05904018 0.05312035
0.70003500 9.96724368 0.00449832 0.00110921 0.00230978 0.01732641 0.20027683 0.13748356 0.10438242 0.11384173 0.08614596 0.21263402 0.07008558 0.04990616
0.80004000 9.95991214 0.00430221 0.00117019 0.00275055 0.02463551 0.20450038 0.13371020 0.11710195 0.09127650 0.09467316 0.20442193 0.07655431 0.04490311
0.90004500 9.95163220 0.00363361 0.00113496 0.00297960 0.02175863 0.21896607 0.12623455 0.12481637 0.07552583 0.09545389 0.19506211 0.08362871 0.05080567
1.00005000 9.94204971 0.00358989 0.00099198 0.00279567 0.02335397 0.22616636 0.13012415 0.12643749 0.07609484 0.09536301 0.18465665 0.08104116 0.04938483
1.10005500 9.93622271 0.00270578 0.00104404 0.00172772 0.01438024 0.23186451 0.13813969 0.13481074 0.07769999 0.09372380 0.16961424 0.08655691 0.04773234
1.20006000 9.92595183 0.00367782 0.00110433 0.00174664 0.01872625 0.24071606 0.14172870 0.14198439 0.08465376 0.09720274 0.14545179 0.08699248 0.03601504
1.30006500 9.91697145 0.00369176 0.00114770 0.00189054 0.02042140 0.24879365 0.14260655 0.14166594 0.08504202 0.09149282 0.13550692 0.08889988 0.03884082
1.40007000 9.91107729 0.00407533 0.00106137 0.00240213 0.02224418 0.25321135 0.14677758 0.15182583 0.08540541 0.09256180 0.11318857 0.08933965 0.03790680
1.50007500 9.89826326 0.00318254 0.00112891 0.00142932 0.00872669 0.26312929 0.15705970 0.15659789 0.08819214 0.09237103 0.10094169 0.09277288 0.03446792
1.60008000 9.89048723 0.00271137 0.00109279 0.00116109 0.00956906 0.26497667 0.16331046 0.15937131 0.07894579 0.09623399 0.09561097 0.09232524 0.03469126
1.70008500 9.88332218 0.00328054 0.00109586 0.00173752 0.01585505 0.27735635 0.14784443 0.16674765 0.07645503 0.09595137 0.08818101 0.09084876 0.03464642
1.80009000 9.87649883 0.00291803 0.00112711 0.00147946 0.01026967 0.28831533 0.14416173 0.17707466 0.07078025 0.09525671 0.08344613 0.08822618 0.03694473
1.90009500 9.86766118 0.00274654 0.00123050 0.00144787 0.01191751 0.30622631 0.12787077 0.18305135 0.06132505 0.09568471 0.08282131 0.09180713 0.03387095
2.00010001 9.86214916 0.00234666 0.00113005 0.00117666 0.01071846 0.31531538 0.12458509 0.18927324 0.05497708 0.09548728 0.08053824 0.09479405 0.02965781
2.10010501 9.84741874 0.00238494 0.00118462 0.00160715 0.00945625 0.32104827 0.11313903 0.19273840 0.04824100 0.09091391 0.08343019 0.10211480 0.03374144
2.20011001 9.83780855 0.00182649 0.00111862 0.00096833 0.00951552 0.32424315 0.10457865 0.19944722 0.04612843 0.09457227 0.08725339 0.10061875 0.02972919
2.30011501 9.83377660 0.00170575 0.00108306 0.00093396 0.00726122 0.32557742 0.10136966 0.20539296 0.04297429 0.09230165 0.09203307 0.10164491 0.02772205
2.40012001 9.82615699 0.00153830 0.00114038 0.00065875 0.00743572 0.33038594 0.09341770 0.20253667 0.04267626 0.08942803 0.09665964 0.10850898 0.02561363
2.50012501 9.82095623 0.00160342 0.00104379 0.00098221 0.00813003 0.33305472 0.09765984 0.20652338 0.03835272 0.09117741 0.08729633 0.10820070 0.02597544
2.60013001 9.81631523 0.00176070 0.00100204 0.00111620 0.00862919 0.34562672 0.09028905 0.21523279 0.03468632 0.08671177 0.07730601 0.11142668 0.02621253
2.70013501 9.80781012 0.00150631 0.00097738 0.00080337 0.00628061 0.34618998 0.09918608 0.21748965 0.03608466 0.08593427 0.06968494 0.10940872 0.02645402
2.80014001 9.79895033 0.00149273 0.00099813 0.00088661 0.00639273 0.34771964 0.09808864 0.22256186 0.03447869 0.07975387 0.06916150 0.10896651 0.02949910
2.90014501 9.79046425 0.00169135 0.00107080 0.00090206 0.00677963 0.34803197 0.10407971 0.22421211 0.03309795 0.08146604 0.06593632 0.11121909 0.02151299
3.00015001 9.78366777 0.00174445 0.00095395 0.00105592 0.00952992 0.34918036 0.10775235 0.22768227 0.03627636 0.07553949 0.05814822 0.10864392 0.02349277
3.10015501 9.76834150 0.00215823 0.00104481 0.00103348 0.00844991 0.34958975 0.09877320 0.22819742 0.04286793 0.07765705 0.05793982 0.10951098 0.02277742
3.20016001 9.75414166 0.00301726 0.00106071 0.00211398 0.01837018 0.34215174 0.09515281 0.22692237 0.03899718 0.08099739 0.05794832 0.11086779 0.02240027
3.30016501 9.73588953 0.00301014 0.00109361 0.00188251 0.02070150 0.33465144 0.08909265 0.23893345 0.04088242 0.07864802 0.05729275 0.11267348 0.02113803
3.40017001 9.73050905 0.00269716 0.00108766 0.00137869 0.01305059 0.33214349 0.08005167 0.25767923 0.05009220 0.07059981 0.05761022 0.11448981 0.01911946
3.50017501 9.71982903 0.00174909 0.00125662 0.00062720 0.00749929 0.33101338 0.07489108 0.26425427 0.04377251 0.07844762 0.05635933 0.11902811 0.02110151
3.60018001 9.70403474 0.00161432 0.00116935 0.00079944 0.00645135 0.32659464 0.07538168 0.26579110 0.03882445 0.07667672 0.06337068 0.11976819 0.02355808
3.70018501 9.69857933 0.00191816 0.00113900 0.00131743 0.00952606 0.32971481 0.07601967 0.26019417 0.03476492 0.07199607 0.06563691 0.12695595 0.02081683
3.80019001 9.68318451 0.00171358 0.00110430 0.00102046 0.01726961 0.33396648 0.07302612 0.26473562 0.03371580 0.07046490 0.06207468 0.12172869 0.01917976
3.90019501 9.66555796 0.00151181 0.00117715 0.00101485 0.01071282 0.34078142 0.06646609 0.25890093 0.03205994 0.07752300 0.07010128 0.11961750 0.02013320
4.00020001 9.66381275 0.00168853 0.00101455 0.00078537 0.00920854 0.33737291 0.07169436 0.26891920 0.03922189 0.07010670 0.06441925 0.11858664 0.01698207
4.10020501 9.64951760 0.00146229 0.00106884 0.00078297 0.00783052 0.33416105 0.07696109 0.27011125 0.03374039 0.07119628 0.06391118 0.11946258 0.01931155
4.20021001 9.63946124 0.00177742 0.00094563 0.00122233 0.00798656 0.33787331 0.06915505 0.27073549 0.03500677 0.07042852 0.06458006 0.11601706 0.02427180
4.30021501 9.63000420 0.00179329 0.00105324 0.00105829 0.01278701 0.34112297 0.07129362 0.27329861 0.03272055 0.06690288 0.05846773 0.11962230 0.01987951
4.40022001 9.62179025 0.00129949 0.00110196 0.00078035 0.00513717 0.34081048 0.07094833 0.27769150 0.03237779 0.06935677 0.05858163 0.12103928 0.02087525
4.50022501 9.61796449 0.00130314 0.00102594 0.00065314 0.00500214 0.34147784 0.07374248 0.28342138 0.03119122 0.06721534 0.05233144 0.12485949 0.01777644
4.60023001 9.61076719 0.00156028 0.00105454 0.00097173 0.00786851 0.34172949 0.06957151 0.28886425 0.03142177 0.06746326 0.04720220 0.12488847 0.01740401
4.70023501 9.60608283 0.00169224 0.00109197 0.00096180 0.00861521 0.34957906 0.06200955 0.29383540 0.02844271 0.06923216 0.04270230 0.12626142 0.01557620
4.80024001 9.59395599 0.00148948 0.00101024 0.00086238 0.00834513 0.35276221 0.05751022 0.29342186 0.02573934 0.06826654 0.04665951 0.12853914 0.01539393
4.90024501 9.58331255 0.00103158 0.00100116 0.00056237 0.00203340 0.35459916 0.05897087 0.28876723 0.02729627 0.06563285 0.04839746 0.12999960 0.02170805
5.00025001 9.57435369 0.00121318 0.00097820 0.00066424 0.00516057 0.35828552 0.05605718 0.28810492 0.02819777 0.06366943 0.04998585 0.12896194 0.01872121
5.10025501 9.55987802 0.00155276 0.00106542 0.00108898 0.00837263 0.35417663 0.05903815 0.28524314 0.02545947 0.07053226 0.04814783 0.13098255 0.01434017
5.20026001 9.54734080 0.00120628 0.00110784 0.00075341 0.00675882 0.34834640 0.06064691 0.28423834 0.02997502 0.06819019 0.04257902 0.13811722 0.01808053
5.30026501 9.53239890 0.00162072 0.00109599 0.00135434 0.01319313 0.34355363 0.05549162 0.28441900 0.02627479 0.07650397 0.04319036 0.13642741 0.01687505
5.40027001 9.52259489 0.00170831 0.00118681 0.00103643 0.00742867 0.33862622 0.06000066 0.28863323 0.03089472 0.07784435 0.03772537 0.13970939 0.01520584
5.50027501 9.51192607 0.00107350 0.00114444 0.00063245 0.00515378 0.34144170 0.06446438 0.29787097 0.02377813 0.07545266 0.03494182 0.14009024 0.01395594
5.60028001 9.50135942 0.00126131 0.00121719 0.00086925 0.00691817 0.35287698 0.05598315 0.29542853 0.02197260 0.07548714 0.03475316 0.13699015 0.01624235
5.70028501 9.49670119 0.00102306 0.00110949 0.00063399 0.00325454 0.34950854 0.06028875 0.29644192 0.02127204 0.07714993 0.03536569 0.13779013 0.01616194
5.80029001 9.49633881 0.00075717 0.00117342 0.00055750 0.00365609 0.35220774 0.05686974 0.29444891 0.02287234 0.07701691 0.03431556 0.13915302 0.01697160
5.90029501 9.48261112 0.00111260 0.00111030 0.00091834 0.00951947 0.34724677 0.06010461 0.29413922 0.01938197 0.07513551 0.03642532 0.14036820 0.01453769
6.00030002 9.47545489 0.00130261 0.00105033 0.00095768 0.01377024 0.35301976 0.05203795 0.29489080 0.01953032 0.07245116 0.03439759 0.14058795 0.01600361
6.10030502 9.46273158 0.00171212 0.00113809 0.00145850 0.01661751 0.34314862 0.05278216 0.29422855 0.01973438 0.07175378 0.03208911 0.14973095 0.01560622
6.20031002 9.45926497 0.00085134 0.00106977 0.00039394 0.00188295 0.34738105 0.05497644 0.30107252 0.02015103 0.07173057 0.03582725 0.14874610 0.01591705
6.30031502 9.44598445 0.00092154 0.00110539 0.00070286 0.01019495 0.35294813 0.05201979 0.30365540 0.01672996 0.06662190 0.03222908 0.14766918 0.01520181
6.40032002 9.43006925 0.00129530 0.00123408 0.00102102 0.00848888 0.34730245 0.05169133 0.30418521 0.01820562 0.07039143 0.03117760 0.14688683 0.01812024
6.50032502 9.41506353 0.00136138 0.00118142 0.00081348 0.00898970 0.35279703 0.04803966 0.30968268 0.02305435 0.06344281 0.03156440 0.14689607 0.01217703
6.60033002 9.40426664 0.00105445 0.00113718 0.00064055 0.00361886 0.35459173 0.04983940 0.30936915 0.02080569 0.06843653 0.03273696 0.14646541 0.01130408
6.70033502 9.39290131 0.00137237 0.00105785 0.00114603 0.01019136 0.35946890 0.04542983 0.31120217 0.01615473 0.06462815 0.03017435 0.14764294 0.01153133
6.80034002 9.38466778 0.00063963 0.00111331 0.00051593 0.00300619 0.36063151 0.04213362 0.31875891 0.01316698 0.06472660 0.02857800 0.15076967 0.01595966
6.90034502 9.37650222 0.00072883 0.00105625 0.00038490 0.00390530 0.36053775 0.04409898 0.31867551 0.01432145 0.06185431 0.02981247 0.15387618 0.01074806
7.00035002 9.35653087 0.00064524 0.00124475 0.00040725 0.00181563 0.36297392 0.03500314 0.31987598 0.01619981 0.06094666 0.03158671 0.15695869 0.01234222
7.10035502 9.33804721 0.00087192 0.00121641 0.00083300 0.00658213 0.35444152 0.03864285 0.31615650 0.01600474 0.06245087 0.02978768 0.15973469 0.01327769
7.20036002 9.31496355 0.00128018 0.00117525 0.00123231 0.01134059 0.35311460 0.03551891 0.31304443 0.01716372 0.06256065 0.03331170 0.15610507 0.01415259
7.30036502 9.30713275 0.00116998 0.00113837 0.00084363 0.00638339 0.35384736 0.03947444 0.31376723 0.01764253 0.06283916 0.03527527 0.15640788 0.01121076
7.40037002 9.28829091 0.00093984 0.00104382 0.00099319 0.00388372 0.34882930 0.04460509 0.31396700 0.02007236 0.05711830 0.03733609 0.15104158 0.02016971
7.50037502 9.28038911 0.00080260 0.00096664 0.00056370 0.00287985 0.35149513 0.05081169 0.31429449 0.01891939 0.05381175 0.03766786 0.15143199 0.01635492
7.60038002 9.26850179 0.00093898 0.00101841 0.00062863 0.01136717 0.35113903 0.04643665 0.31964164 0.01900950 0.05237275 0.03472789 0.14782818 0.01489116
7.70038502 9.25928111 0.00110710 0.00101932 0.00062318 0.00421045 0.34885841 0.04901571 0.32521808 0.02013495 0.04789395 0.04062967 0.15101024 0.01027895
7.80039002 9.24252882 0.00112539 0.00103589 0.00074304 0.00747555 0.35471782 0.04534588 0.32257854 0.02121622 0.04813587 0.03818672 0.14753189 0.01190721
7.90039502 9.23009794 0.00166920 0.00103271 0.00161293 0.01472100 0.35305173 0.04398265 0.31768774 0.01812350 0.05183357 0.03607218 0.14639425 0.01381855
8.00040002 9.22024704 0.00131756 0.00104453 0.00094040 0.00613762 0.34890919 0.04836956 0.32675219 0.02378881 0.04821591 0.03281326 0.14907818 0.01263279
8.10040502 9.20859409 0.00119789 0.00103009 0.00089955 0.01722798 0.34338254 0.04712803 0.33250129 0.02111157 0.04455640 0.02846721 0.14852968 0.01396777
8.20041002 9.19778335 0.00097749 0.00096564 0.00066628 0.00522718 0.33868577 0.05551496 0.34276627 0.01996589 0.04423455 0.03068868 0.14934777 0.01095952
8.30041502 9.18816143 0.00080134 0.00095814 0.00059524 0.00303477 0.34069522 0.05507242 0.34145182 0.01850463 0.04151228 0.03176478 0.15138254 0.01422682
8.40042002 9.18363685 0.00097305 0.00096394 0.00051312 0.00210419 0.33818348 0.05049896 0.33708510 0.02246036 0.04267253 0.03981649 0.14909495 0.01563385
8.50042502 9.17620951 0.00140419 0.00095110 0.00083684 0.00612244 0.33729505 0.04791340 0.33098293 0.02558312 0.03889611 0.04403540 0.14987482 0.01610461
8.60043002 9.16404408 0.00156611 0.00105173 0.00094359 0.00702733 0.33436257 0.04860288 0.32740052 0.02815654 0.03952282 0.04232967 0.15366235 0.01537387
8.70043502 9.14814047 0.00121875 0.00098826 0.00083343 0.00872830 0.32463817 0.04830339 0.33838374 0.02227566 0.03953306 0.04377797 0.15645676 0.01486251
8.80044002 9.14137064 0.00085484 0.00096456 0.00060629 0.00687037 0.32129996 0.05285417 0.34294612 0.01897043 0.04099023 0.04369280 0.15379912 0.01615111
8.90044502 9.12748030 0.00156477 0.00096682 0.00115870 0.01535091 0.31909326 0.05461273 0.33877845 0.01968544 0.04034312 0.04016529 0.15281835 0.01546216
9.00045002 9.11335628 0.00123935 0.00107394 0.00096348 0.00883622 0.31951001 0.06080466 0.33679736 0.01784829 0.04781795 0.03991891 0.14880075 0.01638908
9.10045502 9.10931269 0.00123887 0.00089989 0.00089963 0.00625174 0.32076266 0.06470101 0.33699734 0.02011184 0.04351456 0.04194736 0.14582555 0.01684956
9.20046002 9.09667978 0.00077296 0.00103804 0.00057363 0.00406256 0.33117446 0.06584231 0.33702704 0.01554580 0.04233073 0.03428819 0.14842974 0.01891455
9.30046502 9.08450316 0.00108362 0.00099413 0.00077746 0.00631685 0.33017313 0.06230168 0.33857856 0.01643794 0.03931646 0.03600246 0.14893771 0.01907998
9.40047002 9.07043861 0.00123426 0.00098714 0.00090863 0.00831880 0.32896935 0.06102709 0.33776688 0.01766812 0.04057794 0.03665971 0.14569868 0.02018340
9.50047502 9.05889486 0.00118204 0.00102530 0.00080889 0.00958440 0.33227122 0.05712173 0.33779060 0.01673868 0.04682423 0.03618417 0.14208865 0.01838009
9.60048002 9.04642059 0.00117027 0.00108426 0.00100517 0.00901694 0.32893946 0.06086954 0.33966706 0.01638073 0.05168249 0.03281894 0.14062672 0.01673842
9.70048502 9.03128298 0.00155512 0.00094960 0.00111461 0.00932545 0.32326607 0.06665073 0.33812938 0.01974800 0.04610097 0.03448904 0.14355397 0.01511704
9.80049002 9.01766265 0.00101658 0.00108194 0.00060331 0.00501800 0.32463069 0.07175289 0.32886667 0.01708029 0.05085603 0.03655473 0.14856466 0.01397421
9.90049502 9.00933811 0.00135766 0.00089377 0.00105585 0.01139683 0.32328588 0.06392599 0.32940478 0.01825669 0.04948452 0.03706445 0.14693106 0.01694253
10.00050003 8.99635894 0.00118244 0.00101692 0.00066949 0.00543787 0.32852879 0.06247975 0.32730356 0.01948291 0.05470096 0.03555348 0.14844978 0.01519405
10.10050503 8.97777583 0.00146022 0.00095536 0.00090108 0.01272765 0.32363881 0.06121340 0.32382717 0.01890509 0.05428902 0.04094773 0.14728963 0.01384483
10.20051003 8.96956517 0.00133366 0.00101850 0.00083268 0.00844790 0.31974247 0.06297095 0.32381684 0.02167574 0.05592452 0.03980925 0.14949767 0.01492983
10.30051503 8.96172393 0.00122177 0.00101700 0.00085722 0.00712034 0.31951464 0.06225455 0.32411668 0.02185592 0.05540222 0.03675605 0.15194945 0.01793416
10.40052003 8.95092027 0.00095485 0.00105859 0.00054597 0.00477237 0.32411909 0.06920341 0.32458430 0.01928833 0.05787381 0.03428460 0.14836421 0.01495048
10.50052503 8.93736750 0.00155561 0.00103680 0.00096762 0.00993253 0.32624474 0.06465469 0.32650566 0.01953466 0.05811360 0.03167101 0.14409920 0.01568389
10.60053003 8.93048428 0.00134921 0.00099302 0.00068378 0.01021760 0.32491048 0.05879714 0.32840679 0.02395295 0.05541530 0.03161867 0.14627441 0.01738064
10.70053503 8.92054073 0.00127960 0.00105699 0.00107614 0.00830740 0.33007582 0.05405003 0.32613007 0.01761314 0.05847921 0.03618205 0.14625791 0.01949164
10.80054003 8.90832983 0.00118509 0.00109741 0.00092262 0.00827752 0.33196006 0.05553004 0.33076820 0.01614835 0.05849707 0.03093853 0.14767726 0.01699785
10.90054503 8.89709213 0.00117682 0.00113226 0.00089945 0.00693569 0.33453922 0.04722351 0.34053014 0.01621278 0.05878625 0.02805965 0.14901214 0.01549211
11.00055003 8.88530128 0.00106916 0.00105577 0.00097244 0.00801131 0.33561266 0.04982964 0.34068321 0.01398663 0.05541566 0.03312712 0.14523269 0.01500370
11.10055503 8.87166266 0.00138779 0.00099493 0.00109085 0.00784835 0.34436283 0.05287894 0.33853218 0.01566373 0.05331797 0.02664970 0.14279209 0.01448064
11.20056003 8.86398074 0.00127260 0.00106165 0.00100470 0.00888698 0.34990699 0.04454477 0.33788066 0.01340405 0.04970290 0.02707087 0.15144779 0.01381603
11.30056503 8.85661675 0.00082811 0.00096341 0.00072513 0.00572176 0.35532804 0.04524445 0.34111652 0.01319317 0.04135187 0.02975537 0.14924016 0.01653201
11.40057003 8.84160223 0.00131931 0.00097320 0.00101954 0.00975993 0.34309555 0.05222687 0.34554812 0.01662168 0.04515559 0.02713202 0.14322755 0.01392066
11.50057503 8.82527810 0.00093214 0.00094637 0.00059645 0.00561535 0.34508192 0.04989107 0.35084200 0.01471760 0.04352245 0.03190334 0.14360727 0.01234405
11.60058003 8.81668188 0.00070586 0.00094706 0.00034904 0.00177190 0.34335722 0.05399636 0.35015563 0.01527880 0.03877875 0.03260216 0.15076134 0.01129587
11.70058503 8.80693635 0.00102311 0.00090001 0.00075161 0.00831078 0.34066567 0.04683304 0.35268326 0.01660097 0.03560870 0.03404020 0.15014236 0.01244029
11.80059003 8.79903336 0.00106115 0.00097249 0.00070873 0.00713901 0.34185015 0.05073630 0.34558361 0.01421966 0.04111843 0.03201215 0.14847532 0.01612300
11.90059503 8.78568950 0.00134679 0.00109150 0.00119505 0.01033090 0.33776139 0.04402779 0.35729288 0.01195651 0.04245318 0.02835203 0.15140105 0.01279093
12.00060003 8.77954380 0.00106043 0.00094519 0.00080075 0.00588884 0.34417668 0.04503228 0.35560858 0.01630265 0.03879263 0.02546695 0.15047693 0.01544810
12.10060503 8.77426165 0.00100936 0.00092307 0.00059327 0.00567534 0.34329770 0.04993021 0.35510200 0.01758249 0.03650576 0.02418846 0.15217147 0.01302086
12.20061003 8.76440914 0.00056589 0.00098701 0.00020775 0.00422552 0.34632497 0.04765975 0.35294576 0.01459675 0.03847469 0.02515672 0.15726757 0.01158764
12.30061503 8.75290113 0.00062085 0.00088421 0.00026026 0.00252702 0.34850930 0.04771503 0.35665633 0.01618041 0.03587865 0.02850156 0.15007151 0.01219487
12.40062003 8.73647720 0.00105309 0.00095627 0.00075753 0.00836266 0.34378985 0.04405170 0.35621747 0.01755228 0.03997913 0.02777849 0.14705727 0.01244424
12.50062503 8.72727585 0.00083081 0.00095024 0.00067245 0.00600516 0.34753928 0.04134321 0.36215697 0.01568843 0.03725971 0.02864258 0.14609381 0.01281735
12.60063003 8.70982573 0.00149579 0.00094617 0.00138000 0.01068951 0.34561970 0.04274276 0.35001182 0.01569921 0.03981136 0.03070297 0.14761095 0.01328975
12.70063503 8.69753371 0.00104349 0.00082769 0.00073709 0.00721524 0.34459973 0.04537142 0.34956720 0.01734030 0.03833502 0.03364251 0.14667036 0.01464994
12.80064003 8.69175351 0.00095200 0.00088993 0.00074690 0.00458180 0.35117820 0.04537018 0.34521298 0.01690128 0.04127925 0.02793051 0.14943963 0.01551733
12.90064503 8.67700591 0.00145414 0.00103220 0.00114128 0.01012098 0.35000177 0.04007101 0.34406676 0.01969566 0.03958793 0.02531526 0.15331134 0.01420167
13.00065003 8.66706737 0.00081911 0.00102111 0.00053257 0.00520966 0.35678710 0.04689673 0.34045427 0.01743338 0.03996589 0.02686093 0.15377163 0.01024761
13.10065503 8.66454222 0.00099752 0.00107898 0.00045711 0.00363727 0.35470329 0.04686573 0.33722880 0.02195771 0.04506806 0.02529589 0.15192087 0.01078876
13.20066003 8.65994026 0.00107429 0.00095872 0.00055351 0.00474682 0.35201189 0.04715621 0.33905215 0.02105155 0.04276495 0.02798186 0.15121229 0.01143576
13.30066503 8.64833477 0.00121577 0.00089207 0.00087916 0.00865667 0.35611618 0.04713813 0.33595701 0.01960047 0.03951659 0.02861654 0.14951816 0.01189324
13.40067003 8.63755533 0.00097634 0.00096177 0.00055283 0.00496720 0.36059077 0.04109628 0.34295178 0.01940599 0.03920481 0.02854737 0.15029087 0.01045398
13.50067503 8.62820169 0.00074235 0.00101129 0.00034353 0.00181520 0.35685444 0.04078743 0.34450373 0.02033933 0.03909834 0.02996425 0.15253220 0.01200791
13.60068003 8.61688813 0.00084959 0.00100141 0.00057731 0.00727171 0.35711759 0.04221917 0.34035687 0.01616425 0.03659992 0.03190815 0.15492421 0.01100982
13.70068503 8.60331345 0.00107170 0.00104732 0.00078830 0.00977448 0.35283967 0.04037556 0.33520557 0.01557274 0.03898798 0.03838423 0.15591946 0.01003298
13.80069003 8.59149959 0.00123114 0.00103210 0.00098199 0.00972888 0.35093181 0.04440593 0.33474979 0.01587367 0.04205989 0.03391558 0.15322640 0.01186283
13.90069503 8.58517783 0.00115163 0.00096754 0.00076079 0.00804317 0.35219297 0.04180510 0.33785857 0.02168186 0.04050711 0.03221210 0.15047381 0.01234535
14.00070004 8.56854761 0.00082858 0.00095817 0.00043654 0.00353090 0.35656315 0.04750854 0.34174896 0.01707552 0.03909551 0.03455018 0.14763421 0.01006974
14.10070504 8.55913120 0.00096733 0.00090389 0.00076620 0.00536778 0.35390703 0.04513894 0.33769905 0.01752912 0.03697426 0.03792923 0.14851577 0.01430141
14.20071004 8.54064852 0.00080131 0.00099442 0.00048777 0.00433690 0.34606221 0.04659050 0.34510006 0.01943211 0.03900939 0.03438471 0.14683391 0.01596669
14.30071504 8.53293686 0.00139111 0.00094496 0.00101350 0.00961336 0.34616312 0.04320470 0.33878381 0.01985874 0.03887145 0.03269479 0.15123667 0.01622380
14.40072004 8.52445880 0.00190503 0.00085465 0.00138720 0.00892312 0.34811734 0.04441743 0.34018966 0.02168455 0.03819883 0.02575386 0.15063951 0.01792881
14.50072504 8.51474282 0.00122732 0.00086875 0.00115032 0.00858094 0.34873236 0.04961328 0.34153527 0.01796999 0.03859614 0.02646297 0.15026748 0.01499518
14.60073004 8.50119677 0.00132282 0.00093907 0.00111332 0.00752038 0.34207990 0.05323772 0.34269219 0.01818824 0.04092689 0.02738751 0.14936195 0.01523001
14.70073504 8.49386576 0.00112165 0.00091231 0.00100247 0.00803280 0.34394581 0.05486100 0.34033866 0.01634677 0.04212410 0.02842751 0.14867912 0.01420780
14.80074004 8.48240756 0.00088688 0.00091172 0.00075129 0.00415281 0.33906938 0.05075068 0.33994715 0.01834122 0.04110013 0.03392501 0.15097162 0.01919211
14.90074504 8.47196940 0.00086213 0.00097977 0.00062242 0.00656378 0.33925828 0.05189368 0.34256773 0.01673992 0.03982240 0.03077908 0.15537183 0.01453899
15.00075004 8.46340707 0.00108537 0.00096252 0.00068892 0.00468491 0.33712726 0.05403788 0.34081600 0.01851459 0.03793945 0.02998921 0.15915476 0.01499913
15.10075504 8.45394766 0.00127581 0.00096874 0.00088159 0.00904895 0.33605117 0.05227767 0.34261473 0.01756933 0.04364581 0.02652047 0.15471953 0.01442618
15.20076004 8.44364836 0.00121485 0.00092858 0.00097462 0.00955870 0.33124229 0.05548609 0.34887461 0.01426497 0.03943403 0.03085237 0.15352048 0.01364840
15.30076504 8.43839692 0.00086883 0.00092211 0.00037469 0.00188635 0.33823699 0.05910927 0.35050746 0.01827052 0.03671366 0.02918802 0.15161977 0.01230231
15.40077004 8.42659638 0.00105736 0.00091365 0.00083855 0.00627569 0.33745309 0.05557966 0.35454235 0.01634386 0.03694600 0.02686610 0.14814491 0.01503877
15.50077504 8.41880891 0.00091806 0.00093899 0.00060007 0.00687123 0.33727401 0.05389150 0.35200898 0.01813094 0.03878103 0.02694188 0.14899699 0.01464632
15.60078004 8.40567397 0.00066371 0.00100458 0.00020631 0.00055927 0.33831173 0.05352441 0.34813126 0.01752592 0.04078442 0.03132828 0.15376801 0.01419211
15.70078504 8.39527120 0.00104442 0.00097435 0.00072930 0.00724035 0.33661756 0.04920388 0.34936661 0.01462553 0.03797772 0.03172891 0.15706376 0.01342761
15.80079004 8.38728509 0.00155596 0.00087811 0.00109952 0.00981899 0.33486179 0.04892516 0.34876446 0.01677663 0.03726184 0.03283010 0.15423380 0.01299364
15.90079504 8.37430265 0.00144963 0.00090992 0.00118076 0.00890217 0.33630877 0.05070179 0.34325329 0.01603564 0.03806452 0.03543752 0.15346350 0.01429249
16.00080004 8.36699736 0.00081401 0.00096498 0.00075236 0.00543390 0.34050935 0.05216518 0.34329485 0.01463269 0.03800760 0.03398576 0.15322322 0.01621608
16.10080504 8.35647458 0.00106184 0.00093461 0.00069671 0.00583578 0.34132493 0.04457452 0.35211933 0.01988847 0.03494054 0.03413214 0.15268059 0.01181055
16.20081004 8.34971736 0.00075157 0.00089713 0.00056590 0.00363316 0.34302111 0.04608159 0.34842587 0.02189365 0.03719552 0.02806824 0.15246037 0.01700588
16.30081504 8.34347155 0.00076887 0.00090673 0.00047401 0.00499584 0.34620931 0.04378329 0.35042500 0.01909854 0.03612599 0.03085026 0.15433297 0.01202917
16.40082004 8.33415859 0.00073140 0.00099603 0.00055212 0.00184707 0.34491264 0.04343340 0.34583883 0.01829075 0.03686473 0.03526160 0.15738777 0.01388365
16.50082504 8.32483330 0.00140852 0.00089659 0.00092706 0.00866568 0.34744004 0.04310807 0.34594230 0.02291590 0.03775297 0.02551083 0.15396810 0.01146394
16.60083004 8.31088739 0.00109473 0.00096090 0.00048987 0.00398402 0.34931545 0.03987782 0.34977351 0.02043782 0.03630393 0.03005258 0.15764620 0.01006316
16.70083504 8.29763037 0.00109794 0.00090502 0.00063886 0.00475330 0.34336706 0.04322560 0.35125547 0.01914677 0.03824212 0.03107599 0.15623033 0.01006154
16.80084004 8.28291831 0.00132862 0.00091276 0.00095899 0.00735329 0.34181656 0.04787139 0.34858535 0.01810642 0.03977072 0.03333672 0.15091460 0.00904459
16.90084504 8.26736745 0.00129978 0.00099971 0.00106736 0.00904011 0.33939247 0.04538723 0.34346660 0.01984759 0.04167695 0.02943080 0.15646428 0.01192713
17.00085004 8.26064514 0.00061031 0.00101877 0.00030648 0.00551919 0.34178043 0.04627552 0.34510078 0.01753625 0.04357705 0.02516500 0.16252297 0.01058725
17.10085504 8.24859534 0.00086882 0.00096599 0.00039908 0.00744742 0.34531880 0.04265064 0.34415446 0.01926316 0.04543914 0.02583477 0.15812162 0.00953611
17.20086004 8.24412072 0.00073293 0.00101427 0.00038847 0.00178017 0.35827970 0.03563914 0.34698279 0.01607414 0.04711771 0.02138115 0.16060553 0.01000401
17.30086504 8.23388964 0.00095763 0.00097783 0.00066472 0.00458615 0.36051009 0.03356267 0.34235895 0.01196383 0.05067073 0.02626635 0.15948240 0.00799866
17.40087004 8.22121959 0.00090712 0.00092100 0.00080415 0.00800319 0.36190821 0.02799064 0.34137715 0.01294711 0.04931535 0.02652341 0.15647829 0.01282438
17.50087504 8.21613594 0.00091854 0.00084312 0.00083388 0.00838415 0.36095269 0.03237626 0.33881254 0.01427956 0.04683717 0.02564533 0.15855448 0.01156227
17.60088004 8.20231520 0.00053188 0.00098939 0.00044132 0.00455150 0.35320747 0.03261885 0.34498730 0.01412660 0.04792575 0.02600185 0.16489010 0.00972800
17.70088504 8.19783747 0.00039066 0.00090933 0.00035992 0.00036960 0.35396055 0.03925428 0.34234710 0.01505554 0.04481324 0.02941712 0.16196979 0.01115288
17.80089004 8.18715719 0.00095240 0.00091753 0.00076877 0.00788492 0.34996950 0.03207454 0.35036118 0.01372477 0.03898645 0.03580590 0.15976535 0.00878870
17.90089504 8.17799675 0.00109175 0.00110701 0.00080052 0.00779524 0.34964869 0.03203327 0.34904502 0.01452971 0.04181025 0.03393863 0.16038904 0.00781088
18.00090005 8.16493776 0.00119058 0.00092120 0.00077656 0.00852246 0.35536269 0.03288745 0.34807501 0.01638563 0.03467032 0.03968221 0.15297077 0.00855512
18.10090505 8.15724560 0.00096162 0.00095870 0.00045374 0.00321439 0.36247637 0.03349680 0.34549438 0.01708205 0.03772175 0.03365545 0.15534880 0.00913596
18.20091005 8.14257382 0.00171497 0.00094878 0.00136683 0.01485696 0.35900771 0.03008750 0.33387436 0.02003708 0.03449692 0.03349473 0.15767223 0.01244193
18.30091505 8.13072511 0.00086203 0.00098026 0.00066656 0.00416817 0.36955668 0.03720914 0.33562612 0.01713154 0.03145015 0.02985668 0.16038679 0.01210588
18.40092005 8.12735999 0.00052817 0.00096414 0.00035625 0.00151984 0.37230033 0.03734538 0.33173360 0.01670556 0.03672092 0.02835166 0.16228100 0.01119315
18.50092505 8.12114516 0.00091163 0.00095571 0.00038652 0.00342146 0.37770621 0.03323048 0.33187115 0.02168151 0.03689695 0.02399426 0.16256998 0.00637413
18.60093005 8.10888326 0.00108866 0.00093224 0.00073700 0.00828309 0.38298568 0.02932724 0.33467352 0.01951697 0.03639964 0.02503876 0.15500891 0.00600827
18.70093505 8.09672793 0.00100210 0.00085459 0.00072706 0.00467381 0.37082494 0.03116866 0.33518046 0.01887955 0.03603481 0.03431972 0.15710520 0.00922910
18.80094005 8.09194225 0.00077975 0.00086151 0.00062680 0.00776957 0.37035897 0.03106420 0.33661746 0.01711597 0.04035741 0.03054598 0.15380465 0.01009773
18.90094505 8.08641399 0.00102317 0.00085878 0.00081844 0.00667307 0.36885785 0.03354603 0.33614658 0.01774887 0.03960733 0.03098542 0.15452946 0.00920499
19.00095005 8.07834513 0.00112460 0.00092892 0.00073432 0.00601116 0.36655415 0.02903184 0.34644707 0.01829599 0.03657886 0.03046147 0.15749100 0.00634061
19.10095505 8.06998008 0.00092002 0.00090766 0.00069990 0.00714879 0.37028726 0.02517458 0.34183598 0.01821633 0.03850404 0.03151001 0.15446506 0.01033038
19.20096005 8.06035478 0.00118075 0.00091122 0.00111461 0.01233549 0.36907750 0.02982716 0.33337575 0.01563562 0.03692992 0.03394798 0.15570560 0.00995839
19.30096505 8.05514170 0.00087855 0.00083304 0.00057595 0.00298678 0.37462973 0.02892225 0.33152391 0.01889190 0.03756855 0.03752949 0.15544477 0.01021508
19.40097005 8.04339638 0.00087046 0.00082739 0.00059066 0.00352259 0.37656646 0.02662204 0.33299576 0.02099626 0.03737780 0.03591546 0.15223258 0.01148253
19.50097505 8.03407046 0.00080476 0.00089895 0.00048288 0.00671550 0.37336188 0.03132261 0.33165361 0.01771447 0.03694367 0.03443085 0.15514188 0.01052893
19.60098005 8.02721446 0.00112054 0.00083629 0.00067616 0.00698271 0.37125111 0.03328362 0.33440895 0.02140663 0.03351732 0.03126419 0.15598633 0.00926615
19.70098505 8.01834040 0.00107884 0.00095110 0.00069521 0.00437243 0.37210015 0.03599934 0.32877977 0.01974297 0.04344216 0.03015550 0.15472683 0.00795571
19.80099005 8.00845732 0.00123746 0.00092771 0.00070950 0.00850245 0.37211162 0.03113801 0.32921964 0.02103513 0.04220432 0.02680098 0.15953670 0.00657647
19.90099505 8.00101342 0.00093619 0.00098066 0.00047561 0.01029905 0.37722311 0.02619032 0.33136033 0.02090740 0.04095124 0.02473934 0.15948466 0.00645209
20.00100005 7.98785372 0.00139463 0.00098263 0.00097871 0.00801107 0.37356335 0.02957394 0.33132059 0.02027725 0.04542374 0.02352845 0.15870970 0.00623595
20.10100505 7.97722483 0.00088195 0.00099148 0.00061432 0.01209931 0.37256580 0.02668246 0.33530536 0.01546344 0.05190801 0.02417740 0.15122935 0.00808112
20.20101005 7.96934720 0.00110610 0.00081609 0.00085021 0.00741158 0.37516507 0.03223296 0.33648655 0.01647399 0.04590211 0.02457429 0.14963018 0.00935087
20.30101505 7.96076792 0.00104550 0.00091756 0.00078767 0.00827921 0.37581216 0.02979605 0.34094944 0.01624772 0.04390809 0.01842976 0.15441275 0.00941409
20.40102005 7.95134086 0.00097185 0.00087688 0.00079907 0.00856073 0.37290612 0.03106060 0.34370357 0.01588833 0.04431123 0.01788629 0.15220219 0.01083313
20.50102505 7.94072766 0.00084346 0.00098863 0.00060080 0.00502812 0.36792757 0.03931122 0.33837078 0.01597184 0.03798604 0.02189262 0.16072697 0.01035195
20.60103005 7.93204843 0.00109562 0.00094184 0.00085143 0.00580740 0.37471385 0.03856993 0.33046159 0.01661249 0.03748082 0.02312432 0.16040191 0.00993881
20.70103505 7.92753768 0.00055504 0.00096704 0.00037440 0.00529160 0.38047692 0.03674891 0.33347435 0.01355217 0.04071098 0.02228971 0.15637070 0.00918818
20.80104005 7.92197695 0.00085187 0.00083894 0.00053675 0.00434182 0.37810257 0.03815101 0.33379278 0.01593151 0.03461744 0.03049247 0.15264827 0.00969456
20.90104505 7.91231647 0.00101479 0.00087311 0.00073440 0.00578142 0.38174729 0.03693989 0.33410452 0.01434361 0.03762132 0.02784678 0.14965376 0.00933912
21.00105005 7.90322977 0.00055472 0.00078243 0.00034636 0.00361728 0.38477057 0.03745195 0.33283859 0.01505632 0.03348709 0.02840632 0.15012132 0.01256704
21.10105505 7.89299212 0.00057907 0.00081569 0.00041723 0.00387099 0.38955462 0.03433515 0.32999083 0.01165528 0.03903185 0.02789995 0.15060701 0.01124234
21.20106005 7.88990064 0.00058224 0.00086300 0.00031237 0.00189722 0.38439525 0.03724713 0.33008820 0.01181273 0.04280903 0.02588890 0.15384452 0.01025942
21.30106505 7.88099804 0.00093129 0.00079947 0.00063947 0.00595997 0.38439074 0.03339642 0.32770373 0.01372742 0.04019975 0.02955901 0.15290631 0.00978642
21.40107005 7.86742383 0.00083397 0.00087090 0.00054196 0.00315057 0.37869103 0.03948131 0.32583484 0.01540786 0.04531273 0.02740707 0.15129050 0.01117727
21.50107505 7.86096431 0.00071141 0.00082527 0.00047078 0.00428144 0.37934362 0.03940077 0.33112478 0.01324585 0.04488865 0.02502431 0.15181769 0.00886544
21.60108005 7.85349071 0.00108589 0.00074537 0.00087709 0.00589254 0.37041446 0.03810719 0.33319136 0.01572869 0.04095404 0.02826572 0.15269477 0.01204289
21.70108505 7.85028841 0.00137830 0.00080061 0.00097711 0.00975581 0.36986135 0.03218603 0.33712692 0.01839987 0.03943812 0.02672622 0.15277301 0.01057666
21.80109005 7.83914750 0.00111438 0.00093243 0.00079317 0.00538375 0.37227744 0.04059155 0.33288398 0.01675654 0.04022452 0.02299123 0.15368163 0.01236938
21.90109505 7.83105471 0.00068463 0.00080916 0.00055392 0.00360931 0.37958211 0.04115160 0.32907774 0.01497178 0.03693529 0.02824687 0.15159569 0.01278188
22.00110006 7.82063873 0.00071524 0.00090552 0.00049856 0.00397732 0.38281074 0.03856297 0.32230293 0.01410937 0.03435524 0.03147539 0.15962557 0.01066115
22.10110506 7.80806919 0.00129161 0.00090406 0.00093471 0.00843573 0.37452578 0.04197892 0.32744824 0.01661352 0.03844248 0.02751385 0.15267944 0.00923167
22.20111006 7.79906332 0.00116425 0.00085440 0.00067897 0.00769133 0.36809938 0.04164484 0.32988088 0.01773161 0.03971429 0.02988026 0.15345105 0.00920874
22.30111506 7.78723560 0.00147409 0.00077012 0.00111793 0.01089687 0.36294714 0.04117479 0.32567825 0.02003874 0.03801851 0.03182229 0.15258598 0.01347529
22.40112006 7.77973982 0.00095942 0.00081396 0.00071348 0.00484333 0.35877037 0.03975400 0.33766653 0.01747715 0.03847065 0.03421089 0.15027851 0.01604173
22.50112506 7.77143739 0.00157115 0.00082133 0.00142398 0.01337169 0.35707614 0.03898772 0.33452468 0.01648840 0.03972280 0.03187235 0.14985504 0.01428470
22.60113006 7.76644763 0.00085941 0.00086716 0.00055756 0.00375597 0.36240573 0.04102711 0.33568712 0.01627695 0.04105378 0.03239628 0.15198621 0.01312673
22.70113506 7.75292809 0.00067734 0.00090750 0.00066737 0.00368548 0.36487002 0.04143055 0.33013727 0.01250678 0.04181421 0.03470679 0.15227099 0.01632568
22.80114006 7.74860291 0.00102971 0.00080034 0.00098310 0.00683338 0.36164646 0.04560029 0.32735560 0.01415103 0.03813090 0.03567259 0.15206670 0.01572989
22.90114506 7.73234045 0.00147367 0.00085546 0.00114566 0.01014309 0.36139111 0.04459950 0.32539645 0.01564018 0.03624976 0.03654593 0.15410723 0.01245197
23.00115006 7.72901711 0.00139797 0.00089461 0.00125645 0.00947898 0.36493489 0.04435587 0.32270082 0.01437937 0.04021137 0.03150595 0.15525831 0.01362540
23.10115506 7.72473784 0.00075215 0.00082236 0.00050362 0.00190923 0.35988147 0.04859350 0.33141105 0.01661558 0.03664847 0.03241965 0.15523666 0.01520628
23.20116006 7.71339108 0.00052720 0.00086123 0.00024698 0.00040976 0.35266458 0.04995187 0.33336174 0.01539360 0.04224574 0.03601342 0.15486670 0.01345716
23.30116506 7.70395565 0.00129410 0.00080784 0.00084009 0.00925709 0.35221440 0.05043175 0.32982332 0.02076054 0.03979780 0.03165441 0.15135664 0.01176201
23.40117006 7.69301172 0.00081974 0.00086312 0.00033295 0.00193129 0.35662480 0.05174583 0.33167320 0.02149265 0.03814978 0.02897046 0.15268909 0.01470708
23.50117506 7.68217604 0.00152529 0.00090550 0.00108368 0.00965132 0.35492283 0.04506336 0.32737993 0.01905393 0.04351734 0.03142082 0.15127441 0.01420160
23.60118006 7.66731607 0.00074354 0.00088874 0.00058220 0.00437489 0.35028245 0.05037031 0.34071576 0.01510274 0.04031852 0.02882672 0.15379452 0.01399959
23.70118506 7.65565644 0.00086327 0.00084912 0.00093682 0.00426118 0.34995579 0.04721408 0.34045292 0.01696688 0.03811802 0.02655214 0.15462415 0.01920564
23.80119006 7.64835269 0.00144250 0.00085219 0.00116111 0.01019290 0.34743905 0.04564486 0.34220906 0.01645133 0.03925291 0.02652658 0.15624680 0.01258073
23.90119506 7.63529411 0.00121669 0.00087161 0.00080737 0.00728779 0.34945150 0.04971039 0.34198331 0.01978215 0.04214159 0.02241750 0.15355199 0.01077811
24.00120006 7.62953623 0.00085967 0.00085747 0.00043551 0.00336676 0.35430381 0.05519457 0.33789268 0.01851652 0.04347367 0.02443600 0.15147237 0.00919098
24.10120506 7.61781266 0.00119066 0.00082130 0.00074321 0.00958268 0.35701164 0.05340654 0.33622371 0.01959774 0.03652660 0.02359680 0.15141674 0.00988237
24.20121006 7.60714765 0.00087359 0.00083271 0.00044204 0.00186199 0.35091942 0.05498094 0.33551612 0.01976917 0.04031507 0.02734183 0.15041667 0.01673045
24.30121506 7.60044944 0.00106991 0.00085332 0.00077773 0.00641019 0.34799613 0.04937106 0.33389908 0.01931227 0.03336890 0.03044901 0.15788256 0.01860983
24.40122006 7.59541643 0.00090350 0.00089664 0.00044523 0.00279057 0.35571369 0.04338343 0.33548799 0.02147746 0.03251452 0.03002343 0.16138715 0.01497637
24.50122506 7.58818290 0.00105723 0.00094852 0.00057074 0.00693587 0.35196287 0.04037723 0.34217954 0.01569444 0.03340004 0.03059738 0.16550903 0.01076711
24.60123006 7.57824643 0.00098430 0.00095007 0.00077183 0.00795973 0.34987756 0.04427570 0.33951416 0.01405058 0.03507826 0.02946662 0.16657994 0.01049124
24.70123506 7.56974685 0.00092387 0.00091069 0.00064722 0.00545497 0.35693423 0.04987093 0.33498928 0.01456952 0.03467276 0.02879895 0.16049305 0.01173454
24.80124006 7.55912108 0.00105149 0.00095947 0.00063959 0.00729615 0.35281733 0.04690190 0.33407531 0.01527597 0.04274316 0.03006555 0.15740473 0.01076935
24.90124506 7.54900026 0.00108415 0.00089534 0.00084428 0.00777550 0.35127879 0.04114051 0.33408887 0.01876878 0.04114019 0.03004414 0.15859682 0.01434264
25.00125006 7.53761786 0.00091917 0.00083998 0.00051711 0.00460589 0.36173784 0.04124982 0.33289050 0.01878150 0.03812923 0.03069124 0.15840246 0.01123527
25.10125506 7.53147109 0.00081018 0.00082239 0.00053272 0.00631436 0.35908469 0.04370141 0.32703501 0.01732575 0.03864695 0.03410951 0.15841096 0.01320608
25.20126006 7.52123895 0.00096627 0.00086686 0.00051972 0.00373782 0.35881548 0.04262236 0.32853572 0.01984588 0.03808694 0.03352355 0.15769500 0.01478441
25.30126506 7.50825423 0.00108770 0.00091253 0.00062169 0.00695784 0.35897111 0.04668895 0.32337996 0.01996739 0.03823270 0.03449072 0.15850370 0.01018571
25.40127006 7.50205666 0.00104028 0.00088019 0.00067152 0.00874971 0.36724264 0.04955431 0.32680660 0.01710862 0.03460820 0.02939597 0.15446238 0.00947960
25.50127506 7.49725333 0.00082810 0.00087001 0.00052177 0.00528142 0.37084013 0.04644845 0.33158498 0.01628010 0.03478230 0.02414832 0.15792258 0.01049184
25.60128006 7.49024117 0.00069383 0.00087748 0.00024977 0.00202229 0.37279879 0.05234573 0.32787712 0.01602924 0.03660967 0.02272062 0.15783693 0.00993852
25.70128506 7.47503805 0.00122024 0.00088181 0.00089913 0.00915176 0.36262050 0.04987429 0.32862152 0.01549679 0.03741273 0.02279847 0.15846344 0.01255932
