0.00000000 9.00000000 0.00000000 0.00000000 0.00000000 0.00000000 0.00000000 0.00000000 0.00000000 1.00000000 0.00000000 0.00000000 0.00000000 0.00000000
0.10000500 9.00424838 0.02468410 0.00161025 0.00919808 0.10164590 0.10260910 0.17323501 0.01645155 0.38010071 0.06054247 0.07320238 0.02678663 0.02993381
0.20001000 9.00378718 0.00820421 0.00155074 0.00446842 0.04223093 0.14217804 0.23602042 0.05648339 0.21499266 0.06549638 0.14037206 0.04829145 0.03971129
0.30001500 8.99928674 0.00534324 0.00131235 0.00375700 0.03162450 0.16122574 0.24475370 0.06467507 0.14583164 0.07114511 0.16733896 0.05964173 0.04335096
0.40002000 8.99551802 0.00440335 0.00117626 0.00247585 0.01660701 0.17924933 0.21858589 0.07285170 0.13717521 0.08137783 0.17987748 0.05534488 0.05087520
0.50002500 8.98901977 0.00499551 0.00109121 0.00252461 0.01980621 0.19772115 0.19572210 0.07754467 0.13677546 0.08347975 0.17968331 0.06016321 0.04049279
0.60003000 8.98410424 0.00405394 0.00124954 0.00141373 0.00982835 0.20460457 0.17119622 0.09372415 0.12579980 0.09513224 0.18321486 0.06928949 0.04049310
0.70003500 8.97790494 0.00399517 0.00100354 0.00205658 0.01308583 0.21162162 0.16618966 0.09193581 0.10482973 0.09589975 0.19395464 0.07153928 0.04388840
0.80004000 8.96959267 0.00326557 0.00119160 0.00168040 0.01192389 0.21868630 0.15844431 0.09528973 0.08941871 0.09869806 0.19682478 0.08013431 0.04444234
0.90004500 8.96850579 0.00291196 0.00101679 0.00172028 0.01378938 0.22023617 0.15810769 0.10933208 0.07874076 0.09694270 0.18936629 0.08047226 0.04736364
1.00005000 8.95969687 0.00280393 0.00100668 0.00191009 0.01545447 0.23141124 0.14222690 0.11501243 0.07409968 0.10214497 0.17780714 0.08242469 0.05369778
1.10005500 8.95284553 0.00276077 0.00106700 0.00158386 0.01274877 0.23814642 0.15664664 0.11933342 0.07624574 0.09401552 0.15782124 0.09343764 0.04619298
1.20006000 8.93703146 0.00283392 0.00118324 0.00153690 0.01090617 0.24487004 0.15080257 0.13922415 0.07680384 0.08886355 0.14753603 0.09385902 0.04158056
1.30006500 8.93202692 0.00298372 0.00120196 0.00175457 0.01519511 0.25830686 0.14692487 0.14859509 0.07090749 0.09757159 0.13107760 0.09032449 0.03515665
1.40007000 8.92757348 0.00253296 0.00112375 0.00109825 0.00977233 0.27095766 0.14633101 0.15272610 0.07406897 0.10015436 0.11157415 0.09303813 0.03662234
1.50007500 8.92337569 0.00316429 0.00099975 0.00151500 0.01465197 0.27607911 0.14856320 0.15006889 0.08032797 0.09923185 0.10058546 0.09162041 0.03319211
1.60008000 8.91326137 0.00330816 0.00117714 0.00158447 0.01200894 0.28523658 0.14560998 0.14878750 0.07841252 0.09735389 0.09401966 0.09944488 0.03305628
1.70008500 8.90566627 0.00307171 0.00116400 0.00152895 0.01002165 0.30185884 0.14471763 0.15453876 0.07156260 0.10032053 0.08074816 0.09611787 0.03434929
1.80009000 8.89393123 0.00300243 0.00130661 0.00220444 0.01893060 0.30333639 0.12633767 0.16604401 0.05773183 0.11203126 0.07434289 0.09928173 0.03545014
1.90009500 8.88546257 0.00253758 0.00125704 0.00187300 0.01710985 0.31957162 0.11730238 0.16450514 0.04891821 0.11126924 0.07898786 0.09939695 0.03727112
2.00010001 8.87942959 0.00240186 0.00117189 0.00170077 0.01108557 0.32106219 0.11646980 0.16717233 0.04946694 0.11566154 0.07481683 0.10293205 0.03605824
2.10010501 8.87044947 0.00207957 0.00119037 0.00138814 0.00674220 0.32586595 0.11536982 0.16712893 0.04780194 0.11373333 0.07258899 0.11208143 0.03402933
2.20011001 8.86219732 0.00205193 0.00125614 0.00113296 0.00523019 0.32861405 0.11503696 0.16936718 0.04912906 0.10789289 0.07491248 0.11286975 0.03250642
2.30011501 8.85455635 0.00205461 0.00128663 0.00147390 0.01005012 0.33708142 0.10856895 0.17455207 0.03928828 0.10252580 0.07425491 0.11855408 0.03030923
2.40012001 8.85096856 0.00154042 0.00119749 0.00090805 0.00480432 0.34356846 0.10820355 0.17895849 0.03853055 0.09949327 0.07578537 0.11678229 0.03022774
2.50012501 8.84286821 0.00157034 0.00115932 0.00116234 0.01029597 0.34062746 0.10510172 0.17918762 0.03469306 0.10224752 0.07335545 0.11677808 0.03382112
2.60013001 8.83509561 0.00200493 0.00117669 0.00158838 0.01300285 0.34305267 0.10312356 0.18522952 0.03439263 0.10352790 0.06634816 0.11501321 0.03153947
2.70013501 8.82829151 0.00141324 0.00113209 0.00073525 0.00565737 0.35076996 0.09565256 0.19706479 0.03290262 0.10164824 0.06807460 0.11938492 0.02556435
2.80014001 8.81145305 0.00179855 0.00112410 0.00111173 0.00777904 0.34745169 0.09498308 0.20314920 0.03726739 0.09715645 0.06428322 0.11911856 0.02477700
2.90014501 8.79881704 0.00180983 0.00119493 0.00099082 0.00735948 0.35273578 0.08973762 0.20932680 0.03697773 0.09635643 0.06483478 0.11438606 0.02428975
3.00015001 8.78435909 0.00156085 0.00114609 0.00063143 0.00834078 0.35786727 0.08692646 0.20952653 0.03814472 0.09955483 0.06247126 0.11190528 0.02192450
3.10015501 8.78022145 0.00174586 0.00112942 0.00085976 0.00722397 0.36300400 0.08665696 0.20677653 0.04047358 0.09060156 0.06127903 0.11448848 0.02576084
3.20016001 8.76554293 0.00199035 0.00120178 0.00126470 0.01003402 0.36808502 0.08392742 0.20246424 0.03311164 0.09513687 0.06244323 0.11911210 0.02122863
3.30016501 8.75700231 0.00212948 0.00106587 0.00147054 0.01478068 0.37334671 0.07849002 0.21593605 0.03420593 0.08460738 0.05520627 0.11704399 0.02171708
3.40017001 8.74672436 0.00181402 0.00108456 0.00125900 0.00840865 0.38319496 0.07474023 0.21224244 0.03440842 0.08523792 0.05601878 0.11824013 0.02335091
3.50017501 8.73891445 0.00167922 0.00108217 0.00111132 0.01149528 0.38154184 0.07383812 0.21961762 0.03257194 0.08266097 0.05505118 0.11909738 0.02025294
3.60018001 8.72719364 0.00129553 0.00108481 0.00079598 0.00422908 0.38033467 0.07194397 0.22727264 0.03328581 0.07909996 0.05622206 0.12420792 0.02022758
3.70018501 8.72437853 0.00138272 0.00105628 0.00060047 0.00472779 0.38664995 0.06968363 0.22369935 0.03350228 0.08013920 0.05269897 0.12845522 0.01740415
3.80019001 8.70663396 0.00148759 0.00109164 0.00056125 0.00286572 0.38309575 0.06863531 0.22485173 0.03630272 0.07982796 0.05855799 0.12513292 0.01758941
3.90019501 8.69862025 0.00172179 0.00102075 0.00129171 0.01911278 0.38523465 0.06101026 0.22596415 0.02909248 0.07481364 0.05614593 0.12496681 0.01962504
4.00020001 8.68889625 0.00176421 0.00105288 0.00136067 0.00935111 0.38565760 0.06935237 0.23169769 0.02910341 0.06956997 0.05103811 0.13002186 0.02003012
4.10020501 8.68503391 0.00192240 0.00098433 0.00154436 0.01079958 0.39098796 0.06721091 0.23391914 0.02838055 0.06730405 0.04634520 0.12680453 0.02379699
4.20021001 8.67281743 0.00115217 0.00100333 0.00079254 0.00734035 0.39489507 0.07572014 0.23043525 0.02640701 0.06541399 0.04741159 0.13025236 0.01917620
4.30021501 8.65308880 0.00179543 0.00093727 0.00119748 0.01014326 0.38571109 0.07471670 0.23752986 0.03382819 0.06069500 0.04706709 0.12512677 0.02125184
4.40022001 8.64608332 0.00134620 0.00103083 0.00096314 0.00578828 0.38874068 0.07054026 0.24158890 0.02574945 0.06373720 0.04925590 0.12890239 0.02235677
4.50022501 8.63969552 0.00104801 0.00097665 0.00070061 0.00334918 0.39654757 0.07117913 0.24231212 0.02333607 0.06003650 0.05129104 0.12812716 0.02109597
4.60023001 8.63580526 0.00133614 0.00090142 0.00095953 0.01134047 0.40342320 0.06489410 0.24174649 0.02163607 0.05650310 0.05038343 0.12942579 0.01745025
4.70023501 8.62843963 0.00130523 0.00088398 0.00102559 0.00790219 0.40156696 0.06542739 0.23985669 0.02361818 0.06161617 0.04355078 0.13207620 0.02117064
4.80024001 8.62206806 0.00167341 0.00084042 0.00124929 0.01212403 0.40425749 0.06839832 0.24188994 0.02493255 0.05553337 0.03790413 0.13147877 0.01971828
4.90024501 8.61021261 0.00211504 0.00082834 0.00172668 0.01512815 0.40021263 0.06767011 0.24378340 0.02290044 0.05630721 0.03758493 0.13286842 0.01887464
5.00025001 8.60634874 0.00134736 0.00089953 0.00084373 0.00566837 0.40335334 0.06830094 0.24563690 0.03008079 0.05576966 0.03316643 0.13634056 0.01859238
5.10025501 8.59812738 0.00111784 0.00104218 0.00065538 0.00621189 0.39949340 0.06131531 0.25130966 0.02326601 0.06136422 0.03591625 0.14079055 0.01751733
5.20026001 8.58505235 0.00160902 0.00093471 0.00095460 0.00867177 0.39204699 0.06013410 0.25402099 0.02951571 0.05990522 0.03743948 0.13909208 0.01567531
5.30026501 8.56727452 0.00126442 0.00108718 0.00064131 0.00335407 0.38898959 0.06089507 0.25569722 0.02865944 0.06721899 0.03662893 0.13900702 0.01655676
5.40027001 8.56246246 0.00114266 0.00098470 0.00079698 0.00633972 0.38692752 0.06135995 0.25792355 0.02342670 0.06491172 0.03488985 0.14325252 0.01804413
5.50027501 8.54475557 0.00112711 0.00113146 0.00068282 0.00468454 0.38597089 0.05792564 0.25864362 0.02402148 0.07002340 0.03540350 0.14423064 0.01615491
5.60028001 8.53435567 0.00151325 0.00094399 0.00126948 0.01147818 0.39106117 0.05748239 0.25547691 0.02082781 0.06367951 0.03735888 0.14083842 0.01807001
5.70028501 8.52654808 0.00111958 0.00098760 0.00065227 0.00323576 0.38957584 0.05665031 0.26073981 0.02550594 0.06143238 0.03663876 0.14526437 0.01819739
5.80029001 8.51571437 0.00110773 0.00103962 0.00094438 0.00678279 0.38917220 0.05703706 0.26236693 0.02081989 0.05901806 0.03596381 0.14640320 0.01934434
5.90029501 8.50721023 0.00116013 0.00100510 0.00080846 0.00519894 0.38939155 0.05831771 0.26023484 0.02251363 0.05661937 0.04102753 0.14674913 0.01697361
6.00030002 8.49665747 0.00152079 0.00093088 0.00125164 0.01541874 0.38497906 0.05259084 0.26327354 0.02251722 0.05533446 0.04134214 0.14348207 0.01735863
6.10030502 8.48862049 0.00122530 0.00101356 0.00097423 0.01315610 0.38961640 0.05457149 0.26763531 0.01979895 0.05463838 0.04099569 0.14309635 0.01327825
6.20031002 8.48062035 0.00139213 0.00091141 0.00073220 0.00741186 0.39258470 0.05813088 0.26603105 0.02412198 0.05239862 0.04119939 0.14207422 0.01301156
6.30031502 8.47243612 0.00129003 0.00090341 0.00101820 0.00905743 0.39239897 0.05628981 0.26435822 0.02030945 0.04992245 0.03849258 0.14641696 0.01954249
6.40032002 8.45900015 0.00159422 0.00097873 0.00119962 0.01006150 0.38694000 0.06005800 0.27015381 0.02047846 0.05201028 0.03447029 0.14591718 0.01613791
6.50032502 8.45199044 0.00109381 0.00103133 0.00063921 0.00432317 0.38929839 0.06019577 0.27045534 0.01914209 0.05023313 0.03468536 0.15498181 0.01392059
6.60033002 8.44276948 0.00153307 0.00108509 0.00108710 0.00904842 0.38810356 0.05379323 0.26591064 0.01965399 0.05371408 0.03180589 0.16118663 0.01307830
6.70033502 8.42651511 0.00123199 0.00102416 0.00061056 0.00489002 0.38427773 0.06069626 0.27318091 0.01928840 0.05383756 0.03138475 0.15567963 0.01389801
6.80034002 8.41961294 0.00122056 0.00103685 0.00096509 0.00836732 0.38364442 0.05661834 0.27493839 0.01867516 0.05702865 0.02644596 0.15535169 0.01570758
6.90034502 8.40383747 0.00152950 0.00095401 0.00096145 0.00755673 0.38089934 0.05457970 0.28322849 0.02329863 0.05122149 0.02765025 0.15569668 0.01242375
7.00035002 8.38988221 0.00131589 0.00098294 0.00104927 0.00710034 0.37759875 0.06331683 0.27703481 0.01997470 0.05144372 0.03010569 0.15493978 0.01513726
7.10035502 8.37284118 0.00141099 0.00110006 0.00077725 0.00666158 0.37706915 0.05950185 0.27831439 0.02314776 0.05210009 0.03032916 0.15741630 0.01217139
7.20036002 8.35816755 0.00159108 0.00105499 0.00117004 0.01296793 0.37126493 0.06104178 0.27292121 0.01925202 0.05479252 0.03642602 0.15196635 0.01555112
7.30036502 8.34386938 0.00142740 0.00095550 0.00107679 0.01142349 0.36364006 0.06458797 0.27550395 0.01985589 0.05187665 0.03729042 0.15202385 0.02033803
7.40037002 8.33530731 0.00153438 0.00093611 0.00093997 0.00687734 0.36174892 0.06353181 0.27703634 0.02401685 0.05438972 0.03926979 0.15188891 0.01782986
7.50037502 8.32483087 0.00090692 0.00098079 0.00042894 0.00537025 0.36516866 0.06043216 0.28637074 0.02239437 0.05263650 0.04017593 0.15084332 0.01429142
7.60038002 8.31556778 0.00124747 0.00094536 0.00088986 0.00699106 0.36786452 0.05443634 0.29200284 0.02085364 0.05109165 0.03737407 0.15009564 0.01620756
7.70038502 8.29257992 0.00132079 0.00108218 0.00105485 0.01265365 0.37160642 0.05016876 0.28788357 0.01889286 0.05237686 0.03728033 0.15105096 0.01462876
7.80039002 8.27843917 0.00144865 0.00104876 0.00093753 0.00833209 0.37689149 0.04956071 0.28107194 0.02432674 0.05255980 0.03816297 0.15042801 0.01523131
7.90039502 8.27062913 0.00156421 0.00106267 0.00128630 0.01011852 0.37466963 0.05682414 0.27706624 0.01757339 0.05141831 0.03729691 0.15578315 0.01533654
8.00040002 8.26713493 0.00076588 0.00103990 0.00042816 0.00173493 0.37039932 0.06069395 0.28784334 0.02012469 0.04815079 0.03511293 0.15656665 0.01713945
8.10040502 8.25428899 0.00108506 0.00102843 0.00077001 0.00579543 0.36729048 0.06033767 0.28570324 0.02012957 0.05049387 0.03342705 0.15548398 0.01845521
8.20041002 8.25095798 0.00114953 0.00096991 0.00078249 0.00729087 0.37439326 0.05038438 0.28350300 0.02232543 0.05082294 0.03417605 0.15631090 0.01789126
8.30041502 8.23697178 0.00115887 0.00094957 0.00086065 0.00518857 0.37335719 0.05164591 0.28317755 0.02054931 0.05494897 0.03860117 0.15556671 0.01399552
8.40042002 8.22840335 0.00062334 0.00100945 0.00029226 0.00243371 0.37796036 0.05741950 0.28329514 0.01772738 0.05224457 0.03659872 0.15749049 0.01290511
8.50042502 8.21771900 0.00120930 0.00093929 0.00074236 0.00864385 0.36923197 0.05395797 0.28814537 0.02012416 0.05532520 0.03606173 0.15435818 0.01126062
8.60043002 8.20315252 0.00137066 0.00094450 0.00091643 0.01137337 0.36266702 0.05627881 0.28576136 0.02238118 0.05734558 0.03381132 0.15328154 0.01386823
8.70043502 8.19405155 0.00100060 0.00101034 0.00038565 0.00192281 0.36143506 0.05489100 0.28846271 0.02551885 0.05957556 0.03480956 0.15551633 0.01547153
8.80044002 8.18971097 0.00099445 0.00095860 0.00047476 0.00196573 0.37101563 0.05300199 0.28349082 0.02719861 0.05472751 0.03274161 0.15580744 0.01762284
8.90044502 8.17655858 0.00102755 0.00103844 0.00048915 0.00665958 0.36388426 0.05537913 0.28983412 0.02304100 0.05695869 0.03041107 0.15828450 0.01299252
9.00045002 8.16598518 0.00092351 0.00108135 0.00050368 0.00314156 0.36735045 0.05220785 0.29479614 0.02171981 0.05154546 0.03265906 0.16122660 0.01284452
9.10045502 8.15234251 0.00093103 0.00103605 0.00053860 0.00878219 0.36496074 0.05361091 0.29161286 0.02014875 0.05135833 0.03730263 0.15703202 0.01268588
9.20046002 8.13673249 0.00147139 0.00106872 0.00107613 0.01253053 0.37192883 0.04753133 0.28416417 0.02011019 0.05865872 0.03533219 0.15417955 0.01194823
9.30046502 8.12367989 0.00143950 0.00099230 0.00104400 0.00861828 0.36508497 0.05032739 0.28774644 0.02062922 0.05576147 0.04034876 0.15441482 0.01359285
9.40047002 8.11365966 0.00119295 0.00098769 0.00071844 0.00829794 0.36989736 0.04787224 0.28517007 0.02054482 0.05756028 0.03949957 0.15638461 0.01187403
9.50047502 8.10688301 0.00124528 0.00102647 0.00076336 0.01050951 0.36739236 0.04895560 0.28040311 0.01998109 0.05880031 0.03966794 0.15837776 0.01287722
9.60048002 8.09706397 0.00163252 0.00106186 0.00103223 0.00804485 0.37221266 0.04596380 0.28051628 0.02370070 0.05747040 0.03531583 0.16073882 0.01231008
9.70048502 8.08647902 0.00095149 0.00112500 0.00067086 0.00421704 0.37407983 0.05384288 0.28154007 0.01884214 0.06070116 0.03017509 0.16055393 0.01330049
9.80049002 8.07811961 0.00098215 0.00104947 0.00062028 0.00801138 0.37674475 0.05165810 0.28158450 0.01766073 0.06165562 0.02951508 0.15896565 0.01155229
9.90049502 8.06820020 0.00103701 0.00097673 0.00066081 0.00491577 0.37199761 0.05621567 0.28179549 0.02174111 0.05819796 0.03086726 0.15703223 0.01456236
10.00050003 8.05482829 0.00105272 0.00105522 0.00070566 0.00439419 0.37757814 0.05517887 0.28145289 0.02058987 0.05470073 0.03007542 0.15921302 0.01400328
10.10050503 8.04216940 0.00137452 0.00104904 0.00099110 0.01130798 0.37470423 0.05087845 0.28473322 0.02102268 0.05441974 0.02959963 0.15509378 0.01482564
10.20051003 8.03126884 0.00142253 0.00102936 0.00126306 0.01056329 0.37156186 0.04713618 0.28703897 0.01775441 0.05677580 0.02910902 0.15959400 0.01675150
10.30051503 8.02491768 0.00126872 0.00105548 0.00108194 0.00920818 0.36657007 0.04737483 0.29852100 0.01810782 0.05098739 0.03108964 0.15886605 0.01586885
10.40052003 8.02202003 0.00108955 0.00096066 0.00052942 0.00507138 0.37487868 0.04360887 0.29653982 0.02410159 0.05142244 0.03295031 0.15619840 0.01264886
10.50052503 8.01901284 0.00085978 0.00098666 0.00043572 0.00380570 0.37961404 0.04537421 0.29661367 0.01899235 0.05557463 0.03116649 0.15521100 0.01136576
10.60053003 8.00972441 0.00119406 0.00091605 0.00088385 0.00734907 0.37674408 0.04461756 0.30173545 0.01802003 0.04808905 0.03462435 0.15451537 0.01131109
10.70053503 7.99978090 0.00130073 0.00090141 0.00094490 0.00790945 0.37756584 0.04466984 0.30302140 0.01688313 0.04568968 0.03392533 0.15482166 0.01236660
10.80054003 7.98676836 0.00117472 0.00090959 0.00082832 0.00808265 0.37760855 0.04440273 0.30209933 0.01533314 0.04792940 0.03727269 0.15345312 0.01090575
10.90054503 7.97037618 0.00123957 0.00096100 0.00053823 0.00480698 0.37212599 0.04368774 0.30450316 0.01996605 0.04672970 0.03815676 0.15568016 0.01160467
11.00055003 7.95843016 0.00119613 0.00092947 0.00046187 0.00550383 0.36678480 0.04507771 0.30246071 0.02327869 0.04403915 0.04005765 0.15778588 0.01242411
11.10055503 7.94440463 0.00153128 0.00101133 0.00091356 0.01083257 0.36817071 0.04254392 0.29616009 0.02276449 0.04593001 0.03735847 0.15872786 0.01405573
11.20056003 7.92950539 0.00163239 0.00100620 0.00110379 0.01065713 0.36269027 0.05009511 0.29520551 0.02375797 0.05312722 0.03538056 0.15397079 0.01137306
11.30056503 7.92499916 0.00121206 0.00103691 0.00072418 0.00994700 0.36465605 0.04555685 0.29696727 0.02197583 0.05588497 0.03277908 0.15745480 0.01180500
11.40057003 7.91145805 0.00099492 0.00098619 0.00053803 0.00442580 0.36964370 0.04518407 0.30712170 0.02026793 0.05135787 0.03084116 0.15889054 0.00974809
11.50057503 7.90148593 0.00136802 0.00099972 0.00070307 0.00812714 0.36733267 0.04382348 0.30247257 0.02234650 0.05815235 0.02695602 0.15704268 0.01067577
11.60058003 7.89224264 0.00139207 0.00096212 0.00083894 0.00644215 0.37438148 0.04514577 0.30165905 0.02362363 0.05275552 0.02706110 0.15424183 0.01149634
11.70058503 7.88319888 0.00092825 0.00103021 0.00025786 0.00141777 0.37345132 0.04721082 0.29661205 0.02742320 0.05635307 0.02943886 0.15455335 0.01132324
11.80059003 7.87914583 0.00097729 0.00090387 0.00048069 0.00298854 0.37805285 0.04721647 0.29897645 0.02195196 0.05069950 0.03221557 0.15336732 0.01216948
11.90059503 7.87630072 0.00129675 0.00085736 0.00082186 0.00721903 0.37744256 0.04295521 0.29811789 0.02270109 0.05078848 0.03189733 0.15279372 0.01310873
12.00060003 7.86809972 0.00108865 0.00095217 0.00074102 0.00955569 0.37782675 0.04223963 0.30114044 0.01687689 0.05638153 0.02934162 0.15369912 0.01015650
12.10060503 7.86392698 0.00092211 0.00087070 0.00070021 0.00449537 0.37710749 0.04281640 0.30470922 0.01534686 0.05469353 0.03035470 0.15461906 0.01336434
12.20061003 7.85852361 0.00098164 0.00093287 0.00074368 0.00596467 0.37260691 0.04634356 0.30851676 0.01259288 0.05602397 0.02942700 0.15591949 0.00994656
12.30061503 7.84568037 0.00090233 0.00094451 0.00062835 0.00601883 0.36673260 0.04406257 0.30405512 0.01360697 0.05698033 0.03768450 0.15728745 0.01109644
12.40062003 7.83583910 0.00067289 0.00100159 0.00034328 0.00288304 0.37199650 0.04129101 0.30394486 0.01404761 0.05691038 0.03759632 0.15814666 0.01116586
12.50062503 7.82654224 0.00127337 0.00092316 0.00077807 0.01394778 0.36660443 0.03948285 0.30352010 0.01500368 0.05522263 0.03616743 0.15572968 0.01134682
12.60063003 7.81668455 0.00091225 0.00097240 0.00056648 0.00523861 0.36895871 0.04402188 0.30929501 0.01866132 0.04759006 0.03450487 0.15518382 0.01409459
12.70063503 7.81318086 0.00117033 0.00087871 0.00086579 0.00774723 0.37330935 0.04067268 0.31308099 0.01712526 0.04915529 0.02862017 0.15357567 0.01379854
12.80064003 7.80445105 0.00080318 0.00094905 0.00061793 0.00340485 0.37220962 0.04339485 0.32292334 0.01690422 0.04803759 0.02526254 0.15188041 0.01361244
12.90064503 7.79712128 0.00120158 0.00092376 0.00079741 0.00912810 0.37967920 0.04126110 0.31839955 0.01778403 0.04512445 0.02439138 0.15187303 0.00943640
13.00065003 7.79088056 0.00086705 0.00088960 0.00059355 0.00428162 0.37994329 0.04777636 0.32029064 0.01493368 0.03884912 0.02826198 0.15202734 0.01128576
13.10065503 7.78455244 0.00087835 0.00093354 0.00047158 0.00243961 0.37800005 0.04412161 0.31835405 0.01872631 0.04443444 0.02648722 0.15227791 0.01287533
13.20066003 7.77547786 0.00110953 0.00088460 0.00083936 0.00899055 0.37883921 0.04114170 0.31364024 0.01455863 0.04054829 0.02962795 0.15808766 0.01173229
13.30066503 7.76268402 0.00151804 0.00094836 0.00115051 0.01077536 0.38140983 0.03667505 0.31288065 0.01591699 0.04227207 0.02968146 0.15848909 0.00828258
13.40067003 7.75537725 0.00064869 0.00098648 0.00028632 0.00471321 0.38309890 0.03662337 0.31709841 0.01626259 0.04355758 0.02896441 0.15925862 0.00850141
13.50067503 7.74551300 0.00084373 0.00091515 0.00058631 0.00424082 0.37886482 0.03499258 0.31899301 0.01614151 0.04120358 0.03390897 0.15802343 0.01128608
13.60068003 7.73539214 0.00085298 0.00099766 0.00044883 0.00414817 0.37729456 0.03578296 0.31887172 0.01771535 0.04882830 0.02904514 0.15600776 0.01000656
13.70068503 7.72882596 0.00094246 0.00088281 0.00060207 0.00596512 0.37562011 0.03584752 0.32482527 0.01666697 0.04569927 0.02894549 0.15497255 0.00903037
13.80069003 7.72242091 0.00072016 0.00092796 0.00036753 0.00581495 0.37865191 0.04000035 0.32418576 0.01496737 0.04500270 0.02640980 0.15523168 0.00771985
13.90069503 7.70970350 0.00128500 0.00095776 0.00104307 0.00886169 0.37539851 0.03913690 0.32591146 0.01559466 0.04273604 0.02463323 0.15499622 0.00944545
14.00070004 7.69870333 0.00050023 0.00093978 0.00045387 0.00156092 0.38355538 0.04024098 0.31956904 0.01565613 0.04834415 0.02191726 0.15359164 0.01367061
14.10070504 7.68962644 0.00063457 0.00086158 0.00056183 0.00168361 0.37915239 0.04292533 0.32096768 0.01401729 0.04881595 0.02376924 0.15220240 0.01440812
14.20071004 7.68383841 0.00074647 0.00088778 0.00055324 0.00401063 0.37602556 0.03953825 0.32248425 0.01557877 0.05101231 0.02609061 0.15159010 0.01148203
14.30071504 7.67666296 0.00083317 0.00085232 0.00054362 0.00337150 0.37591507 0.04194888 0.32010586 0.01556549 0.05209984 0.02384232 0.15302691 0.01189502
14.40072004 7.66939949 0.00067874 0.00088056 0.00037399 0.00380122 0.38302145 0.03655892 0.32222632 0.01449394 0.04828016 0.02385258 0.15359151 0.01224061
14.50072504 7.65614158 0.00075468 0.00088617 0.00055067 0.00523550 0.38526120 0.03030110 0.32558761 0.01538508 0.04618356 0.02648883 0.15208146 0.01128414
14.60073004 7.64979693 0.00067571 0.00094490 0.00034789 0.00367913 0.38127606 0.03367926 0.32577982 0.01411883 0.04838148 0.03187826 0.15161773 0.00762092
14.70073504 7.64426535 0.00064656 0.00091445 0.00038054 0.00280238 0.37798031 0.03712100 0.32497816 0.01369774 0.05018775 0.03090672 0.15193934 0.00844507
14.80074004 7.64027720 0.00059904 0.00080802 0.00036563 0.00299070 0.38012164 0.04150587 0.32656566 0.01211373 0.04252317 0.02772563 0.15598150 0.00869939
14.90074504 7.63126153 0.00056304 0.00093588 0.00032182 0.00202175 0.37180823 0.03851991 0.32920376 0.01210869 0.05002096 0.02680321 0.15803117 0.00966159
15.00075004 7.62539327 0.00088572 0.00083201 0.00045035 0.00509783 0.37251817 0.03659238 0.33543578 0.01443904 0.04323829 0.02402659 0.15797576 0.00850809
15.10075504 7.61990855 0.00091777 0.00084202 0.00072814 0.00609719 0.37376649 0.03596713 0.33755195 0.01122490 0.04064194 0.02437230 0.15719760 0.01069256
15.20076004 7.60902079 0.00094976 0.00086610 0.00072295 0.00857820 0.37732426 0.03164417 0.33887718 0.01096828 0.03877365 0.02363430 0.15615881 0.01150234
15.30076504 7.59783010 0.00054442 0.00089574 0.00041719 0.00211724 0.37374473 0.03675662 0.33923795 0.01172336 0.04148204 0.02256393 0.15863953 0.01187724
15.40077004 7.58703348 0.00090907 0.00087527 0.00037259 0.00550245 0.36924750 0.03340144 0.34504088 0.01970972 0.03894238 0.02303252 0.15589397 0.00707220
15.50077504 7.58085366 0.00060290 0.00084542 0.00017214 0.00155960 0.37423659 0.03455259 0.34831176 0.01708073 0.03600748 0.02262699 0.15659874 0.00740505
15.60078004 7.57442912 0.00052883 0.00079572 0.00029740 0.00364487 0.37490420 0.03319359 0.34754665 0.01410054 0.03418247 0.02500849 0.15657096 0.00922629
15.70078504 7.56801417 0.00073373 0.00079266 0.00061016 0.00615778 0.37357598 0.03189358 0.34440904 0.01284893 0.03429556 0.02486972 0.15892676 0.01088610
15.80079004 7.56013288 0.00064106 0.00081241 0.00031084 0.00213067 0.38085734 0.03636522 0.33812095 0.01461214 0.03413711 0.02295523 0.16007219 0.00898482
15.90079504 7.55211938 0.00073260 0.00085643 0.00036161 0.00287150 0.37905765 0.03532163 0.33489997 0.01648095 0.03697933 0.02581009 0.15820662 0.00842163
16.00080004 7.53479500 0.00056117 0.00089829 0.00031718 0.00356331 0.37722601 0.03822945 0.32921748 0.01402835 0.04312660 0.02510389 0.15553161 0.01219664
16.10080504 7.53029076 0.00066159 0.00079295 0.00045588 0.00479081 0.37833103 0.03702816 0.33221962 0.01381842 0.04035316 0.02422758 0.15630324 0.01101756
16.20081004 7.52403537 0.00066169 0.00085263 0.00042574 0.00271218 0.37816679 0.03595934 0.34012463 0.01288323 0.04282639 0.02178138 0.15602956 0.00757644
16.30081504 7.51614711 0.00069557 0.00082671 0.00036261 0.00295319 0.37252424 0.03824314 0.33699806 0.01472416 0.04436851 0.02327384 0.15728248 0.00774750
16.40082004 7.51308607 0.00064752 0.00084221 0.00012964 0.00056932 0.36992334 0.03590566 0.33554999 0.01815408 0.04603867 0.02520762 0.15964578 0.00738615
16.50082504 7.50412299 0.00073610 0.00086246 0.00031809 0.00298835 0.37367666 0.03338690 0.33220728 0.01550099 0.04577340 0.02704381 0.15948020 0.00802577
16.60083004 7.49279389 0.00084217 0.00093495 0.00058269 0.00566591 0.37724997 0.02554884 0.32971314 0.01371650 0.04993087 0.02805570 0.16017108 0.00758818
16.70083504 7.48203219 0.00042854 0.00102567 0.00010583 0.00035136 0.37510230 0.02876406 0.33117831 0.01240058 0.05308914 0.02862002 0.16160458 0.00732961
16.80084004 7.47074845 0.00054216 0.00095515 0.00022353 0.00192471 0.37474080 0.02756487 0.33060197 0.01372052 0.05185354 0.02936608 0.16184854 0.00665813
16.90084504 7.46462459 0.00065636 0.00092052 0.00046210 0.00330713 0.37334041 0.02414487 0.33251484 0.01390482 0.05542016 0.02765130 0.15980407 0.00787343
17.00085004 7.45461791 0.00056112 0.00085418 0.00030029 0.00161605 0.36852896 0.03002279 0.33486202 0.01463004 0.05143709 0.03229561 0.15631775 0.00857410
17.10085504 7.44551838 0.00080081 0.00087587 0.00033469 0.00333986 0.36984083 0.03335597 0.33366407 0.01747886 0.04705946 0.02966766 0.15655978 0.00702215
17.20086004 7.43308586 0.00089463 0.00094193 0.00063773 0.00507660 0.36537062 0.03199713 0.33032288 0.01671429 0.04636678 0.03335209 0.15699779 0.01132753
17.30086504 7.42666436 0.00090289 0.00083767 0.00080934 0.00771752 0.36550395 0.03535034 0.32604971 0.01509872 0.04231413 0.03352286 0.15929455 0.01259833
17.40087004 7.41968659 0.00059027 0.00091528 0.00039133 0.00236418 0.36670864 0.03498122 0.32638535 0.01578215 0.04593953 0.03037968 0.16205120 0.01351118
17.50087504 7.41360506 0.00079965 0.00086639 0.00056275 0.00504920 0.37105296 0.03783611 0.32276763 0.01487246 0.04422775 0.02793708 0.16308527 0.01094275
17.60088004 7.40966952 0.00096872 0.00088407 0.00069981 0.00623641 0.37210790 0.03502150 0.32746501 0.01328223 0.04327362 0.02568714 0.16626940 0.00810418
17.70088504 7.39661210 0.00110595 0.00096627 0.00056558 0.00444686 0.36876478 0.02982399 0.33279206 0.01910502 0.04477680 0.02457610 0.16670009 0.00637651
17.80089004 7.39230912 0.00095137 0.00084306 0.00056515 0.00831188 0.37514337 0.03635374 0.33061847 0.01284560 0.04316346 0.02035237 0.16423164 0.00661991
17.90089504 7.38524874 0.00060804 0.00083864 0.00039729 0.00365901 0.37127705 0.04221254 0.33071042 0.01227413 0.04385227 0.02300768 0.16132163 0.00984131
18.00090005 7.37250519 0.00072748 0.00091049 0.00043575 0.00714447 0.37254302 0.03506706 0.33007403 0.01386445 0.04792366 0.02093934 0.16054879 0.00982145
18.10090505 7.36638843 0.00089800 0.00088808 0.00050163 0.00561576 0.37380377 0.03541061 0.32341210 0.01525253 0.05090930 0.02263108 0.15898676 0.01169037
18.20091005 7.35465552 0.00097728 0.00083820 0.00073809 0.00540262 0.37171412 0.02906099 0.33408568 0.01553226 0.04810703 0.02587447 0.15725498 0.01041428
18.30091505 7.34786481 0.00065763 0.00080797 0.00036149 0.00180350 0.37561729 0.03219130 0.33557780 0.01441327 0.04553465 0.02757226 0.15646229 0.00900055
18.40092005 7.33903593 0.00057437 0.00087509 0.00051852 0.00382192 0.37036261 0.03138578 0.33187404 0.01103256 0.04560073 0.02888398 0.16328754 0.01178287
18.50092505 7.33559589 0.00071009 0.00088307 0.00051390 0.00395125 0.36699816 0.03066085 0.32791840 0.01532282 0.04650959 0.03377343 0.16169078 0.01106766
18.60093005 7.32795448 0.00078818 0.00095143 0.00061231 0.00393060 0.36513152 0.02986459 0.32477670 0.01807734 0.04532786 0.03179131 0.16381249 0.01493566
18.70093505 7.32219336 0.00073954 0.00092457 0.00034816 0.00236907 0.37174497 0.02855517 0.32069011 0.02037615 0.04801262 0.03296619 0.16262774 0.01064573
18.80094005 7.31492963 0.00100697 0.00080611 0.00085922 0.00560483 0.37776200 0.02775704 0.31937843 0.01863265 0.04116266 0.03392224 0.16089080 0.01221704
18.90094505 7.30471296 0.00083213 0.00083846 0.00063481 0.00407743 0.37515483 0.03081421 0.32305577 0.02013831 0.03918529 0.03020360 0.16376565 0.01129952
19.00095005 7.29729083 0.00061252 0.00089255 0.00035562 0.00395994 0.37531977 0.03154466 0.32404596 0.01548746 0.04396943 0.03203111 0.16377229 0.00800870
19.10095505 7.28182744 0.00072700 0.00088310 0.00049334 0.00671272 0.37882887 0.03523842 0.31804482 0.01522819 0.04623513 0.02909327 0.16000808 0.00850705
19.20096005 7.28206980 0.00108832 0.00083303 0.00070356 0.00700617 0.38008841 0.02955557 0.32557462 0.01654617 0.04213303 0.02670642 0.16137092 0.00839380
19.30096505 7.26716922 0.00096188 0.00084131 0.00062322 0.00496579 0.37011957 0.03203370 0.32794040 0.01695626 0.04568283 0.03195064 0.15941589 0.00850851
19.40097005 7.26171700 0.00131544 0.00081691 0.00087036 0.00739102 0.37404761 0.03302246 0.32588123 0.02007256 0.04014116 0.03018885 0.15911309 0.00713930
19.50097505 7.25708164 0.00050467 0.00088612 0.00019292 0.00214034 0.37686904 0.03932982 0.32476288 0.01466642 0.04030911 0.03212834 0.16117286 0.00703749
19.60098005 7.25256272 0.00061803 0.00086270 0.00049897 0.00385615 0.37355160 0.03626508 0.31879980 0.01592919 0.04223416 0.03289222 0.16255174 0.01194036
19.70098505 7.24195874 0.00087401 0.00082106 0.00055683 0.00433793 0.36535491 0.03745165 0.32028139 0.02052006 0.04190781 0.03306436 0.16163483 0.01319516
19.80099005 7.23174265 0.00076905 0.00080507 0.00041860 0.00367667 0.36259942 0.03920409 0.32318052 0.02049740 0.03923253 0.03614363 0.16218246 0.01129055
19.90099505 7.22444508 0.00087199 0.00079585 0.00043568 0.00286470 0.36734584 0.03557374 0.32157627 0.02297227 0.03762603 0.03518676 0.16265602 0.01209486
20.00100005 7.20777123 0.00103433 0.00087882 0.00063004 0.00616215 0.36997328 0.03707016 0.31882080 0.02299672 0.03866747 0.03601801 0.15765963 0.01008859
20.10100505 7.20513978 0.00062860 0.00087543 0.00032075 0.00157978 0.37328189 0.04055709 0.31679850 0.01985862 0.04062724 0.03403031 0.15841694 0.01302485
20.20101005 7.19254466 0.00092164 0.00089398 0.00067763 0.00645962 0.37626363 0.03536491 0.31497886 0.01827729 0.04441892 0.03215144 0.15744461 0.01214747
20.30101505 7.18544230 0.00083632 0.00086364 0.00056859 0.00385424 0.37372131 0.03476882 0.31305312 0.02499467 0.04364983 0.03117276 0.15671210 0.01580460
20.40102005 7.18132992 0.00125331 0.00083185 0.00096481 0.00664028 0.37667168 0.03843694 0.30930721 0.02060081 0.04256725 0.02900321 0.16062200 0.01310064
20.50102505 7.17820333 0.00073455 0.00080683 0.00033643 0.00193997 0.37815705 0.04855942 0.31466908 0.01770674 0.04098974 0.02641496 0.16137731 0.00830794
20.60103005 7.16584499 0.00089967 0.00080998 0.00036342 0.00503870 0.37711030 0.04548480 0.31510078 0.01965300 0.04080131 0.02949803 0.15617763 0.00906238
20.70103505 7.16007809 0.00098605 0.00087313 0.00049896 0.00741195 0.37428219 0.04058334 0.31192228 0.01804937 0.04302300 0.03276554 0.15789940 0.01170479
20.80104005 7.14808339 0.00095381 0.00091802 0.00051409 0.00376674 0.37539849 0.03825227 0.31584464 0.01987559 0.03937284 0.03448379 0.15846601 0.01215371
20.90104505 7.14138715 0.00124612 0.00086652 0.00089789 0.00789019 0.37448655 0.03814606 0.31265444 0.01822622 0.03800118 0.03492084 0.15999131 0.01267268
21.00105005 7.13639062 0.00100161 0.00080842 0.00079268 0.00546935 0.37494553 0.04303191 0.31187354 0.01596290 0.04051070 0.03430097 0.15986181 0.01144057
21.10105505 7.13157868 0.00075515 0.00078380 0.00044483 0.00169555 0.37886113 0.04579210 0.31070493 0.01709842 0.04115368 0.03148831 0.15849645 0.01272563
21.20106005 7.12185918 0.00091006 0.00077144 0.00075697 0.00616128 0.37770686 0.03977968 0.31285247 0.01619142 0.04090643 0.03265299 0.15776281 0.01354759
21.30106505 7.10494349 0.00084910 0.00081544 0.00059209 0.00712399 0.38035609 0.04141697 0.30995580 0.01764178 0.03986239 0.02914668 0.15901028 0.01322939
21.40107005 7.09634645 0.00070506 0.00083031 0.00044512 0.00246621 0.38660483 0.03987580 0.31309137 0.01667770 0.03841657 0.03307468 0.15305692 0.01475544
21.50107505 7.08834084 0.00084748 0.00092890 0.00052656 0.00513215 0.38873191 0.03667622 0.30965439 0.01705527 0.04482338 0.02930174 0.15386142 0.01246058
21.60108005 7.07869071 0.00095942 0.00086436 0.00071530 0.00665641 0.38542318 0.03731307 0.31285749 0.01653958 0.04240256 0.03136532 0.15245242 0.01245090
21.70108505 7.06579439 0.00164012 0.00086521 0.00152491 0.01421543 0.38582539 0.03496884 0.30694303 0.01358897 0.04641513 0.03076159 0.15195124 0.01130013
21.80109005 7.05613365 0.00085032 0.00089853 0.00072361 0.00709878 0.38013864 0.03606538 0.31297827 0.01065996 0.05265965 0.02874025 0.15732490 0.01186170
21.90109505 7.04473785 0.00086451 0.00090043 0.00077284 0.00909279 0.37622203 0.03741918 0.31048114 0.01307347 0.05362671 0.02699332 0.15876969 0.01178389
22.00110006 7.04272913 0.00074967 0.00090490 0.00061034 0.00545388 0.37334667 0.04145019 0.31042495 0.01025159 0.05562127 0.02653014 0.16370221 0.01095419
22.10110506 7.03879072 0.00064222 0.00089872 0.00029912 0.00349050 0.37449561 0.04501165 0.30862858 0.01399809 0.05666121 0.02513748 0.16131587 0.00942094
22.20111006 7.03410627 0.00051303 0.00090769 0.00035186 0.00160218 0.37600365 0.04294508 0.31457728 0.01563794 0.05139586 0.02425164 0.15911551 0.01269827
22.30111506 7.02815168 0.00089991 0.00092293 0.00063680 0.00524141 0.37153631 0.03967550 0.31505551 0.01656147 0.05500829 0.02151783 0.15947697 0.01346707
22.40112006 7.01811693 0.00087506 0.00088749 0.00062480 0.00545444 0.37611009 0.03769638 0.31196829 0.01650959 0.05223588 0.02488354 0.16079824 0.01195619
22.50112506 7.00867804 0.00089354 0.00089493 0.00040834 0.00467776 0.37668280 0.03715649 0.31108218 0.01501531 0.05539233 0.02768199 0.15994776 0.01016656
22.60113006 7.00057430 0.00086003 0.00083420 0.00056372 0.00429811 0.37719066 0.04087045 0.31972056 0.01386756 0.04956596 0.02254285 0.15868862 0.01099729
22.70113506 6.99518366 0.00113012 0.00082640 0.00051622 0.00431939 0.38410317 0.03925061 0.31716382 0.01451023 0.05020006 0.01905355 0.15970656 0.00921987
22.80114006 6.99374819 0.00062759 0.00083701 0.00023187 0.00082310 0.38650115 0.03503078 0.31851677 0.01561062 0.04910288 0.02331277 0.15904219 0.01036327
22.90114506 6.98393801 0.00080330 0.00082842 0.00068008 0.00484772 0.38460331 0.03569620 0.31680414 0.01314562 0.04890440 0.02517287 0.15685972 0.01165421
23.00115006 6.97774198 0.00075257 0.00080792 0.00052302 0.00520308 0.38813111 0.03506061 0.31851286 0.01366876 0.04090692 0.03026676 0.15564120 0.01052520
23.10115506 6.96557487 0.00094863 0.00084470 0.00063423 0.00470155 0.38707770 0.03203884 0.31692608 0.01656655 0.04219201 0.03400666 0.15495951 0.00910354
23.20116006 6.95393215 0.00132900 0.00073256 0.00109072 0.01259792 0.38280444 0.03437352 0.31318030 0.01361682 0.03798025 0.03686009 0.15530244 0.01013193
23.30116506 6.94714964 0.00106236 0.00089065 0.00093549 0.00749730 0.37535814 0.03247862 0.31712359 0.01484500 0.04267391 0.03657438 0.15795370 0.01260685
23.40117006 6.94094306 0.00099620 0.00080939 0.00086922 0.00572271 0.37612087 0.03788905 0.31393072 0.01647845 0.03907546 0.03505432 0.15806356 0.01499004
23.50117506 6.92818208 0.00130759 0.00083251 0.00091192 0.00857384 0.37578064 0.04045853 0.31188163 0.01825505 0.04237636 0.03406698 0.15512885 0.01042610
23.60118006 6.91978373 0.00117447 0.00081076 0.00095456 0.01048869 0.37265395 0.04024525 0.31564026 0.01513800 0.04294380 0.03278442 0.15795124 0.00921462
23.70118506 6.91150138 0.00109228 0.00074540 0.00075417 0.01018910 0.37435026 0.04149311 0.31730860 0.01723340 0.04024816 0.02907865 0.15734758 0.01015931
23.80119006 6.90033346 0.00127982 0.00080982 0.00090382 0.00606054 0.37693154 0.03367098 0.31558706 0.01995081 0.04181951 0.03119349 0.16085208 0.01094054
23.90119506 6.89046648 0.00096795 0.00085098 0.00067244 0.00558591 0.37374060 0.03980140 0.32341457 0.01642601 0.03974348 0.03259953 0.15625037 0.00994675
24.00120006 6.87949980 0.00096509 0.00079459 0.00042032 0.00329694 0.36928402 0.04832254 0.32433579 0.02000766 0.04056347 0.03024272 0.15302214 0.00874473
24.10120506 6.87103467 0.00094089 0.00074747 0.00054324 0.00602834 0.37095610 0.04684037 0.32201589 0.02258410 0.03693524 0.02916755 0.15134530 0.01189552
24.20121006 6.86381105 0.00085051 0.00077203 0.00045134 0.00343846 0.37032490 0.05321890 0.32203586 0.01994602 0.03865924 0.02567341 0.15020797 0.01442137
24.30121506 6.85693325 0.00078379 0.00076733 0.00047419 0.00416449 0.37416168 0.05179007 0.31893078 0.01714634 0.03318286 0.03202152 0.15495735 0.01161960
24.40122006 6.84634592 0.00079283 0.00075090 0.00045216 0.00298671 0.37172413 0.05782298 0.32077627 0.01734019 0.03059396 0.02994561 0.15415474 0.01265952
24.50122506 6.83624496 0.00107961 0.00090284 0.00074042 0.00617271 0.37296908 0.04880021 0.32049919 0.01710556 0.03515572 0.02546999 0.15647317 0.01463151
24.60123006 6.83281901 0.00106299 0.00074455 0.00067005 0.00479857 0.37868809 0.04183312 0.32263606 0.01786272 0.03176107 0.02984768 0.15617022 0.01392487
24.70123506 6.82872445 0.00067079 0.00071595 0.00032836 0.00276426 0.37592794 0.04570518 0.32519808 0.01498171 0.03288671 0.02962236 0.15927133 0.01192734
24.80124006 6.81649173 0.00128464 0.00070376 0.00102679 0.00843705 0.36858685 0.04323584 0.32994532 0.01536049 0.03520474 0.02822438 0.15555932 0.01243082
24.90124506 6.80778699 0.00063622 0.00070489 0.00061970 0.00170866 0.36653423 0.04721412 0.33140231 0.01512717 0.03478015 0.02782143 0.15457842 0.01887271
25.00125006 6.80070040 0.00129234 0.00080074 0.00103907 0.00854393 0.36657283 0.04294813 0.32665363 0.02084751 0.03680424 0.02533224 0.15516856 0.01399677
25.10125506 6.79341820 0.00082865 0.00080770 0.00073305 0.00396399 0.36587443 0.04506504 0.32748788 0.01651166 0.03657008 0.02857608 0.15725991 0.01632153
25.20126006 6.77623209 0.00122112 0.00076730 0.00117815 0.01000106 0.36146989 0.04515264 0.33154134 0.01498546 0.03010939 0.03148673 0.15811208 0.01397482
25.30126506 6.77106971 0.00081933 0.00081719 0.00045398 0.00174030 0.36606995 0.04878388 0.32564741 0.01909476 0.03018577 0.03135674 0.16327968 0.01175100
25.40127006 6.76399034 0.00135253 0.00078267 0.00104633 0.01194652 0.36069944 0.04883577 0.32794156 0.01451355 0.03461634 0.02846798 0.15795999 0.01183732
25.50127506 6.76048821 0.00112622 0.00076925 0.00059929 0.00494085 0.36196282 0.04714398 0.33017774 0.01907175 0.03320146 0.03042080 0.15988873 0.01069712
25.60128006 6.75241979 0.00064568 0.00081266 0.00022427 0.00168488 0.37084893 0.04897980 0.32933490 0.01739564 0.03148741 0.02823548 0.15951610 0.01083425
25.70128506 6.74974436 0.00078020 0.00087572 0.00022682 0.00156685 0.37338321 0.04652677 0.33406211 0.01656841 0.03316527 0.02289287 0.16051369 0.00943808
