0.00000000 14.00000000 0.00000000 0.00000000 0.00000000 0.00000000 0.00000000 0.00000000 0.00000000 1.00000000 0.00000000 0.00000000 0.00000000 0.00000000
0.10000500 13.98079995 0.01715011 0.00099624 0.00590928 0.10234318 0.09522834 0.13121361 0.02027810 0.46709182 0.05090847 0.05720883 0.01858885 0.03308318
0.20001000 13.96297399 0.00665382 0.00113284 0.00357097 0.04945508 0.14201234 0.20987176 0.06518503 0.25264820 0.06956948 0.12075905 0.04010031 0.03904111
0.30001500 13.94649194 0.00398918 0.00084315 0.00272653 0.03414276 0.15816480 0.23367734 0.08766548 0.17171688 0.07531114 0.14258414 0.04401543 0.04516317
0.40002000 13.93223335 0.00375593 0.00079989 0.00182905 0.02519562 0.16714699 0.21917094 0.09769914 0.14921049 0.08136633 0.15676400 0.05298765 0.04407398
0.50002500 13.91933747 0.00377299 0.00082301 0.00210983 0.02424769 0.17302503 0.21751375 0.10300489 0.11805785 0.07750287 0.17017711 0.05964420 0.05012079
0.60003000 13.90700741 0.00326631 0.00105850 0.00172209 0.02117070 0.19657157 0.19372297 0.11431012 0.10102441 0.08716029 0.16388201 0.06889952 0.04721150
0.70003500 13.89441902 0.00336601 0.00096082 0.00189851 0.02699056 0.20588405 0.18460445 0.13155537 0.08681901 0.09057723 0.15295114 0.07302253 0.04137033
0.80004000 13.88420175 0.00276964 0.00103407 0.00203358 0.02137619 0.21409254 0.19605209 0.13336996 0.06353950 0.09963696 0.13475517 0.08586647 0.04547382
0.90004500 13.87248064 0.00236928 0.00083673 0.00149862 0.01563470 0.20721283 0.19163085 0.14873338 0.06174964 0.09061866 0.14311444 0.08859840 0.04800247
1.00005000 13.86008945 0.00205737 0.00079634 0.00177420 0.02057451 0.21270319 0.17667281 0.15407822 0.04865701 0.09270763 0.13758949 0.09171462 0.06067461
1.10005500 13.85081316 0.00181862 0.00095000 0.00106613 0.00590622 0.22667408 0.17622085 0.16816677 0.05243713 0.09614707 0.12119915 0.09806208 0.05135188
1.20006000 13.83423360 0.00229182 0.00096016 0.00154036 0.01557737 0.22931313 0.17172752 0.17548441 0.05371987 0.09883245 0.10701044 0.09340985 0.05013262
1.30006500 13.82115307 0.00217897 0.00096498 0.00103973 0.01122421 0.23454598 0.17443583 0.18849283 0.05844403 0.10009125 0.09776775 0.09390496 0.03690948
1.40007000 13.81084231 0.00184689 0.00089754 0.00110239 0.01241548 0.24346484 0.17911628 0.19128482 0.05075360 0.09763287 0.09111497 0.09071993 0.03965039
1.50007500 13.80118856 0.00238824 0.00073583 0.00137473 0.01765552 0.25716383 0.17901941 0.19603328 0.05471662 0.08711911 0.08408251 0.08694795 0.03276296
1.60008000 13.78781768 0.00209311 0.00080405 0.00105071 0.01316294 0.27557771 0.17284273 0.19738786 0.05420442 0.08491888 0.07236195 0.09331151 0.03228413
1.70008500 13.77084223 0.00189985 0.00083819 0.00077791 0.00977556 0.27483752 0.16687443 0.21187328 0.05483876 0.08464190 0.06884832 0.09180912 0.03298518
1.80009000 13.76072919 0.00188347 0.00084722 0.00095279 0.00854109 0.28844818 0.15910320 0.21717057 0.04906759 0.08558447 0.06430621 0.08994957 0.03414565
1.90009500 13.74417398 0.00163172 0.00089286 0.00077744 0.00933925 0.29591947 0.15227839 0.22129431 0.04469071 0.08702633 0.06071841 0.09086703 0.03456408
2.00010001 13.72967243 0.00206346 0.00078725 0.00125082 0.01639282 0.29930492 0.15151824 0.22078720 0.04122166 0.07587041 0.05967962 0.09525023 0.03587338
2.10010501 13.71684664 0.00133586 0.00079635 0.00090057 0.00744804 0.30495456 0.15154429 0.21808377 0.03308860 0.07726617 0.05926553 0.10089915 0.04441710
2.20011001 13.70194482 0.00159116 0.00084318 0.00133270 0.01669866 0.30482937 0.13203017 0.22717356 0.03077144 0.07766594 0.06398675 0.10548796 0.03758913
2.30011501 13.69445063 0.00176247 0.00072305 0.00154266 0.01851040 0.31044440 0.12934744 0.23477039 0.02860466 0.07269468 0.06209278 0.10336749 0.03613958
2.40012001 13.68058360 0.00128201 0.00077857 0.00071353 0.00891835 0.32037638 0.12430833 0.23501618 0.03505949 0.06958989 0.06569539 0.10623897 0.03202290
2.50012501 13.66963729 0.00110659 0.00073352 0.00069240 0.00399363 0.31973927 0.12126837 0.23595697 0.03425533 0.06983567 0.07170563 0.10973456 0.03097805
2.60013001 13.65753743 0.00144339 0.00074453 0.00107050 0.01567097 0.31443623 0.11080883 0.23971319 0.02865025 0.06492026 0.08011441 0.11018579 0.03224166
2.70013501 13.64431485 0.00130720 0.00084185 0.00075890 0.00840572 0.31568597 0.10732138 0.25026113 0.03278391 0.06128851 0.07615583 0.11592255 0.02926705
2.80014001 13.64121575 0.00129639 0.00075127 0.00082854 0.01072709 0.32483146 0.10791619 0.25294778 0.03068721 0.05832786 0.06804364 0.11514163 0.02850095
2.90014501 13.63212055 0.00132615 0.00075663 0.00090940 0.00789071 0.32397734 0.10893386 0.26475062 0.02853907 0.06202924 0.06084819 0.11448618 0.02555260
3.00015001 13.62621258 0.00122108 0.00071780 0.00091709 0.00979186 0.33776811 0.10214017 0.26922197 0.02882163 0.06157682 0.05126896 0.11271531 0.02383920
3.10015501 13.61874524 0.00142651 0.00067736 0.00106554 0.01366445 0.34225299 0.10451954 0.26817627 0.02568940 0.05994492 0.04791088 0.11294845 0.02172367
3.20016001 13.60478634 0.00101551 0.00071525 0.00064764 0.00526045 0.34228069 0.10062360 0.26681939 0.02834374 0.06475299 0.05007039 0.11343168 0.02603867
3.30016501 13.59002743 0.00172825 0.00073005 0.00134683 0.02056578 0.33263793 0.09982877 0.26890177 0.02505461 0.06507204 0.04311438 0.11465820 0.02636138
3.40017001 13.58561569 0.00171054 0.00075971 0.00104167 0.01399054 0.33606355 0.09216626 0.27180608 0.03472718 0.05949222 0.04247881 0.12187844 0.02388501
3.50017501 13.58080794 0.00140133 0.00070566 0.00095752 0.01085893 0.34458258 0.09147025 0.27637423 0.02948763 0.05474360 0.04170231 0.12159393 0.02612202
3.60018001 13.57559568 0.00125783 0.00063185 0.00080869 0.01295561 0.34816786 0.09146028 0.27540568 0.03008684 0.05375474 0.04039005 0.12003987 0.02504069
3.70018501 13.56264933 0.00143083 0.00073906 0.00111320 0.01670132 0.34936194 0.08842282 0.27576179 0.02818864 0.05289043 0.03863962 0.12524677 0.02150358
3.80019001 13.55375814 0.00106632 0.00071811 0.00063126 0.01118705 0.35460151 0.09101308 0.28316281 0.02884734 0.04691048 0.03410060 0.12660709 0.02115434
3.90019501 13.54014943 0.00122951 0.00076099 0.00097289 0.01033310 0.35864916 0.08901829 0.28215172 0.02167439 0.04788143 0.03495783 0.12855670 0.02381398
4.00020001 13.53286408 0.00126466 0.00075496 0.00087857 0.01027318 0.35798505 0.08124300 0.28964354 0.02105558 0.04714703 0.04074053 0.12846941 0.02054448
4.10020501 13.52171672 0.00139517 0.00072955 0.00104714 0.01459824 0.36430281 0.07292388 0.28786631 0.02206690 0.04677255 0.03696228 0.13032878 0.02100638
4.20021001 13.50070395 0.00124895 0.00073646 0.00098005 0.01343327 0.36135643 0.07770726 0.29126518 0.01640652 0.04513262 0.04071782 0.13150932 0.01950613
4.30021501 13.49554646 0.00093437 0.00072667 0.00069237 0.00715931 0.35989606 0.07918508 0.28735579 0.01818379 0.04716100 0.04280968 0.13686048 0.01903540
4.40022001 13.48734666 0.00133546 0.00064121 0.00114237 0.01199335 0.35921922 0.07343439 0.29023418 0.02155251 0.04397852 0.04211285 0.13192688 0.02242906
4.50022501 13.47603065 0.00075387 0.00069992 0.00059825 0.00519871 0.36703674 0.07677431 0.29829805 0.01659387 0.04323300 0.03934118 0.13273228 0.01873981
4.60023001 13.45506593 0.00071708 0.00076870 0.00037761 0.00200890 0.37733972 0.06176766 0.29910293 0.02327013 0.04089803 0.04258126 0.13389062 0.01727737
4.70023501 13.44764815 0.00107159 0.00073288 0.00082356 0.01131386 0.37238536 0.06319924 0.30004597 0.01591376 0.04343489 0.04039388 0.13340090 0.01728411
4.80024001 13.43792373 0.00070825 0.00076390 0.00041525 0.00367683 0.37705798 0.06494553 0.29954857 0.01516906 0.04666146 0.03931879 0.13396808 0.01776628
4.90024501 13.42663774 0.00075915 0.00073983 0.00066005 0.00999147 0.36792697 0.06574746 0.29652395 0.01487664 0.04758327 0.03698092 0.13922598 0.01898432
5.00025001 13.41452899 0.00094548 0.00066319 0.00100157 0.00956177 0.36724949 0.06837823 0.29481783 0.01613247 0.04615439 0.03344213 0.13711509 0.02453835
5.10025501 13.40322598 0.00068714 0.00069674 0.00066079 0.00692944 0.36557791 0.07231431 0.29885729 0.01493358 0.04697700 0.03186073 0.13789106 0.02261401
5.20026001 13.39200194 0.00097565 0.00077028 0.00080303 0.00814819 0.36975992 0.06272358 0.30078714 0.01567436 0.05051592 0.03519088 0.13816675 0.01648432
5.30026501 13.37830870 0.00096543 0.00068844 0.00075601 0.00855158 0.36867943 0.06281614 0.30185540 0.01672419 0.04689488 0.03923584 0.13588184 0.01695081
5.40027001 13.36935839 0.00103500 0.00068337 0.00061209 0.01274645 0.37010334 0.05646259 0.30180084 0.02231647 0.04454473 0.03959907 0.13686772 0.01322832
5.50027501 13.36006851 0.00099204 0.00074698 0.00038281 0.00615019 0.36578923 0.05980270 0.30558340 0.02786860 0.04495144 0.03409574 0.14092895 0.01270792
5.60028001 13.34656198 0.00053781 0.00078468 0.00023046 0.00169551 0.36997995 0.06182775 0.30823883 0.01829350 0.04638862 0.03276240 0.14660793 0.01265257
5.70028501 13.33244483 0.00095163 0.00069842 0.00065699 0.01440804 0.37368316 0.05692544 0.30663493 0.01944042 0.04302934 0.03180119 0.13995414 0.01181629
5.80029001 13.32065017 0.00110217 0.00068913 0.00084122 0.00989473 0.37152132 0.05705223 0.30769670 0.02198521 0.04120756 0.03087716 0.14088528 0.01624728
5.90029501 13.31165511 0.00097008 0.00071602 0.00070541 0.00710966 0.37800049 0.05673835 0.31134438 0.01654902 0.04323294 0.02893769 0.14070617 0.01498979
6.00030002 13.29844087 0.00093463 0.00073024 0.00065014 0.00879254 0.37281923 0.06785929 0.31176010 0.01720995 0.03980308 0.02483872 0.14288736 0.01171473
6.10030502 13.28453226 0.00102935 0.00070978 0.00081979 0.00998614 0.37489953 0.05993802 0.31038230 0.01452170 0.03794254 0.02745827 0.14606585 0.01624672
6.20031002 13.28322927 0.00061081 0.00069731 0.00034566 0.00178486 0.37695881 0.05447664 0.31700189 0.01810353 0.03707515 0.02549965 0.15026684 0.01717885
6.30031502 13.27900279 0.00053203 0.00075920 0.00030858 0.00519761 0.37711064 0.05161087 0.31659313 0.01443944 0.03978382 0.02712918 0.15375321 0.01278228
6.40032002 13.26730734 0.00077808 0.00069886 0.00061976 0.00808483 0.37849029 0.04955606 0.31392079 0.01520215 0.03481314 0.02641009 0.15607692 0.01534904
6.50032502 13.25743531 0.00046416 0.00070163 0.00049749 0.00401004 0.37959557 0.05361299 0.31411359 0.01296185 0.03626623 0.02514335 0.15532299 0.01731012
6.60033002 13.24902608 0.00099214 0.00075361 0.00091699 0.01619276 0.38855122 0.04361070 0.31655559 0.01047196 0.03919684 0.01884527 0.15294274 0.01097019
6.70033502 13.23599350 0.00068556 0.00068441 0.00074360 0.00806981 0.37950277 0.04455344 0.31901588 0.01253109 0.04171650 0.02785105 0.14708044 0.01756545
6.80034002 13.22509830 0.00049859 0.00068818 0.00031772 0.00202311 0.37732127 0.05725931 0.32279146 0.01059917 0.04237924 0.02626226 0.14881985 0.01103984
6.90034502 13.21467382 0.00055561 0.00068336 0.00031140 0.00580254 0.37507322 0.05115235 0.32341983 0.01256455 0.04287807 0.02676084 0.14994552 0.01085272
7.00035002 13.20321799 0.00088664 0.00077583 0.00060111 0.00987568 0.36915994 0.04753938 0.32644979 0.01689390 0.04119727 0.02130531 0.15441717 0.01089799
7.10035502 13.19273194 0.00104258 0.00072663 0.00078400 0.01124782 0.36352262 0.04819192 0.33189127 0.01224207 0.04143516 0.02182753 0.15642431 0.01066409
7.20036002 13.17651850 0.00066273 0.00073778 0.00049251 0.00531074 0.36595614 0.04726119 0.33492440 0.01402423 0.03998472 0.02353375 0.15639697 0.01071484
7.30036502 13.16513908 0.00091787 0.00069858 0.00071836 0.01189507 0.36861247 0.04634848 0.34390784 0.01155034 0.03557886 0.01898908 0.15120225 0.00958080
7.40037002 13.14994348 0.00070818 0.00073732 0.00045649 0.00526243 0.36978657 0.04736095 0.34195036 0.01402211 0.04153406 0.02075071 0.14799169 0.00943912
7.50037502 13.13707303 0.00062329 0.00078146 0.00052628 0.00475785 0.37329336 0.04913542 0.33655984 0.00989615 0.04086110 0.01880182 0.15250424 0.01225918
7.60038002 13.12472589 0.00057277 0.00074510 0.00048843 0.00447894 0.37021305 0.04707061 0.33493689 0.00965565 0.03897689 0.02278887 0.15512807 0.01494474
7.70038502 13.11690405 0.00061625 0.00070977 0.00051727 0.00721257 0.36434080 0.04552290 0.34155498 0.00980434 0.03906574 0.01955548 0.15832872 0.01277120
7.80039002 13.10444096 0.00040262 0.00072958 0.00020595 0.00036754 0.35984900 0.04800621 0.34179116 0.01266915 0.04291075 0.02344417 0.15871950 0.01090435
7.90039502 13.08830932 0.00061907 0.00064975 0.00049114 0.00949406 0.36441537 0.04392996 0.33374461 0.01306013 0.04196045 0.02615340 0.15322981 0.01225223
8.00040002 13.07716506 0.00063796 0.00066426 0.00042066 0.00346126 0.37396972 0.04987484 0.32752650 0.01304017 0.04053033 0.03007679 0.14930920 0.01048832
8.10040502 13.07029538 0.00063574 0.00067153 0.00048244 0.00753807 0.37598764 0.04209480 0.32677682 0.01212996 0.04201234 0.03090561 0.14855167 0.01221339
8.20041002 13.05828347 0.00048514 0.00072388 0.00033665 0.00653237 0.37528459 0.03982456 0.32200814 0.01133029 0.04438084 0.03473227 0.15360255 0.01075873
8.30041502 13.04889944 0.00055582 0.00071116 0.00028868 0.00373941 0.37415032 0.04124811 0.32421143 0.01452143 0.04377015 0.03495789 0.15315695 0.00868868
8.40042002 13.03927412 0.00046606 0.00072471 0.00026422 0.00179410 0.38136566 0.03958491 0.32278437 0.01542073 0.04219953 0.03005078 0.15492573 0.01041920
8.50042502 13.02581104 0.00065933 0.00072159 0.00049515 0.00869897 0.37874478 0.04200693 0.31566467 0.01359300 0.04148788 0.03254850 0.15538108 0.00999812
8.60043002 13.01760680 0.00069417 0.00063143 0.00065243 0.00653487 0.37972600 0.04435733 0.31820290 0.01372529 0.03837875 0.03145153 0.15106092 0.01458437
8.70043502 13.00603424 0.00056254 0.00063154 0.00041589 0.00342908 0.38537153 0.04703202 0.31884359 0.01391042 0.03455315 0.03714748 0.14660020 0.01150257
8.80044002 12.99380770 0.00080961 0.00068135 0.00055612 0.00848103 0.39062405 0.04424113 0.31047666 0.01637593 0.04016848 0.03263823 0.14404946 0.01089795
8.90044502 12.98682219 0.00048314 0.00069332 0.00028882 0.00175566 0.39507463 0.04867308 0.30946389 0.01537313 0.04256739 0.03008321 0.14420077 0.01134296
9.00045002 12.97560890 0.00054660 0.00071512 0.00032153 0.00355670 0.39632136 0.04568236 0.31066774 0.01286159 0.04088261 0.02985780 0.14941319 0.00917343
9.10045502 12.95441901 0.00062462 0.00065745 0.00031928 0.00602200 0.38678220 0.05041082 0.30708449 0.01573708 0.04191543 0.03233499 0.14756042 0.01055122
9.20046002 12.94547433 0.00071772 0.00071218 0.00055930 0.01094100 0.38250331 0.04824108 0.30968580 0.01339249 0.04781138 0.02639886 0.14728732 0.01174954
9.30046502 12.93226093 0.00087096 0.00067028 0.00072896 0.01368445 0.38273891 0.04660783 0.31295535 0.01456941 0.04234458 0.02495810 0.14929088 0.01058029
9.40047002 12.91771779 0.00074029 0.00072132 0.00062249 0.00650013 0.38415884 0.04720689 0.31347477 0.01241204 0.04852385 0.02753051 0.14712122 0.01098765
9.50047502 12.90871654 0.00042495 0.00078671 0.00030480 0.00362019 0.38585980 0.05562244 0.31175744 0.00934049 0.04996117 0.02407372 0.14763488 0.01061340
9.60048002 12.89897378 0.00074392 0.00075459 0.00048537 0.00733643 0.38309258 0.05141172 0.31162162 0.01218416 0.05287664 0.02328833 0.14765457 0.00855007
9.70048502 12.88836841 0.00046295 0.00074573 0.00036590 0.00373804 0.37748295 0.05169294 0.31482609 0.00970923 0.04861977 0.02750275 0.15232546 0.01252819
9.80049002 12.88509354 0.00061846 0.00073914 0.00039521 0.00734470 0.38131840 0.04830037 0.31405981 0.01106475 0.04816226 0.02396418 0.15372039 0.01031234
9.90049502 12.87318215 0.00091072 0.00074694 0.00077241 0.00956140 0.37649945 0.05067547 0.31061807 0.01094977 0.04647534 0.02154148 0.15766020 0.01358876
10.00050003 12.86239389 0.00065167 0.00071566 0.00059795 0.00879900 0.38029371 0.05578263 0.30466555 0.00976912 0.04649781 0.02543087 0.15182728 0.01496875
10.10050503 12.85422470 0.00044987 0.00073023 0.00030211 0.00181332 0.38595986 0.05843266 0.30497388 0.01252520 0.04674727 0.02414564 0.14958875 0.01433120
10.20051003 12.85080303 0.00054576 0.00065946 0.00027681 0.00214754 0.39048796 0.05769632 0.30554494 0.01513723 0.04277268 0.02419322 0.14853496 0.01200312
10.30051503 12.83305633 0.00047029 0.00074883 0.00024075 0.00210952 0.38405670 0.05984293 0.30980085 0.01296444 0.04458262 0.02497008 0.14881100 0.01140199
10.40052003 12.81706891 0.00092745 0.00071058 0.00076932 0.01400950 0.38365294 0.06343968 0.30146620 0.01059044 0.04345195 0.02592677 0.14471833 0.01033684
10.50052503 12.80730466 0.00129526 0.00074478 0.00099595 0.01813652 0.37904665 0.06096684 0.29988010 0.01194535 0.04307554 0.02438460 0.14925293 0.01027548
10.60053003 12.80183768 0.00055745 0.00079649 0.00021603 0.00574056 0.37157286 0.06483325 0.30052522 0.01664402 0.04643476 0.02555628 0.15667067 0.01045242
10.70053503 12.78822954 0.00095111 0.00072347 0.00045351 0.01025562 0.37161418 0.05737596 0.29766765 0.02076570 0.04834353 0.02539935 0.15565116 0.01079877
10.80054003 12.76865451 0.00090050 0.00077849 0.00080589 0.01040066 0.37393048 0.05357481 0.30307635 0.01279230 0.05283208 0.02644435 0.14938260 0.01508149
10.90054503 12.75822757 0.00049085 0.00077884 0.00038704 0.00405612 0.37531965 0.05878321 0.29825458 0.01144196 0.05693813 0.03028151 0.14870880 0.01455931
11.00055003 12.74859858 0.00083868 0.00074267 0.00061029 0.00819898 0.37663846 0.05137502 0.30654446 0.01465108 0.05301249 0.02768392 0.14706192 0.01264203
11.10055503 12.73802870 0.00085665 0.00081399 0.00070578 0.01110508 0.37898770 0.05034988 0.30176090 0.01385857 0.05238836 0.02426222 0.15004905 0.01486181
11.20056003 12.72542432 0.00086269 0.00082053 0.00070457 0.01024457 0.37158179 0.05175600 0.30085530 0.01335035 0.05604178 0.02632603 0.15270060 0.01475580
11.30056503 12.71991369 0.00072988 0.00077319 0.00035866 0.00365933 0.36659934 0.05767848 0.30341949 0.01907301 0.05806700 0.02434783 0.15314097 0.01215282
11.40057003 12.71203764 0.00071068 0.00078084 0.00045531 0.00739652 0.37021189 0.05515818 0.30277605 0.01515364 0.05380334 0.02735759 0.15442788 0.01176810
11.50057503 12.70213009 0.00058792 0.00078612 0.00034070 0.00591429 0.37328031 0.05384137 0.31046237 0.01433892 0.05237206 0.02641067 0.15109913 0.01056613
11.60058003 12.69387444 0.00052525 0.00073789 0.00036324 0.00320480 0.37525470 0.05387548 0.31136022 0.01089107 0.05167374 0.02953019 0.15297345 0.00960998
11.70058503 12.67620325 0.00058241 0.00077323 0.00037061 0.00307642 0.37388795 0.05449501 0.31586611 0.01246595 0.04894069 0.02543683 0.15253201 0.01157277
11.80059003 12.67215921 0.00053236 0.00071849 0.00030106 0.00254069 0.37621087 0.04784811 0.32181997 0.01396888 0.04573365 0.02542413 0.15151701 0.01338477
11.90059503 12.66593722 0.00065211 0.00076403 0.00042755 0.00508774 0.37727519 0.04756009 0.31973390 0.01188666 0.04719225 0.02370900 0.15503464 0.01067686
12.00060003 12.66480384 0.00045317 0.00073551 0.00022850 0.00212080 0.37730127 0.04873904 0.31949425 0.01244194 0.04594461 0.02839316 0.15452435 0.00962339
12.10060503 12.65610255 0.00039113 0.00072201 0.00026725 0.00194111 0.38172219 0.04983862 0.31938166 0.01111038 0.04406684 0.02597679 0.15410730 0.01047472
12.20061003 12.64510120 0.00069891 0.00069833 0.00060532 0.00812335 0.39184759 0.04464552 0.31862289 0.00898226 0.03905896 0.02449578 0.15177222 0.01044886
12.30061503 12.62981030 0.00066657 0.00065106 0.00043545 0.00592227 0.38956830 0.04142901 0.32116917 0.01369404 0.03855439 0.02643145 0.15005708 0.01142122
12.40062003 12.62048595 0.00082663 0.00067634 0.00070168 0.01035225 0.38587726 0.04501802 0.32001802 0.01194340 0.03698795 0.02599358 0.14844043 0.01316444
12.50062503 12.60419688 0.00067477 0.00071462 0.00066739 0.00835775 0.39334175 0.04228097 0.32028035 0.01222786 0.03400485 0.02411547 0.14765842 0.01567579
12.60063003 12.59283857 0.00118610 0.00070331 0.00117079 0.01872702 0.39005308 0.04432402 0.31627729 0.01030404 0.03521314 0.02146282 0.14775318 0.01282521
12.70063503 12.58836294 0.00098367 0.00065441 0.00082587 0.01182687 0.38625217 0.05050578 0.31966266 0.01215074 0.03368740 0.02260595 0.14774336 0.01310113
12.80064003 12.57609325 0.00086475 0.00069096 0.00083338 0.01260112 0.38443873 0.04543034 0.31911301 0.01128487 0.03415072 0.02396478 0.15160658 0.01502075
12.90064503 12.56807826 0.00071350 0.00069923 0.00054600 0.00871180 0.38719442 0.05253147 0.31836074 0.01123402 0.03128134 0.02451053 0.15446426 0.00975267
13.00065003 12.55250552 0.00045579 0.00074097 0.00028008 0.00181780 0.38399818 0.05109411 0.32588707 0.01410663 0.03366104 0.02259970 0.15371275 0.01164588
13.10065503 12.54098856 0.00076205 0.00067681 0.00054576 0.00667105 0.38475826 0.04744224 0.32429465 0.01375412 0.03195086 0.02686748 0.15031943 0.01195730
13.20066003 12.53351893 0.00049458 0.00069104 0.00020605 0.00385971 0.38154167 0.05228485 0.32677739 0.01237408 0.03361180 0.02971734 0.14937809 0.00906340
13.30066503 12.52836700 0.00066170 0.00064511 0.00028245 0.00367859 0.37967365 0.05000350 0.32492350 0.01887681 0.02950088 0.02895636 0.15125686 0.01154059
13.40067003 12.52153122 0.00059082 0.00064394 0.00027610 0.00190629 0.37435246 0.05013617 0.32304262 0.01854428 0.02814310 0.03490710 0.15381789 0.01363924
13.50067503 12.51617254 0.00058766 0.00059747 0.00021625 0.00199102 0.37613877 0.05564427 0.32843157 0.01901044 0.02482940 0.03320642 0.15000279 0.00934394
13.60068003 12.50762053 0.00055016 0.00058343 0.00043769 0.00471340 0.37397518 0.05518833 0.33188549 0.01549362 0.02739175 0.03066023 0.14616416 0.01295656
13.70068503 12.49679359 0.00068782 0.00056512 0.00047804 0.00821976 0.37414860 0.04726637 0.33070564 0.01689102 0.02773620 0.03647015 0.14684445 0.00998684
13.80069003 12.48742191 0.00065942 0.00061068 0.00034595 0.00590995 0.37651175 0.04997212 0.33409695 0.01661480 0.02808928 0.03080859 0.14669133 0.00968915
13.90069503 12.47635078 0.00093037 0.00059963 0.00073362 0.01047476 0.37849640 0.04598561 0.32851698 0.01519692 0.02355530 0.03246950 0.14883169 0.01420922
14.00070004 12.46396099 0.00074617 0.00065513 0.00051051 0.00360108 0.37408844 0.04820531 0.32547624 0.01607962 0.02751307 0.03532250 0.15026712 0.01753481
14.10070504 12.45172238 0.00063390 0.00065482 0.00047497 0.00315616 0.37039396 0.04822748 0.32735848 0.01741454 0.03335825 0.03326220 0.14823450 0.01683074
14.20071004 12.44308546 0.00062702 0.00059640 0.00047995 0.00595252 0.36825168 0.05291618 0.32586245 0.01577437 0.03184246 0.03364248 0.14944701 0.01460749
14.30071504 12.43057144 0.00104456 0.00057471 0.00081368 0.01168374 0.36679725 0.05848971 0.32354605 0.01713774 0.03161760 0.03011613 0.14746439 0.01071445
14.40072004 12.41620646 0.00085730 0.00069168 0.00060028 0.00566460 0.36649234 0.05799129 0.32255437 0.01772124 0.03450015 0.03283018 0.14776146 0.01233511
14.50072504 12.40442231 0.00130130 0.00069403 0.00087051 0.01460296 0.36366864 0.05441016 0.31325130 0.02303245 0.03560128 0.03399426 0.14878474 0.00978836
14.60073004 12.39248573 0.00123988 0.00063355 0.00091139 0.01657822 0.35948703 0.05877856 0.31480067 0.02028137 0.03391009 0.03401686 0.14716866 0.01219371
14.70073504 12.37622353 0.00125583 0.00071885 0.00078368 0.01207433 0.35897268 0.05227074 0.31540191 0.02561688 0.03723586 0.03295742 0.15167069 0.01104112
14.80074004 12.36472335 0.00091846 0.00075921 0.00052110 0.00788916 0.35935550 0.05378057 0.30994018 0.02619787 0.03843943 0.03308966 0.15750568 0.01160318
14.90074504 12.35957569 0.00094160 0.00071887 0.00049105 0.00910969 0.36889918 0.04793683 0.31152183 0.02409129 0.03598790 0.03235322 0.15887223 0.00907632
15.00075004 12.34781848 0.00101707 0.00072039 0.00077922 0.00984343 0.36861343 0.05062721 0.31746057 0.01808268 0.03778430 0.03098368 0.15342132 0.01066671
15.10075504 12.33936334 0.00086702 0.00075064 0.00053470 0.00884007 0.37638839 0.05280530 0.31804189 0.01746567 0.03162497 0.02692713 0.15519411 0.01056011
15.20076004 12.32735412 0.00093313 0.00073589 0.00046381 0.00754997 0.37429505 0.05129127 0.31825417 0.02148849 0.03611648 0.02856247 0.15059841 0.00971086
15.30076504 12.31906340 0.00080074 0.00076031 0.00054637 0.00450065 0.37641941 0.04371202 0.32298275 0.02212044 0.03294869 0.02637278 0.15488885 0.01394700
15.40077004 12.31339462 0.00065573 0.00068886 0.00037042 0.00286189 0.37596261 0.04814499 0.32420913 0.01968803 0.03308595 0.02934565 0.15205345 0.01293328
15.50077504 12.29884668 0.00068655 0.00067282 0.00054138 0.00726244 0.37144235 0.05155042 0.31854921 0.01487988 0.03239095 0.03885067 0.15094466 0.01222867
15.60078004 12.28954402 0.00089633 0.00068708 0.00061776 0.00815092 0.37403294 0.05195256 0.32090901 0.01669124 0.03461440 0.03397461 0.14775657 0.00971658
15.70078504 12.28440919 0.00049257 0.00071596 0.00020156 0.00942621 0.38469918 0.04563245 0.32106269 0.01343721 0.03406373 0.03276270 0.14945844 0.00804730
15.80079004 12.27253832 0.00036750 0.00075544 0.00032826 0.00164808 0.38906073 0.04547900 0.32154415 0.01074851 0.04454050 0.02486453 0.14809919 0.01256412
15.90079504 12.25900608 0.00086373 0.00068437 0.00062465 0.00848775 0.38850805 0.04216142 0.32386292 0.01314636 0.04113070 0.02380585 0.14581396 0.01091023
16.00080004 12.25313576 0.00054083 0.00065699 0.00041683 0.00487688 0.38710089 0.04428744 0.32765279 0.01001156 0.03981746 0.02334943 0.14877187 0.01251703
16.10080504 12.24238303 0.00044963 0.00065747 0.00023233 0.00422390 0.38370217 0.04817675 0.33022955 0.01118188 0.03856604 0.02212069 0.14884477 0.01161483
16.20081004 12.23617206 0.00065496 0.00068395 0.00056222 0.00754823 0.38005680 0.04560967 0.32603484 0.00942086 0.03891528 0.02626653 0.15230913 0.01193754
16.30081504 12.23558934 0.00056589 0.00071963 0.00045135 0.00639901 0.38128442 0.04386929 0.32785948 0.00860034 0.04128417 0.02461453 0.15485229 0.00949960
16.40082004 12.22419275 0.00048736 0.00077739 0.00031203 0.00592344 0.38024874 0.04441585 0.32652704 0.00989928 0.04028720 0.02701023 0.15615962 0.00795181
16.50082504 12.21422389 0.00061543 0.00070761 0.00041285 0.00515693 0.37732850 0.04399992 0.32959891 0.01300398 0.04200341 0.02915923 0.14836158 0.00965166
16.60083004 12.20677105 0.00059350 0.00069800 0.00035761 0.00555925 0.37529288 0.04313242 0.33521660 0.01452370 0.03909233 0.02667307 0.14770018 0.01116044
16.70083504 12.19938079 0.00072728 0.00068402 0.00051395 0.00627685 0.37889652 0.04206428 0.32943077 0.01595309 0.03710604 0.02821311 0.14988264 0.01025144
16.80084004 12.18547375 0.00110238 0.00066991 0.00078922 0.01326281 0.37568843 0.04747091 0.32695383 0.01827347 0.03496905 0.02518669 0.14771877 0.00791451
16.90084504 12.17807107 0.00117370 0.00066132 0.00092011 0.01443153 0.37808752 0.04186051 0.32346659 0.01898788 0.03908996 0.02827698 0.14469461 0.00834929
17.00085004 12.16535291 0.00091611 0.00075052 0.00066268 0.01272305 0.38011050 0.04019426 0.32508592 0.01649441 0.04811591 0.02447262 0.14193716 0.00853687
17.10085504 12.15772443 0.00081786 0.00074734 0.00052507 0.00916055 0.37547182 0.03988843 0.32985425 0.01735321 0.04972775 0.02563242 0.14419883 0.00662246
17.20086004 12.14037097 0.00072418 0.00070103 0.00059093 0.01110475 0.37468117 0.04186890 0.32607447 0.01454833 0.04175648 0.02859851 0.14678685 0.01256439
17.30086504 12.13078156 0.00067245 0.00064171 0.00030388 0.00595889 0.38145698 0.04539516 0.32553143 0.01876555 0.03844977 0.03169557 0.14192011 0.00920850
17.40087004 12.12172498 0.00064972 0.00069213 0.00033670 0.00181937 0.38218501 0.04254989 0.32518102 0.01658310 0.04242165 0.03437471 0.14152018 0.01168651
17.50087504 12.11498438 0.00055686 0.00073628 0.00020680 0.00556465 0.38969751 0.03856993 0.32314584 0.01610429 0.04531049 0.03081046 0.14110987 0.00818701
17.60088004 12.10659131 0.00060361 0.00066996 0.00039621 0.00632859 0.40166937 0.03571911 0.31711543 0.01323533 0.04376832 0.02819462 0.14277692 0.00952252
17.70088504 12.09572648 0.00044949 0.00063378 0.00028420 0.00347420 0.40068659 0.03620815 0.32511344 0.01094177 0.04135905 0.02875984 0.14420714 0.00788236
17.80089004 12.08789840 0.00058944 0.00070671 0.00036661 0.00552566 0.40422873 0.03105202 0.32320437 0.01311295 0.04249973 0.02701236 0.14536046 0.00634097
17.90089504 12.08405503 0.00037861 0.00064827 0.00028343 0.00297012 0.40637606 0.03422687 0.32463871 0.00881441 0.04045090 0.02671476 0.14788605 0.00661181
18.00090005 12.07460076 0.00034221 0.00068169 0.00020296 0.00398194 0.40427576 0.03325043 0.32417881 0.00764006 0.04568867 0.02784046 0.14517507 0.00674194
18.10090505 12.06723724 0.00057557 0.00065700 0.00041847 0.00703199 0.40123648 0.03262491 0.32283749 0.01082154 0.04642643 0.02382827 0.14484262 0.00869925
18.20091005 12.05000737 0.00117287 0.00067492 0.00082632 0.01554148 0.39550550 0.03547320 0.31914047 0.01448133 0.04437241 0.02035143 0.14630669 0.00615339
18.30091505 12.04238803 0.00083134 0.00062984 0.00056588 0.00762542 0.39648814 0.03618320 0.31850737 0.01826084 0.04170811 0.02110928 0.14666654 0.01142404
18.40092005 12.03704522 0.00068702 0.00062585 0.00050341 0.00737342 0.39697508 0.04147932 0.32089566 0.01551317 0.03569360 0.01972415 0.14780980 0.01271951
18.50092505 12.02960187 0.00081159 0.00062261 0.00059349 0.00632909 0.39812728 0.04079833 0.32597873 0.01611505 0.03607613 0.01847130 0.14519525 0.01088115
18.60093005 12.01450159 0.00080114 0.00067092 0.00069962 0.00975201 0.39417562 0.04582382 0.32459892 0.01339950 0.03964656 0.01641882 0.14290797 0.01110508
18.70093505 12.00338782 0.00057459 0.00064343 0.00038126 0.01171138 0.39688376 0.04457107 0.32575580 0.01196824 0.03772727 0.02206604 0.13898973 0.00872743
18.80094005 12.00068536 0.00056778 0.00063091 0.00042234 0.00573062 0.40064032 0.04566142 0.32706332 0.01015048 0.03904426 0.01893563 0.14062119 0.01053172
18.90094505 11.99414894 0.00057361 0.00059540 0.00033067 0.00373838 0.40114434 0.04488029 0.32635428 0.01138189 0.03661263 0.02426404 0.14129335 0.00883112
19.00095005 11.98541094 0.00041416 0.00060352 0.00027903 0.00190204 0.39875149 0.05020261 0.32619597 0.00947428 0.03010440 0.02918616 0.14234462 0.01054172
19.10095505 11.97361639 0.00060929 0.00059736 0.00051904 0.00709535 0.39550321 0.04955752 0.31796089 0.01033711 0.03028416 0.03378559 0.14165437 0.01209611
19.20096005 11.95265191 0.00086080 0.00070116 0.00074736 0.01049296 0.38922503 0.04048359 0.31894556 0.01414495 0.03423350 0.03006849 0.14489475 0.01520183
19.30096505 11.94675287 0.00072957 0.00064245 0.00065044 0.00890486 0.39387411 0.04085600 0.32160312 0.01036432 0.03343085 0.03260588 0.14444947 0.01188893
19.40097005 11.93348873 0.00066521 0.00065129 0.00053046 0.00516939 0.39110699 0.03922272 0.32073824 0.01193823 0.03392121 0.03752836 0.14558227 0.01294563
19.50097505 11.92691832 0.00091845 0.00059348 0.00075874 0.00899714 0.38739903 0.03733994 0.32254420 0.01459417 0.03275371 0.03444447 0.14470959 0.01494709
19.60098005 11.91499731 0.00084525 0.00070166 0.00058754 0.00671626 0.38877381 0.03704920 0.32286643 0.01691996 0.03576818 0.03298344 0.14388991 0.01289835
19.70098505 11.90168790 0.00082150 0.00063545 0.00074020 0.00828622 0.38407221 0.03984652 0.33157253 0.01372204 0.02535202 0.03444953 0.14636778 0.01413399
19.80099005 11.89617101 0.00057130 0.00067988 0.00042780 0.00319132 0.38647391 0.03933039 0.33375318 0.01503239 0.02775905 0.03040381 0.14733398 0.01504299
19.90099505 11.88432503 0.00086271 0.00068481 0.00078402 0.00965118 0.38261930 0.03993031 0.32766698 0.01418277 0.02855984 0.03242357 0.15046907 0.01216543
20.00100005 11.87427122 0.00066127 0.00067760 0.00042269 0.00341594 0.37628619 0.04359420 0.34102558 0.01607544 0.02704783 0.03278302 0.14896280 0.00904745
20.10100505 11.86224937 0.00068311 0.00071867 0.00045718 0.00492989 0.37816307 0.04449408 0.33457127 0.01348813 0.03111540 0.03278087 0.14943159 0.00916674
20.20101005 11.85668005 0.00056552 0.00063295 0.00024666 0.00414169 0.38152533 0.04721652 0.32998371 0.01556227 0.03452264 0.02880248 0.14733537 0.00946486
20.30101505 11.84138843 0.00078422 0.00059486 0.00052609 0.00639495 0.38215949 0.05266097 0.32529624 0.01591632 0.03001390 0.03195907 0.14193552 0.01175838
20.40102005 11.83347163 0.00078444 0.00061714 0.00063562 0.00736759 0.38153016 0.05544741 0.32076501 0.01316966 0.02747090 0.02918614 0.14761679 0.01540914
20.50102505 11.82569343 0.00074749 0.00066599 0.00054634 0.00710809 0.38332273 0.05116801 0.31790681 0.01524811 0.03053059 0.02655968 0.15157387 0.01462228
20.60103005 11.81534731 0.00052673 0.00073895 0.00032482 0.00401743 0.37576455 0.05274704 0.31511685 0.01357060 0.03824924 0.02754942 0.15813041 0.01326396
20.70103505 11.80372577 0.00073387 0.00071529 0.00062472 0.00921218 0.37838997 0.04680327 0.31263636 0.01422428 0.04167340 0.02761378 0.15258498 0.01478790
20.80104005 11.79679817 0.00084830 0.00068572 0.00068488 0.00906518 0.37486726 0.04811691 0.31465771 0.01677634 0.04284138 0.02775202 0.14894793 0.01475636
20.90104505 11.79494518 0.00114174 0.00066328 0.00075908 0.01551895 0.37561637 0.04282090 0.31804674 0.01768259 0.04108002 0.02595560 0.14859360 0.01212114
21.00105005 11.78041304 0.00114303 0.00068405 0.00080097 0.01190406 0.37790539 0.04492329 0.31816805 0.01611467 0.04215082 0.02841300 0.14709169 0.01070098
21.10105505 11.77212027 0.00044298 0.00074859 0.00024646 0.00205867 0.39336565 0.04541873 0.31437189 0.01223914 0.04728512 0.02356832 0.15022875 0.01002571
21.20106005 11.76495535 0.00050654 0.00073442 0.00035912 0.00750656 0.38876186 0.04272917 0.30890435 0.01174364 0.05153424 0.02587193 0.15006514 0.01128305
21.30106505 11.75655340 0.00060979 0.00066058 0.00036297 0.00538378 0.38930718 0.04598957 0.31486198 0.01372142 0.04532212 0.02745566 0.14784815 0.00847681
21.40107005 11.74481963 0.00053830 0.00070432 0.00032714 0.00429157 0.38274750 0.05085107 0.31926313 0.00978049 0.04981168 0.02396836 0.14947337 0.00824307
21.50107505 11.73414059 0.00091726 0.00066838 0.00071791 0.01153616 0.38522963 0.04588043 0.31696459 0.01151753 0.04733430 0.02081971 0.14980311 0.00861101
21.60108005 11.72712421 0.00063393 0.00073526 0.00036328 0.00436013 0.38518087 0.03742476 0.31303765 0.01454822 0.05290017 0.02762256 0.15414604 0.00904710
21.70108505 11.72038766 0.00092346 0.00071936 0.00083656 0.01509101 0.38280622 0.03570456 0.31199947 0.01375591 0.04667494 0.02525534 0.15380001 0.01243318
21.80109005 11.70087888 0.00071368 0.00079736 0.00069316 0.00742299 0.38352229 0.03868351 0.30627418 0.01167262 0.05072279 0.03056423 0.15468338 0.01424982
21.90109505 11.69236283 0.00080068 0.00072595 0.00062259 0.01003314 0.38110584 0.05058961 0.30453576 0.01157134 0.05131838 0.02816054 0.15231407 0.00822210
22.00110006 11.68392545 0.00100293 0.00068370 0.00071738 0.00707397 0.37527208 0.05390507 0.31041287 0.01736427 0.04809026 0.01936528 0.15354108 0.01257111
22.10110506 11.67385005 0.00070539 0.00068711 0.00061336 0.00516693 0.37310714 0.04969775 0.31414360 0.01998495 0.04575217 0.01958626 0.15230998 0.01824537
22.20111006 11.65641327 0.00121158 0.00068397 0.00110207 0.01446280 0.36550616 0.04396034 0.31107091 0.01768440 0.04912851 0.02986295 0.14761044 0.01771585
22.30111506 11.64802265 0.00087609 0.00068110 0.00068070 0.00675261 0.37189610 0.05450454 0.31355251 0.01790896 0.04336354 0.02918638 0.14650676 0.01409072
22.40112006 11.63950342 0.00131685 0.00069058 0.00097919 0.01737083 0.37575340 0.04941037 0.31171384 0.01828869 0.04266945 0.02564302 0.14517273 0.01099105
22.50112506 11.63597288 0.00081186 0.00078053 0.00046695 0.00668185 0.37935573 0.04995339 0.31600635 0.01745179 0.04309229 0.02506603 0.15076511 0.00956813
22.60113006 11.62013367 0.00053556 0.00076091 0.00034301 0.00740579 0.37525015 0.05519785 0.31280971 0.01158531 0.04548010 0.02789180 0.15169914 0.01104067
22.70113506 11.61298230 0.00061605 0.00071263 0.00048429 0.00520051 0.37514522 0.05512269 0.31016229 0.01168195 0.04709255 0.02811442 0.15288731 0.01278010
22.80114006 11.60784973 0.00085151 0.00062154 0.00062745 0.00812844 0.37576897 0.05219263 0.31135125 0.01417025 0.04683609 0.02900307 0.14942215 0.01102665
22.90114506 11.60464032 0.00051158 0.00059988 0.00032775 0.00533857 0.37780476 0.05456837 0.31710908 0.01338020 0.04080595 0.03029444 0.14768033 0.01157910
23.00115006 11.59225627 0.00051784 0.00066314 0.00044162 0.00411078 0.37608278 0.05808972 0.31596124 0.01385785 0.04291729 0.02233872 0.14837555 0.01664347
23.10115506 11.58344483 0.00071280 0.00070662 0.00055739 0.00918531 0.37136477 0.05917869 0.31301804 0.01438235 0.04596283 0.02292614 0.14694775 0.01505732
23.20116006 11.57406321 0.00081145 0.00068707 0.00062156 0.00694963 0.37129672 0.05716473 0.31667304 0.01424332 0.04267593 0.02552079 0.15066725 0.01268852
23.30116506 11.56157737 0.00087186 0.00069073 0.00058038 0.00765469 0.36742574 0.05578637 0.31249880 0.01871046 0.04230785 0.02552520 0.15307689 0.01487104
23.40117006 11.54844394 0.00104266 0.00061509 0.00088276 0.01212191 0.36999053 0.05089874 0.31146901 0.01641350 0.03581696 0.03245989 0.15210840 0.01618055
23.50117506 11.53932345 0.00066067 0.00066414 0.00052261 0.00713692 0.37548486 0.05105500 0.31117235 0.01491418 0.03565306 0.03444082 0.15302559 0.01526979
23.60118006 11.52882744 0.00076168 0.00068215 0.00071888 0.00813696 0.37735312 0.04832340 0.31115614 0.01422628 0.03952534 0.03421305 0.14728325 0.01761976
23.70118506 11.51348559 0.00089081 0.00068444 0.00075844 0.00705649 0.36967253 0.04693776 0.32171302 0.01521284 0.03626149 0.03739788 0.14766852 0.01574576
23.80119006 11.50627296 0.00069975 0.00066607 0.00067024 0.00665135 0.36555754 0.05006699 0.32865508 0.01370828 0.03746809 0.03498824 0.14565323 0.01521515
23.90119506 11.49385695 0.00106889 0.00070275 0.00096152 0.01441776 0.36039065 0.05432851 0.33334472 0.01225204 0.04003549 0.02851441 0.14352640 0.01045687
24.00120006 11.48488008 0.00102001 0.00075822 0.00060016 0.01068872 0.36343455 0.04813153 0.33119479 0.02051950 0.03911862 0.02543239 0.14949382 0.00960767
24.10120506 11.47537598 0.00071389 0.00078861 0.00047563 0.00544260 0.36311083 0.04218217 0.33577053 0.01675786 0.04740444 0.02560292 0.15092558 0.01082493
24.20121006 11.46735243 0.00072080 0.00074951 0.00046659 0.00314718 0.36213706 0.03669195 0.33506480 0.01910584 0.04904614 0.02296125 0.15700250 0.01290639
24.30121506 11.45420650 0.00097273 0.00073574 0.00082191 0.01533437 0.36003952 0.03521638 0.33384376 0.01687137 0.04838674 0.01873051 0.15899424 0.01005274
24.40122006 11.44632226 0.00104457 0.00074356 0.00084695 0.01472523 0.36374211 0.03601320 0.33071455 0.01192176 0.04603679 0.02248686 0.15876299 0.01296142
24.50122506 11.44704381 0.00078104 0.00082049 0.00055990 0.00614345 0.36597488 0.03759518 0.33588816 0.01336343 0.04778010 0.02213731 0.15753636 0.01141968
24.60123006 11.43800243 0.00103410 0.00076075 0.00086764 0.01163530 0.37044776 0.03612714 0.33027168 0.01356391 0.04662438 0.02717605 0.15189543 0.00959585
24.70123506 11.43507328 0.00035731 0.00068467 0.00014628 0.00023148 0.37685824 0.04596064 0.33848727 0.01244514 0.03980968 0.02420514 0.15216015 0.00865400
24.80124006 11.42640752 0.00061788 0.00064151 0.00048378 0.00782061 0.37682630 0.04410194 0.33432698 0.00980477 0.04184867 0.02696285 0.14835653 0.00820818
24.90124506 11.42221676 0.00063752 0.00063601 0.00049489 0.00842299 0.37103822 0.04560985 0.33449851 0.01000274 0.03996225 0.03040763 0.14986502 0.00842438
25.00125006 11.40805413 0.00062909 0.00067610 0.00047040 0.00888540 0.37516674 0.04380307 0.33514755 0.01030257 0.03601596 0.03034880 0.15099365 0.00756068
25.10125506 11.39889635 0.00061375 0.00071960 0.00035110 0.00471052 0.37449549 0.04558554 0.33550401 0.01072575 0.04226883 0.02598646 0.15101207 0.00802688
25.20126006 11.39087827 0.00069859 0.00069498 0.00050119 0.00660145 0.37225625 0.04381041 0.33653216 0.01063398 0.04004733 0.02809929 0.15246928 0.00765509
25.30126506 11.38239604 0.00055591 0.00064959 0.00030223 0.00385105 0.37295505 0.04771363 0.33233569 0.01149911 0.03937081 0.03254885 0.15068886 0.00752921
25.40127006 11.36700177 0.00065123 0.00073130 0.00044110 0.00499412 0.37246260 0.04324378 0.32536799 0.01210149 0.04446294 0.03605592 0.14897517 0.01051235
25.50127506 11.36471788 0.00062521 0.00071483 0.00049636 0.00538143 0.38254013 0.04682578 0.31483122 0.01280923 0.04285642 0.03124720 0.14705739 0.01461480
25.60128006 11.35910016 0.00065257 0.00061177 0.00044048 0.00546214 0.37487490 0.04493954 0.32782778 0.01437490 0.04131339 0.02856100 0.14737217 0.01356935
