0.00000000 0.00000000 0.00000000 0.00000000 0.00000000 0.00000000 0.00000000 0.00000000 0.00000000 1.00000000 0.00000000 0.00000000 0.00000000 0.00000000
0.10000500 0.00148684 0.01659416 0.00106123 0.00494285 0.09478565 0.11494507 0.14492166 0.02229023 0.46882948 0.06047465 0.03738154 0.01122882 0.02254466
0.20001000 0.00246399 0.00669171 0.00106581 0.00345742 0.05104061 0.16902691 0.23251732 0.03359427 0.26157688 0.08180395 0.09076588 0.03250906 0.03595018
0.30001500 0.00328474 0.00367337 0.00089793 0.00197091 0.02621330 0.17404929 0.24143400 0.05523291 0.18036549 0.09368233 0.12983716 0.04813754 0.04450577
0.40002000 0.00404684 0.00321602 0.00074909 0.00162815 0.01582111 0.18920279 0.23259470 0.07219379 0.13963262 0.09308392 0.14964385 0.05477041 0.04746355
0.50002500 0.00470628 0.00316246 0.00075672 0.00149263 0.01991568 0.19483416 0.21392391 0.09023641 0.11672827 0.09738127 0.15369815 0.06079145 0.04707890
0.60003000 0.00522054 0.00322927 0.00089268 0.00196047 0.02589359 0.21195516 0.19289947 0.09214668 0.09131437 0.11030725 0.14415409 0.07069823 0.05454875
0.70003500 0.00569076 0.00254964 0.00086153 0.00104095 0.00894248 0.22166702 0.18777550 0.10641000 0.08385364 0.11060608 0.15219829 0.08245537 0.04163951
0.80004000 0.00592992 0.00225662 0.00086917 0.00125220 0.01621970 0.22411377 0.18223460 0.11280152 0.06822902 0.11574038 0.14415131 0.08847517 0.04365656
0.90004500 0.00611479 0.00231970 0.00071830 0.00135107 0.01530773 0.22701207 0.18032424 0.12143056 0.06697121 0.10441184 0.14734320 0.08842723 0.04438285
1.00005000 0.00640422 0.00177438 0.00069671 0.00114906 0.01035304 0.23908120 0.17001552 0.12904974 0.05871491 0.10424709 0.14334547 0.09092527 0.05064762
1.10005500 0.00667938 0.00167739 0.00065567 0.00074572 0.00859401 0.24593917 0.17409022 0.14794459 0.05680445 0.09636076 0.13275472 0.09109981 0.04333350
1.20006000 0.00677515 0.00218435 0.00060599 0.00140089 0.01869165 0.25319769 0.17885994 0.15046007 0.05314640 0.08670496 0.11830859 0.09703130 0.03940818
1.30006500 0.00698843 0.00226574 0.00054105 0.00128944 0.01861161 0.26631794 0.17517955 0.15434668 0.05269072 0.08238189 0.11234924 0.09441244 0.03961371
1.40007000 0.00705294 0.00188028 0.00049077 0.00099944 0.01258239 0.26854576 0.16915599 0.16268387 0.05633102 0.07966518 0.10467718 0.09661442 0.04637370
1.50007500 0.00748389 0.00181954 0.00057808 0.00099817 0.00876853 0.29034131 0.16602832 0.16694291 0.04952804 0.08081050 0.09440796 0.09732720 0.04244943
1.60008000 0.00751497 0.00197330 0.00047863 0.00096823 0.01233446 0.29417068 0.17068729 0.16754825 0.05252739 0.07680181 0.08694901 0.09900063 0.03656033
1.70008500 0.00796802 0.00196516 0.00052991 0.00079431 0.01075323 0.30930731 0.16133671 0.17860039 0.05152683 0.07391994 0.07572534 0.09964245 0.03589843
1.80009000 0.00833621 0.00158952 0.00049618 0.00067450 0.00836736 0.32179406 0.16032071 0.18165756 0.04556894 0.07160124 0.06562537 0.10645096 0.03585361
1.90009500 0.00874422 0.00170306 0.00045933 0.00080674 0.00919078 0.32707084 0.15536440 0.19050374 0.04272399 0.06880446 0.06766499 0.10516163 0.03054604
2.00010001 0.00913418 0.00155354 0.00050548 0.00071324 0.00693971 0.32306526 0.14776812 0.20020483 0.04323899 0.06689231 0.06373748 0.11333211 0.03204892
2.10010501 0.00924676 0.00113502 0.00045964 0.00044815 0.00417581 0.32881488 0.14410668 0.20733028 0.03480759 0.06496385 0.06586284 0.11643134 0.03146390
2.20011001 0.00940602 0.00141879 0.00050210 0.00084632 0.01002421 0.34049606 0.12572874 0.21260288 0.02911913 0.06602180 0.06278445 0.12237715 0.02807836
2.30011501 0.01029376 0.00145692 0.00043497 0.00077270 0.01042767 0.33914705 0.11893160 0.21971119 0.03224466 0.06201561 0.06354886 0.12469118 0.02661761
2.40012001 0.01053060 0.00113688 0.00046207 0.00058259 0.00741761 0.35253013 0.10725050 0.22717007 0.03263311 0.05609470 0.06273118 0.12774303 0.02424811
2.50012501 0.01070280 0.00110133 0.00046037 0.00052496 0.00733406 0.35606104 0.10032939 0.23052127 0.02917829 0.06168324 0.05850752 0.13127408 0.02302445
2.60013001 0.01085030 0.00107198 0.00037974 0.00055359 0.00815832 0.35762895 0.10492955 0.22965134 0.02420151 0.05714847 0.05644611 0.13719150 0.02263894
2.70013501 0.01089132 0.00128436 0.00039728 0.00077918 0.00864928 0.36184230 0.09773582 0.23523722 0.02561955 0.05560696 0.05060670 0.13891625 0.02332510
2.80014001 0.01097088 0.00107158 0.00042438 0.00075845 0.00841179 0.36653857 0.09416312 0.24455385 0.02168685 0.05312282 0.04306751 0.14336037 0.02284069
2.90014501 0.01110611 0.00112718 0.00033497 0.00073932 0.00925845 0.36556101 0.09159119 0.25185147 0.02192492 0.04604679 0.04468085 0.14420576 0.02267809
3.00015001 0.01125603 0.00065692 0.00035478 0.00023306 0.00057803 0.37076520 0.09450303 0.25320287 0.02131497 0.04272540 0.04339170 0.15095176 0.02132230
3.10015501 0.01139438 0.00083245 0.00035279 0.00040527 0.00426794 0.37581670 0.08848252 0.25119780 0.02051758 0.04265843 0.04091654 0.15397428 0.02057771
3.20016001 0.01157953 0.00077824 0.00034177 0.00045632 0.00400181 0.38094123 0.08939363 0.25123133 0.01888174 0.04448105 0.03594169 0.15300462 0.02054656
3.30016501 0.01177605 0.00106349 0.00034657 0.00057018 0.01222028 0.37697052 0.07960365 0.25544555 0.01968871 0.04582552 0.03183490 0.15941184 0.01701879
3.40017001 0.01202247 0.00113553 0.00035359 0.00069083 0.01616185 0.38051983 0.07413236 0.26215199 0.01853592 0.04046003 0.02721530 0.16451456 0.01412821
3.50017501 0.01209917 0.00105328 0.00039908 0.00077100 0.01018472 0.38626778 0.06411458 0.26657726 0.01812291 0.04626427 0.02440838 0.16849161 0.01334513
3.60018001 0.01295968 0.00056560 0.00043336 0.00030734 0.00215997 0.39362464 0.05595675 0.28081579 0.01308994 0.04556434 0.02512872 0.16756187 0.01479167
3.70018501 0.01322520 0.00044611 0.00036987 0.00024024 0.00166739 0.39788171 0.06213263 0.27676993 0.01009380 0.04223938 0.02373963 0.17073910 0.01368020
3.80019001 0.01337061 0.00040085 0.00034139 0.00014006 0.00113599 0.40285796 0.05846522 0.28365780 0.01140913 0.03663570 0.02292094 0.17050715 0.01152782
3.90019501 0.01355659 0.00052889 0.00027797 0.00026506 0.00527804 0.40422218 0.05280748 0.28054130 0.01152489 0.03786181 0.02285109 0.17309673 0.01074456
4.00020001 0.01457782 0.00059991 0.00025152 0.00042574 0.00506668 0.40311721 0.05854722 0.28043214 0.00980145 0.03563046 0.02132486 0.17256867 0.01223414
4.10020501 0.01487160 0.00033709 0.00026241 0.00021466 0.00035261 0.39992093 0.05311059 0.28448821 0.01271376 0.03688656 0.02241157 0.17444190 0.01485973
4.20021001 0.01507610 0.00056603 0.00021421 0.00045901 0.00459336 0.39831446 0.05403515 0.28805586 0.00984693 0.03373598 0.02013140 0.17567949 0.01436812
4.30021501 0.01511968 0.00047742 0.00023668 0.00029859 0.00233355 0.40302034 0.05273809 0.28535484 0.01229899 0.03163334 0.01741388 0.18175480 0.01243948
4.40022001 0.01532039 0.00058611 0.00022128 0.00029451 0.00553637 0.40349929 0.05216211 0.28593880 0.01400985 0.02972559 0.01456017 0.18261505 0.01085089
4.50022501 0.01731578 0.00060689 0.00022698 0.00032403 0.00338948 0.40256421 0.05417933 0.28623705 0.01454533 0.02830513 0.01375372 0.18466662 0.01120123
4.60023001 0.01746631 0.00063688 0.00019776 0.00028697 0.00333827 0.40350726 0.05200637 0.28814917 0.01618606 0.02501384 0.01757232 0.18313197 0.00997314
4.70023501 0.01757196 0.00057367 0.00021087 0.00034662 0.00505595 0.40466251 0.05204233 0.28950042 0.01085353 0.02207544 0.01977672 0.18555076 0.00935118
4.80024001 0.01766093 0.00039825 0.00023257 0.00015951 0.00206180 0.41014619 0.04570137 0.29124846 0.01139497 0.02210084 0.01961436 0.18827193 0.00866975
4.90024501 0.01772601 0.00041802 0.00023500 0.00017645 0.00214213 0.41554261 0.03771153 0.29287014 0.01227993 0.02201869 0.01741499 0.18933355 0.00985695
5.00025001 0.01774195 0.00048998 0.00019335 0.00022667 0.00214681 0.41474804 0.03261706 0.29465520 0.01651110 0.01984196 0.01564407 0.19256145 0.01036432
5.10025501 0.01800285 0.00034710 0.00018340 0.00014740 0.00164603 0.41954004 0.03269884 0.29829291 0.01292308 0.01786083 0.01671421 0.19212283 0.00752333
5.20026001 0.01800877 0.00034072 0.00014739 0.00015941 0.00173838 0.42049333 0.03313464 0.29807583 0.01031052 0.01760589 0.01765460 0.19367756 0.00666174
5.30026501 0.01803381 0.00036052 0.00016524 0.00021417 0.00310106 0.42351614 0.03067469 0.29663007 0.00896442 0.01580618 0.01836960 0.19588236 0.00631555
5.40027001 0.01814144 0.00039950 0.00013488 0.00017815 0.00155781 0.42598799 0.03064177 0.29621170 0.01074637 0.01394001 0.01833963 0.19572542 0.00613677
5.50027501 0.01819831 0.00033376 0.00013473 0.00009871 0.00031341 0.42658855 0.02858835 0.29697630 0.01244331 0.01229354 0.01853353 0.19600687 0.00768893
5.60028001 0.01825791 0.00034505 0.00015036 0.00015771 0.00375111 0.42769277 0.02665447 0.29521397 0.01101010 0.01431073 0.01655719 0.19663216 0.00752436
5.70028501 0.01825613 0.00025451 0.00017037 0.00008090 0.00204516 0.43073923 0.02799265 0.29720863 0.00827007 0.01572911 0.01216311 0.20015265 0.00519361
5.80029001 0.01847744 0.00023493 0.00016338 0.00010567 0.00018374 0.43166231 0.02425274 0.29552958 0.00899006 0.01756670 0.01234518 0.20107803 0.00788769
5.90029501 0.01848752 0.00030208 0.00014578 0.00022861 0.00386635 0.43090548 0.02501893 0.29395202 0.00664203 0.01869795 0.01065328 0.20229877 0.00728872
6.00030002 0.01842118 0.00031778 0.00012912 0.00014909 0.00190613 0.43633910 0.02654482 0.29603267 0.00731726 0.01460058 0.00983163 0.20289854 0.00393330
6.10030502 0.01842592 0.00019844 0.00014257 0.00003234 0.00214682 0.43846511 0.02489312 0.29606326 0.00644303 0.01636436 0.00800992 0.20296470 0.00427631
6.20031002 0.01847750 0.00045815 0.00011504 0.00026530 0.00320987 0.43816395 0.02279176 0.29617574 0.00793504 0.01453005 0.00878474 0.20301522 0.00455514
6.30031502 0.01856749 0.00036913 0.00012263 0.00021132 0.00307591 0.43803922 0.02290284 0.29621235 0.00750053 0.01273436 0.00926166 0.20489145 0.00467860
6.40032002 0.01875086 0.00028274 0.00013632 0.00013128 0.00148615 0.43790227 0.02042428 0.30127874 0.00791295 0.01272098 0.00952680 0.20396169 0.00423580
6.50032502 0.01891427 0.00030663 0.00016644 0.00020001 0.00284236 0.43990949 0.01679041 0.30098405 0.00704131 0.01452857 0.00940476 0.20441146 0.00341452
6.60033002 0.01901314 0.00013492 0.00014200 0.00008800 0.00014521 0.44196157 0.02048666 0.29905161 0.00542900 0.01447802 0.00887293 0.20436679 0.00484329
6.70033502 0.01905431 0.00024596 0.00011115 0.00016816 0.00179102 0.44215704 0.02026702 0.29839711 0.00532834 0.01113443 0.01144621 0.20420027 0.00475330
6.80034002 0.01911474 0.00025771 0.00010009 0.00013966 0.00189164 0.44270397 0.02190834 0.29607526 0.00539787 0.01089139 0.01280594 0.20422929 0.00359884
6.90034502 0.01909972 0.00025688 0.00009106 0.00013102 0.00185844 0.44334699 0.02175275 0.29768182 0.00557498 0.00906126 0.01257241 0.20381887 0.00385352
7.00035002 0.02013129 0.00016286 0.00010731 0.00003910 0.00008188 0.44455457 0.02348796 0.29776145 0.00554673 0.00725144 0.01264725 0.20432524 0.00403421
7.10035502 0.02277027 0.00017287 0.00013427 0.00004569 0.00011504 0.44614310 0.02336539 0.29262467 0.00559889 0.00926172 0.01646890 0.20183623 0.00423323
7.20036002 0.02276565 0.00026012 0.00009683 0.00013614 0.00388613 0.44640354 0.02199294 0.29470843 0.00550887 0.00584239 0.01580463 0.20094880 0.00441117
7.30036502 0.02287832 0.00022572 0.00010844 0.00011883 0.00190276 0.45066499 0.01744828 0.29488361 0.00522297 0.00599066 0.01700677 0.20235230 0.00407467
7.40037002 0.02299920 0.00013954 0.00011386 0.00003596 0.00008828 0.45523612 0.01954365 0.29310511 0.00506778 0.00782182 0.01488652 0.19972310 0.00423826
7.50037502 0.02311726 0.00016238 0.00011335 0.00008020 0.00197772 0.45754378 0.02015015 0.29335194 0.00382283 0.00793787 0.01159643 0.19905306 0.00421030
7.60038002 0.02309122 0.00016322 0.00008882 0.00002905 0.00008722 0.45811532 0.01848853 0.29535490 0.00583856 0.00759148 0.01112997 0.19884948 0.00426345
7.70038502 0.02322846 0.00032090 0.00008504 0.00028222 0.00354584 0.45758997 0.01622832 0.29522783 0.00392688 0.00721064 0.01197689 0.19788652 0.00571895
7.80039002 0.02318602 0.00012807 0.00011007 0.00004495 0.00012009 0.45812430 0.01985626 0.29333389 0.00366154 0.01104615 0.01245226 0.19738559 0.00373682
7.90039502 0.02328489 0.00014254 0.00011962 0.00003242 0.00013206 0.46069356 0.01640053 0.29314678 0.00480437 0.01068587 0.01111228 0.19735417 0.00537580
8.00040002 0.02324716 0.00011278 0.00009625 0.00002960 0.00006740 0.46319770 0.01915056 0.29464774 0.00383170 0.00867232 0.00931647 0.19738599 0.00349150
8.10040502 0.02323125 0.00023537 0.00008248 0.00010453 0.00197437 0.46380858 0.01673577 0.29422746 0.00553166 0.00842313 0.00828728 0.19745836 0.00313102
8.20041002 0.02491860 0.00022019 0.00009956 0.00013896 0.00144418 0.46387101 0.01584766 0.29321911 0.00525953 0.00841296 0.01009989 0.19839737 0.00298959
8.30041502 0.02563327 0.00010090 0.00013917 0.00002008 0.00006648 0.46534278 0.01443631 0.29928508 0.00400239 0.00858737 0.00694004 0.19864561 0.00243382
8.40042002 0.02558708 0.00009507 0.00011403 0.00001898 0.00005855 0.46645525 0.01563678 0.29902363 0.00341560 0.00900420 0.00623040 0.19740289 0.00254462
8.50042502 0.02577611 0.00023689 0.00010396 0.00021621 0.00331008 0.46734717 0.01586958 0.29400687 0.00354280 0.00919697 0.00623417 0.19534504 0.00459027
8.60043002 0.02589110 0.00008182 0.00014951 0.00006053 0.00007205 0.47072159 0.01401411 0.29587223 0.00199424 0.01289577 0.00573971 0.19436090 0.00403753
8.70043502 0.02581598 0.00006931 0.00012083 0.00004421 0.00007239 0.47241857 0.01114146 0.29923739 0.00187558 0.01070009 0.00756567 0.19352311 0.00323138
8.80044002 0.02599605 0.00013964 0.00011307 0.00014257 0.00136426 0.47723653 0.00971254 0.29974950 0.00154848 0.00868039 0.00667716 0.19222051 0.00241535
8.90044502 0.02598327 0.00004972 0.00010852 0.00006498 0.00008955 0.47814688 0.00736686 0.30124433 0.00142606 0.00902323 0.00742388 0.19147703 0.00357896
9.00045002 0.02600373 0.00012045 0.00012638 0.00008601 0.00188392 0.47730115 0.00738210 0.30114805 0.00166295 0.01087190 0.00697985 0.19055252 0.00188472
9.10045502 0.02606531 0.00024764 0.00010007 0.00018173 0.00334737 0.47845496 0.00613870 0.30067156 0.00198196 0.01052569 0.00639377 0.19024772 0.00170883
9.20046002 0.02598189 0.00008498 0.00011136 0.00006981 0.00045610 0.47948999 0.00613801 0.30219198 0.00204486 0.01205659 0.00529113 0.19015008 0.00191510
9.30046502 0.02600544 0.00012092 0.00009062 0.00010076 0.00137204 0.48025729 0.00619821 0.30359133 0.00181588 0.00998864 0.00474625 0.19007211 0.00164594
9.40047002 0.02598325 0.00012279 0.00009858 0.00015863 0.00170284 0.48292900 0.00530862 0.30493148 0.00039506 0.00983348 0.00118084 0.19020746 0.00313122
9.50047502 0.02597370 0.00002070 0.00009765 0.00004132 0.00002269 0.48349875 0.00545948 0.30628887 0.00036240 0.00988052 0.00131055 0.19023421 0.00278287
9.60048002 0.02595367 0.00002138 0.00009422 0.00003206 0.00002635 0.48414748 0.00583820 0.30575777 0.00038196 0.00994817 0.00154951 0.19005236 0.00215054
9.70048502 0.02591487 0.00002217 0.00009171 0.00002544 0.00002816 0.48495758 0.00627110 0.30541326 0.00039891 0.00992073 0.00166811 0.18961672 0.00158611
9.80049002 0.02590015 0.00014880 0.00008859 0.00010020 0.00184943 0.48578400 0.00536150 0.30359184 0.00231838 0.00978994 0.00121029 0.18874562 0.00101140
9.90049502 0.02595256 0.00003308 0.00008518 0.00002244 0.00003228 0.48654821 0.00744957 0.30551826 0.00035995 0.00807661 0.00311169 0.18777174 0.00099099
10.00050003 0.02591692 0.00007022 0.00010017 0.00001220 0.00008321 0.48728932 0.00591442 0.30356501 0.00234217 0.00800125 0.00263693 0.18904425 0.00094085
10.10050503 0.02588704 0.00004779 0.00010391 0.00000427 0.00002140 0.48799159 0.00466639 0.30371817 0.00207942 0.00997253 0.00225963 0.18821379 0.00092110
10.20051003 0.02653407 0.00010733 0.00009209 0.00008318 0.00156698 0.48712991 0.00477090 0.30387988 0.00182567 0.00986035 0.00255497 0.18703778 0.00109098
10.30051503 0.02648645 0.00021487 0.00008900 0.00019595 0.00339691 0.48792621 0.00470366 0.30409432 0.00127427 0.00978979 0.00128514 0.18610068 0.00092920
10.40052003 0.02668520 0.00015248 0.00011291 0.00015403 0.00288046 0.49052621 0.00499877 0.30478546 0.00131173 0.00840720 0.00158486 0.18416822 0.00091765
10.50052503 0.02675829 0.00021828 0.00008831 0.00019036 0.00273396 0.49132209 0.00447433 0.30308580 0.00233395 0.00822127 0.00095614 0.18328252 0.00309297
10.60053003 0.02671489 0.00008341 0.00008143 0.00004038 0.00007695 0.49205501 0.00656234 0.30283938 0.00363107 0.00805667 0.00132343 0.18296750 0.00228242
10.70053503 0.02726183 0.00006591 0.00009241 0.00001163 0.00002568 0.49369109 0.00826671 0.30237149 0.00292243 0.00796808 0.00162771 0.18187693 0.00107993
10.80054003 0.02709270 0.00014853 0.00008418 0.00012853 0.00334895 0.49382438 0.00493710 0.30029402 0.00250936 0.00789574 0.00390511 0.18190168 0.00102243
10.90054503 0.02713870 0.00016239 0.00007906 0.00018182 0.00373238 0.49766073 0.00351820 0.29836112 0.00197209 0.00627101 0.00392920 0.18162808 0.00250393
11.00055003 0.02707420 0.00027801 0.00007879 0.00023359 0.00323661 0.49765169 0.00574627 0.29809238 0.00202458 0.00481156 0.00591571 0.18136557 0.00056523
11.10055503 0.02719024 0.00018159 0.00006811 0.00015367 0.00336851 0.49752339 0.00527283 0.29837082 0.00216162 0.00460964 0.00591525 0.18142803 0.00094653
11.20056003 0.02722920 0.00019021 0.00006915 0.00009840 0.00189434 0.49753275 0.00478977 0.30017895 0.00355941 0.00453766 0.00448755 0.18168149 0.00098032
11.30056503 0.02815365 0.00007025 0.00008880 0.00001396 0.00005824 0.49597945 0.00474437 0.29984821 0.00312541 0.00651688 0.00678488 0.18156665 0.00120288
11.40057003 0.02813265 0.00005179 0.00007425 0.00000866 0.00003018 0.49587239 0.00483930 0.29963561 0.00274066 0.00631378 0.00693864 0.18210398 0.00139076
11.50057503 0.02819305 0.00003549 0.00008980 0.00000700 0.00002172 0.49764071 0.00474962 0.29946838 0.00175543 0.00806340 0.00422559 0.18273772 0.00120515
11.60058003 0.02817721 0.00003600 0.00007927 0.00000941 0.00002244 0.49733841 0.00476256 0.29937097 0.00168375 0.00777077 0.00430746 0.18344057 0.00117838
11.70058503 0.02829049 0.00005509 0.00007150 0.00002712 0.00005903 0.49691038 0.00677485 0.29760632 0.00167690 0.00605459 0.00624497 0.18335720 0.00116205
11.80059003 0.02825655 0.00004803 0.00006995 0.00001395 0.00003103 0.49681604 0.00670251 0.29751137 0.00184669 0.00602912 0.00602991 0.18357352 0.00132787
11.90059503 0.02847146 0.00005602 0.00006758 0.00002239 0.00003367 0.49665622 0.00826647 0.29776207 0.00157442 0.00446363 0.00665236 0.18305050 0.00139468
12.00060003 0.02847749 0.00004331 0.00009570 0.00001083 0.00002599 0.49668119 0.00652955 0.29955404 0.00154703 0.00644042 0.00451366 0.18322864 0.00132964
12.10060503 0.02845445 0.00004367 0.00009943 0.00000781 0.00002606 0.49659542 0.00530713 0.29927743 0.00163057 0.00626578 0.00386120 0.18576194 0.00112356
12.20061003 0.02853153 0.00005883 0.00007576 0.00002041 0.00200625 0.49625917 0.00547457 0.29900458 0.00173183 0.00454036 0.00356381 0.18612013 0.00114430
12.30061503 0.02841324 0.00012068 0.00007656 0.00009406 0.00137921 0.49578753 0.00572840 0.29920487 0.00202893 0.00460086 0.00337311 0.18633018 0.00127560
12.40062003 0.02845818 0.00005545 0.00007156 0.00006684 0.00006092 0.49542553 0.00662478 0.29898748 0.00177899 0.00469361 0.00276716 0.18682182 0.00264586
12.50062503 0.02844828 0.00004420 0.00007575 0.00003795 0.00003462 0.49714909 0.00628635 0.29879479 0.00133527 0.00472631 0.00210585 0.18725406 0.00215575
12.60063003 0.02838987 0.00004297 0.00008570 0.00003291 0.00201298 0.49677041 0.00498576 0.29704204 0.00114589 0.00471772 0.00235022 0.18938413 0.00142926
12.70063503 0.02831023 0.00002513 0.00013422 0.00000297 0.00001514 0.49633255 0.00349768 0.30085538 0.00073059 0.00691709 0.00106293 0.18976076 0.00066556
12.80064003 0.02831283 0.00002525 0.00008771 0.00000337 0.00001667 0.49594430 0.00350708 0.30068482 0.00076537 0.00662578 0.00100156 0.19065738 0.00068070
12.90064503 0.02823045 0.00006392 0.00009381 0.00000577 0.00007557 0.49527621 0.00265938 0.30041245 0.00188784 0.00491821 0.00069093 0.19329932 0.00061660
13.00065003 0.02852061 0.00000845 0.00009514 0.00004584 0.00004411 0.49383392 0.00259667 0.29984948 0.00011897 0.00513172 0.00068965 0.19508974 0.00249631
13.10065503 0.02851683 0.00000843 0.00008590 0.00003576 0.00001727 0.49325641 0.00275456 0.29995097 0.00013128 0.00542548 0.00090833 0.19528124 0.00214437
13.20066003 0.02844222 0.00010050 0.00008034 0.00009766 0.00164561 0.49285924 0.00257902 0.30015070 0.00019874 0.00552474 0.00075228 0.19538498 0.00062620
13.30066503 0.02838959 0.00001975 0.00007825 0.00001304 0.00198902 0.49448446 0.00258414 0.29877897 0.00015148 0.00544541 0.00067418 0.19521292 0.00056839
13.40067003 0.02834728 0.00001099 0.00007679 0.00000283 0.00000975 0.49614318 0.00260862 0.29896450 0.00018525 0.00530931 0.00061385 0.19550621 0.00056871
13.50067503 0.02833978 0.00001180 0.00007130 0.00000307 0.00001052 0.49558449 0.00265902 0.29905454 0.00022374 0.00520421 0.00053632 0.19608547 0.00055554
13.60068003 0.02837225 0.00001224 0.00007495 0.00000351 0.00001110 0.49469346 0.00272964 0.29943994 0.00025557 0.00512636 0.00045493 0.19666529 0.00053299
13.70068503 0.02915865 0.00000741 0.00008761 0.00000162 0.00000574 0.49216519 0.00147958 0.30126001 0.00014582 0.00694890 0.00010207 0.19753830 0.00025777
13.80069003 0.03058269 0.00000721 0.00010463 0.00000147 0.00000524 0.49056331 0.00146972 0.30244137 0.00012291 0.00701294 0.00012373 0.19787775 0.00026973
13.90069503 0.03060252 0.00000793 0.00007740 0.00005805 0.00004636 0.48979084 0.00148317 0.30028249 0.00010006 0.00664641 0.00021232 0.19920286 0.00209211
14.00070004 0.03079060 0.00002048 0.00006853 0.00004495 0.00007683 0.48896656 0.00170765 0.29681501 0.00009736 0.00635416 0.00440195 0.19979574 0.00165079
14.10070504 0.03089154 0.00001069 0.00010093 0.00000717 0.00000400 0.48837610 0.00334051 0.29651711 0.00006299 0.00817649 0.00025422 0.20282937 0.00032041
14.20071004 0.03083587 0.00000493 0.00009025 0.00000193 0.00000048 0.48976380 0.00180105 0.29626699 0.00009185 0.00804537 0.00000051 0.20383359 0.00009925
14.30071504 0.03090645 0.00001584 0.00007522 0.00006183 0.00005274 0.48867911 0.00169367 0.29429393 0.00020134 0.00764226 0.00196202 0.20330949 0.00201255
14.40072004 0.03087506 0.00001211 0.00007548 0.00003232 0.00001871 0.48768569 0.00186328 0.29404866 0.00034453 0.00760556 0.00207511 0.20458461 0.00165394
14.50072504 0.03080169 0.00001233 0.00007749 0.00002395 0.00001589 0.48863365 0.00218534 0.29431569 0.00040780 0.00597656 0.00224621 0.20499660 0.00110847
14.60073004 0.03072198 0.00001181 0.00007030 0.00001790 0.00001455 0.48980851 0.00248534 0.29412555 0.00041709 0.00461455 0.00233436 0.20538108 0.00071895
14.70073504 0.03075605 0.00009984 0.00008330 0.00011370 0.00134029 0.48908341 0.00266094 0.29246551 0.00066654 0.00502209 0.00240744 0.20534568 0.00071125
14.80074004 0.03073947 0.00009281 0.00007548 0.00010142 0.00134839 0.48865087 0.00274052 0.29249828 0.00068859 0.00499112 0.00227732 0.20578426 0.00075095
14.90074504 0.03098318 0.00008583 0.00006260 0.00002106 0.00011586 0.48716247 0.00482089 0.29043525 0.00231731 0.00469328 0.00393637 0.20564640 0.00070267
15.00075004 0.03097734 0.00004167 0.00006365 0.00002341 0.00008658 0.48510951 0.00471886 0.29224548 0.00075655 0.00447726 0.00557443 0.20610411 0.00079850
15.10075504 0.03125184 0.00008722 0.00007107 0.00006400 0.00189499 0.48568041 0.00220463 0.29330175 0.00097343 0.00440314 0.00425103 0.20654364 0.00052470
15.20076004 0.03138350 0.00018691 0.00008919 0.00013166 0.00141746 0.48485038 0.00222350 0.29169484 0.00144496 0.00649246 0.00389951 0.20687313 0.00069600
15.30076504 0.03156053 0.00007323 0.00008736 0.00006663 0.00046017 0.48631469 0.00248329 0.28971173 0.00195059 0.00640776 0.00394650 0.20747845 0.00101961
15.40077004 0.03161594 0.00008337 0.00007335 0.00000897 0.00009582 0.48602997 0.00246178 0.28941421 0.00330876 0.00620443 0.00341783 0.20827804 0.00062347
15.50077504 0.03159567 0.00003768 0.00007390 0.00000618 0.00002278 0.48581805 0.00260961 0.29111626 0.00152697 0.00607139 0.00320901 0.20892039 0.00058777
15.60078004 0.03367490 0.00004835 0.00007684 0.00001432 0.00005717 0.48283423 0.00277340 0.29260844 0.00157526 0.00601345 0.00492537 0.20846703 0.00060613
15.70078504 0.03363190 0.00004267 0.00007278 0.00000595 0.00002807 0.48259471 0.00291379 0.29216532 0.00168971 0.00601626 0.00459031 0.20915093 0.00072951
15.80079004 0.03359931 0.00004255 0.00007196 0.00000544 0.00002538 0.48231899 0.00303146 0.29177238 0.00175256 0.00603104 0.00434185 0.20980563 0.00080076
15.90079504 0.03361736 0.00004456 0.00007108 0.00005481 0.00003812 0.48201337 0.00317023 0.28991447 0.00179655 0.00603062 0.00415335 0.20997046 0.00274240
16.00080004 0.03363707 0.00004752 0.00006797 0.00002603 0.00002892 0.48380578 0.00337513 0.29168543 0.00186784 0.00273953 0.00390169 0.20970130 0.00275285
16.10080504 0.03499111 0.00012405 0.00006638 0.00013029 0.00153151 0.48098319 0.00365178 0.29148127 0.00215301 0.00278848 0.00557663 0.20868068 0.00283273
16.20081004 0.03514722 0.00013154 0.00007600 0.00013135 0.00139402 0.48435795 0.00218763 0.29083958 0.00102832 0.00288524 0.00635808 0.20984123 0.00076907
16.30081504 0.03507135 0.00009681 0.00006414 0.00013309 0.00156352 0.48633092 0.00245235 0.29048493 0.00126464 0.00136967 0.00567293 0.20775035 0.00281666
16.40082004 0.03494534 0.00003612 0.00010149 0.00004275 0.00003690 0.48613401 0.00490385 0.28873258 0.00118527 0.00338426 0.00360318 0.20964767 0.00219194
16.50082504 0.03493226 0.00007547 0.00008916 0.00003332 0.00007568 0.48599392 0.00340881 0.28707797 0.00246177 0.00333813 0.00458885 0.21150082 0.00135610
16.60083004 0.03495923 0.00004117 0.00009388 0.00001237 0.00005356 0.48790946 0.00210402 0.28741348 0.00196578 0.00321891 0.00531674 0.21136426 0.00050635
16.70083504 0.03503135 0.00012954 0.00007543 0.00010533 0.00168500 0.48664177 0.00224043 0.28694796 0.00193385 0.00339958 0.00518562 0.21093526 0.00072023
16.80084004 0.03507668 0.00003410 0.00007446 0.00004776 0.00002512 0.48853665 0.00241689 0.28699225 0.00191922 0.00321276 0.00510223 0.20918389 0.00245468
16.90084504 0.03503023 0.00010932 0.00006834 0.00011559 0.00139860 0.48879747 0.00280465 0.28528934 0.00219579 0.00333745 0.00536854 0.20850740 0.00200750
17.00085004 0.03535680 0.00005088 0.00006783 0.00001477 0.00202434 0.49109732 0.00448501 0.28363483 0.00201791 0.00334195 0.00472324 0.20785808 0.00068385
17.10085504 0.03536758 0.00015434 0.00006682 0.00008279 0.00149705 0.49332969 0.00440756 0.28199117 0.00363279 0.00328094 0.00342099 0.20733137 0.00080448
17.20086004 0.03536262 0.00003381 0.00011072 0.00000513 0.00002056 0.49547599 0.00403406 0.28230618 0.00122834 0.00513571 0.00203761 0.20897139 0.00064049
17.30086504 0.03530200 0.00006348 0.00006737 0.00000423 0.00002397 0.49764136 0.00408102 0.28215469 0.00332459 0.00326338 0.00182282 0.20687320 0.00067989
17.40087004 0.03527422 0.00004610 0.00005814 0.00000800 0.00002547 0.49794078 0.00605139 0.28204698 0.00146485 0.00314441 0.00166925 0.20680968 0.00073494
17.50087504 0.03540154 0.00003724 0.00007514 0.00001277 0.00005374 0.49680738 0.00507043 0.28190168 0.00089114 0.00499907 0.00314000 0.20621674 0.00079468
17.60088004 0.03535712 0.00003619 0.00006263 0.00000537 0.00002368 0.49748926 0.00498026 0.28189529 0.00108654 0.00473405 0.00289519 0.20581876 0.00097276
17.70088504 0.03541308 0.00004778 0.00005879 0.00001258 0.00004608 0.49670733 0.00492933 0.28174405 0.00124902 0.00449198 0.00460072 0.20499784 0.00111448
17.80089004 0.03541865 0.00003346 0.00008163 0.00001462 0.00005468 0.49715696 0.00404236 0.28193056 0.00073721 0.00485720 0.00591938 0.20397365 0.00119828
17.90089504 0.03560272 0.00003095 0.00006808 0.00001412 0.00001813 0.49767735 0.00605153 0.28212561 0.00083827 0.00455839 0.00384512 0.20357057 0.00120187
18.00090005 0.03546347 0.00007009 0.00007344 0.00000904 0.00006150 0.49828059 0.00283900 0.28187904 0.00246338 0.00623647 0.00365311 0.20353046 0.00090387
18.10090505 0.03570571 0.00009148 0.00008023 0.00002497 0.00009406 0.50082426 0.00429386 0.27827329 0.00304846 0.00600264 0.00242561 0.20481957 0.00002156
18.20091005 0.03577184 0.00003511 0.00007751 0.00002216 0.00398026 0.50136464 0.00410938 0.27814241 0.00114208 0.00433833 0.00246358 0.20407711 0.00024742
18.30091505 0.03569374 0.00017445 0.00006990 0.00013447 0.00140231 0.50411157 0.00374010 0.28006968 0.00148292 0.00433489 0.00251508 0.20141396 0.00055066
18.40092005 0.03806754 0.00003034 0.00011149 0.00000249 0.00001176 0.50165633 0.00342205 0.28016355 0.00131406 0.00841860 0.00253617 0.20165003 0.00068313
18.50092505 0.03808665 0.00009116 0.00009228 0.00002889 0.00196254 0.50275578 0.00300524 0.28033170 0.00256814 0.00637767 0.00161892 0.20044256 0.00072511
18.60093005 0.03810507 0.00014021 0.00007195 0.00009056 0.00159905 0.50528061 0.00500728 0.27837992 0.00235036 0.00316252 0.00193121 0.20110500 0.00088132
18.70093505 0.03941458 0.00007898 0.00008885 0.00001416 0.00205068 0.50421193 0.00583073 0.27885762 0.00359033 0.00330276 0.00194937 0.19953883 0.00048575
18.80094005 0.03933640 0.00002315 0.00009509 0.00000617 0.00001104 0.50887809 0.00519200 0.28068808 0.00069305 0.00359267 0.00141680 0.19874606 0.00065778
18.90094505 0.03942598 0.00002749 0.00008121 0.00000364 0.00001500 0.50985730 0.00494901 0.28048169 0.00082889 0.00372496 0.00135159 0.19785484 0.00082437
19.00095005 0.03946606 0.00020203 0.00007254 0.00019697 0.00274143 0.51042527 0.00482480 0.27732652 0.00135392 0.00370196 0.00153150 0.19647371 0.00114936
19.10095505 0.03937189 0.00011100 0.00006404 0.00009325 0.00203630 0.51122303 0.00369958 0.27725247 0.00255518 0.00361470 0.00101494 0.19584575 0.00248975
19.20096005 0.03933480 0.00007831 0.00006834 0.00000399 0.00005912 0.51390124 0.00359457 0.27911619 0.00252994 0.00351652 0.00104736 0.19539772 0.00068672
19.30096505 0.04110670 0.00004866 0.00007001 0.00001079 0.00006252 0.51192960 0.00374414 0.28081345 0.00201884 0.00345206 0.00340358 0.19373488 0.00071148
19.40097005 0.04104462 0.00003113 0.00009083 0.00002008 0.00004648 0.51220762 0.00488854 0.27723301 0.00107323 0.00342344 0.00516479 0.19504511 0.00077574
19.50097505 0.04100701 0.00002523 0.00007442 0.00000935 0.00001436 0.51270687 0.00469238 0.27688988 0.00122055 0.00351079 0.00505502 0.19481804 0.00098310
19.60098005 0.04098013 0.00003056 0.00007343 0.00000818 0.00001602 0.51323517 0.00446512 0.27705627 0.00142007 0.00356959 0.00494815 0.19406554 0.00111189
19.70098505 0.04099943 0.00015329 0.00007158 0.00008814 0.00148827 0.51359934 0.00432437 0.27342582 0.00319742 0.00501844 0.00551189 0.19188482 0.00123660
19.80099005 0.04080307 0.00007891 0.00006672 0.00001572 0.00006741 0.51635915 0.00410955 0.27317913 0.00278600 0.00467815 0.00577379 0.19171686 0.00116862
19.90099505 0.04229040 0.00006405 0.00009422 0.00000869 0.00003522 0.51619161 0.00437343 0.27125347 0.00269845 0.00826236 0.00553641 0.19019834 0.00128375
20.00100005 0.04217039 0.00014294 0.00009245 0.00011070 0.00179631 0.51661582 0.00344401 0.27105750 0.00227958 0.00616021 0.00519059 0.19207402 0.00103586
20.10100505 0.04223112 0.00003150 0.00012313 0.00000867 0.00002309 0.51880593 0.00332522 0.27123682 0.00129096 0.00480684 0.00435180 0.19502729 0.00096876
20.20101005 0.04221717 0.00003521 0.00010468 0.00000863 0.00002684 0.52119622 0.00363932 0.26940296 0.00141684 0.00535776 0.00396146 0.19393838 0.00091171
20.30101505 0.04206409 0.00004044 0.00010482 0.00000796 0.00003052 0.52160497 0.00398869 0.26973555 0.00156213 0.00415329 0.00351362 0.19440137 0.00085664
20.40102005 0.04215170 0.00004448 0.00008601 0.00001091 0.00002785 0.52397653 0.00482033 0.26999623 0.00158690 0.00398159 0.00294498 0.19195964 0.00056454
20.50102505 0.04339053 0.00014682 0.00006827 0.00013051 0.00139426 0.52484863 0.00414191 0.27026343 0.00144442 0.00372878 0.00408630 0.18909089 0.00065577
20.60103005 0.04342989 0.00015587 0.00006130 0.00007872 0.00153344 0.52504421 0.00431555 0.26894936 0.00336117 0.00364440 0.00367822 0.18830073 0.00087703
20.70103505 0.04311077 0.00011505 0.00008566 0.00000537 0.00010993 0.52440654 0.00670153 0.26847743 0.00447647 0.00543861 0.00191469 0.18759176 0.00067695
20.80104005 0.04322721 0.00019364 0.00007245 0.00013672 0.00141317 0.52621927 0.00471987 0.27084204 0.00327746 0.00339538 0.00181467 0.18747085 0.00044448
20.90104505 0.04313331 0.00005542 0.00007791 0.00000838 0.00003570 0.52611929 0.00474862 0.26885371 0.00273774 0.00512515 0.00385673 0.18782394 0.00055740
21.00105005 0.04333957 0.00003152 0.00009985 0.00004714 0.00004046 0.52584559 0.00214848 0.26945935 0.00183349 0.00682691 0.00353400 0.18776830 0.00236491
21.10105505 0.04416720 0.00009509 0.00007777 0.00012130 0.00136847 0.52457100 0.00196860 0.27101319 0.00138035 0.00653197 0.00287048 0.18780607 0.00219572
21.20106005 0.04413281 0.00009049 0.00006161 0.00003908 0.00012930 0.52467326 0.00231626 0.27039030 0.00294012 0.00467349 0.00502489 0.18820134 0.00145987
21.30106505 0.04411895 0.00012614 0.00006115 0.00008394 0.00197326 0.52471027 0.00312331 0.26825833 0.00301634 0.00456832 0.00489425 0.18840192 0.00078276
21.40107005 0.04398815 0.00012844 0.00008176 0.00011880 0.00178831 0.52663091 0.00325317 0.26608332 0.00130414 0.00637782 0.00473458 0.18882620 0.00067257
21.50107505 0.04431423 0.00003144 0.00008287 0.00006595 0.00007540 0.52493878 0.00336380 0.26573173 0.00139840 0.00623803 0.00450409 0.19100859 0.00256093
21.60108005 0.04425026 0.00009922 0.00007071 0.00008160 0.00150335 0.52461218 0.00348270 0.26756010 0.00162278 0.00468894 0.00426135 0.19106807 0.00094900
21.70108505 0.04490856 0.00010197 0.00010793 0.00009145 0.00150681 0.52328592 0.00309937 0.26395534 0.00125945 0.00486631 0.00691983 0.19378449 0.00102111
21.80109005 0.04538232 0.00003146 0.00010909 0.00001122 0.00002168 0.52628857 0.00499364 0.26364594 0.00095695 0.00686312 0.00503249 0.19109327 0.00095256
21.90109505 0.04547261 0.00009567 0.00006940 0.00013920 0.00145417 0.52605517 0.00559653 0.26574572 0.00080184 0.00496556 0.00334211 0.18916414 0.00257049
22.00110006 0.04616239 0.00003037 0.00007716 0.00003985 0.00002193 0.52812278 0.00544989 0.26617808 0.00090510 0.00481544 0.00314902 0.18880655 0.00240384
22.10110506 0.04726588 0.00010843 0.00008531 0.00012182 0.00137057 0.52611678 0.00396246 0.26608036 0.00121108 0.00495094 0.00330345 0.19076661 0.00192219
22.20111006 0.04710995 0.00025043 0.00009373 0.00019727 0.00283894 0.52490924 0.00206844 0.26533401 0.00311312 0.00503448 0.00276643 0.19262855 0.00076537
22.30111506 0.04709962 0.00007174 0.00010344 0.00003523 0.00089595 0.52432173 0.00413520 0.26531236 0.00132865 0.00535002 0.00252764 0.19491244 0.00100558
22.40112006 0.04708869 0.00009194 0.00007989 0.00006510 0.00015275 0.52373878 0.00414542 0.26565787 0.00303904 0.00533255 0.00210133 0.19319090 0.00240443
22.50112506 0.04715325 0.00003830 0.00008023 0.00006511 0.00007481 0.52522750 0.00251955 0.26607661 0.00121340 0.00528336 0.00385417 0.19333230 0.00223466
22.60113006 0.04708521 0.00003782 0.00007235 0.00003607 0.00003505 0.52840350 0.00288491 0.26553659 0.00134330 0.00318481 0.00381411 0.19280274 0.00184875
22.70113506 0.04705677 0.00003816 0.00006172 0.00002415 0.00003129 0.52790421 0.00331500 0.26529209 0.00140970 0.00318113 0.00385166 0.19356085 0.00133004
22.80114006 0.04702042 0.00003699 0.00005799 0.00001771 0.00002831 0.52730063 0.00368667 0.26503232 0.00140719 0.00315914 0.00384732 0.19444992 0.00097581
22.90114506 0.04693905 0.00001992 0.00008361 0.00001222 0.00001626 0.52658434 0.00322428 0.26478530 0.00077692 0.00507211 0.00315974 0.19547464 0.00079066
23.00115006 0.04691748 0.00012021 0.00005645 0.00012873 0.00135289 0.52567809 0.00193312 0.26462652 0.00085397 0.00319918 0.00498621 0.19643977 0.00062488
23.10115506 0.04839554 0.00007204 0.00005652 0.00002059 0.00010518 0.52602547 0.00358626 0.26406476 0.00240575 0.00293692 0.00343899 0.19691633 0.00037118
23.20116006 0.04851810 0.00004656 0.00008989 0.00000584 0.00002371 0.52503106 0.00374062 0.26085843 0.00231019 0.00291628 0.00328501 0.20110434 0.00058806
23.30116506 0.04862397 0.00003710 0.00007951 0.00000411 0.00002380 0.52438727 0.00391697 0.26135144 0.00207371 0.00326787 0.00322702 0.20091391 0.00071729
23.40117006 0.05120787 0.00016268 0.00007970 0.00014167 0.00336492 0.51980598 0.00361151 0.26077453 0.00143802 0.00357585 0.00445651 0.20176394 0.00082469
23.50117506 0.05125478 0.00015708 0.00011520 0.00012234 0.00180230 0.52087620 0.00561027 0.25932315 0.00133644 0.00560193 0.00413847 0.20008352 0.00083309
23.60118006 0.05129948 0.00005832 0.00007982 0.00001467 0.00005467 0.52216962 0.00555126 0.25966037 0.00159326 0.00363847 0.00566341 0.20045171 0.00106442
23.70118506 0.05136837 0.00005187 0.00007008 0.00001045 0.00005043 0.52517409 0.00518850 0.25782712 0.00143726 0.00328488 0.00607221 0.19964384 0.00118927
23.80119006 0.05165580 0.00012052 0.00006513 0.00008530 0.00155511 0.52404745 0.00511273 0.25641011 0.00179106 0.00326104 0.00586409 0.20021626 0.00147120
23.90119506 0.05174585 0.00003643 0.00006596 0.00001635 0.00001996 0.52322161 0.00623710 0.25813226 0.00111887 0.00330803 0.00522993 0.20127213 0.00134137
24.00120006 0.05169366 0.00012380 0.00006026 0.00015193 0.00165626 0.52090341 0.00806957 0.25611080 0.00100386 0.00325320 0.00372622 0.20167233 0.00326836
24.10120506 0.05168998 0.00010885 0.00006229 0.00009530 0.00159562 0.52050772 0.00623692 0.25972541 0.00104532 0.00321233 0.00362219 0.20249225 0.00129580
24.20121006 0.05162790 0.00009810 0.00006063 0.00008948 0.00149335 0.52010628 0.00576341 0.25923052 0.00083751 0.00317065 0.00435798 0.20343191 0.00136017
24.30121506 0.05152398 0.00003170 0.00006644 0.00001038 0.00002134 0.52146254 0.00628525 0.25712486 0.00088252 0.00511056 0.00366028 0.20423559 0.00110853
24.40122006 0.05134335 0.00003045 0.00009099 0.00000653 0.00002197 0.52076871 0.00445327 0.25675042 0.00101004 0.00488015 0.00336240 0.20750973 0.00111534
24.50122506 0.05156287 0.00014148 0.00006583 0.00012703 0.00137793 0.51996080 0.00524988 0.25488139 0.00137178 0.00313290 0.00477065 0.20795908 0.00096125
24.60123006 0.05153990 0.00015523 0.00006034 0.00018517 0.00235759 0.51945287 0.00518610 0.25481227 0.00151973 0.00322689 0.00329071 0.20844763 0.00130547
24.70123506 0.05286859 0.00019801 0.00007963 0.00017478 0.00327160 0.51767135 0.00505388 0.25484261 0.00136930 0.00325578 0.00278245 0.21015063 0.00114998
24.80124006 0.05313844 0.00010477 0.00006408 0.00015372 0.00146573 0.51932492 0.00427499 0.25373481 0.00093887 0.00321725 0.00599736 0.20765894 0.00306457
24.90124506 0.05322172 0.00003462 0.00006248 0.00001814 0.00001794 0.51909085 0.00662454 0.25577447 0.00083834 0.00322466 0.00537454 0.20784755 0.00109189
25.00125006 0.05292417 0.00003567 0.00005814 0.00001659 0.00002541 0.51876378 0.00502182 0.25570356 0.00110579 0.00323060 0.00682088 0.20824391 0.00097384
25.10125506 0.05283004 0.00004083 0.00005697 0.00001083 0.00002200 0.51836393 0.00492694 0.25556425 0.00149384 0.00319705 0.00629760 0.20881780 0.00120796
25.20126006 0.05283552 0.00002860 0.00007622 0.00000747 0.00001897 0.52261179 0.00306789 0.25517946 0.00114659 0.00311584 0.00474162 0.20901669 0.00098886
25.30126506 0.05288013 0.00006592 0.00006399 0.00000833 0.00007073 0.52211994 0.00303066 0.25498022 0.00278734 0.00317910 0.00317904 0.20965674 0.00085798
25.40127006 0.05290132 0.00007002 0.00005836 0.00000814 0.00004847 0.52179239 0.00319744 0.25478509 0.00289895 0.00317514 0.00296438 0.21018903 0.00081259
25.50127506 0.05292501 0.00006674 0.00005423 0.00001359 0.00006298 0.52155347 0.00354933 0.25300067 0.00263724 0.00309139 0.00488362 0.21030024 0.00078650
25.60128006 0.05301687 0.00007730 0.00005722 0.00001007 0.00008208 0.52320395 0.00361581 0.25319419 0.00312485 0.00139354 0.00423631 0.21015110 0.00085358
25.70128506 0.05293605 0.00014415 0.00004963 0.00012230 0.00136795 0.52291451 0.00381995 0.25292382 0.00166279 0.00136427 0.00389281 0.21074777 0.00099005
