0.00000000 0.00000000 0.00000000 0.00000000 0.00000000 0.00000000 0.00000000 0.00000000 0.00000000 1.00000000 0.00000000 0.00000000 0.00000000 0.00000000
0.10000500 0.00124708 0.01232887 0.00061854 0.00312658 0.08982951 0.08962805 0.11606699 0.02417426 0.54654169 0.05477579 0.04629955 0.00680336 0.00980682
0.20001000 0.00227972 0.00522634 0.00075772 0.00220271 0.04508133 0.15723598 0.21290580 0.04683889 0.30011581 0.08207504 0.09204505 0.02309237 0.03242296
0.30001500 0.00278962 0.00379137 0.00048757 0.00186422 0.04190979 0.18321337 0.23828315 0.06143586 0.21081433 0.07548312 0.12537776 0.02738007 0.02995938
0.40002000 0.00345866 0.00317361 0.00053689 0.00109734 0.02580413 0.19782030 0.23809934 0.06395969 0.17599018 0.08488127 0.13843685 0.03880185 0.03139854
0.50002500 0.00387890 0.00287405 0.00052776 0.00096916 0.01943400 0.22411787 0.21620985 0.08031359 0.13925314 0.08105387 0.15345698 0.04398690 0.03780282
0.60003000 0.00456024 0.00302947 0.00060481 0.00121760 0.02574088 0.23057845 0.19523953 0.09171135 0.12694991 0.08378341 0.15163874 0.05532199 0.03418388
0.70003500 0.00497849 0.00262451 0.00057592 0.00141019 0.03275332 0.25422544 0.18143535 0.10294116 0.09092028 0.07966874 0.15501008 0.06058874 0.03784627
0.80004000 0.00518666 0.00219353 0.00053589 0.00123781 0.02576264 0.25604838 0.18341282 0.11650562 0.07405096 0.07638705 0.15647045 0.06452306 0.04287180
0.90004500 0.00552391 0.00173995 0.00052488 0.00108229 0.01800276 0.26332731 0.18133974 0.12983059 0.05708924 0.07472939 0.15439694 0.07558782 0.04234908
1.00005000 0.00569229 0.00117598 0.00049121 0.00089597 0.01253757 0.27366799 0.18977543 0.13518589 0.04508506 0.07327151 0.13607109 0.08138341 0.05045889
1.10005500 0.00613533 0.00112147 0.00053503 0.00076064 0.00783622 0.28685116 0.18768217 0.14063124 0.03602551 0.07846351 0.12062465 0.09151906 0.04794933
1.20006000 0.00631452 0.00115856 0.00050342 0.00072920 0.01142742 0.29306448 0.18669149 0.14756953 0.03437405 0.08027832 0.10606586 0.09658426 0.04155343
1.30006500 0.00683296 0.00111980 0.00049550 0.00066016 0.00918517 0.30306596 0.18228792 0.15434998 0.03559164 0.07788650 0.09373133 0.09820206 0.04342399
1.40007000 0.00733361 0.00124618 0.00046251 0.00061600 0.00601452 0.31619495 0.18189915 0.15033542 0.04352953 0.07207238 0.08787279 0.09893474 0.04082183
1.50007500 0.00780230 0.00119404 0.00040018 0.00060587 0.00641841 0.32209552 0.18810239 0.15485161 0.03986980 0.06779510 0.07761929 0.09885759 0.04219019
1.60008000 0.00814962 0.00149585 0.00043988 0.00073940 0.01510117 0.33164918 0.17462907 0.15664940 0.04430172 0.07126355 0.06919924 0.09999798 0.03453355
1.70008500 0.00839249 0.00124224 0.00045029 0.00069413 0.01287913 0.34468888 0.16957985 0.17484767 0.03307085 0.06785694 0.05804675 0.10415623 0.03248706
1.80009000 0.00874200 0.00115621 0.00041953 0.00065830 0.01300567 0.36111814 0.16534966 0.18288303 0.02697501 0.06228478 0.05320796 0.10329453 0.02964719
1.90009500 0.00914505 0.00098728 0.00039368 0.00047043 0.00967272 0.36369968 0.16174373 0.18662586 0.02485611 0.05883115 0.05643066 0.11044963 0.02583908
2.00010001 0.00925482 0.00113043 0.00048966 0.00078691 0.01600692 0.37407616 0.13879983 0.19246052 0.01823822 0.06244364 0.05151145 0.11853002 0.02552625
2.10010501 0.00929882 0.00131690 0.00039413 0.00093044 0.01923202 0.37175397 0.13260872 0.19040679 0.02485665 0.06387078 0.05074669 0.11757433 0.02630858
2.20011001 0.00957379 0.00102124 0.00040204 0.00069185 0.01492566 0.37468419 0.12962123 0.19853634 0.02225574 0.05883664 0.04743084 0.12354079 0.02805344
2.30011501 0.00962246 0.00084236 0.00031618 0.00067810 0.00751660 0.37408764 0.13008939 0.20398482 0.02238661 0.05299179 0.04717235 0.12461957 0.03531460
2.40012001 0.00974504 0.00074422 0.00029641 0.00044859 0.00777079 0.38133466 0.13260371 0.20505495 0.01999078 0.05192842 0.04601738 0.12738557 0.02642454
2.50012501 0.00999144 0.00088470 0.00034843 0.00064290 0.00919145 0.38129584 0.11540563 0.21036843 0.02293766 0.05386496 0.03978355 0.13412234 0.03115412
2.60013001 0.01031961 0.00081494 0.00031314 0.00056573 0.00867379 0.38942294 0.12177704 0.21414938 0.01749724 0.04866367 0.03742851 0.13745087 0.02324275
2.70013501 0.01091264 0.00052192 0.00030952 0.00028376 0.00210833 0.39269116 0.12123300 0.21942211 0.01371074 0.05195178 0.03594211 0.13762543 0.02420014
2.80014001 0.01100276 0.00054883 0.00029814 0.00020725 0.00397710 0.39870937 0.11140857 0.22227689 0.01788654 0.04905009 0.03391896 0.14166551 0.02005276
2.90014501 0.01129832 0.00089691 0.00027155 0.00055425 0.01276512 0.40099545 0.09911589 0.22474780 0.01847185 0.04563260 0.03622810 0.14235261 0.01796787
3.00015001 0.01142088 0.00059541 0.00026658 0.00019350 0.00423837 0.40292465 0.10050954 0.23171967 0.02154194 0.04354334 0.03370451 0.14554577 0.01521674
3.10015501 0.01170831 0.00066933 0.00027004 0.00036947 0.00542602 0.40144787 0.09982657 0.22768965 0.01941520 0.04000302 0.03800383 0.15058941 0.01628957
3.20016001 0.01187632 0.00075697 0.00025757 0.00036845 0.00551257 0.39843802 0.09751446 0.22980864 0.02294257 0.04201990 0.03292726 0.15147587 0.01797772
3.30016501 0.01195104 0.00072781 0.00028041 0.00043346 0.00831408 0.40322526 0.08692759 0.23349161 0.02022791 0.04382949 0.03319996 0.15317323 0.01616920
3.40017001 0.01200129 0.00062474 0.00022812 0.00029849 0.00581989 0.40599956 0.08938345 0.23748996 0.01678422 0.03769907 0.03604339 0.15458329 0.01504581
3.50017501 0.01222530 0.00063494 0.00022123 0.00024577 0.00404413 0.40979532 0.07827001 0.23475820 0.02171664 0.03747558 0.04136930 0.15774967 0.01371921
3.60018001 0.01261896 0.00065092 0.00022847 0.00035029 0.00781363 0.40973657 0.07841844 0.23151400 0.01688603 0.03524245 0.04409336 0.16127851 0.01378732
3.70018501 0.01291812 0.00074027 0.00024044 0.00043751 0.01103810 0.40966564 0.06973937 0.23358366 0.01732611 0.03538753 0.03967278 0.16712273 0.01504587
3.80019001 0.01299754 0.00048123 0.00026549 0.00024713 0.00376464 0.41011932 0.07371485 0.23340290 0.01562241 0.03743232 0.03750070 0.17277997 0.01466904
3.90019501 0.01421729 0.00063095 0.00027019 0.00043713 0.00901789 0.41127015 0.07350122 0.22769568 0.01452865 0.04271233 0.03267273 0.17205165 0.01521144
4.00020001 0.01624245 0.00050497 0.00026135 0.00032946 0.00546311 0.41923078 0.07117042 0.22935989 0.01243112 0.03387620 0.03375118 0.17927178 0.01434972
4.10020501 0.01635169 0.00061497 0.00020701 0.00048086 0.00883591 0.42187012 0.06936264 0.23223104 0.01144535 0.03182540 0.02973397 0.17786643 0.01552628
4.20021001 0.01653851 0.00046604 0.00024719 0.00024231 0.00387409 0.41848444 0.06986440 0.23832013 0.01128197 0.03686213 0.02756004 0.18008611 0.01271116
4.30021501 0.01676511 0.00066513 0.00021391 0.00035525 0.00932873 0.42094525 0.06095483 0.23923490 0.01844603 0.03414929 0.02097315 0.18145665 0.01327687
4.40022001 0.01712694 0.00063913 0.00017564 0.00036252 0.00951766 0.42133286 0.06546506 0.23690386 0.01856771 0.03010677 0.02195341 0.18148087 0.01349451
4.50022501 0.01739352 0.00040234 0.00020145 0.00026828 0.00573962 0.42796992 0.06404093 0.23749268 0.01120208 0.03157464 0.02297490 0.18476133 0.01337186
4.60023001 0.01745941 0.00043544 0.00021543 0.00018116 0.00321685 0.43045738 0.06239936 0.24368004 0.01400689 0.03000336 0.01961804 0.18564378 0.01014226
4.70023501 0.01751561 0.00030953 0.00021095 0.00018346 0.00371102 0.43299438 0.05866746 0.24751701 0.00761765 0.03069288 0.01978519 0.18658478 0.01172570
4.80024001 0.01760720 0.00040406 0.00019318 0.00022622 0.00358809 0.43375004 0.05685527 0.24920405 0.00861330 0.02827794 0.01949219 0.19057479 0.00882086
4.90024501 0.01785902 0.00035620 0.00020876 0.00019932 0.00389847 0.43567537 0.05270242 0.25093553 0.00766583 0.02976162 0.01948156 0.19141872 0.00769621
5.00025001 0.01769846 0.00038524 0.00016511 0.00028055 0.00496068 0.43634237 0.05105781 0.25040780 0.00753652 0.02545310 0.01770473 0.19563162 0.01007448
5.10025501 0.01763583 0.00035784 0.00018751 0.00017891 0.00377819 0.43906869 0.04625055 0.24997766 0.00852541 0.02890390 0.01550215 0.19986224 0.00740695
5.20026001 0.01788438 0.00035993 0.00021669 0.00018439 0.00366900 0.43818013 0.04400891 0.24847281 0.00759298 0.03212104 0.01315152 0.20300933 0.00903327
5.30026501 0.01803652 0.00032657 0.00015915 0.00021220 0.00368862 0.43917288 0.04600008 0.25283260 0.00662848 0.02592839 0.01262664 0.20390698 0.00851741
5.40027001 0.01801478 0.00027699 0.00016087 0.00008836 0.00018810 0.43835565 0.04543698 0.25236178 0.01088702 0.02672956 0.01296706 0.20439213 0.00815549
5.50027501 0.01784674 0.00038568 0.00013914 0.00019145 0.00377825 0.44146123 0.04369051 0.25297204 0.01195126 0.02204520 0.01222690 0.20338239 0.00777596
5.60028001 0.01800778 0.00036791 0.00015570 0.00013358 0.00357815 0.44253689 0.04523405 0.25101282 0.01107595 0.02182556 0.01278457 0.20446903 0.00682579
5.70028501 0.01827731 0.00045411 0.00015526 0.00035095 0.00659594 0.44578342 0.04530808 0.25482775 0.00668713 0.01855005 0.01027083 0.20468351 0.00633296
5.80029001 0.01818997 0.00021249 0.00014177 0.00017595 0.00195875 0.44917007 0.04223097 0.25477550 0.00522460 0.01816966 0.01186532 0.20574300 0.01033192
5.90029501 0.01811239 0.00018317 0.00012523 0.00014530 0.00406081 0.44853308 0.04337372 0.25306251 0.00479922 0.01796825 0.01054711 0.20631093 0.01089066
6.00030002 0.01800223 0.00019075 0.00016379 0.00013835 0.00195491 0.45183898 0.04569158 0.25249264 0.00282228 0.02153505 0.00890276 0.20596953 0.00829938
6.10030502 0.01803757 0.00013896 0.00012732 0.00007787 0.00206770 0.45362137 0.04379644 0.25231925 0.00297264 0.01937274 0.01091616 0.20655932 0.00803023
6.20031002 0.01814716 0.00019246 0.00012964 0.00012268 0.00194013 0.45344586 0.04412951 0.25411146 0.00301222 0.01945373 0.00895628 0.20685930 0.00764673
6.30031502 0.01813992 0.00018056 0.00011238 0.00011615 0.00176828 0.45538839 0.04195140 0.25389006 0.00293936 0.01546566 0.01231482 0.20914352 0.00672942
6.40032002 0.01813063 0.00017149 0.00012397 0.00010304 0.00214613 0.45542847 0.03840237 0.25363674 0.00442576 0.01734607 0.01052287 0.20946476 0.00822834
6.50032502 0.01810169 0.00020147 0.00011864 0.00013113 0.00191936 0.45936583 0.03611687 0.25535037 0.00429270 0.01549715 0.01184067 0.20766802 0.00749780
6.60033002 0.01817788 0.00021509 0.00011775 0.00012402 0.00196206 0.46146171 0.03492848 0.25346543 0.00555535 0.01512569 0.01051062 0.20982941 0.00670438
6.70033502 0.01919170 0.00030313 0.00011397 0.00021475 0.00525390 0.46404879 0.03481206 0.25539962 0.00448159 0.01220901 0.00926644 0.20822862 0.00566811
6.80034002 0.01922817 0.00018384 0.00011705 0.00007979 0.00021080 0.46438734 0.03623725 0.25720322 0.00714106 0.01449819 0.00587390 0.20779420 0.00627336
6.90034502 0.01950376 0.00033665 0.00010257 0.00026470 0.00531568 0.46413907 0.03211946 0.25485672 0.00634544 0.01388874 0.00786541 0.20901290 0.00575266
7.00035002 0.01958723 0.00026931 0.00010408 0.00023507 0.00461070 0.46673351 0.03291623 0.25508667 0.00587753 0.01026193 0.00854180 0.20981381 0.00554936
7.10035502 0.02109163 0.00012706 0.00012131 0.00006568 0.00007722 0.47007448 0.03288646 0.25696909 0.00493371 0.01405413 0.00800080 0.20678098 0.00590908
7.20036002 0.02113336 0.00017366 0.00009418 0.00006408 0.00011167 0.47062973 0.03518993 0.25329870 0.00665327 0.01220843 0.01025727 0.20576896 0.00555012
7.30036502 0.02124522 0.00025661 0.00009011 0.00022146 0.00335818 0.47336032 0.02967521 0.25160069 0.00639071 0.01190026 0.00915872 0.20504863 0.00893911
7.40037002 0.02136972 0.00022441 0.00009850 0.00014055 0.00207475 0.47959966 0.02685301 0.25136662 0.00793558 0.01019159 0.00878256 0.20474364 0.00798914
7.50037502 0.02143750 0.00024547 0.00011221 0.00017843 0.00376604 0.48234836 0.02652155 0.25310496 0.00517623 0.01206402 0.00918143 0.20237044 0.00493085
7.60038002 0.02154222 0.00010010 0.00009206 0.00007854 0.00010015 0.48134259 0.02709013 0.25489642 0.00595100 0.01170125 0.01038675 0.20196767 0.00629332
7.70038502 0.02147905 0.00026916 0.00008985 0.00009435 0.00185671 0.48243816 0.02570488 0.25523640 0.01084893 0.01136186 0.00743376 0.20087372 0.00379221
7.80039002 0.02149306 0.00020679 0.00008939 0.00019669 0.00175002 0.48347704 0.02569815 0.25686021 0.00471544 0.00974371 0.00991222 0.19982965 0.00752068
7.90039502 0.02157311 0.00015424 0.00011003 0.00014512 0.00163384 0.48435718 0.02407203 0.25495507 0.00402926 0.00987825 0.01087468 0.20269946 0.00709082
8.00040002 0.02155273 0.00016284 0.00011296 0.00013372 0.00163181 0.48538422 0.02612403 0.25666944 0.00258341 0.01042813 0.01045020 0.20140525 0.00491398
8.10040502 0.02160565 0.00012234 0.00008851 0.00007791 0.00203122 0.48664953 0.02655668 0.25636292 0.00261633 0.00883700 0.01200784 0.20006204 0.00458768
8.20041002 0.02175044 0.00026114 0.00009369 0.00019224 0.00528831 0.48870291 0.02880866 0.25230851 0.00295752 0.01053006 0.00810022 0.19836483 0.00439191
8.30041502 0.02189384 0.00017140 0.00007870 0.00011235 0.00192422 0.49411838 0.03433562 0.25045525 0.00259153 0.00692524 0.00852637 0.19642243 0.00433852
8.40042002 0.02412151 0.00010343 0.00009795 0.00005685 0.00006638 0.49285437 0.03186056 0.25237963 0.00274887 0.00675719 0.00842687 0.19791085 0.00673704
8.50042502 0.02397863 0.00023752 0.00007982 0.00010082 0.00200910 0.49611561 0.02896548 0.25287406 0.00638498 0.00527797 0.00789949 0.19565254 0.00440261
8.60043002 0.02407086 0.00022972 0.00006726 0.00017404 0.00173308 0.49740381 0.02738837 0.25283624 0.00620475 0.00521231 0.00788047 0.19248039 0.00838957
8.70043502 0.02437979 0.00014313 0.00009237 0.00006108 0.00008657 0.50065383 0.02470488 0.25489301 0.00591128 0.00517451 0.00743656 0.19318629 0.00765650
8.80044002 0.02447981 0.00013135 0.00007700 0.00004800 0.00007415 0.50573330 0.02843475 0.25317945 0.00525605 0.00359340 0.00673669 0.19141684 0.00531901
8.90044502 0.02536042 0.00019685 0.00008070 0.00011113 0.00196253 0.50528752 0.02869872 0.24981343 0.00503749 0.00368198 0.00892203 0.19113636 0.00507125
9.00045002 0.02531105 0.00011184 0.00007373 0.00006444 0.00008570 0.51054798 0.02855373 0.24979802 0.00430878 0.00379390 0.00631117 0.18978638 0.00656434
9.10045502 0.02525320 0.00019742 0.00006709 0.00011949 0.00195492 0.51173249 0.02539023 0.24987272 0.00532115 0.00385671 0.00746211 0.18847099 0.00555469
9.20046002 0.02517811 0.00012901 0.00008750 0.00003929 0.00010091 0.51682172 0.02300317 0.25000763 0.00543519 0.00381052 0.00640199 0.18927263 0.00489045
9.30046502 0.02520088 0.00012276 0.00008794 0.00009675 0.00178006 0.51779325 0.02413873 0.25020210 0.00150641 0.00577999 0.00618453 0.18813671 0.00417076
9.40047002 0.02506001 0.00006802 0.00008220 0.00002986 0.00004716 0.51867267 0.02357550 0.25228636 0.00148136 0.00558744 0.00717313 0.18737133 0.00362497
9.50047502 0.02532723 0.00019225 0.00006098 0.00019567 0.00512476 0.51878069 0.01886573 0.25182443 0.00180133 0.00362938 0.00852470 0.18570451 0.00529555
9.60048002 0.02580364 0.00023121 0.00007062 0.00016813 0.00324889 0.52152332 0.01505162 0.25453705 0.00577388 0.00529366 0.00724107 0.18257535 0.00428521
9.70048502 0.02585582 0.00016509 0.00007052 0.00009311 0.00173009 0.52099386 0.01734733 0.25618721 0.00540738 0.00511166 0.00723118 0.18163676 0.00402582
9.80049002 0.02591104 0.00009428 0.00006281 0.00002163 0.00006055 0.52208076 0.01921169 0.25781152 0.00468085 0.00491363 0.00708705 0.18113128 0.00284394
9.90049502 0.02587665 0.00007438 0.00007585 0.00001693 0.00004757 0.52312504 0.01873384 0.25743207 0.00279840 0.00860062 0.00538279 0.18076643 0.00294609
10.00050003 0.02648565 0.00012670 0.00007987 0.00008446 0.00184474 0.52454330 0.01971550 0.25739644 0.00136581 0.00798560 0.00377681 0.17999479 0.00308599
10.10050503 0.02751408 0.00010595 0.00008942 0.00007579 0.00177271 0.52580050 0.01671802 0.25701674 0.00114315 0.00957234 0.00362793 0.18152100 0.00255646
10.20051003 0.02774392 0.00013765 0.00009732 0.00007671 0.00187376 0.52836800 0.01151380 0.25903750 0.00289006 0.01111592 0.00337050 0.17938126 0.00213753
10.30051503 0.02777320 0.00006646 0.00009109 0.00002067 0.00006250 0.52887695 0.01226214 0.25845384 0.00265018 0.00955863 0.00512266 0.18101949 0.00181540
10.40052003 0.02774892 0.00009428 0.00008163 0.00002284 0.00009544 0.52941338 0.01261766 0.25460841 0.00434456 0.00952160 0.00703914 0.18037499 0.00178608
10.50052503 0.02785082 0.00014977 0.00008495 0.00008191 0.00185981 0.52992526 0.01326927 0.25477040 0.00400236 0.00964056 0.00500319 0.17957882 0.00163368
10.60053003 0.02786563 0.00015486 0.00010107 0.00006709 0.00165220 0.53237516 0.01157342 0.25461528 0.00238496 0.01176464 0.00453901 0.17914384 0.00162847
10.70053503 0.02767783 0.00008711 0.00008941 0.00004587 0.00009266 0.53435604 0.01124618 0.25427630 0.00349783 0.01136368 0.00346745 0.17791458 0.00356289
10.80054003 0.02781370 0.00011804 0.00007917 0.00007058 0.00177848 0.53442297 0.01317312 0.25811163 0.00159326 0.00787187 0.00340695 0.17751435 0.00185956
10.90054503 0.02792356 0.00006370 0.00008230 0.00001597 0.00003308 0.53434690 0.01501480 0.25635210 0.00150276 0.00972787 0.00340565 0.17749083 0.00196404
11.00055003 0.02789473 0.00005849 0.00007597 0.00001335 0.00003260 0.53439735 0.01476711 0.25617316 0.00147788 0.00954114 0.00349416 0.17781237 0.00215641
11.10055503 0.02762687 0.00004937 0.00009034 0.00001203 0.00002896 0.53434314 0.01494908 0.25477811 0.00133989 0.01132090 0.00353328 0.17746751 0.00208738
11.20056003 0.02862247 0.00004885 0.00008620 0.00004501 0.00006498 0.53293595 0.01328984 0.25640434 0.00126897 0.01108966 0.00339916 0.17748384 0.00388319
11.30056503 0.02866174 0.00005209 0.00008768 0.00003956 0.00004824 0.53295411 0.01321175 0.25429615 0.00125990 0.01123928 0.00551986 0.17742278 0.00386858
11.40057003 0.02956557 0.00004477 0.00009117 0.00002887 0.00003747 0.53327984 0.01179609 0.25620699 0.00120374 0.01101402 0.00553423 0.17740798 0.00335483
11.50057503 0.02944356 0.00008784 0.00009882 0.00007786 0.00184377 0.53691793 0.00756569 0.25998089 0.00057766 0.00934149 0.00410463 0.17766087 0.00174255
11.60058003 0.02941874 0.00008519 0.00008573 0.00007614 0.00182283 0.53841694 0.00767373 0.25924212 0.00062321 0.00786353 0.00396407 0.17839168 0.00175482
11.70058503 0.02930926 0.00007371 0.00009594 0.00006613 0.00169310 0.53777118 0.00787985 0.25883487 0.00076708 0.00830210 0.00376246 0.17899591 0.00175767
11.80059003 0.02937913 0.00013924 0.00009054 0.00013246 0.00343779 0.53721759 0.00664498 0.25682253 0.00087622 0.01011387 0.00331200 0.17975547 0.00145731
11.90059503 0.02945569 0.00003231 0.00010513 0.00001468 0.00002797 0.53509602 0.00698653 0.25685144 0.00082443 0.00970066 0.00483462 0.18424675 0.00127945
12.00060003 0.02947207 0.00006206 0.00008764 0.00000985 0.00007021 0.53473567 0.00734713 0.25662211 0.00281973 0.00965880 0.00245918 0.18489579 0.00123183
12.10060503 0.02987270 0.00013311 0.00008293 0.00008858 0.00158423 0.53332214 0.00779812 0.25783749 0.00281454 0.00948294 0.00231049 0.18327450 0.00127093
12.20061003 0.03005492 0.00006724 0.00011987 0.00007575 0.00102151 0.53647246 0.00379103 0.25405451 0.00228998 0.00956199 0.00398312 0.18779118 0.00077136
12.30061503 0.03020114 0.00003426 0.00010170 0.00000558 0.00002287 0.53946145 0.00396367 0.25577879 0.00171580 0.00652141 0.00365264 0.18813665 0.00060519
12.40062003 0.03018163 0.00003225 0.00010214 0.00000309 0.00001850 0.53865459 0.00454410 0.25411758 0.00158712 0.00691049 0.00340127 0.19021520 0.00041367
12.50062503 0.03017027 0.00003779 0.00008973 0.00000552 0.00001842 0.53794924 0.00446828 0.25417260 0.00160612 0.00728024 0.00339242 0.19050819 0.00047144
12.60063003 0.03027867 0.00018199 0.00007672 0.00012996 0.00354494 0.53688261 0.00465927 0.25242911 0.00333512 0.00566428 0.00387963 0.18894727 0.00026909
12.70063503 0.03039447 0.00005236 0.00007328 0.00000778 0.00001820 0.54209674 0.00636418 0.25098176 0.00248709 0.00542640 0.00271882 0.18942183 0.00035158
12.80064003 0.03190567 0.00004175 0.00007961 0.00000395 0.00001767 0.53975337 0.00613293 0.25109830 0.00223542 0.00518753 0.00293681 0.19188118 0.00063148
12.90064503 0.03185200 0.00003818 0.00007173 0.00000364 0.00001581 0.53856498 0.00584850 0.25162027 0.00196251 0.00508878 0.00325900 0.19265424 0.00087236
13.00065003 0.03213739 0.00003532 0.00008789 0.00000958 0.00001267 0.53922522 0.00597950 0.24843861 0.00158077 0.00707941 0.00357368 0.19316887 0.00080848
13.10065503 0.03208848 0.00008130 0.00006823 0.00006371 0.00166127 0.53789785 0.00574093 0.24825646 0.00150172 0.00664078 0.00392016 0.19313668 0.00103091
13.20066003 0.03223479 0.00008860 0.00007224 0.00001132 0.00007190 0.53664117 0.00595528 0.24654832 0.00421842 0.00829382 0.00287432 0.19444445 0.00078016
13.30066503 0.03242039 0.00011735 0.00006885 0.00007585 0.00187212 0.53736734 0.00619400 0.24320994 0.00363224 0.00792753 0.00318684 0.19542634 0.00092161
13.40067003 0.03239337 0.00006010 0.00008223 0.00000754 0.00005094 0.53621309 0.00610464 0.24307021 0.00382182 0.00970268 0.00295978 0.19693179 0.00099517
13.50067503 0.03238571 0.00005648 0.00008456 0.00000645 0.00002850 0.53491909 0.00629576 0.24134248 0.00342522 0.01142142 0.00312922 0.19823245 0.00105837
13.60068003 0.03241453 0.00005990 0.00007705 0.00000898 0.00002735 0.53557056 0.00530235 0.23961648 0.00394232 0.01104089 0.00379561 0.19969502 0.00086350
13.70068503 0.03243561 0.00005094 0.00006791 0.00001084 0.00004550 0.53418346 0.00537457 0.23941803 0.00372200 0.00916699 0.00584806 0.20116361 0.00094809
13.80069003 0.03239926 0.00006939 0.00007078 0.00000716 0.00003982 0.53295493 0.00543786 0.23920246 0.00351642 0.00910109 0.00584462 0.20267074 0.00108473
13.90069503 0.03241402 0.00005384 0.00007922 0.00000565 0.00003314 0.53759639 0.00413037 0.23874405 0.00316690 0.00632165 0.00574824 0.20325868 0.00086185
14.00070004 0.03389083 0.00017694 0.00006502 0.00013443 0.00361359 0.53496797 0.00423153 0.23709921 0.00293328 0.00624457 0.00598498 0.20362323 0.00092525
14.10070504 0.03384538 0.00010988 0.00007620 0.00007640 0.00182626 0.53770582 0.00393665 0.23545947 0.00180386 0.00453635 0.00732257 0.20622216 0.00092438
14.20071004 0.03398599 0.00008245 0.00006721 0.00001967 0.00007429 0.53459985 0.00427804 0.23549212 0.00327766 0.00464347 0.00956197 0.20719735 0.00070592
14.30071504 0.03541631 0.00003918 0.00010684 0.00001497 0.00004199 0.53568386 0.00409269 0.23265173 0.00122992 0.00694534 0.00967994 0.20861222 0.00090132
14.40072004 0.03534159 0.00003660 0.00008174 0.00000918 0.00002488 0.53448654 0.00407334 0.23263296 0.00149518 0.00518014 0.00917215 0.21161862 0.00118867
14.50072504 0.03682341 0.00006982 0.00006744 0.00001515 0.00008078 0.53210915 0.00260266 0.23262447 0.00350228 0.00517433 0.01060063 0.21202461 0.00112868
14.60073004 0.03680328 0.00007283 0.00006397 0.00001379 0.00008430 0.53133586 0.00294187 0.23265114 0.00373519 0.00519986 0.00997240 0.21274917 0.00117962
14.70073504 0.03748904 0.00006202 0.00008018 0.00001285 0.00004463 0.52938819 0.00353432 0.23264780 0.00370087 0.00715721 0.00949670 0.21272662 0.00114861
14.80074004 0.03749291 0.00006141 0.00006757 0.00001292 0.00004518 0.52891824 0.00422314 0.23278130 0.00351870 0.00693550 0.00907094 0.21329739 0.00106771
14.90074504 0.03759512 0.00014908 0.00006068 0.00007483 0.00161754 0.52711803 0.00388583 0.23236669 0.00666452 0.00663719 0.00665509 0.21381742 0.00095310
15.00075004 0.03759984 0.00008649 0.00005821 0.00002019 0.00005763 0.53041772 0.00822660 0.23080525 0.00403270 0.00478027 0.00685702 0.21393855 0.00071937
15.10075504 0.03771760 0.00012722 0.00006089 0.00008118 0.00187870 0.53309526 0.00862082 0.23013262 0.00230322 0.00451941 0.00447082 0.21419182 0.00051805
15.20076004 0.03771002 0.00007186 0.00006680 0.00000949 0.00006683 0.53627846 0.00799819 0.22997986 0.00320094 0.00457192 0.00218696 0.21510297 0.00046574
15.30076504 0.03771317 0.00009907 0.00006135 0.00006582 0.00179328 0.53551655 0.00751476 0.22982613 0.00145640 0.00464991 0.00226418 0.21594607 0.00080650
15.40077004 0.03766103 0.00008520 0.00006353 0.00005927 0.00163155 0.53687653 0.00715437 0.22972585 0.00105386 0.00468360 0.00100511 0.21665049 0.00101063
15.50077504 0.03759277 0.00003441 0.00006310 0.00000285 0.00001772 0.53628821 0.00694727 0.23170439 0.00087685 0.00468082 0.00105135 0.21726347 0.00106955
15.60078004 0.03766837 0.00009212 0.00005793 0.00006066 0.00168257 0.53568572 0.00501880 0.23169462 0.00212537 0.00467150 0.00035883 0.21789023 0.00066165
15.70078504 0.03780558 0.00002784 0.00005481 0.00000532 0.00001273 0.53501615 0.00497317 0.23556013 0.00175375 0.00298383 0.00059634 0.21838507 0.00063084
15.80079004 0.03783769 0.00001916 0.00005487 0.00000421 0.00000976 0.53441308 0.00491029 0.23568632 0.00139206 0.00296752 0.00095653 0.21887820 0.00070799
15.90079504 0.03778505 0.00001290 0.00007783 0.00000341 0.00000836 0.53401073 0.00313670 0.23369686 0.00102543 0.00681905 0.00123192 0.21939553 0.00058128
16.00080004 0.03815283 0.00006244 0.00006328 0.00006389 0.00371685 0.53256565 0.00277619 0.23159804 0.00014224 0.00658311 0.00258106 0.21918992 0.00065733
16.10080504 0.03811407 0.00007423 0.00005396 0.00007150 0.00179908 0.53473893 0.00475450 0.23118420 0.00022147 0.00439479 0.00238854 0.21962813 0.00069067
16.20081004 0.03833444 0.00009376 0.00006210 0.00009023 0.00157167 0.53681557 0.00467462 0.22917717 0.00051286 0.00468172 0.00225907 0.21926345 0.00079780
16.30081504 0.03834708 0.00001494 0.00005429 0.00000524 0.00001078 0.53906153 0.00463168 0.22898505 0.00048781 0.00445024 0.00204417 0.21944889 0.00080538
16.40082004 0.03835704 0.00001677 0.00004946 0.00000644 0.00000984 0.53925314 0.00652391 0.22886418 0.00031113 0.00428011 0.00040589 0.21955311 0.00072603
16.50082504 0.03832626 0.00001842 0.00005544 0.00000442 0.00001099 0.53936493 0.00639562 0.22870780 0.00036455 0.00455521 0.00036803 0.21931662 0.00083798
16.60083004 0.03836391 0.00001990 0.00005975 0.00000357 0.00001179 0.53957846 0.00628649 0.22707246 0.00036417 0.00437157 0.00036813 0.22091777 0.00094595
16.70083504 0.03820155 0.00001642 0.00006959 0.00000231 0.00001007 0.54194641 0.00474097 0.22692440 0.00028965 0.00474072 0.00021483 0.22031889 0.00072575
16.80084004 0.03811922 0.00001079 0.00005719 0.00003552 0.00004672 0.54249555 0.00313796 0.22695067 0.00017340 0.00466642 0.00016723 0.21983017 0.00242838
16.90084504 0.03826425 0.00000894 0.00005660 0.00002609 0.00001881 0.54302957 0.00325129 0.22742558 0.00015427 0.00455034 0.00036530 0.21893791 0.00217531
17.00085004 0.03818712 0.00000467 0.00007748 0.00000453 0.00002336 0.54564297 0.00000000 0.22749157 0.00000596 0.00648981 0.00195548 0.21829817 0.00000601
17.10085504 0.03815746 0.00000251 0.00006421 0.00000139 0.00000368 0.54620149 0.00000022 0.22756065 0.00008600 0.00636319 0.00182793 0.21781046 0.00007828
17.20086004 0.03863702 0.00006073 0.00006231 0.00006640 0.00156227 0.54556063 0.00000422 0.22712162 0.00031340 0.00455449 0.00176844 0.21870095 0.00022454
17.30086504 0.03862822 0.00000344 0.00006079 0.00000130 0.00000213 0.54815984 0.00002132 0.22706104 0.00022372 0.00458472 0.00159934 0.21813360 0.00014875
17.40087004 0.03861398 0.00000434 0.00005904 0.00000176 0.00000302 0.54888536 0.00006044 0.22691860 0.00026405 0.00465687 0.00152567 0.21748013 0.00014071
17.50087504 0.03877209 0.00000530 0.00006027 0.00000195 0.00000416 0.54970403 0.00012330 0.22711413 0.00029593 0.00468639 0.00144463 0.21643518 0.00012473
17.60088004 0.04006520 0.00007372 0.00005407 0.00006936 0.00184721 0.54921566 0.00020426 0.22885151 0.00033363 0.00299179 0.00135490 0.21488697 0.00011692
17.70088504 0.04110700 0.00006364 0.00006567 0.00006245 0.00163706 0.54731196 0.00225153 0.22631244 0.00048199 0.00291290 0.00330471 0.21539703 0.00019863
17.80089004 0.04106804 0.00002011 0.00005535 0.00000993 0.00000952 0.54832337 0.00419527 0.22628976 0.00052097 0.00292153 0.00301428 0.21440999 0.00022991
17.90089504 0.04146603 0.00007659 0.00005554 0.00006988 0.00181667 0.55155223 0.00357349 0.22654678 0.00033832 0.00131569 0.00175202 0.21252976 0.00037302
18.00090005 0.04139964 0.00012547 0.00004487 0.00007975 0.00193105 0.55043599 0.00537602 0.22295845 0.00231438 0.00134678 0.00363341 0.21121391 0.00053992
18.10090505 0.04141783 0.00006605 0.00004325 0.00000657 0.00005177 0.55144166 0.00528685 0.22294271 0.00413548 0.00135082 0.00368504 0.21022156 0.00076823
18.20091005 0.04145599 0.00003114 0.00005573 0.00000814 0.00002419 0.55257324 0.00512956 0.22293148 0.00169357 0.00326653 0.00426483 0.20917303 0.00084857
18.30091505 0.04149315 0.00006065 0.00004350 0.00004689 0.00193561 0.55228238 0.00662834 0.22483401 0.00059160 0.00124315 0.00370254 0.20759696 0.00103437
18.40092005 0.04148457 0.00011879 0.00004074 0.00009684 0.00161753 0.55345052 0.00640537 0.22479366 0.00081760 0.00120648 0.00372586 0.20650861 0.00121802
18.50092505 0.04277784 0.00013169 0.00003946 0.00013009 0.00276627 0.55309908 0.00629763 0.22470954 0.00125987 0.00116049 0.00393082 0.20499143 0.00148363
18.60093005 0.04254161 0.00002610 0.00004208 0.00001115 0.00001691 0.55606751 0.00811368 0.22463715 0.00082770 0.00110102 0.00363902 0.20415223 0.00136544
18.70093505 0.04259863 0.00011452 0.00003953 0.00010903 0.00188885 0.55687706 0.00637252 0.22290251 0.00246956 0.00105078 0.00207262 0.20313013 0.00297290
18.80094005 0.04252781 0.00003804 0.00004224 0.00004658 0.00005711 0.55972627 0.00813899 0.22110182 0.00188295 0.00300665 0.00091885 0.20212302 0.00291748
18.90094505 0.04270395 0.00002035 0.00005135 0.00003458 0.00002210 0.56064584 0.00990494 0.22127760 0.00028554 0.00286672 0.00099154 0.20115849 0.00274094
19.00095005 0.04282689 0.00007780 0.00004335 0.00008298 0.00177840 0.56164631 0.00985159 0.21944751 0.00043514 0.00267390 0.00131379 0.20018893 0.00246031
19.10095505 0.04432403 0.00007284 0.00004718 0.00007558 0.00162635 0.55956326 0.00989996 0.22308721 0.00058012 0.00255526 0.00154833 0.19874709 0.00219682
19.20096005 0.04430042 0.00002373 0.00006091 0.00001563 0.00002207 0.56241245 0.01001125 0.22123041 0.00047131 0.00451775 0.00156210 0.19777848 0.00189392
19.30096505 0.04430270 0.00002470 0.00006144 0.00001334 0.00002231 0.56693861 0.01011399 0.21820103 0.00044413 0.00439703 0.00158295 0.19640189 0.00179858
19.40097005 0.04426088 0.00007319 0.00005482 0.00006622 0.00172667 0.56758385 0.00866504 0.21796481 0.00041793 0.00435516 0.00149280 0.19604136 0.00155814
19.50097505 0.04438421 0.00002847 0.00007135 0.00001590 0.00003087 0.56826442 0.01067474 0.21424344 0.00040739 0.00425256 0.00331873 0.19716823 0.00152390
19.60098005 0.04425981 0.00002928 0.00007297 0.00001133 0.00002299 0.56887324 0.01063176 0.21442718 0.00057833 0.00267877 0.00306663 0.19794783 0.00165968
19.70098505 0.04417599 0.00003245 0.00006292 0.00000971 0.00002454 0.56978430 0.01063776 0.21425393 0.00072707 0.00290078 0.00278975 0.19699806 0.00177872
19.80099005 0.04410056 0.00003202 0.00006054 0.00000850 0.00002406 0.57075958 0.01068065 0.21614295 0.00058864 0.00315562 0.00097241 0.19588130 0.00169372
19.90099505 0.04522249 0.00016207 0.00004849 0.00015138 0.00536786 0.56999634 0.00959141 0.21602614 0.00059297 0.00163900 0.00074952 0.19429003 0.00138478
20.00100005 0.04501831 0.00006284 0.00004487 0.00001375 0.00400661 0.57083627 0.00987984 0.21605244 0.00232245 0.00161808 0.00058167 0.19344834 0.00113284
20.10100505 0.04512461 0.00008551 0.00005384 0.00000661 0.00007687 0.57161830 0.00785291 0.21610830 0.00598700 0.00155353 0.00075682 0.19466604 0.00123428
20.20101005 0.04516017 0.00008176 0.00004743 0.00000826 0.00004871 0.57242086 0.00846547 0.21616208 0.00500348 0.00156159 0.00129655 0.19380805 0.00109577
20.30101505 0.04539733 0.00005213 0.00004935 0.00001635 0.00004673 0.57508497 0.00834952 0.21297208 0.00296541 0.00155251 0.00536386 0.19234109 0.00120600
20.40102005 0.04533730 0.00003875 0.00004938 0.00000895 0.00002390 0.57790528 0.00835872 0.21297858 0.00248283 0.00152570 0.00379194 0.19154106 0.00129491
20.50102505 0.04530315 0.00003837 0.00004611 0.00000726 0.00002175 0.57860555 0.00824297 0.21496208 0.00208454 0.00150263 0.00232936 0.19088364 0.00127576
20.60103005 0.04520604 0.00008052 0.00004471 0.00004778 0.00393560 0.57917284 0.00661957 0.21328746 0.00180816 0.00142080 0.00246251 0.19007420 0.00104587
20.70103505 0.04507058 0.00009533 0.00005523 0.00007341 0.00157394 0.58152018 0.00491376 0.21323634 0.00166121 0.00142744 0.00277696 0.19176081 0.00090539
20.80104005 0.04518986 0.00005271 0.00005210 0.00006146 0.00112087 0.58355200 0.00480809 0.21159864 0.00161538 0.00150848 0.00320439 0.19128878 0.00113711
20.90104505 0.04525681 0.00002626 0.00006648 0.00000924 0.00001300 0.58542403 0.00669145 0.20996006 0.00066830 0.00157180 0.00172590 0.19297763 0.00086585
21.00105005 0.04521978 0.00002212 0.00005486 0.00000744 0.00001285 0.58538293 0.00663566 0.20995892 0.00062927 0.00167098 0.00175090 0.19293232 0.00094177
21.10105505 0.04516865 0.00001906 0.00004636 0.00000767 0.00001054 0.58733090 0.00703535 0.20991133 0.00056315 0.00150279 0.00159132 0.19120862 0.00077290
21.20106005 0.04565861 0.00007249 0.00007300 0.00012485 0.00192540 0.58512414 0.00330174 0.20510770 0.00222872 0.00335561 0.00208536 0.19233955 0.00426144
21.30106505 0.04577547 0.00009494 0.00007785 0.00008802 0.00174160 0.58512657 0.00366498 0.20517783 0.00220727 0.00135536 0.00202160 0.19626239 0.00218159
21.40107005 0.04650307 0.00006933 0.00006399 0.00002654 0.00004332 0.58634097 0.00388785 0.20313693 0.00402072 0.00153782 0.00414441 0.19492029 0.00180783
21.50107505 0.04655432 0.00009375 0.00007237 0.00005885 0.00168871 0.58754275 0.00341987 0.20264213 0.00236038 0.00171997 0.00366370 0.19602277 0.00071474
21.60108005 0.04637591 0.00009317 0.00005829 0.00007706 0.00158003 0.58918738 0.00352095 0.20270146 0.00197736 0.00174254 0.00404837 0.19431034 0.00070305
21.70108505 0.04673204 0.00002577 0.00005868 0.00000624 0.00001617 0.59285722 0.00360433 0.20130296 0.00158827 0.00190058 0.00405296 0.19388056 0.00070625
21.80109005 0.04770998 0.00002660 0.00005436 0.00001188 0.00000803 0.59105547 0.00583576 0.20151429 0.00111492 0.00393753 0.00258665 0.19343835 0.00041616
21.90109505 0.04820927 0.00002398 0.00008304 0.00000692 0.00000801 0.59337355 0.00553912 0.19797396 0.00111962 0.00346783 0.00273309 0.19510164 0.00056926
22.00110006 0.04824015 0.00004782 0.00006047 0.00000601 0.00006071 0.59308425 0.00499825 0.19822488 0.00235801 0.00346964 0.00181956 0.19516075 0.00070965
22.10110506 0.04823758 0.00003485 0.00005355 0.00000439 0.00001897 0.59264959 0.00495839 0.19843995 0.00217351 0.00353441 0.00198316 0.19532249 0.00082673
22.20111006 0.04945882 0.00006950 0.00005669 0.00006683 0.00159859 0.59048469 0.00509340 0.20054453 0.00060144 0.00354049 0.00180808 0.19537360 0.00076216
22.30111506 0.05049813 0.00014751 0.00005728 0.00011967 0.00338648 0.58864754 0.00474109 0.20046858 0.00228738 0.00347404 0.00052305 0.19535256 0.00079481
22.40112006 0.05036951 0.00006234 0.00005319 0.00000713 0.00005220 0.58795755 0.00330088 0.20245792 0.00380339 0.00337638 0.00226887 0.19615497 0.00050519
22.50112506 0.05033689 0.00017582 0.00006924 0.00016514 0.00317383 0.58760619 0.00304847 0.19906550 0.00060510 0.00521417 0.00404538 0.19604490 0.00078626
22.60113006 0.05034050 0.00001311 0.00005753 0.00004129 0.00003042 0.58904375 0.00300041 0.19896315 0.00043752 0.00498661 0.00379019 0.19694897 0.00268705
22.70113506 0.05027657 0.00001289 0.00004983 0.00003551 0.00001300 0.58843172 0.00299099 0.19884032 0.00051948 0.00474871 0.00372238 0.19792941 0.00270575
22.80114006 0.05038247 0.00001860 0.00004078 0.00003100 0.00003887 0.58763927 0.00323434 0.19863204 0.00059628 0.00291725 0.00579310 0.19877066 0.00228781
22.90114506 0.05018926 0.00001258 0.00004390 0.00002185 0.00001809 0.58878491 0.00348512 0.19842549 0.00043862 0.00279836 0.00432177 0.19994734 0.00170197
23.00115006 0.05100176 0.00007854 0.00005984 0.00008440 0.00181461 0.58567680 0.00580401 0.19980098 0.00046279 0.00118477 0.00252083 0.20127761 0.00123482
23.10115506 0.05092494 0.00008504 0.00005155 0.00007530 0.00186546 0.58516786 0.00686377 0.19944326 0.00055962 0.00127112 0.00180046 0.20206621 0.00075035
23.20116006 0.05081706 0.00002631 0.00004248 0.00001046 0.00003059 0.58626315 0.00676418 0.19912485 0.00069718 0.00120430 0.00360780 0.20136522 0.00086347
23.30116506 0.05115169 0.00008674 0.00004214 0.00007330 0.00183108 0.58667640 0.00824940 0.19828884 0.00040538 0.00119165 0.00044917 0.20180097 0.00090492
23.40117006 0.05145353 0.00008282 0.00004074 0.00007403 0.00361841 0.58433490 0.00662756 0.20003124 0.00046717 0.00120557 0.00028511 0.20238755 0.00084490
23.50117506 0.05194140 0.00008230 0.00004719 0.00007235 0.00175256 0.58097054 0.00855674 0.19911491 0.00037127 0.00309261 0.00227864 0.20277474 0.00088613
23.60118006 0.05194567 0.00002171 0.00004285 0.00000752 0.00001251 0.58202914 0.00821669 0.19897790 0.00044065 0.00285108 0.00222131 0.20409903 0.00107960
23.70118506 0.05206510 0.00005331 0.00004113 0.00001269 0.00003945 0.58091849 0.00456012 0.19721925 0.00238600 0.00267638 0.00596753 0.20514476 0.00098090
23.80119006 0.05421171 0.00005770 0.00004854 0.00001651 0.00005185 0.58122933 0.00649339 0.19507300 0.00232664 0.00261078 0.00595495 0.20503835 0.00109895
23.90119506 0.05428401 0.00012788 0.00005660 0.00012040 0.00362669 0.57672929 0.01024491 0.19321597 0.00062742 0.00450833 0.00405598 0.20548981 0.00119671
24.00120006 0.05431043 0.00005578 0.00006563 0.00001002 0.00003497 0.57598941 0.00809081 0.19508421 0.00256860 0.00436988 0.00392515 0.20849087 0.00131466
24.10120506 0.05452720 0.00006260 0.00006158 0.00001068 0.00007472 0.57519728 0.00792663 0.19534623 0.00278792 0.00277404 0.00371408 0.21062087 0.00142338
24.20121006 0.05455005 0.00006443 0.00005287 0.00001735 0.00008138 0.57469594 0.00954182 0.19551719 0.00259456 0.00272758 0.00426265 0.20900642 0.00143781
24.30121506 0.05478040 0.00015620 0.00004811 0.00009222 0.00163773 0.57371155 0.00806860 0.19562110 0.00443692 0.00247407 0.00416919 0.20814516 0.00143915
24.40122006 0.05495249 0.00009283 0.00007095 0.00006565 0.00175421 0.57282744 0.00809613 0.19364081 0.00216990 0.00450601 0.00425635 0.21095479 0.00156494
24.50122506 0.05510373 0.00014412 0.00006034 0.00013935 0.00328705 0.57404878 0.00723800 0.19165442 0.00156189 0.00449779 0.00467746 0.21173866 0.00095213
24.60123006 0.05496240 0.00002765 0.00006045 0.00001037 0.00001414 0.57735261 0.00699544 0.19141689 0.00138852 0.00456332 0.00459509 0.21260674 0.00096879
24.70123506 0.05490379 0.00003724 0.00005149 0.00001433 0.00003147 0.57651362 0.00728130 0.19104420 0.00149306 0.00428694 0.00628689 0.21210374 0.00085570
24.80124006 0.05488221 0.00003864 0.00004974 0.00000979 0.00002117 0.57586354 0.00699349 0.19085554 0.00166336 0.00427652 0.00616590 0.21295467 0.00110765
24.90124506 0.05487896 0.00004127 0.00004772 0.00000907 0.00002429 0.57520417 0.00681884 0.19070845 0.00175441 0.00424948 0.00604609 0.21379018 0.00130603
25.00125006 0.05502644 0.00006415 0.00005217 0.00001235 0.00005126 0.57834651 0.00659812 0.18896507 0.00275375 0.00423720 0.00350950 0.21439906 0.00101088
25.10125506 0.05495993 0.00004063 0.00004947 0.00000951 0.00002761 0.57747010 0.00664249 0.18885668 0.00237628 0.00426672 0.00378710 0.21535702 0.00111639
25.20126006 0.05479655 0.00002878 0.00005305 0.00000664 0.00001760 0.57865843 0.00653453 0.18876733 0.00168319 0.00428539 0.00264064 0.21623579 0.00108861
25.30126506 0.05486547 0.00005698 0.00005054 0.00000779 0.00006243 0.57797530 0.00549818 0.18871599 0.00333455 0.00430221 0.00239522 0.21695596 0.00064485
25.40127006 0.05630072 0.00004671 0.00006320 0.00000514 0.00002306 0.57606885 0.00544112 0.18868320 0.00304594 0.00431629 0.00268233 0.21886846 0.00075569
25.50127506 0.05634966 0.00004083 0.00004839 0.00000522 0.00002242 0.57762473 0.00544848 0.19053085 0.00260496 0.00110855 0.00304358 0.21868750 0.00083451
25.60128006 0.05632543 0.00004001 0.00004312 0.00000586 0.00002294 0.57733782 0.00540909 0.19054770 0.00225975 0.00125720 0.00337659 0.21881417 0.00088576
25.70128506 0.05611750 0.00006981 0.00005844 0.00002956 0.00195843 0.57707296 0.00179472 0.19055192 0.00341821 0.00328771 0.00240163 0.21902897 0.00032764
