0.00000000 0.00000000 0.00000000 0.00000000 0.00000000 0.00000000 0.00000000 0.00000000 0.00000000 1.00000000 0.00000000 0.00000000 0.00000000 0.00000000
0.10000500 0.00205239 0.02800656 0.00154996 0.00849276 0.10153298 0.09047621 0.16292346 0.02421698 0.40934508 0.04476966 0.08713765 0.01898720 0.02256151
0.20001000 0.00294322 0.00803920 0.00122575 0.00467505 0.04251622 0.12511375 0.25651193 0.05107964 0.22551408 0.04856587 0.15918808 0.03201499 0.04555545
0.30001500 0.00360214 0.00451178 0.00104574 0.00289586 0.02709007 0.13366100 0.25905938 0.05980765 0.16697777 0.05493215 0.19932269 0.04455345 0.04614245
0.40002000 0.00423130 0.00450984 0.00091341 0.00213855 0.01456166 0.13905049 0.23002166 0.07283644 0.16608314 0.06064273 0.21352646 0.04655693 0.04915869
0.50002500 0.00490145 0.00547420 0.00081763 0.00267809 0.02466753 0.14467994 0.19376193 0.08036351 0.16355067 0.06622441 0.22237807 0.04991451 0.04548953
0.60003000 0.00533246 0.00538435 0.00096620 0.00238182 0.01462652 0.15562377 0.15986864 0.08610527 0.15669543 0.07873487 0.23690506 0.05656989 0.04613819
0.70003500 0.00569560 0.00486762 0.00081114 0.00284202 0.02005284 0.18472314 0.12856632 0.08548308 0.13137342 0.07185500 0.25455332 0.06512763 0.04974447
0.80004000 0.00593399 0.00374528 0.00072381 0.00238465 0.01461709 0.19130590 0.11700290 0.09008536 0.11299830 0.07773206 0.25951857 0.07015288 0.05973321
0.90004500 0.00619772 0.00317158 0.00075683 0.00184715 0.00879529 0.18483855 0.12896300 0.09427214 0.10722599 0.07965766 0.25914976 0.07847482 0.05284724
1.00005000 0.00659260 0.00292078 0.00066199 0.00156534 0.01011349 0.18629814 0.14456849 0.09895619 0.09780123 0.07968174 0.24963419 0.08040194 0.04739647
1.10005500 0.00685510 0.00277525 0.00063958 0.00136448 0.00566020 0.18991848 0.15203197 0.10479026 0.10347898 0.08021887 0.22700662 0.08043282 0.05168249
1.20006000 0.00693953 0.00296345 0.00066242 0.00125089 0.01406069 0.19625414 0.15934664 0.11245972 0.10269868 0.08562069 0.19506309 0.08100303 0.04861655
1.30006500 0.00714916 0.00378638 0.00057441 0.00170998 0.01619138 0.19951532 0.16059489 0.13019449 0.11201404 0.07892166 0.17260761 0.07879412 0.04509572
1.40007000 0.00743430 0.00477758 0.00071347 0.00229964 0.01998238 0.21270956 0.16695130 0.13105835 0.11458913 0.08505613 0.14135038 0.08246249 0.03804959
1.50007500 0.00778504 0.00443266 0.00076264 0.00187811 0.01503315 0.23274740 0.17166002 0.13722618 0.11583978 0.08322669 0.11782207 0.08403709 0.03533422
1.60008000 0.00848742 0.00384128 0.00073941 0.00098175 0.01038157 0.24202648 0.17016961 0.14829305 0.11273902 0.08519380 0.10725667 0.08574726 0.03263010
1.70008500 0.00882816 0.00375624 0.00073622 0.00131563 0.00980019 0.25870529 0.16469851 0.15878694 0.10100638 0.08256258 0.09885776 0.08920897 0.03056530
1.80009000 0.00902106 0.00344584 0.00082252 0.00119125 0.01165608 0.26473502 0.15896657 0.16065018 0.09420311 0.08692019 0.09332349 0.09487209 0.02921365
1.90009500 0.00940868 0.00332158 0.00082692 0.00153122 0.01255843 0.27306044 0.13967399 0.16208311 0.08709810 0.09382329 0.09221480 0.10020624 0.03360187
2.00010001 0.00998114 0.00303864 0.00076256 0.00138415 0.01037237 0.29057433 0.12776692 0.16217488 0.07890202 0.08980462 0.09340589 0.10668361 0.03513001
2.10010501 0.01026956 0.00239795 0.00061996 0.00099190 0.00637749 0.28909607 0.13145045 0.16718673 0.06941697 0.08733960 0.09944235 0.11175763 0.03392290
2.20011001 0.01019620 0.00216118 0.00056004 0.00075684 0.00715680 0.28747087 0.13139959 0.17128034 0.06243615 0.08908799 0.10372437 0.11360076 0.03036507
2.30011501 0.01037740 0.00236487 0.00066748 0.00134965 0.01250951 0.29635301 0.11213591 0.17152444 0.05609955 0.09039532 0.10495460 0.11505974 0.03658591
2.40012001 0.01048948 0.00166075 0.00064317 0.00101393 0.00475081 0.30109815 0.10527070 0.18054151 0.04661647 0.08607226 0.11454541 0.11964490 0.03814194
2.50012501 0.01069471 0.00143431 0.00063307 0.00082970 0.00357932 0.30093555 0.10794005 0.18677500 0.04170380 0.08360703 0.11077740 0.12604934 0.03573542
2.60013001 0.01091817 0.00163931 0.00058711 0.00108299 0.00664585 0.29947761 0.10280889 0.19687299 0.04095313 0.08118181 0.10425539 0.12788047 0.03661444
2.70013501 0.01102245 0.00215880 0.00056450 0.00145758 0.01389308 0.30625941 0.10526993 0.20113487 0.04135673 0.07351146 0.09518892 0.12852977 0.03067495
2.80014001 0.01127176 0.00185897 0.00052250 0.00091182 0.00430303 0.31022332 0.10750204 0.20386845 0.04803315 0.07393004 0.08622904 0.12945569 0.03316195
2.90014501 0.01147294 0.00150151 0.00059064 0.00048746 0.00134640 0.31801751 0.11002437 0.21005857 0.04584399 0.07738361 0.07362491 0.12994968 0.03117136
3.00015001 0.01173585 0.00175362 0.00057423 0.00085147 0.00643111 0.32623539 0.11047342 0.21662307 0.04329319 0.07496722 0.06078562 0.13160010 0.02641157
3.10015501 0.01198628 0.00165135 0.00053655 0.00069963 0.00347750 0.33784688 0.11042810 0.21237157 0.04334063 0.07194352 0.05687432 0.13530147 0.02552846
3.20016001 0.01222335 0.00204300 0.00055725 0.00112233 0.01053206 0.34114363 0.10088051 0.21185214 0.04376564 0.07542290 0.04804953 0.13902408 0.02560693
3.30016501 0.01239430 0.00139321 0.00054470 0.00044739 0.00430151 0.34472175 0.09972173 0.21928994 0.04015124 0.07389562 0.04752980 0.14154799 0.02645513
3.40017001 0.01247623 0.00164354 0.00057453 0.00085409 0.00665549 0.35077354 0.09495381 0.21956880 0.03839811 0.07350481 0.04767577 0.14157832 0.02381919
3.50017501 0.01257690 0.00140384 0.00047681 0.00072560 0.00442421 0.35267422 0.09616352 0.21961022 0.03390495 0.07255469 0.04954449 0.14268405 0.02583340
3.60018001 0.01263248 0.00110960 0.00051176 0.00037900 0.00429876 0.35400054 0.09511308 0.22572076 0.02837582 0.07376176 0.04731680 0.14800517 0.02140694
3.70018501 0.01244960 0.00160000 0.00045421 0.00104574 0.00596847 0.34902979 0.08515869 0.23004591 0.02934674 0.06857063 0.04934834 0.15189946 0.02753202
3.80019001 0.01325392 0.00115101 0.00049375 0.00069142 0.00326641 0.34976601 0.07823054 0.23788664 0.02833537 0.06564401 0.05397458 0.15420960 0.02635067
3.90019501 0.01322313 0.00087015 0.00052838 0.00069712 0.00313946 0.35102652 0.07688203 0.23694554 0.02318017 0.06980755 0.05345548 0.15569201 0.02777560
4.00020001 0.01323530 0.00129475 0.00046911 0.00073301 0.00494396 0.35916061 0.06940672 0.23726709 0.02649990 0.07086423 0.05056035 0.15623897 0.02256130
4.10020501 0.01323373 0.00094160 0.00047741 0.00027548 0.00279969 0.36524410 0.07061123 0.24129976 0.02517460 0.06807662 0.04643229 0.16090212 0.01776510
4.20021001 0.01345070 0.00085409 0.00045614 0.00051346 0.00288025 0.36514032 0.07110356 0.24545590 0.02216424 0.06317545 0.04154120 0.16577218 0.02094321
4.30021501 0.01349929 0.00087673 0.00047991 0.00039779 0.00184935 0.36425074 0.07463835 0.24871469 0.02047113 0.06398282 0.03947430 0.16657184 0.01829234
4.40022001 0.01367711 0.00150693 0.00043729 0.00098828 0.00815506 0.36357144 0.07020853 0.24811400 0.02503004 0.06039962 0.03684383 0.16747765 0.01726733
4.50022501 0.01393935 0.00152503 0.00051404 0.00116946 0.00840278 0.36885298 0.06685189 0.24899694 0.01956990 0.05855234 0.03563397 0.16908370 0.02084697
4.60023001 0.01407321 0.00105004 0.00047563 0.00061172 0.00314036 0.37307933 0.07093946 0.25450627 0.01922256 0.05669614 0.03259935 0.17124263 0.01643651
4.70023501 0.01420386 0.00145460 0.00036796 0.00087777 0.00630082 0.37718746 0.06506697 0.25277055 0.02095378 0.05315946 0.03525771 0.17051458 0.01608835
4.80024001 0.01445747 0.00082547 0.00042053 0.00023681 0.00382142 0.37903142 0.06205013 0.25570349 0.02170141 0.05529413 0.03486470 0.17155043 0.01450006
4.90024501 0.01517012 0.00118744 0.00041151 0.00081592 0.00452949 0.38415084 0.06175326 0.26012424 0.02028394 0.04648069 0.03123939 0.17083272 0.01819058
5.00025001 0.01521140 0.00106677 0.00037046 0.00063077 0.00712222 0.38601671 0.06399110 0.25834271 0.01891874 0.04372900 0.03025290 0.17354112 0.01601751
5.10025501 0.01527922 0.00068011 0.00056217 0.00051007 0.00270697 0.38459738 0.05956835 0.25982336 0.01446093 0.05216680 0.02837052 0.17885028 0.01770306
5.20026001 0.01529058 0.00077162 0.00038498 0.00050219 0.00198306 0.38316728 0.06437212 0.26189323 0.01356282 0.04825264 0.02910126 0.18030187 0.01570694
5.30026501 0.01592411 0.00100406 0.00031497 0.00057396 0.00342424 0.37919996 0.06318685 0.26261876 0.01658162 0.04601317 0.03155024 0.17985313 0.01567902
5.40027001 0.01596994 0.00101372 0.00032521 0.00053789 0.00470651 0.38217608 0.05809261 0.26461833 0.01651575 0.04534162 0.02975144 0.18153877 0.01538208
5.50027501 0.01648528 0.00083616 0.00034688 0.00033651 0.00403114 0.38202724 0.06050177 0.26657280 0.01648159 0.04370753 0.02740468 0.18334555 0.01440815
5.60028001 0.01670883 0.00090375 0.00038679 0.00045443 0.00371582 0.38319391 0.05430612 0.27202810 0.01589696 0.04313013 0.02896925 0.18326108 0.01375368
5.70028501 0.01666273 0.00099144 0.00038882 0.00050075 0.00317131 0.38401612 0.05208828 0.26938867 0.01768640 0.04426253 0.02806483 0.18594386 0.01349700
5.80029001 0.01683153 0.00089123 0.00035532 0.00030574 0.00224197 0.38544959 0.05034964 0.26728816 0.01882917 0.04359443 0.02812689 0.18931250 0.01325537
5.90029501 0.01675618 0.00087647 0.00031728 0.00048793 0.00295189 0.38904818 0.04822092 0.26696201 0.01523176 0.04194167 0.02945023 0.18973086 0.01478079
6.00030002 0.01690506 0.00103069 0.00033672 0.00090098 0.00455841 0.38657126 0.04502787 0.26369139 0.01223632 0.04784697 0.03206267 0.18755367 0.01818305
6.10030502 0.01704832 0.00079912 0.00032351 0.00051181 0.00492466 0.39710200 0.04208146 0.26373305 0.01538678 0.04197123 0.03197968 0.18687021 0.01431650
6.20031002 0.01717362 0.00052539 0.00037115 0.00017671 0.00231287 0.40058761 0.03964948 0.27252140 0.01472299 0.03912008 0.02986929 0.18939976 0.01074326
6.30031502 0.01719566 0.00078948 0.00036035 0.00050393 0.00441096 0.39866562 0.03583903 0.27668844 0.01559475 0.03978172 0.02739167 0.19050387 0.00947017
6.40032002 0.01705981 0.00061002 0.00034442 0.00021567 0.00237160 0.39919815 0.03662062 0.27792188 0.01492208 0.03916474 0.02732690 0.19137080 0.00993312
6.50032502 0.01709769 0.00047942 0.00038031 0.00016053 0.00352938 0.39908900 0.03567520 0.28155781 0.01436410 0.03861488 0.02416021 0.19235801 0.00963116
6.60033002 0.01718510 0.00073958 0.00036216 0.00048148 0.00456310 0.40109250 0.03474584 0.28365856 0.01320617 0.03654698 0.02177506 0.19433980 0.00848877
6.70033502 0.01710661 0.00056819 0.00029694 0.00015877 0.00042059 0.40338028 0.03173846 0.28554459 0.01754058 0.03611472 0.02042645 0.19466347 0.00914696
6.80034002 0.01708640 0.00058768 0.00028528 0.00028577 0.00188101 0.40967651 0.02698318 0.28546436 0.01442454 0.03768944 0.02007927 0.19488441 0.00775856
6.90034502 0.01708429 0.00039624 0.00024592 0.00011676 0.00032351 0.41172008 0.02983540 0.28370260 0.01307506 0.03753932 0.02111680 0.19479209 0.00713624
7.00035002 0.01711317 0.00069580 0.00031490 0.00049547 0.00350304 0.41353652 0.02831128 0.28218766 0.01120465 0.03916451 0.01790812 0.19479641 0.00788164
7.10035502 0.01723308 0.00055769 0.00023640 0.00041253 0.00270382 0.41537742 0.02598281 0.28413950 0.01138943 0.03633509 0.01776992 0.19591159 0.00918380
7.20036002 0.01721290 0.00038930 0.00030710 0.00025498 0.00250160 0.41724925 0.02653372 0.28764727 0.00921989 0.03449645 0.01620977 0.19829993 0.00689075
7.30036502 0.01719929 0.00043051 0.00029825 0.00028514 0.00165026 0.41888798 0.02609676 0.28898559 0.00777645 0.03649580 0.01598282 0.19733238 0.00577806
7.40037002 0.01717164 0.00029736 0.00023156 0.00013887 0.00131288 0.41899782 0.02576009 0.28851541 0.00806611 0.03431276 0.01814402 0.19794245 0.00628068
7.50037502 0.01713651 0.00041454 0.00020415 0.00017992 0.00132680 0.41957982 0.02351882 0.28842523 0.00804613 0.03234068 0.01969480 0.19745011 0.00881899
7.60038002 0.01714977 0.00039902 0.00025457 0.00014219 0.00129291 0.42044406 0.02163484 0.29096460 0.00989401 0.03238255 0.01796031 0.19795423 0.00667672
7.70038502 0.01704102 0.00040247 0.00025289 0.00016004 0.00225743 0.42261521 0.01954414 0.29437922 0.01079895 0.03044540 0.01764364 0.19430727 0.00719333
7.80039002 0.01705998 0.00052139 0.00020598 0.00046663 0.00325433 0.42333173 0.01914173 0.29602016 0.00908806 0.02851609 0.01755246 0.19392604 0.00797538
7.90039502 0.01705393 0.00022504 0.00019273 0.00022342 0.00020675 0.42593119 0.02063748 0.29556810 0.00881338 0.02817598 0.01761551 0.19413201 0.00827842
8.00040002 0.01707579 0.00031114 0.00020492 0.00017318 0.00128672 0.42637594 0.02092587 0.29736234 0.00949958 0.02805623 0.01639594 0.19400057 0.00540757
8.10040502 0.01707970 0.00041059 0.00020401 0.00032207 0.00153820 0.42707429 0.02387911 0.29861906 0.00845291 0.02652096 0.01286791 0.19358168 0.00652921
8.20041002 0.01700994 0.00039895 0.00020553 0.00019807 0.00132039 0.42667957 0.02746839 0.29973699 0.00942516 0.02514998 0.01192666 0.19222793 0.00526237
8.30041502 0.01729456 0.00031369 0.00022528 0.00004632 0.00022279 0.42995078 0.02671072 0.29620034 0.00979108 0.02488977 0.01322558 0.19273383 0.00568982
8.40042002 0.01728481 0.00056449 0.00018456 0.00031953 0.00281997 0.43509585 0.02473283 0.29449299 0.01010452 0.02286071 0.01147696 0.19136589 0.00598171
8.50042502 0.01734165 0.00031513 0.00027072 0.00020788 0.00139251 0.43964421 0.02178250 0.29653815 0.00845143 0.02343606 0.01058512 0.19011087 0.00726543
8.60043002 0.01741201 0.00032401 0.00019993 0.00013561 0.00233442 0.44156710 0.02058828 0.29854864 0.00818740 0.01657414 0.01389424 0.19111019 0.00653605
8.70043502 0.01738886 0.00045939 0.00016236 0.00018390 0.00197003 0.44170210 0.01992121 0.29847626 0.00846322 0.01668820 0.01332925 0.19097108 0.00767301
8.80044002 0.01736653 0.00019515 0.00017383 0.00003950 0.00014122 0.44607307 0.01997529 0.30046735 0.00656893 0.01690257 0.01341592 0.19038318 0.00566398
8.90044502 0.01742902 0.00058718 0.00017622 0.00046410 0.00303911 0.44495856 0.02102019 0.29900834 0.00573129 0.01691848 0.01218913 0.19093839 0.00496899
9.00045002 0.01795848 0.00027151 0.00020958 0.00006578 0.00028061 0.44486830 0.02112935 0.29972513 0.00694985 0.02068552 0.01256462 0.18851147 0.00473828
9.10045502 0.01792934 0.00020703 0.00018699 0.00004718 0.00011272 0.44827097 0.02237167 0.30203822 0.00615734 0.01847504 0.00875510 0.18902877 0.00434895
9.20046002 0.01783470 0.00024306 0.00020951 0.00010965 0.00132843 0.44948293 0.01854507 0.30230262 0.00558475 0.02015461 0.00770853 0.18985033 0.00448052
9.30046502 0.01782640 0.00047891 0.00018146 0.00041929 0.00414942 0.45062913 0.01809193 0.30425043 0.00449767 0.02013299 0.00606108 0.18680598 0.00430170
9.40047002 0.01784649 0.00041020 0.00017274 0.00033458 0.00254573 0.45550875 0.01515292 0.30589272 0.00391103 0.01979501 0.00574484 0.18663078 0.00390069
9.50047502 0.01785142 0.00013423 0.00017740 0.00011243 0.00011284 0.46021689 0.01535812 0.30533604 0.00331853 0.01817838 0.00560064 0.18609130 0.00536322
9.60048002 0.01798013 0.00025951 0.00021794 0.00022398 0.00251325 0.46106198 0.01448142 0.30340736 0.00181512 0.02195850 0.00489118 0.18535422 0.00381554
9.70048502 0.01861217 0.00019614 0.00015624 0.00004863 0.00020536 0.46065663 0.01449915 0.30330631 0.00484228 0.02122621 0.00678430 0.18465461 0.00342415
9.80049002 0.01889527 0.00034305 0.00019940 0.00013673 0.00124737 0.46349866 0.01181961 0.29864299 0.00604552 0.02235373 0.00697831 0.18530522 0.00342940
9.90049502 0.01880885 0.00029716 0.00015367 0.00002771 0.00024394 0.46419098 0.01219228 0.29882889 0.00800484 0.02050961 0.00778153 0.18431684 0.00345252
10.00050003 0.01876776 0.00016629 0.00019108 0.00002383 0.00012344 0.46462450 0.01172370 0.29894291 0.00593939 0.02117627 0.00892335 0.18506524 0.00310000
10.10050503 0.01888661 0.00010331 0.00025740 0.00008424 0.00013543 0.46856407 0.00940092 0.29926936 0.00584048 0.02078165 0.00821700 0.18312751 0.00421863
10.20051003 0.01883467 0.00033796 0.00017318 0.00033351 0.00352497 0.46905081 0.00867930 0.30340878 0.00486134 0.01660547 0.00639512 0.18276176 0.00386780
10.30051503 0.01893615 0.00033926 0.00019241 0.00038097 0.00158334 0.47363272 0.00644670 0.30353710 0.00332252 0.01459863 0.00758900 0.18403913 0.00433821
10.40052003 0.01890149 0.00016799 0.00022956 0.00012595 0.00190309 0.47379760 0.00611550 0.30358487 0.00494411 0.01831762 0.00703667 0.18207035 0.00170669
10.50052503 0.01880761 0.00015795 0.00017482 0.00004077 0.00017807 0.47644880 0.00842915 0.30367390 0.00390692 0.01826430 0.00572278 0.18143818 0.00156436
10.60053003 0.01883108 0.00007366 0.00016293 0.00001687 0.00003560 0.48079130 0.00734510 0.30219037 0.00332958 0.01798892 0.00563161 0.18086649 0.00156758
10.70053503 0.01896174 0.00007586 0.00017268 0.00001138 0.00004594 0.48038172 0.00731028 0.30160397 0.00322755 0.01938251 0.00555675 0.18045913 0.00177225
10.80054003 0.01900129 0.00012756 0.00018438 0.00001244 0.00009765 0.48048400 0.00436282 0.30140019 0.00410202 0.02281135 0.00409256 0.18112008 0.00120495
10.90054503 0.01965237 0.00015322 0.00019702 0.00002755 0.00016604 0.48204002 0.00399015 0.30060294 0.00341275 0.02243306 0.00513482 0.18072696 0.00111547
11.00055003 0.01972751 0.00011049 0.00014996 0.00008635 0.00120065 0.48446795 0.00593401 0.30085609 0.00204196 0.01983287 0.00323893 0.18069312 0.00138761
11.10055503 0.01971376 0.00005716 0.00014318 0.00001020 0.00003397 0.48498544 0.00576980 0.30278722 0.00183636 0.01963823 0.00298784 0.18044593 0.00130467
11.20056003 0.02027075 0.00005605 0.00017224 0.00001903 0.00002984 0.48374446 0.00715847 0.30266786 0.00122058 0.02002762 0.00217623 0.18138782 0.00133980
11.30056503 0.02042529 0.00023319 0.00024956 0.00019554 0.00162809 0.48410410 0.00683824 0.29928312 0.00124307 0.02045086 0.00235191 0.18191235 0.00150995
11.40057003 0.02045806 0.00012132 0.00024091 0.00009945 0.00125518 0.48599467 0.00616038 0.29948710 0.00096091 0.01952272 0.00164787 0.18275460 0.00175489
11.50057503 0.02038950 0.00015800 0.00022179 0.00022409 0.00131867 0.48572831 0.00456555 0.29958278 0.00053629 0.01955585 0.00214431 0.18291127 0.00305310
11.60058003 0.02028009 0.00008406 0.00019328 0.00013585 0.00123717 0.48576187 0.00484271 0.29962182 0.00053831 0.01875889 0.00282890 0.18366414 0.00233300
11.70058503 0.02035811 0.00002801 0.00017670 0.00013281 0.00013684 0.48580906 0.00527717 0.30032060 0.00021849 0.01891478 0.00298233 0.18277886 0.00322436
11.80059003 0.02071909 0.00023835 0.00017077 0.00027324 0.00149521 0.48527019 0.00449924 0.30580775 0.00028356 0.01600946 0.00268975 0.18074183 0.00252066
11.90059503 0.02060204 0.00019526 0.00018677 0.00019153 0.00329673 0.48549807 0.00422949 0.30602738 0.00043226 0.01457601 0.00224246 0.18171178 0.00141227
12.00060003 0.02055377 0.00015525 0.00016888 0.00006691 0.00198103 0.48571267 0.00624184 0.30388102 0.00230993 0.01315315 0.00194606 0.18308429 0.00129900
12.10060503 0.02085147 0.00011383 0.00014168 0.00002305 0.00014034 0.48693211 0.00612134 0.30513586 0.00254746 0.01306927 0.00362867 0.18072108 0.00142531
12.20061003 0.02080964 0.00018830 0.00012626 0.00008838 0.00134322 0.48659975 0.00472806 0.30482556 0.00277484 0.01294128 0.00326540 0.18150715 0.00161181
12.30061503 0.02082969 0.00006668 0.00014534 0.00002041 0.00008382 0.48995522 0.00393313 0.30281179 0.00194998 0.01126244 0.00478882 0.18382521 0.00115716
12.40062003 0.02159283 0.00004701 0.00013497 0.00000836 0.00003463 0.48987795 0.00427220 0.30260185 0.00191312 0.01140384 0.00445381 0.18398139 0.00127088
12.50062503 0.02157761 0.00005206 0.00011878 0.00001000 0.00003452 0.48946850 0.00446568 0.30268673 0.00207241 0.01141654 0.00412499 0.18430946 0.00124033
12.60063003 0.02170821 0.00005573 0.00011014 0.00009462 0.00006822 0.48897561 0.00530647 0.30170134 0.00194638 0.01119036 0.00375687 0.18402254 0.00277171
12.70063503 0.02308872 0.00029087 0.00010492 0.00029122 0.00149897 0.48486926 0.00544358 0.30260743 0.00227244 0.01094128 0.00573380 0.18347712 0.00246911
12.80064003 0.02313443 0.00020341 0.00016060 0.00016043 0.00121095 0.48405311 0.00335250 0.30301610 0.00421444 0.01451851 0.00363308 0.18425168 0.00122519
12.90064503 0.02307759 0.00010303 0.00011916 0.00005156 0.00005380 0.48315563 0.00660261 0.30287164 0.00314450 0.01391030 0.00362425 0.18594327 0.00042025
13.00065003 0.02298236 0.00014296 0.00016009 0.00010718 0.00114878 0.48383323 0.00724073 0.30043906 0.00331371 0.01281278 0.00316475 0.18675483 0.00088188
13.10065503 0.02463182 0.00020396 0.00017676 0.00015030 0.00119558 0.48122898 0.00666034 0.30244737 0.00358961 0.01085625 0.00304397 0.18929064 0.00115624
13.20066003 0.02461136 0.00011304 0.00013556 0.00001710 0.00004683 0.48061424 0.00812447 0.30222617 0.00348253 0.01115944 0.00295614 0.18986459 0.00125989
13.30066503 0.02452049 0.00009557 0.00013064 0.00000847 0.00004320 0.48229600 0.00639244 0.30208830 0.00337164 0.01134012 0.00301077 0.19014494 0.00107791
13.40067003 0.02455034 0.00027762 0.00011383 0.00019260 0.00163206 0.48182070 0.00578247 0.30049638 0.00332769 0.01122269 0.00352267 0.19034639 0.00126488
13.50067503 0.02461982 0.00040488 0.00011198 0.00035660 0.00324377 0.48113279 0.00386174 0.30046804 0.00222707 0.00932886 0.00486408 0.19295833 0.00104187
13.60068003 0.02461859 0.00007230 0.00011567 0.00009047 0.00016521 0.48027931 0.00354705 0.30068858 0.00210003 0.00925073 0.00699528 0.19366570 0.00302966
13.70068503 0.02521022 0.00006064 0.00013006 0.00011744 0.00016620 0.47782749 0.00463695 0.30030920 0.00143557 0.00783783 0.00835704 0.19589542 0.00322616
13.80069003 0.02515053 0.00004428 0.00015391 0.00001644 0.00002017 0.47708394 0.00430756 0.29992459 0.00170541 0.00784816 0.00817069 0.19898940 0.00173546
13.90069503 0.02516590 0.00013534 0.00013572 0.00002089 0.00015365 0.47697633 0.00407796 0.30012449 0.00318978 0.00848005 0.00674031 0.19828342 0.00168206
14.00070004 0.02512459 0.00006166 0.00011507 0.00001504 0.00002947 0.47707857 0.00459687 0.30063505 0.00282632 0.00858676 0.00682191 0.19758455 0.00164873
14.10070504 0.02505088 0.00005199 0.00010031 0.00001439 0.00004189 0.47691738 0.00526666 0.30161712 0.00263067 0.00823618 0.00642737 0.19712900 0.00156704
14.20071004 0.02499473 0.00005965 0.00008465 0.00001317 0.00004512 0.48019231 0.00582061 0.29990311 0.00282075 0.00634362 0.00575563 0.19747631 0.00148507
14.30071504 0.02500968 0.00006414 0.00012229 0.00001075 0.00004429 0.47890960 0.00551914 0.30011751 0.00269346 0.00824713 0.00439697 0.19860348 0.00127125
14.40072004 0.02543053 0.00026274 0.00009899 0.00020727 0.00139124 0.47616655 0.00451584 0.30210549 0.00281234 0.00797742 0.00373044 0.19965155 0.00108013
14.50072504 0.02534631 0.00014734 0.00008222 0.00001913 0.00213902 0.47506754 0.00469648 0.30016056 0.00469658 0.00767893 0.00331389 0.20101074 0.00098757
14.60073004 0.02549984 0.00014892 0.00008833 0.00009508 0.00017986 0.47631051 0.00651782 0.30012989 0.00301590 0.00755750 0.00148882 0.20191377 0.00255359
14.70073504 0.02556635 0.00007679 0.00008745 0.00011077 0.00012386 0.47561817 0.00785264 0.30199366 0.00197977 0.00597288 0.00117489 0.20232784 0.00268130
14.80074004 0.02684483 0.00009020 0.00012209 0.00007055 0.00007965 0.47365466 0.00863961 0.30008288 0.00174801 0.00598475 0.00290037 0.20415561 0.00247161
14.90074504 0.02683828 0.00017945 0.00009837 0.00008683 0.00205889 0.47297779 0.00587883 0.29817411 0.00321500 0.00608728 0.00471727 0.20466245 0.00186374
15.00075004 0.02668452 0.00005933 0.00014053 0.00003499 0.00003940 0.47219624 0.00864910 0.29785484 0.00128132 0.00633265 0.00447760 0.20747574 0.00145826
15.10075504 0.02655373 0.00004577 0.00016374 0.00001465 0.00002558 0.47155704 0.00535692 0.29777653 0.00136752 0.00802455 0.00383850 0.21047814 0.00135108
15.20076004 0.02686906 0.00016929 0.00012790 0.00012372 0.00197104 0.47086431 0.00386989 0.29455666 0.00316991 0.00749359 0.00355135 0.21095754 0.00314481
15.30076504 0.02697822 0.00010522 0.00011314 0.00011214 0.00014876 0.47266258 0.00443170 0.29326293 0.00287255 0.00772726 0.00533728 0.21023409 0.00299235
15.40077004 0.02686798 0.00013697 0.00010471 0.00001550 0.00016349 0.47282136 0.00569954 0.29376192 0.00405726 0.00803144 0.00482082 0.20928058 0.00110640
15.50077504 0.02686626 0.00007731 0.00009446 0.00003197 0.00201567 0.47310380 0.00688010 0.29431122 0.00253855 0.00804615 0.00367943 0.20844437 0.00077698
15.60078004 0.02683972 0.00007174 0.00008493 0.00001466 0.00003425 0.47322163 0.00527539 0.29470492 0.00472268 0.00788461 0.00325222 0.20810391 0.00262905
15.70078504 0.02674728 0.00007386 0.00010921 0.00008728 0.00003850 0.47305332 0.00646575 0.29484762 0.00228417 0.00963381 0.00286147 0.20835604 0.00218897
15.80079004 0.02670127 0.00007067 0.00009997 0.00005716 0.00004904 0.47474138 0.00530240 0.29483124 0.00236634 0.00918965 0.00284017 0.20913776 0.00131422
15.90079504 0.02662431 0.00007562 0.00009011 0.00003308 0.00005085 0.47436397 0.00541278 0.29470879 0.00251273 0.00900198 0.00295060 0.20983516 0.00096434
16.00080004 0.02656107 0.00007127 0.00009157 0.00001425 0.00004153 0.47418950 0.00531082 0.29457990 0.00246779 0.00901460 0.00301454 0.21012444 0.00107979
16.10080504 0.02649343 0.00006185 0.00014024 0.00000567 0.00003361 0.47431059 0.00380916 0.29450125 0.00225993 0.00900152 0.00282430 0.21204640 0.00100548
16.20081004 0.02648581 0.00005162 0.00010922 0.00000783 0.00002994 0.47459775 0.00363743 0.29448707 0.00205064 0.00908654 0.00322800 0.21171943 0.00099454
16.30081504 0.02634015 0.00006571 0.00008895 0.00002750 0.00004451 0.47307039 0.00347683 0.29604634 0.00200443 0.00708375 0.00725667 0.20971057 0.00112435
16.40082004 0.02628614 0.00005386 0.00008011 0.00001245 0.00003372 0.47282272 0.00335144 0.29562625 0.00217210 0.00695610 0.00700036 0.21051482 0.00137607
16.50082504 0.02622072 0.00005186 0.00007939 0.00001051 0.00002906 0.47242260 0.00332625 0.29511001 0.00230387 0.00686459 0.00683468 0.21152341 0.00144378
16.60083004 0.02612851 0.00002959 0.00009977 0.00000916 0.00001709 0.47607816 0.00275302 0.29475277 0.00128130 0.00681265 0.00472417 0.21225666 0.00118567
16.70083504 0.02607684 0.00002935 0.00008688 0.00001021 0.00001956 0.47597160 0.00284385 0.29471424 0.00129195 0.00685439 0.00465788 0.21237289 0.00114719
16.80084004 0.02603065 0.00020138 0.00008614 0.00018702 0.00162240 0.47457221 0.00202214 0.29691002 0.00119327 0.00679554 0.00394578 0.21163608 0.00082801
16.90084504 0.02603679 0.00022608 0.00008068 0.00021195 0.00137909 0.47535280 0.00234587 0.29717007 0.00135296 0.00680872 0.00361708 0.21058772 0.00086696
17.00085004 0.02602781 0.00003454 0.00007844 0.00010643 0.00011098 0.47612812 0.00278675 0.29736918 0.00143661 0.00678879 0.00310397 0.20963547 0.00242072
17.10085504 0.02596484 0.00024297 0.00010661 0.00021269 0.00139642 0.47664632 0.00313354 0.29579855 0.00172958 0.00678402 0.00251007 0.21066450 0.00077472
17.20086004 0.02618323 0.00013970 0.00009844 0.00003099 0.00017062 0.47701732 0.00350634 0.29248366 0.00380241 0.00697191 0.00555595 0.20942866 0.00079399
17.30086504 0.02768012 0.00007211 0.00014639 0.00000615 0.00004503 0.47719853 0.00377038 0.29358089 0.00256368 0.00895053 0.00451869 0.20812367 0.00102396
17.40087004 0.02751000 0.00005922 0.00011805 0.00001193 0.00003017 0.47992926 0.00501010 0.29364077 0.00183295 0.00858897 0.00223676 0.20772295 0.00081887
17.50087504 0.02748654 0.00006428 0.00009148 0.00000766 0.00003446 0.48076715 0.00492783 0.29371701 0.00206999 0.00833911 0.00197872 0.20708524 0.00091706
17.60088004 0.02754173 0.00006510 0.00010615 0.00001177 0.00003266 0.48162756 0.00647736 0.29219748 0.00171218 0.01008469 0.00078276 0.20598412 0.00091817
17.70088504 0.02753967 0.00006271 0.00009319 0.00000759 0.00003330 0.48617532 0.00599302 0.29066823 0.00172979 0.00819057 0.00106452 0.20487268 0.00110907
17.80089004 0.02754529 0.00004499 0.00011445 0.00001521 0.00002401 0.48640774 0.00535004 0.29059688 0.00099416 0.01008827 0.00080131 0.20479266 0.00077028
17.90089504 0.02751161 0.00003834 0.00009403 0.00001158 0.00200566 0.48648923 0.00387397 0.29038637 0.00086032 0.00980900 0.00061576 0.20522137 0.00059437
18.00090005 0.02735237 0.00009661 0.00008913 0.00014168 0.00113196 0.48665167 0.00243855 0.29008421 0.00119263 0.00963750 0.00041398 0.20553749 0.00258459
18.10090505 0.02741170 0.00003666 0.00011451 0.00001970 0.00000732 0.48715136 0.00511855 0.28991925 0.00033066 0.00976452 0.00008929 0.20705036 0.00039783
18.20091005 0.02739805 0.00003362 0.00010815 0.00000635 0.00001093 0.48809381 0.00451864 0.29008366 0.00052877 0.01003819 0.00023570 0.20567619 0.00066599
18.30091505 0.02747311 0.00023626 0.00014943 0.00022877 0.00146465 0.49100556 0.00111206 0.29069420 0.00029684 0.00894414 0.00218546 0.20320667 0.00047596
18.40092005 0.02739574 0.00011368 0.00009932 0.00010331 0.00180460 0.49214828 0.00103673 0.29108410 0.00034277 0.00862008 0.00206828 0.20204821 0.00053064
18.50092505 0.02734166 0.00002655 0.00008631 0.00001895 0.00006207 0.49236489 0.00100657 0.29636256 0.00041523 0.00487464 0.00392401 0.20031160 0.00054662
18.60093005 0.02731506 0.00008330 0.00008190 0.00010359 0.00112370 0.49313625 0.00106594 0.29565861 0.00077111 0.00497207 0.00216853 0.20015116 0.00068383
18.70093505 0.02728670 0.00001143 0.00008940 0.00000449 0.00000950 0.49593107 0.00121003 0.29486793 0.00049323 0.00505663 0.00182142 0.20005498 0.00044989
18.80094005 0.02726033 0.00001332 0.00008258 0.00000374 0.00001140 0.49686401 0.00139647 0.29429421 0.00057715 0.00507004 0.00157208 0.19968916 0.00042583
18.90094505 0.02729343 0.00002293 0.00007462 0.00009782 0.00010889 0.49798542 0.00162178 0.29246936 0.00069815 0.00497423 0.00132121 0.19849638 0.00212922
19.00095005 0.02744291 0.00025094 0.00006687 0.00024795 0.00176275 0.49913550 0.00192580 0.28936264 0.00268587 0.00481728 0.00120000 0.19661772 0.00192669
19.10095505 0.02763942 0.00006190 0.00013422 0.00000333 0.00003150 0.50408669 0.00222480 0.28644225 0.00216177 0.00480099 0.00114077 0.19853585 0.00037594
19.20096005 0.02751861 0.00019022 0.00010558 0.00017301 0.00168065 0.50290473 0.00174182 0.28868216 0.00111085 0.00374486 0.00266573 0.19656267 0.00043773
19.30096505 0.02750992 0.00012183 0.00007799 0.00001728 0.00011648 0.50336702 0.00192809 0.28853922 0.00262100 0.00367841 0.00465917 0.19433736 0.00053615
19.40097005 0.02746555 0.00002964 0.00007790 0.00001638 0.00001425 0.50580528 0.00174282 0.28837769 0.00131953 0.00367122 0.00240094 0.19406791 0.00247644
19.50097505 0.02799926 0.00003346 0.00011823 0.00000538 0.00001651 0.50549482 0.00171344 0.28973986 0.00140458 0.00360595 0.00237084 0.19504114 0.00045580
19.60098005 0.02770910 0.00012409 0.00009018 0.00010717 0.00125705 0.50501174 0.00172333 0.28907386 0.00162162 0.00376562 0.00250980 0.19405860 0.00065694
19.70098505 0.02751881 0.00013227 0.00008036 0.00001689 0.00003584 0.50477033 0.00373198 0.28879820 0.00319469 0.00395253 0.00239409 0.19239858 0.00049426
19.80099005 0.02802550 0.00004345 0.00009865 0.00001403 0.00001597 0.50428144 0.00541158 0.28916034 0.00141111 0.00398294 0.00240013 0.19247664 0.00070374
19.90099505 0.02813575 0.00005412 0.00009093 0.00001924 0.00005621 0.50701267 0.00420466 0.28796277 0.00105490 0.00407503 0.00362381 0.19085860 0.00098705
20.00100005 0.02808400 0.00004787 0.00007979 0.00000417 0.00002570 0.50753380 0.00383159 0.28810565 0.00130004 0.00411969 0.00349861 0.19016107 0.00129202
20.10100505 0.02808836 0.00004437 0.00007917 0.00000740 0.00002539 0.50788541 0.00370270 0.28830502 0.00135630 0.00403538 0.00353614 0.18969502 0.00132769
20.20101005 0.02802667 0.00003983 0.00007117 0.00001062 0.00002744 0.50848476 0.00373443 0.28788357 0.00132206 0.00390032 0.00362588 0.18966018 0.00123973
20.30101505 0.02797190 0.00003628 0.00006977 0.00001110 0.00002781 0.50922836 0.00385173 0.28788395 0.00130003 0.00368511 0.00359759 0.18913280 0.00117546
20.40102005 0.02793929 0.00003639 0.00006523 0.00000981 0.00002874 0.51011966 0.00400521 0.28774687 0.00134171 0.00366708 0.00342379 0.18840116 0.00115435
20.50102505 0.02790152 0.00004054 0.00006327 0.00000844 0.00003096 0.51091945 0.00417395 0.28776151 0.00147344 0.00364635 0.00313495 0.18760942 0.00113773
20.60103005 0.02785596 0.00012926 0.00006094 0.00000687 0.00005824 0.51145166 0.00319339 0.28780043 0.00339675 0.00356900 0.00240944 0.18711796 0.00080606
20.70103505 0.02784183 0.00009534 0.00005890 0.00000623 0.00006081 0.51167542 0.00357878 0.28769843 0.00299908 0.00346299 0.00247116 0.18710426 0.00078859
20.80104005 0.02771321 0.00010888 0.00008713 0.00001126 0.00013672 0.51171645 0.00236716 0.28743643 0.00340758 0.00528522 0.00155771 0.18747477 0.00041070
20.90104505 0.02766569 0.00005617 0.00006660 0.00000337 0.00002281 0.51180916 0.00277367 0.28718712 0.00273538 0.00488449 0.00200101 0.18805263 0.00040759
21.00105005 0.02752222 0.00010551 0.00006075 0.00017273 0.00116123 0.51181875 0.00290991 0.28381309 0.00266692 0.00464930 0.00245782 0.18765810 0.00252587
21.10105505 0.02751024 0.00035332 0.00006066 0.00034418 0.00253789 0.51196837 0.00270022 0.28573074 0.00269570 0.00322504 0.00272832 0.18701519 0.00064037
21.20106005 0.02779362 0.00011587 0.00006229 0.00009211 0.00121275 0.51118717 0.00778646 0.28534036 0.00192441 0.00319924 0.00212096 0.18621095 0.00074744
21.30106505 0.02866314 0.00025095 0.00010420 0.00010400 0.00123345 0.50961015 0.00694409 0.28377571 0.00182571 0.00319086 0.00425396 0.18731908 0.00138784
21.40107005 0.02864813 0.00006972 0.00009743 0.00000627 0.00002717 0.50962924 0.00599001 0.28386659 0.00208203 0.00512319 0.00428235 0.18728355 0.00154246
21.50107505 0.02862130 0.00005399 0.00008664 0.00000729 0.00002640 0.51154182 0.00413261 0.28389358 0.00182163 0.00501118 0.00447904 0.18746679 0.00147903
21.60108005 0.02855176 0.00004754 0.00007908 0.00001100 0.00002830 0.51137358 0.00405363 0.28382510 0.00169182 0.00501813 0.00471116 0.18770412 0.00145655
21.70108505 0.02848259 0.00004141 0.00007421 0.00001265 0.00002860 0.51135615 0.00412416 0.28375347 0.00156954 0.00500554 0.00480840 0.18781063 0.00141524
21.80109005 0.02844865 0.00003827 0.00006322 0.00001206 0.00002943 0.51143035 0.00428066 0.28571727 0.00151592 0.00335422 0.00472081 0.18743494 0.00140285
21.90109505 0.02857604 0.00003971 0.00007020 0.00001096 0.00003163 0.51347078 0.00449832 0.28414211 0.00158164 0.00335404 0.00445001 0.18696287 0.00138773
22.00110006 0.02862919 0.00004629 0.00007243 0.00001020 0.00003592 0.51518425 0.00476981 0.28253866 0.00177976 0.00345828 0.00401831 0.18674638 0.00133971
22.10110506 0.02876516 0.00024999 0.00008429 0.00021587 0.00152414 0.51684697 0.00338141 0.28243304 0.00156201 0.00341884 0.00224197 0.18721685 0.00082461
22.20111006 0.02891337 0.00006558 0.00006944 0.00002070 0.00008243 0.51605145 0.00353642 0.28223093 0.00178443 0.00341143 0.00369756 0.18823675 0.00081287
22.30111506 0.02881970 0.00014603 0.00007150 0.00014884 0.00118015 0.51518204 0.00296452 0.28387909 0.00134680 0.00339825 0.00140605 0.18946913 0.00080762
22.40112006 0.02875241 0.00001435 0.00009578 0.00000422 0.00001432 0.51653771 0.00219411 0.28351425 0.00029523 0.00512542 0.00087694 0.19072684 0.00060084
22.50112506 0.02869218 0.00001652 0.00007109 0.00000427 0.00001589 0.51602704 0.00232061 0.28334950 0.00037640 0.00477756 0.00069122 0.19177482 0.00057510
22.60113006 0.02863767 0.00001823 0.00006555 0.00000416 0.00001690 0.51552900 0.00244490 0.28335309 0.00043551 0.00464379 0.00052180 0.19240857 0.00055851
22.70113506 0.02856430 0.00007508 0.00005770 0.00007682 0.00117294 0.51486343 0.00253708 0.28336679 0.00077956 0.00313164 0.00057400 0.19258043 0.00078452
22.80114006 0.02853023 0.00002710 0.00006679 0.00009890 0.00011345 0.51605148 0.00261053 0.28186946 0.00048290 0.00304617 0.00036703 0.19296610 0.00230008
22.90114506 0.02852288 0.00012159 0.00006191 0.00002243 0.00014520 0.51509781 0.00331158 0.28188324 0.00181920 0.00306797 0.00026583 0.19388907 0.00031417
23.00115006 0.02963094 0.00003414 0.00011466 0.00000607 0.00001083 0.51445193 0.00341744 0.28016258 0.00133902 0.00504557 0.00073998 0.19422525 0.00045251
23.10115506 0.02991592 0.00029909 0.00013108 0.00030839 0.00262522 0.51354870 0.00053796 0.27700589 0.00096555 0.00488176 0.00096755 0.19843257 0.00029624
23.20116006 0.02997874 0.00007805 0.00014910 0.00000424 0.00006271 0.51321659 0.00048850 0.27759878 0.00248059 0.00516804 0.00086840 0.19986750 0.00001752
23.30116506 0.02992571 0.00001095 0.00016655 0.00000077 0.00000290 0.51516268 0.00034999 0.27629509 0.00067805 0.00579259 0.00093949 0.20058310 0.00001785
23.40117006 0.02991520 0.00001314 0.00012923 0.00000089 0.00000348 0.51520576 0.00021054 0.27677221 0.00070092 0.00631523 0.00103792 0.19957757 0.00003310
23.50117506 0.02988618 0.00001213 0.00010450 0.00000096 0.00000309 0.51508851 0.00009317 0.27724360 0.00066400 0.00640226 0.00116754 0.19916114 0.00005910
23.60118006 0.02983427 0.00000910 0.00008379 0.00000109 0.00000210 0.51470718 0.00002282 0.27749876 0.00058501 0.00612520 0.00129375 0.19958507 0.00008613
23.70118506 0.02977328 0.00000631 0.00007158 0.00000126 0.00000141 0.51414136 0.00001390 0.27749207 0.00050973 0.00579662 0.00136330 0.20049837 0.00010410
23.80119006 0.03108164 0.00001369 0.00006823 0.00000845 0.00000168 0.51213763 0.00195913 0.27727796 0.00051612 0.00561034 0.00134970 0.20090585 0.00015124
23.90119506 0.03287338 0.00003329 0.00009863 0.00001676 0.00004650 0.50856013 0.00176638 0.27701725 0.00073189 0.00745813 0.00304344 0.20086585 0.00036174
24.00120006 0.03284606 0.00002831 0.00007620 0.00000176 0.00001528 0.50827670 0.00166287 0.27702944 0.00103754 0.00702952 0.00268079 0.20158813 0.00057346
24.10120506 0.03280307 0.00003007 0.00010023 0.00000358 0.00001479 0.50720937 0.00169147 0.27638902 0.00119516 0.00639307 0.00247021 0.20390832 0.00059471
24.20121006 0.03271240 0.00009162 0.00010626 0.00008618 0.00114953 0.50635157 0.00179457 0.27620950 0.00158723 0.00499691 0.00252951 0.20433577 0.00076137
24.30121506 0.03261358 0.00010549 0.00009781 0.00001294 0.00012732 0.50730478 0.00193610 0.27444947 0.00308232 0.00525955 0.00222003 0.20488839 0.00051580
24.40122006 0.03254617 0.00005223 0.00009466 0.00002067 0.00007838 0.50635875 0.00203942 0.27428026 0.00140241 0.00548870 0.00386996 0.20577764 0.00053693
24.50122506 0.03249094 0.00003795 0.00008394 0.00010182 0.00010089 0.50547743 0.00223839 0.27421686 0.00146346 0.00551166 0.00191218 0.20671011 0.00214532
24.60123006 0.03241175 0.00030139 0.00010119 0.00031069 0.00284689 0.50490803 0.00091383 0.27431764 0.00023598 0.00540116 0.00086556 0.20927198 0.00052568
24.70123506 0.03234200 0.00001122 0.00008008 0.00001105 0.00000478 0.50656842 0.00288899 0.27647902 0.00006439 0.00520947 0.00068694 0.20766302 0.00033262
24.80124006 0.03226673 0.00001402 0.00007215 0.00000510 0.00000687 0.50617547 0.00268136 0.27846274 0.00022639 0.00368528 0.00061020 0.20760437 0.00045606
24.90124506 0.03254616 0.00008981 0.00007053 0.00000032 0.00000992 0.50577470 0.00142505 0.27837185 0.00217122 0.00379528 0.00002672 0.20798764 0.00027695
25.00125006 0.03259506 0.00009189 0.00007661 0.00000823 0.00013081 0.50721587 0.00003779 0.27818490 0.00168215 0.00380959 0.00004150 0.20871303 0.00000764
25.10125506 0.03253483 0.00001969 0.00007159 0.00000072 0.00000164 0.50656895 0.00034974 0.27791681 0.00109247 0.00375415 0.00050804 0.20968850 0.00002768
25.20126006 0.03249772 0.00000442 0.00006612 0.00000033 0.00000563 0.50610904 0.00052876 0.27763028 0.00067988 0.00363334 0.00075142 0.21056123 0.00002955
25.30126506 0.03276196 0.00002957 0.00006027 0.00008619 0.00014459 0.50577016 0.00050387 0.27423050 0.00065565 0.00349395 0.00272591 0.21044512 0.00185423
25.40127006 0.03274057 0.00002111 0.00005665 0.00004776 0.00002252 0.50580253 0.00066581 0.27417100 0.00093139 0.00338415 0.00286126 0.21058567 0.00145014
25.50127506 0.03270590 0.00002369 0.00005509 0.00004127 0.00001886 0.50580975 0.00108950 0.27418058 0.00108254 0.00329691 0.00310369 0.21065768 0.00064046
25.60128006 0.03265161 0.00002182 0.00005495 0.00002690 0.00001822 0.50560026 0.00145128 0.27414234 0.00111050 0.00321945 0.00312161 0.21098300 0.00024966
25.70128506 0.03260427 0.00001800 0.00005574 0.00001064 0.00001101 0.50514797 0.00155497 0.27398294 0.00107949 0.00315061 0.00295561 0.21166274 0.00037029
