0.00000000 5.00000000 0.00000000 0.00000000 0.00000000 0.00000000 0.00000000 0.00000000 0.00000000 1.00000000 0.00000000 0.00000000 0.00000000 0.00000000
0.10000500 5.00197146 0.01647841 0.00111942 0.00364187 0.06805470 0.09698552 0.14436754 0.01430006 0.50538807 0.06061476 0.05398774 0.01898025 0.01608166
0.20001000 5.00125060 0.00671749 0.00116969 0.00320087 0.04989552 0.16140575 0.20238278 0.03794366 0.27568560 0.08361241 0.11042992 0.03386849 0.03368782
0.30001500 4.99940326 0.00415227 0.00084326 0.00218959 0.03368416 0.17040822 0.22254984 0.05946396 0.19593406 0.08611828 0.14480802 0.04516627 0.03468206
0.40002000 4.99915362 0.00336472 0.00095609 0.00138688 0.02035196 0.17544423 0.21395414 0.07017918 0.15267709 0.10798714 0.16503788 0.05743335 0.03122733
0.50002500 4.99728958 0.00312670 0.00088181 0.00152048 0.01779377 0.19242117 0.18921352 0.07878571 0.12679803 0.10465063 0.17278015 0.06926068 0.04276736
0.60003000 4.99529614 0.00358782 0.00084302 0.00219630 0.03148969 0.20251697 0.17545191 0.09294656 0.10177200 0.10080046 0.16892436 0.07489300 0.04457792
0.70003500 4.99131417 0.00333220 0.00087311 0.00177362 0.01939205 0.21328318 0.17505787 0.09342828 0.09350099 0.09981785 0.17863843 0.07859757 0.04230483
0.80004000 4.99062108 0.00306940 0.00081683 0.00191228 0.02298580 0.22729173 0.17772903 0.09594462 0.08010251 0.09768765 0.16602318 0.07825918 0.04817781
0.90004500 4.98836697 0.00233323 0.00080582 0.00147980 0.01229066 0.25195380 0.17362263 0.10724916 0.07186715 0.08628497 0.15973301 0.08370624 0.04867353
1.00005000 4.98383688 0.00209594 0.00078594 0.00124051 0.01109523 0.26098094 0.17384236 0.11059656 0.07073625 0.08930181 0.14257115 0.08433475 0.05241855
1.10005500 4.98321461 0.00176856 0.00071302 0.00085607 0.00615305 0.26645349 0.17803588 0.12261945 0.06563682 0.08787693 0.14137669 0.08633710 0.04217292
1.20006000 4.98086041 0.00222812 0.00065612 0.00143012 0.01925405 0.26800972 0.18705839 0.12425339 0.05661548 0.08142443 0.13208521 0.08565633 0.04132863
1.30006500 4.97976888 0.00243189 0.00059120 0.00146857 0.02372991 0.28859349 0.18653879 0.13263092 0.05259040 0.07275380 0.11614788 0.08543058 0.03709256
1.40007000 4.97600057 0.00256864 0.00061184 0.00142207 0.01865628 0.29044050 0.18317022 0.14277008 0.05705419 0.07358185 0.09864092 0.09059573 0.04048768
1.50007500 4.97250234 0.00252049 0.00066365 0.00141648 0.02105919 0.29934300 0.17935088 0.14619840 0.05208006 0.07341401 0.09365105 0.09638095 0.03392185
1.60008000 4.97035727 0.00219653 0.00065518 0.00123980 0.01730200 0.30891710 0.17115153 0.14902984 0.05551655 0.07410244 0.08028031 0.09729544 0.04231327
1.70008500 4.96819050 0.00220562 0.00075230 0.00130718 0.01612228 0.31488748 0.15881759 0.14844372 0.05194051 0.08084042 0.08336060 0.10107607 0.04024622
1.80009000 4.96697801 0.00179579 0.00067119 0.00090237 0.00839514 0.32891316 0.15503315 0.16057403 0.05049266 0.07707930 0.07625178 0.10476232 0.03512912
1.90009500 4.96428079 0.00175054 0.00060151 0.00085306 0.01396913 0.33453616 0.14672772 0.16623970 0.04811069 0.07349383 0.07900372 0.10312881 0.03158515
2.00010001 4.96058052 0.00188145 0.00058809 0.00099109 0.01030552 0.34272427 0.14333206 0.17314617 0.04361672 0.07191517 0.07309387 0.10562630 0.03277929
2.10010501 4.95789515 0.00164422 0.00062057 0.00085491 0.01001865 0.35072282 0.13642447 0.17522356 0.04106466 0.07016798 0.07437152 0.10926508 0.02962157
2.20011001 4.95387139 0.00179115 0.00059161 0.00123790 0.01409278 0.35627401 0.13566820 0.17963620 0.03524588 0.06232322 0.07158141 0.10917496 0.03238267
2.30011501 4.94603176 0.00143465 0.00066705 0.00099022 0.01601434 0.35736244 0.12153487 0.18893038 0.03097802 0.06264731 0.06880224 0.11839282 0.03224565
2.40012001 4.94251253 0.00156987 0.00062612 0.00103733 0.01165930 0.37247206 0.11809696 0.19860368 0.02958310 0.06262531 0.05854818 0.11767282 0.02750525
2.50012501 4.94100694 0.00137004 0.00068957 0.00056199 0.00871687 0.37856927 0.10610362 0.20437632 0.03495112 0.06360936 0.05413708 0.12675548 0.02015928
2.60013001 4.93993988 0.00118938 0.00063334 0.00051850 0.00742504 0.38891523 0.09788923 0.21014078 0.03072990 0.06825948 0.05028307 0.12605117 0.01796488
2.70013501 4.93846468 0.00127486 0.00059766 0.00075609 0.01037130 0.39200037 0.09686504 0.21166410 0.02705222 0.06375224 0.04773361 0.12798563 0.01994688
2.80014001 4.93530817 0.00123885 0.00055001 0.00090727 0.01395646 0.39522864 0.09374770 0.21561986 0.02287598 0.05926703 0.04331681 0.13133446 0.02195693
2.90014501 4.93425667 0.00085217 0.00057462 0.00040101 0.00422589 0.39668296 0.09290475 0.22357273 0.02366729 0.06175882 0.04251083 0.13141087 0.02143806
3.00015001 4.93121222 0.00098723 0.00060772 0.00047623 0.00589032 0.40577799 0.08154012 0.22640759 0.02559558 0.05457255 0.04006014 0.13663414 0.02145037
3.10015501 4.93008031 0.00122898 0.00054862 0.00081509 0.00981244 0.41228129 0.07909237 0.22862968 0.02395304 0.04966308 0.03546471 0.14087733 0.01763336
3.20016001 4.92761568 0.00082547 0.00049639 0.00043885 0.00339434 0.41613412 0.07685573 0.24005657 0.02217963 0.04742130 0.03732458 0.13789161 0.01698140
3.30016501 4.92458780 0.00130104 0.00044747 0.00096301 0.01247276 0.41536726 0.07351686 0.23775077 0.02092244 0.04421248 0.03521063 0.14022201 0.01761326
3.40017001 4.92019921 0.00080155 0.00055078 0.00059039 0.00446388 0.41265383 0.07370664 0.23880254 0.02019890 0.04091998 0.03299975 0.15107288 0.02323890
3.50017501 4.91819992 0.00057914 0.00051533 0.00037403 0.00193389 0.42405062 0.07219765 0.23922412 0.01805811 0.03938851 0.03084700 0.15082141 0.02201018
3.60018001 4.91559691 0.00082305 0.00048598 0.00055100 0.00727695 0.42419290 0.06442574 0.24439313 0.02050727 0.03981513 0.03113254 0.14911286 0.01728345
3.70018501 4.91196286 0.00091580 0.00045350 0.00054516 0.00899065 0.42717671 0.05817601 0.25070917 0.02236646 0.03927480 0.02947430 0.14838580 0.01353163
3.80019001 4.90694758 0.00048881 0.00050695 0.00022270 0.00366223 0.42850982 0.06219373 0.24898198 0.01575623 0.04442267 0.03223019 0.15157857 0.01144613
3.90019501 4.89978220 0.00085120 0.00044868 0.00050499 0.00702182 0.42318509 0.05820038 0.25504015 0.01790551 0.04202055 0.03412458 0.14930552 0.01139153
4.00020001 4.89898530 0.00073877 0.00043912 0.00043731 0.00491728 0.42319432 0.05718802 0.26186414 0.01871085 0.03608188 0.03077003 0.15242054 0.01323773
4.10020501 4.89539264 0.00090181 0.00043412 0.00063730 0.01036646 0.43084271 0.05194059 0.26269781 0.01688361 0.03610537 0.02768484 0.14992000 0.01158539
4.20021001 4.89334384 0.00053278 0.00049704 0.00023671 0.00371732 0.43183305 0.05056194 0.26596633 0.01584436 0.04014850 0.02520838 0.15355508 0.01189851
4.30021501 4.88885531 0.00058592 0.00049922 0.00032670 0.00370377 0.42489454 0.05578668 0.26874947 0.01459856 0.04044529 0.02589853 0.15341149 0.01109986
4.40022001 4.88451647 0.00070470 0.00042567 0.00046451 0.00747594 0.42604235 0.05523992 0.27024836 0.01265761 0.03597160 0.02424666 0.15531201 0.01121065
4.50022501 4.88400058 0.00062298 0.00039952 0.00042475 0.00374132 0.42642272 0.05205329 0.27191917 0.01561416 0.03334228 0.02124681 0.15991631 0.01429669
4.60023001 4.87661206 0.00053703 0.00039569 0.00024761 0.00193203 0.42041699 0.04943001 0.27281467 0.01790034 0.03623193 0.02502523 0.16214072 0.01292773
4.70023501 4.86977969 0.00066896 0.00043025 0.00035450 0.00576607 0.42480962 0.04665739 0.27171609 0.01579044 0.03562859 0.02648611 0.15941544 0.01227654
4.80024001 4.86807026 0.00066075 0.00043819 0.00033703 0.00367299 0.42719106 0.03910385 0.27773120 0.01972835 0.03685312 0.01938907 0.16378644 0.01110796
4.90024501 4.86672900 0.00081093 0.00042229 0.00062007 0.00887590 0.42403980 0.03659076 0.27680705 0.01786425 0.03471226 0.02075002 0.17001860 0.00848807
5.00025001 4.86435997 0.00047253 0.00049050 0.00037635 0.00395215 0.42475396 0.04105388 0.27630838 0.01190970 0.03540925 0.01889371 0.17503792 0.01134169
5.10025501 4.86167594 0.00038164 0.00045977 0.00028648 0.00366656 0.42920066 0.03964704 0.27029379 0.00889443 0.03531498 0.02695103 0.17673080 0.00817283
5.20026001 4.86015985 0.00035814 0.00043924 0.00026551 0.00197611 0.42789131 0.04285485 0.27004455 0.00761652 0.03368937 0.02463651 0.17993553 0.01029236
5.30026501 4.85442148 0.00042543 0.00048623 0.00036489 0.00361556 0.42473390 0.03773331 0.27631857 0.00731818 0.03810972 0.02314119 0.17635158 0.01140143
5.40027001 4.85212003 0.00060954 0.00044285 0.00042786 0.00675538 0.42866220 0.03361673 0.27529377 0.01165906 0.03739700 0.02097363 0.17420417 0.00995780
5.50027501 4.84910603 0.00053708 0.00042694 0.00045880 0.00708069 0.42676697 0.03756226 0.27543327 0.00876378 0.03683190 0.02200564 0.17454091 0.00959175
5.60028001 4.84389714 0.00066304 0.00044208 0.00059513 0.00843011 0.42415155 0.03188428 0.27724064 0.01213314 0.03166477 0.02267649 0.17650097 0.01361782
5.70028501 4.83943094 0.00067130 0.00038438 0.00043771 0.00760931 0.42783806 0.03902440 0.27187906 0.01390740 0.02806715 0.02462011 0.17583135 0.00972977
5.80029001 4.83568558 0.00037376 0.00042168 0.00012631 0.00040479 0.42475538 0.04161766 0.27337905 0.01302309 0.03006490 0.02748288 0.17737900 0.01097151
5.90029501 4.83118619 0.00047135 0.00038197 0.00039887 0.00294306 0.42361766 0.04324769 0.27542218 0.01164979 0.02667524 0.02548947 0.17590295 0.01379976
6.00030002 4.82635296 0.00059798 0.00036414 0.00053653 0.00511312 0.42112045 0.04177782 0.27793807 0.01120280 0.02624021 0.02840614 0.17433712 0.01236561
6.10030502 4.81949906 0.00045934 0.00039474 0.00040694 0.00312494 0.41995280 0.04478067 0.27897796 0.01043028 0.02356602 0.03002415 0.17510848 0.01277368
6.20031002 4.81601661 0.00051618 0.00043691 0.00029240 0.00349761 0.42216194 0.03944026 0.28221668 0.01158572 0.02775821 0.02571765 0.17542625 0.01095018
6.30031502 4.81098176 0.00065658 0.00040693 0.00043360 0.00482794 0.41889565 0.03652379 0.28285624 0.01373153 0.02868376 0.02655846 0.17715742 0.00926811
6.40032002 4.80955699 0.00055905 0.00042339 0.00026300 0.00527408 0.41970169 0.03232313 0.28572314 0.01344367 0.03021034 0.02156921 0.18194145 0.00856785
6.50032502 4.80236408 0.00080163 0.00039483 0.00052395 0.00854927 0.41712568 0.03369899 0.28482399 0.01293495 0.02789260 0.02417466 0.18176291 0.00731655
6.60033002 4.79554826 0.00045532 0.00040901 0.00034335 0.00523158 0.41855920 0.03674490 0.28352180 0.01141050 0.02635698 0.02596103 0.18115301 0.00985331
6.70033502 4.79491249 0.00043069 0.00039434 0.00011350 0.00035621 0.42029630 0.03731124 0.28321331 0.01573414 0.02841104 0.02505108 0.18168501 0.00700316
6.80034002 4.78753200 0.00069601 0.00038799 0.00050254 0.00638801 0.41566530 0.03691487 0.28074459 0.01456894 0.02929145 0.02618775 0.17991068 0.00874189
6.90034502 4.78238903 0.00063070 0.00041107 0.00042823 0.00721260 0.41783814 0.03925741 0.27617941 0.01349927 0.03062447 0.02741646 0.17894692 0.00755533
7.00035002 4.77575466 0.00090199 0.00043433 0.00067772 0.01182708 0.41394774 0.03467038 0.27753237 0.01294167 0.03385431 0.02536633 0.18023125 0.00761483
7.10035502 4.76817547 0.00102980 0.00047185 0.00084890 0.01075065 0.41140010 0.02922216 0.27495747 0.01739425 0.03445414 0.02517889 0.18271643 0.01157534
7.20036002 4.76344664 0.00041226 0.00051791 0.00010994 0.00096417 0.42599991 0.03362269 0.27511993 0.01509191 0.03448955 0.02332565 0.18387270 0.00647339
7.30036502 4.76182882 0.00084228 0.00042051 0.00058017 0.00851844 0.42607286 0.03368909 0.26673818 0.01535764 0.03308111 0.02394165 0.18168734 0.00907073
7.40037002 4.75863034 0.00038438 0.00044546 0.00023266 0.00355628 0.43269806 0.03327543 0.26899336 0.01135717 0.03325765 0.02765290 0.18060548 0.00754117
7.50037502 4.75337185 0.00048298 0.00043202 0.00032555 0.00347629 0.43276788 0.02934300 0.27392106 0.01343950 0.03233990 0.02616461 0.17853914 0.00876806
7.60038002 4.75025066 0.00052081 0.00043367 0.00026267 0.00336865 0.43083880 0.02827641 0.27414731 0.01458149 0.03187947 0.02515331 0.18070075 0.00983665
7.70038502 4.74522895 0.00025995 0.00048169 0.00012713 0.00412796 0.43261293 0.02811682 0.28143780 0.00816032 0.03417914 0.02636682 0.17728844 0.00684101
7.80039002 4.74388862 0.00056319 0.00041541 0.00037030 0.00628197 0.43447025 0.02654560 0.27890956 0.00995514 0.03371044 0.02647955 0.17649435 0.00580425
7.90039502 4.74215570 0.00042285 0.00040524 0.00023842 0.00207755 0.43870164 0.02929301 0.27477987 0.01074697 0.03119248 0.02613872 0.17892076 0.00708247
8.00040002 4.74125633 0.00048875 0.00041865 0.00020129 0.00365356 0.44575357 0.02367288 0.27324684 0.01263595 0.03458172 0.01860832 0.17999921 0.00673925
8.10040502 4.73869527 0.00031551 0.00039443 0.00017675 0.00034551 0.44674121 0.02830065 0.27035191 0.01109076 0.03589879 0.01959625 0.17861365 0.00817456
8.20041002 4.73575821 0.00023295 0.00038131 0.00009893 0.00024119 0.44855814 0.02744801 0.27403113 0.00862352 0.03155524 0.02324035 0.17947418 0.00611506
8.30041502 4.73390426 0.00039872 0.00035822 0.00033344 0.00372662 0.44732849 0.02500517 0.27219879 0.00846566 0.02986768 0.02652033 0.17824682 0.00755006
8.40042002 4.73055406 0.00041640 0.00045054 0.00032236 0.00320878 0.44782491 0.02228384 0.27231789 0.00765724 0.03004020 0.02346266 0.18536646 0.00664872
8.50042502 4.72823912 0.00038247 0.00041605 0.00029017 0.00349824 0.44770829 0.02138844 0.27429669 0.01086757 0.02726865 0.02084693 0.18631032 0.00672618
8.60043002 4.72298619 0.00033371 0.00040773 0.00009461 0.00219910 0.45029948 0.02255059 0.27410455 0.01153649 0.02730713 0.02331025 0.18388110 0.00397525
8.70043502 4.72268169 0.00036226 0.00036648 0.00022870 0.00385560 0.45541805 0.02423879 0.27336933 0.00971493 0.02282358 0.02149547 0.18202256 0.00610424
8.80044002 4.71632940 0.00057493 0.00036409 0.00039828 0.00530621 0.45441412 0.02604545 0.27107029 0.01077922 0.02267579 0.02266446 0.17947572 0.00623144
8.90044502 4.71407140 0.00050571 0.00040464 0.00034529 0.00478554 0.45604656 0.02551444 0.27178451 0.01092290 0.02491758 0.01870287 0.17884670 0.00722324
9.00045002 4.70733175 0.00038518 0.00043596 0.00021072 0.00237718 0.45424169 0.02846848 0.27218176 0.00896534 0.02827391 0.01887742 0.17886668 0.00671568
9.10045502 4.70349182 0.00044601 0.00039968 0.00031595 0.00374954 0.45346943 0.03105220 0.27096940 0.00867275 0.02937121 0.01699079 0.17779029 0.00677276
9.20046002 4.70171047 0.00063849 0.00039804 0.00047460 0.00842456 0.45343572 0.02839359 0.27177716 0.01084489 0.02884705 0.01458788 0.17754203 0.00463599
9.30046502 4.69569229 0.00048761 0.00049576 0.00028208 0.00384908 0.44916596 0.02891163 0.27562487 0.01062968 0.03643684 0.01158572 0.17627657 0.00625420
9.40047002 4.69197868 0.00077240 0.00039998 0.00062556 0.00789790 0.44949252 0.03076985 0.27215750 0.00981257 0.03424476 0.01181691 0.17570523 0.00630481
9.50047502 4.68653961 0.00063284 0.00041126 0.00049349 0.01014224 0.44977548 0.02681272 0.27508183 0.00881530 0.03532666 0.01378751 0.17340477 0.00531589
9.60048002 4.68080774 0.00066094 0.00042004 0.00051587 0.00683864 0.45046137 0.02688297 0.27553897 0.00852347 0.03301772 0.01386425 0.17456189 0.00871386
9.70048502 4.67632675 0.00029407 0.00038307 0.00029974 0.00229011 0.45161052 0.03112451 0.27712079 0.00708183 0.02948825 0.02013069 0.17139737 0.00877905
9.80049002 4.67564734 0.00037415 0.00044435 0.00033556 0.00359904 0.45351293 0.02721902 0.27688195 0.00486222 0.03524903 0.01786655 0.17191175 0.00774347
9.90049502 4.67381299 0.00042541 0.00043591 0.00028647 0.00329124 0.45422039 0.02331515 0.27645140 0.00918471 0.03484046 0.01501417 0.17405184 0.00848286
10.00050003 4.66906539 0.00033206 0.00041434 0.00021512 0.00334681 0.45682970 0.02359051 0.27579640 0.01002833 0.03473061 0.01342220 0.17622895 0.00506497
10.10050503 4.66076681 0.00041108 0.00046668 0.00038363 0.00508863 0.44808942 0.02613800 0.27776822 0.00541932 0.03934524 0.01414143 0.17633045 0.00641790
10.20051003 4.65724070 0.00031637 0.00051624 0.00022277 0.00537919 0.44725539 0.02897148 0.27082440 0.00542908 0.03748133 0.01537986 0.18392264 0.00430126
10.30051503 4.65279090 0.00017057 0.00048459 0.00013430 0.00013877 0.45399729 0.02648201 0.27034299 0.00539431 0.03892766 0.01344575 0.18224747 0.00823428
10.40052003 4.65084762 0.00056907 0.00045856 0.00036264 0.00879686 0.45344789 0.02046415 0.27663313 0.00913267 0.03259528 0.01478770 0.17886515 0.00388691
10.50052503 4.64947917 0.00040144 0.00049600 0.00024758 0.00289628 0.45511408 0.02227536 0.27993598 0.00716140 0.03648591 0.01468743 0.17596802 0.00433051
10.60053003 4.64703593 0.00024883 0.00043084 0.00003889 0.00018445 0.45797622 0.02219662 0.28015881 0.01114205 0.03614739 0.01408220 0.17328673 0.00410695
10.70053503 4.64694223 0.00036861 0.00040896 0.00012614 0.00175288 0.46505666 0.02465054 0.27484375 0.01058128 0.03276284 0.01249059 0.17292778 0.00402995
10.80054003 4.64185445 0.00048684 0.00040467 0.00031783 0.00948665 0.46555336 0.02306269 0.27087630 0.00901566 0.03036663 0.01151221 0.17479904 0.00411812
10.90054503 4.63822484 0.00041653 0.00041190 0.00029038 0.00380745 0.46188069 0.02469609 0.27325832 0.00852967 0.03058899 0.01422889 0.17586009 0.00603099
11.00055003 4.63381338 0.00029449 0.00038364 0.00008407 0.00027893 0.46241053 0.02672617 0.27485794 0.01125972 0.02922014 0.01569135 0.17312774 0.00566525
11.10055503 4.62622451 0.00061231 0.00035970 0.00041764 0.00835512 0.45553360 0.02513121 0.27915814 0.01116404 0.02742674 0.01516052 0.17152182 0.00515917
11.20056003 4.62394046 0.00034115 0.00035197 0.00022836 0.00590463 0.46088621 0.02217281 0.27866550 0.00811041 0.02566002 0.01878839 0.17043630 0.00845424
11.30056503 4.62073833 0.00029631 0.00039165 0.00020813 0.00202901 0.45494931 0.02646730 0.28215244 0.00850856 0.02945384 0.01679988 0.17105276 0.00769082
11.40057003 4.61719512 0.00030875 0.00039167 0.00020293 0.00178743 0.45572782 0.02685653 0.28181288 0.00845628 0.02892224 0.01562479 0.17314539 0.00676330
11.50057503 4.61629184 0.00025951 0.00041005 0.00008264 0.00018649 0.45919389 0.02616225 0.28150696 0.00915917 0.02753146 0.01464869 0.17535764 0.00550125
11.60058003 4.60906125 0.00036518 0.00042766 0.00023346 0.00293628 0.45394199 0.02443641 0.28464975 0.00839854 0.03216775 0.01702202 0.17081286 0.00460810
11.70058503 4.60788483 0.00031629 0.00039315 0.00019682 0.00187105 0.45402047 0.02665205 0.28515093 0.00765022 0.03357230 0.01297970 0.17086315 0.00633387
11.80059003 4.60673970 0.00040120 0.00039567 0.00025975 0.00332489 0.45808804 0.02639111 0.28585668 0.00613908 0.03081715 0.01127625 0.17284245 0.00420772
11.90059503 4.60359688 0.00015250 0.00039259 0.00005345 0.00007848 0.46083601 0.03121438 0.28420798 0.00428818 0.03053182 0.00975573 0.17403160 0.00445727
12.00060003 4.60245172 0.00016029 0.00037231 0.00009258 0.00016794 0.46555537 0.02790745 0.28486212 0.00455195 0.02764397 0.01085564 0.17156624 0.00626414
12.10060503 4.59904672 0.00025894 0.00038604 0.00018488 0.00341974 0.46587233 0.02683215 0.28499916 0.00462509 0.02237715 0.01007330 0.17436532 0.00660590
12.20061003 4.59700495 0.00041208 0.00036396 0.00033860 0.00508334 0.46471079 0.02603945 0.28567055 0.00392720 0.02098774 0.01052114 0.17626696 0.00567819
12.30061503 4.59217441 0.00027774 0.00034386 0.00021594 0.00593030 0.47031129 0.02360147 0.28447860 0.00472881 0.01995209 0.00912727 0.17491416 0.00611846
12.40062003 4.58974463 0.00018850 0.00038061 0.00005894 0.00014065 0.47241240 0.02681625 0.28329158 0.00469788 0.02307678 0.01036490 0.17483863 0.00373288
12.50062503 4.58857506 0.00015530 0.00032893 0.00005232 0.00007944 0.47270069 0.02824891 0.28375559 0.00438379 0.02281698 0.01093565 0.17239780 0.00414459
12.60063003 4.58356686 0.00032402 0.00032640 0.00022339 0.00331113 0.46873919 0.02865021 0.28987761 0.00423915 0.02077624 0.00895774 0.17028055 0.00429435
12.70063503 4.57802507 0.00029343 0.00035369 0.00020419 0.00322470 0.47095442 0.02472125 0.29135974 0.00416375 0.02041938 0.00889490 0.17091278 0.00449777
12.80064003 4.57468634 0.00026552 0.00035823 0.00013480 0.00188669 0.46698530 0.02484025 0.28902410 0.00572177 0.02048513 0.01080690 0.17514725 0.00434407
12.90064503 4.57271695 0.00025060 0.00034387 0.00010916 0.00194373 0.46461491 0.02232647 0.28866797 0.00551520 0.02226667 0.01107150 0.17810658 0.00478333
13.00065003 4.56891709 0.00022894 0.00035618 0.00005079 0.00021597 0.46321526 0.02140819 0.28693370 0.00765265 0.02224623 0.01386414 0.17924862 0.00457932
13.10065503 4.56634961 0.00016889 0.00035746 0.00011696 0.00145707 0.46909659 0.02087440 0.28572721 0.00371735 0.02219979 0.01479114 0.17661894 0.00487418
13.20066003 4.56305188 0.00010317 0.00039208 0.00004018 0.00007357 0.46560401 0.02109457 0.29295559 0.00339943 0.02145129 0.01281646 0.17759703 0.00447263
13.30066503 4.56008699 0.00024406 0.00036683 0.00012449 0.00390159 0.46446815 0.02142001 0.29639170 0.00500561 0.01904117 0.00917875 0.17573215 0.00412549
13.40067003 4.55340225 0.00035312 0.00037741 0.00028233 0.00333171 0.46336142 0.01955671 0.29289949 0.00515393 0.02340626 0.01006452 0.17595543 0.00525768
13.50067503 4.54677366 0.00033253 0.00034533 0.00035559 0.00544674 0.46023521 0.02306095 0.29439290 0.00352531 0.02397657 0.00631739 0.17505000 0.00696149
13.60068003 4.54651680 0.00035549 0.00035083 0.00030349 0.00549140 0.45861845 0.01998927 0.29644836 0.00333170 0.02440185 0.00591772 0.18018051 0.00461094
13.70068503 4.54187566 0.00024824 0.00033546 0.00024041 0.00378743 0.45672417 0.02082986 0.29793998 0.00369940 0.02273425 0.00939046 0.17826614 0.00580422
13.80069003 4.53871785 0.00038096 0.00032856 0.00035163 0.00489606 0.45792278 0.01951571 0.30334202 0.00385835 0.01930211 0.00821899 0.17710454 0.00477830
13.90069503 4.53578894 0.00048184 0.00034085 0.00030629 0.00682967 0.46079315 0.01354840 0.30320897 0.00752124 0.01782367 0.00677808 0.17783337 0.00453448
14.00070004 4.53465913 0.00052368 0.00034041 0.00031117 0.00479951 0.46165947 0.02013137 0.29758385 0.00657647 0.01654169 0.00695752 0.18187459 0.00270027
14.10070504 4.52730824 0.00041948 0.00037667 0.00029256 0.00669955 0.46354842 0.02446711 0.29113029 0.00731040 0.01565637 0.00591987 0.18128826 0.00289104
14.20071004 4.52522214 0.00052466 0.00036862 0.00029427 0.00457344 0.46137708 0.02142019 0.29297501 0.01108770 0.01989300 0.00644156 0.17738630 0.00365818
14.30071504 4.52005266 0.00024406 0.00040459 0.00008389 0.00201624 0.46195433 0.01935016 0.29139773 0.00882196 0.02131366 0.01027400 0.18092970 0.00320969
14.40072004 4.51391361 0.00041298 0.00033252 0.00031487 0.00457141 0.46175546 0.02314955 0.28841142 0.00727121 0.01847553 0.01081194 0.18102506 0.00346803
14.50072504 4.51015960 0.00029763 0.00030324 0.00037670 0.00377561 0.45997960 0.02449603 0.28867809 0.00488227 0.01691827 0.01267701 0.18012080 0.00749475
14.60073004 4.50634937 0.00036459 0.00031048 0.00028279 0.00356916 0.46672927 0.02069554 0.28689052 0.00642813 0.01672673 0.01304328 0.17734300 0.00761652
14.70073504 4.50280749 0.00030465 0.00035306 0.00016871 0.00357457 0.46539507 0.02239546 0.28744046 0.00733020 0.02088287 0.01113199 0.17592854 0.00509441
14.80074004 4.49737787 0.00034706 0.00032100 0.00028207 0.00591872 0.46271751 0.02236803 0.28476020 0.00853261 0.01829666 0.01191495 0.17590464 0.00863656
14.90074504 4.49395923 0.00053746 0.00032387 0.00044402 0.00692182 0.46016734 0.02317222 0.28397520 0.00788874 0.01789363 0.01475736 0.17763996 0.00627838
15.00075004 4.49244961 0.00043093 0.00031591 0.00025115 0.00264471 0.46436701 0.02529228 0.28283413 0.00628617 0.01629717 0.01328902 0.18018578 0.00780575
15.10075504 4.48978786 0.00032829 0.00036807 0.00033739 0.00363962 0.46174763 0.02595687 0.28285429 0.00361246 0.02026962 0.01028342 0.18276040 0.00784195
15.20076004 4.48674930 0.00027985 0.00034616 0.00025378 0.00324137 0.46535612 0.02260900 0.28460690 0.00321082 0.02339110 0.00942890 0.18029972 0.00697626
15.30076504 4.48156093 0.00043898 0.00031528 0.00043590 0.00515087 0.46231501 0.02184878 0.28467762 0.00510326 0.02094736 0.01103791 0.17974473 0.00798429
15.40077004 4.47918274 0.00040021 0.00031528 0.00044946 0.00536133 0.46004953 0.02584097 0.28372196 0.00366866 0.01961278 0.01064804 0.18030045 0.00963133
15.50077504 4.47244502 0.00051943 0.00039297 0.00047653 0.00607811 0.46034661 0.02504052 0.27928722 0.00656463 0.02354465 0.01180603 0.17842855 0.00751475
15.60078004 4.47152993 0.00024229 0.00034886 0.00009778 0.00105412 0.46559456 0.02672055 0.27942593 0.00633375 0.01961927 0.01180606 0.18301138 0.00574545
15.70078504 4.46852148 0.00014865 0.00036677 0.00012257 0.00016471 0.46414371 0.02836698 0.28269681 0.00361200 0.02006987 0.01094515 0.18272283 0.00663994
15.80079004 4.46625519 0.00015173 0.00033125 0.00008440 0.00011358 0.46413107 0.02898124 0.28287730 0.00399219 0.01919703 0.01043811 0.18346335 0.00623874
15.90079504 4.46393666 0.00036117 0.00033016 0.00026388 0.00334244 0.45991309 0.02871904 0.28190817 0.00569416 0.01909771 0.00897952 0.18475087 0.00663980
16.00080004 4.45844366 0.00068160 0.00035366 0.00054303 0.00673375 0.46043146 0.02955528 0.27769759 0.00752360 0.01923388 0.01038750 0.18028341 0.00657524
16.10080504 4.45201695 0.00048782 0.00039254 0.00039582 0.00336923 0.45517048 0.02931219 0.28422407 0.00890518 0.01789606 0.00804096 0.18231685 0.00948880
16.20081004 4.44633905 0.00067763 0.00034865 0.00056090 0.00709040 0.45105843 0.02987360 0.28227669 0.00950304 0.02186026 0.00994501 0.17845596 0.00834944
16.30081504 4.44539122 0.00038539 0.00036274 0.00030882 0.00345481 0.45481065 0.03145118 0.28444814 0.00792430 0.02012790 0.00694869 0.18225058 0.00752682
16.40082004 4.44274407 0.00062276 0.00037117 0.00053927 0.00837548 0.45119538 0.02976437 0.28592020 0.00489579 0.02130746 0.01112706 0.18120579 0.00467526
16.50082504 4.43708868 0.00050328 0.00037836 0.00024609 0.00323899 0.44484904 0.03208929 0.28123844 0.00737487 0.02677716 0.01787726 0.18075701 0.00467021
16.60083004 4.43533153 0.00021968 0.00034900 0.00008698 0.00017636 0.44822813 0.03077491 0.28181279 0.00687538 0.02618754 0.01650903 0.18142255 0.00735766
16.70083504 4.42912050 0.00037235 0.00036223 0.00040535 0.00637579 0.45126210 0.02404248 0.28371836 0.00669823 0.02402552 0.01158647 0.18063179 0.01051933
16.80084004 4.42661880 0.00027551 0.00038040 0.00023252 0.00183902 0.45765896 0.02549206 0.27961621 0.00597160 0.02753721 0.01168715 0.18080721 0.00850214
16.90084504 4.42209745 0.00030724 0.00041512 0.00022503 0.00304375 0.45718165 0.02605936 0.28204721 0.00598887 0.02808841 0.01098814 0.18026762 0.00538761
17.00085004 4.41908557 0.00014231 0.00039261 0.00004828 0.00009092 0.45915349 0.02574862 0.28613327 0.00490360 0.02820568 0.01001406 0.18011496 0.00505221
17.10085504 4.41503875 0.00023776 0.00037341 0.00014228 0.00174011 0.45489938 0.02550688 0.28671359 0.00484842 0.02807992 0.01225182 0.17993371 0.00527272
17.20086004 4.41116319 0.00013450 0.00037134 0.00004811 0.00008605 0.45295545 0.02567803 0.29535791 0.00444846 0.02604208 0.01133946 0.17927322 0.00426538
17.30086504 4.40803044 0.00018226 0.00036828 0.00013757 0.00023690 0.45090734 0.02160463 0.29512093 0.00583000 0.02779271 0.01013574 0.17981074 0.00787290
17.40087004 4.40369229 0.00025118 0.00037550 0.00030134 0.00376091 0.44764438 0.01951865 0.29300133 0.00469363 0.02809885 0.01255935 0.18087994 0.00891494
17.50087504 4.40055553 0.00028569 0.00034645 0.00033471 0.00325354 0.45562047 0.01923439 0.29005189 0.00679816 0.02281511 0.01262236 0.17916608 0.00947116
17.60088004 4.39473988 0.00030929 0.00040252 0.00032792 0.00349001 0.45171630 0.02133472 0.29522151 0.00416700 0.02629142 0.01008570 0.17836825 0.00828536
17.70088504 4.39396803 0.00038413 0.00033929 0.00039137 0.00562802 0.45133521 0.02357133 0.29651170 0.00433357 0.01913167 0.00974174 0.18068213 0.00794984
17.80089004 4.39040032 0.00029259 0.00033417 0.00020565 0.00175878 0.44958948 0.02733958 0.29563072 0.00620676 0.02130874 0.01008323 0.18113689 0.00611341
17.90089504 4.38199643 0.00039482 0.00037168 0.00026792 0.00324948 0.44402038 0.03206539 0.29533264 0.00605495 0.01802022 0.01068455 0.18425509 0.00528287
18.00090005 4.37655923 0.00027387 0.00037991 0.00015836 0.00177012 0.44400627 0.03050323 0.29719176 0.00589752 0.01957383 0.01032377 0.18484823 0.00507314
18.10090505 4.37361273 0.00015690 0.00039701 0.00005076 0.00208420 0.44659607 0.02796786 0.29563695 0.00517630 0.02196157 0.00948719 0.18540841 0.00507679
18.20091005 4.36930613 0.00056131 0.00033355 0.00040665 0.00657461 0.44274720 0.02501629 0.29098858 0.01007220 0.02177836 0.01288662 0.18215231 0.00648232
18.30091505 4.36712675 0.00040173 0.00035613 0.00025543 0.00335031 0.44846142 0.02557611 0.29126947 0.00883386 0.01931192 0.01337604 0.18260106 0.00620651
18.40092005 4.36421628 0.00038001 0.00031302 0.00024703 0.00361365 0.44579381 0.02650690 0.29159746 0.00769297 0.01660604 0.02178163 0.17968967 0.00577781
18.50092505 4.36278722 0.00022330 0.00032600 0.00008643 0.00019776 0.44755002 0.02127709 0.29753003 0.00886578 0.01693529 0.02046995 0.17965866 0.00687968
18.60093005 4.35568227 0.00034851 0.00036379 0.00020531 0.00302502 0.44314143 0.02367941 0.29595910 0.00910445 0.01712796 0.02047150 0.18140773 0.00516578
18.70093505 4.35283453 0.00027333 0.00034985 0.00014092 0.00161458 0.44171889 0.02930579 0.29426907 0.00806528 0.02077820 0.01773765 0.18088399 0.00486245
18.80094005 4.34881055 0.00024715 0.00035203 0.00015856 0.00155540 0.44016624 0.02709132 0.29473081 0.00817595 0.02163718 0.01760786 0.18111374 0.00716377
18.90094505 4.34668243 0.00030578 0.00035050 0.00016893 0.00156422 0.44332541 0.02832087 0.29418400 0.00916411 0.01755187 0.01609537 0.18258822 0.00638073
19.00095005 4.34631559 0.00045850 0.00033403 0.00032842 0.00382351 0.45071089 0.02171077 0.29439051 0.01077615 0.01772317 0.01155748 0.18084141 0.00734517
19.10095505 4.34139572 0.00055068 0.00033470 0.00041227 0.00630819 0.44976560 0.02090812 0.29342401 0.01047193 0.01720792 0.01443022 0.17926777 0.00691860
19.20096005 4.33714295 0.00034622 0.00038339 0.00017009 0.00192072 0.45621560 0.02053472 0.29744078 0.00942729 0.02120590 0.01048740 0.17675432 0.00511356
19.30096505 4.33531127 0.00022346 0.00037786 0.00012469 0.00157171 0.45943945 0.02043244 0.29883889 0.00705876 0.01937073 0.00863531 0.17997306 0.00395363
19.40097005 4.33117934 0.00016609 0.00036302 0.00010547 0.00014460 0.46157825 0.02008245 0.29544093 0.00731282 0.02092559 0.00964514 0.17969220 0.00454343
19.50097505 4.32842684 0.00021848 0.00035624 0.00017165 0.00186211 0.46071054 0.02007592 0.29430410 0.00520888 0.01905643 0.01020870 0.18357269 0.00425425
19.60098005 4.32527066 0.00010467 0.00033660 0.00010348 0.00013148 0.46322829 0.01882838 0.29667374 0.00375925 0.01733668 0.01119125 0.18242469 0.00588149
19.70098505 4.32287831 0.00028741 0.00030627 0.00027945 0.00323250 0.46311282 0.01823870 0.29892638 0.00391643 0.01497980 0.01061761 0.18067473 0.00542791
19.80099005 4.31983583 0.00037968 0.00032155 0.00021185 0.00331654 0.45790144 0.01543642 0.29951126 0.00692570 0.01877411 0.01182350 0.18149165 0.00390631
19.90099505 4.31473111 0.00017783 0.00037414 0.00003023 0.00014775 0.45859878 0.01637792 0.30029814 0.00754998 0.02228757 0.01019306 0.18044137 0.00352322
20.00100005 4.31330028 0.00022655 0.00032302 0.00004070 0.00020026 0.46022402 0.01591173 0.29997132 0.00909772 0.01938426 0.01155145 0.18009738 0.00297160
20.10100505 4.30372064 0.00050115 0.00038207 0.00038032 0.00839624 0.45640946 0.01811786 0.29152094 0.00883892 0.02001233 0.01031044 0.18167520 0.00345508
20.20101005 4.29964357 0.00028145 0.00037216 0.00004656 0.00025486 0.45951552 0.02039164 0.29074053 0.01018417 0.01998220 0.01166978 0.18338958 0.00317154
20.30101505 4.29567278 0.00050776 0.00033078 0.00030812 0.00499297 0.46355996 0.02456502 0.28959746 0.00973378 0.01546437 0.00865731 0.17904743 0.00323505
20.40102005 4.29373429 0.00047461 0.00035264 0.00030125 0.00477868 0.46232899 0.02606842 0.29061839 0.00539794 0.01571822 0.00926066 0.18098177 0.00371843
20.50102505 4.28490881 0.00054934 0.00035965 0.00050956 0.01050620 0.45328588 0.02744693 0.29288296 0.00505763 0.01786544 0.00631559 0.17960606 0.00561474
20.60103005 4.28207600 0.00057053 0.00037122 0.00034446 0.00298334 0.44973574 0.02513349 0.29693382 0.00885013 0.01749075 0.00643902 0.18346847 0.00767904
20.70103505 4.27931941 0.00051262 0.00034633 0.00031910 0.00356160 0.44883351 0.02566638 0.29601293 0.00890650 0.01948483 0.01088080 0.17932240 0.00615300
20.80104005 4.27395948 0.00045468 0.00034280 0.00027573 0.00363030 0.45000153 0.02500060 0.29542101 0.00922537 0.01750351 0.01562646 0.17673115 0.00578685
20.90104505 4.27123303 0.00016159 0.00031140 0.00011801 0.00015082 0.45072027 0.02885166 0.29785702 0.00573434 0.01740424 0.01558338 0.17570706 0.00740019
21.00105005 4.27030744 0.00013541 0.00031693 0.00008895 0.00009271 0.45082274 0.02570459 0.30037027 0.00557043 0.01916589 0.01540867 0.17532416 0.00699925
21.10105505 4.26717045 0.00040131 0.00029055 0.00037125 0.00483347 0.45511813 0.02497804 0.29779200 0.00523769 0.01709049 0.01314452 0.17370883 0.00703372
21.20106005 4.26546458 0.00030292 0.00027009 0.00022418 0.00377342 0.45600705 0.02412417 0.29984070 0.00642792 0.01710385 0.01290011 0.17277832 0.00624729
21.30106505 4.26123251 0.00049272 0.00030785 0.00045907 0.00862688 0.45301315 0.02441121 0.30020030 0.00482973 0.01690293 0.00927291 0.17557577 0.00590749
21.40107005 4.25594009 0.00076094 0.00031713 0.00071709 0.01278536 0.45377593 0.02437613 0.30034247 0.00452409 0.01654869 0.00752869 0.17301579 0.00530770
21.50107505 4.25288647 0.00059990 0.00032194 0.00050477 0.00501906 0.45357222 0.02217669 0.29843760 0.00943954 0.01655531 0.01060909 0.17311292 0.00965094
21.60108005 4.24957951 0.00039079 0.00036182 0.00033816 0.00497793 0.45277660 0.02472109 0.29989604 0.00351018 0.01837888 0.01178539 0.17658666 0.00627647
21.70108505 4.24670959 0.00028797 0.00036288 0.00017177 0.00188465 0.45109225 0.02372689 0.30160264 0.00478852 0.02217512 0.01114679 0.17676711 0.00599340
21.80109005 4.24190091 0.00035823 0.00032454 0.00028469 0.00335327 0.45354900 0.02093029 0.29820549 0.00657114 0.02125988 0.01460102 0.17466109 0.00590135
21.90109505 4.23673312 0.00039477 0.00036385 0.00038011 0.00662494 0.45215920 0.02039373 0.29435748 0.00656978 0.02281152 0.01388642 0.17630796 0.00575026
22.00110006 4.23289713 0.00033715 0.00036442 0.00022115 0.00329705 0.45220223 0.02071505 0.29417005 0.00814550 0.01961172 0.01725330 0.17965158 0.00403080
22.10110506 4.22802318 0.00026419 0.00036735 0.00011327 0.00227684 0.45232999 0.02097137 0.29067852 0.00885616 0.02324625 0.01945200 0.17537789 0.00606617
22.20111006 4.22604219 0.00027859 0.00039532 0.00015220 0.00154304 0.45578230 0.01567149 0.29108333 0.00927627 0.02717486 0.01766064 0.17556418 0.00541777
22.30111506 4.22414390 0.00022621 0.00034282 0.00015028 0.00300439 0.45424613 0.01499067 0.29291485 0.00917519 0.02457239 0.01756949 0.17592381 0.00688378
22.40112006 4.21923187 0.00026641 0.00033595 0.00027241 0.00197086 0.45642348 0.01357921 0.29788805 0.00794945 0.02322898 0.01877891 0.17212353 0.00718274
22.50112506 4.21684879 0.00041248 0.00034731 0.00034972 0.00501088 0.45284335 0.01299891 0.29919773 0.00724975 0.02283538 0.01923540 0.17477622 0.00474287
22.60113006 4.21429911 0.00031210 0.00032815 0.00022882 0.00161819 0.45485573 0.01836955 0.29610220 0.01040165 0.02129197 0.01483816 0.17542196 0.00623153
22.70113506 4.20908832 0.00020061 0.00036710 0.00008378 0.00010778 0.45355278 0.02516148 0.29482300 0.00830688 0.02311766 0.01421180 0.17613945 0.00392767
22.80114006 4.20635618 0.00025848 0.00034463 0.00008593 0.00022100 0.45568931 0.02130338 0.29308437 0.01016608 0.02500860 0.01530390 0.17387310 0.00466124
22.90114506 4.20164043 0.00044466 0.00039963 0.00028576 0.00488955 0.45747914 0.01937993 0.29225490 0.00931301 0.02727432 0.01069328 0.17459201 0.00299381
23.00115006 4.19887346 0.00031167 0.00037410 0.00017602 0.00335562 0.45917591 0.01898452 0.29419195 0.00820603 0.02574285 0.00989865 0.17651519 0.00306749
23.10115506 4.19602141 0.00037945 0.00040978 0.00025302 0.00316273 0.45788808 0.02053146 0.29247624 0.00681074 0.02943792 0.00964591 0.17578798 0.00321669
23.20116006 4.19155087 0.00027379 0.00034580 0.00018909 0.00192160 0.45716681 0.02103931 0.29430344 0.00599116 0.02514883 0.01164831 0.17703512 0.00493673
23.30116506 4.18995016 0.00027098 0.00032364 0.00015125 0.00175572 0.46041676 0.01922032 0.29309569 0.00601000 0.02490006 0.01177595 0.17726385 0.00481578
23.40117006 4.18663627 0.00028039 0.00037282 0.00015492 0.00359729 0.45508341 0.01782169 0.29517861 0.00531705 0.02669899 0.01121620 0.18066617 0.00361247
23.50117506 4.18072690 0.00039058 0.00035002 0.00030891 0.00485211 0.45148298 0.01691930 0.29639255 0.00444473 0.02486285 0.01741008 0.17891160 0.00367429
23.60118006 4.17653040 0.00038407 0.00037865 0.00033535 0.00487926 0.44949931 0.01994882 0.29514295 0.00341581 0.02678266 0.01536210 0.18019643 0.00367459
23.70118506 4.17146896 0.00044228 0.00039200 0.00038670 0.00686124 0.44631156 0.02181867 0.29634009 0.00340581 0.02826990 0.01506322 0.17668645 0.00402209
23.80119006 4.17071424 0.00030650 0.00036038 0.00013211 0.00200067 0.44627867 0.02245239 0.29637960 0.00722861 0.03004217 0.01628602 0.17493919 0.00359371
23.90119506 4.16622525 0.00024810 0.00032582 0.00004949 0.00214398 0.44703396 0.02216185 0.29682200 0.00877602 0.02916206 0.01457183 0.17465616 0.00404874
24.00120006 4.16167555 0.00019893 0.00037668 0.00003727 0.00012274 0.44512298 0.02247862 0.29859169 0.00841217 0.02910869 0.01438766 0.17679996 0.00436262
24.10120506 4.15930095 0.00018593 0.00036511 0.00007427 0.00205478 0.44641144 0.02101259 0.30097750 0.00626865 0.02802928 0.01596485 0.17421668 0.00443892
24.20121006 4.15474740 0.00032558 0.00035057 0.00017637 0.00157137 0.44513087 0.02125848 0.30267481 0.00659822 0.02443585 0.01736239 0.17540789 0.00470759
24.30121506 4.15238366 0.00022703 0.00033083 0.00004457 0.00019642 0.44278475 0.02231025 0.30203988 0.00852505 0.02447136 0.01815239 0.17637319 0.00454429
24.40122006 4.14841617 0.00047957 0.00034560 0.00024760 0.00325531 0.44113299 0.01780669 0.30344386 0.01108984 0.02630024 0.01549172 0.17677730 0.00362927
24.50122506 4.14513518 0.00034554 0.00041067 0.00017257 0.00344691 0.44005341 0.02077598 0.29936445 0.00897773 0.02640267 0.01682907 0.17976880 0.00345220
24.60123006 4.14389698 0.00038444 0.00036382 0.00020282 0.00346515 0.44279476 0.01747343 0.30222510 0.00923834 0.02436264 0.01597107 0.18025368 0.00326474
24.70123506 4.14219255 0.00037327 0.00033716 0.00024765 0.00407029 0.44038272 0.02147965 0.29858853 0.01072866 0.02246650 0.01397971 0.18022508 0.00712076
24.80124006 4.14055079 0.00040543 0.00036772 0.00015888 0.00183387 0.43953038 0.02084894 0.30093609 0.01346842 0.02435731 0.01233165 0.18080851 0.00495281
24.90124506 4.13358444 0.00033634 0.00041680 0.00025636 0.00316252 0.43564292 0.01803794 0.30492466 0.00825990 0.02982906 0.01385930 0.17918655 0.00608764
25.00125006 4.12585928 0.00035737 0.00044324 0.00015092 0.00203753 0.43418223 0.02015265 0.30320867 0.01040096 0.03529447 0.01357937 0.17687138 0.00332120
25.10125506 4.12416250 0.00041216 0.00038684 0.00027824 0.00317639 0.43604739 0.01929761 0.30328828 0.00699545 0.03507098 0.01065001 0.17720652 0.00719014
25.20126006 4.12336362 0.00034374 0.00038964 0.00026166 0.00304101 0.44274462 0.01833516 0.30606540 0.00609979 0.03106850 0.00875512 0.17773185 0.00516351
25.30126506 4.12058362 0.00023559 0.00038367 0.00021227 0.00340403 0.44303265 0.01869027 0.30406411 0.00488138 0.03298123 0.00819149 0.17753835 0.00638497
25.40127006 4.11094007 0.00023647 0.00038184 0.00021985 0.00184609 0.44089783 0.01847478 0.30693554 0.00388112 0.03056423 0.01380166 0.17722056 0.00554004
25.50127506 4.10887077 0.00024479 0.00035170 0.00017044 0.00172165 0.44834582 0.01896719 0.30774051 0.00552111 0.02691572 0.01119730 0.17464624 0.00417752
25.60128006 4.10684594 0.00025904 0.00034445 0.00007609 0.00030042 0.44556180 0.01833358 0.30628347 0.00893782 0.02530129 0.01450448 0.17650900 0.00358857
25.70128506 4.10459017 0.00035517 0.00041158 0.00025906 0.00519516 0.44630429 0.01700592 0.30260962 0.00639586 0.02761665 0.01161053 0.17905786 0.00317830
