0.00000000 10.00000000 0.00000000 0.00000000 0.00000000 0.00000000 0.00000000 0.00000000 0.00000000 1.00000000 0.00000000 0.00000000 0.00000000 0.00000000
0.10000500 10.00365001 0.02848249 0.00176282 0.01025609 0.09759320 0.08700923 0.14226975 0.02462513 0.39896423 0.07416440 0.08300763 0.01043842 0.04142661
0.20001000 10.00011127 0.00895550 0.00143809 0.00535986 0.05493488 0.12135615 0.21981494 0.04453819 0.22303293 0.07724057 0.16520802 0.03942700 0.03869386
0.30001500 9.99491947 0.00605495 0.00117625 0.00363115 0.02488432 0.12896761 0.23366395 0.06181354 0.17170658 0.08117467 0.19862975 0.04886793 0.03942930
0.40002000 9.99173455 0.00460038 0.00127735 0.00248397 0.01748575 0.14209873 0.21271910 0.06608014 0.15068507 0.09388361 0.20976516 0.05866018 0.04026056
0.50002500 9.98803066 0.00440532 0.00117980 0.00194266 0.01404011 0.15834441 0.18819774 0.07467258 0.14628748 0.09174690 0.21084218 0.06205631 0.04628450
0.60003000 9.97891821 0.00480033 0.00126192 0.00224598 0.01392587 0.16376554 0.17356943 0.07987699 0.13468341 0.09785327 0.21720324 0.06724228 0.04357175
0.70003500 9.96873438 0.00410772 0.00115841 0.00185362 0.01114051 0.18370465 0.15548020 0.09112698 0.12183594 0.09790945 0.21632058 0.06610052 0.04926143
0.80004000 9.96366179 0.00409692 0.00116788 0.00253672 0.01190410 0.19791776 0.13727753 0.10254044 0.10263221 0.09398182 0.22044200 0.06839210 0.05711052
0.90004500 9.95493982 0.00290226 0.00103562 0.00190422 0.00914124 0.20377079 0.13976463 0.11434633 0.08735875 0.09363224 0.22027471 0.07321501 0.05265418
1.00005000 9.94721218 0.00343917 0.00108811 0.00229749 0.01518228 0.20535517 0.13910566 0.12308827 0.08271046 0.09037806 0.21496538 0.07409039 0.04829955
1.10005500 9.94139822 0.00365597 0.00104929 0.00252935 0.01528919 0.21043785 0.14283548 0.12538507 0.08707806 0.09639602 0.18849844 0.07273176 0.05411351
1.20006000 9.93031713 0.00316434 0.00107311 0.00182507 0.01173229 0.21258095 0.16111053 0.13194765 0.08639690 0.09772329 0.17129516 0.07267500 0.04847573
1.30006500 9.92098466 0.00368235 0.00115866 0.00209069 0.01360174 0.22027075 0.16545528 0.13053190 0.08809679 0.09704047 0.15093348 0.08099821 0.04613968
1.40007000 9.91253092 0.00418603 0.00123655 0.00220041 0.01513523 0.22367420 0.16749545 0.13261463 0.09652715 0.10189032 0.12855668 0.08458430 0.04189906
1.50007500 9.90571307 0.00402077 0.00113538 0.00200547 0.01298177 0.23388872 0.17081790 0.13977954 0.09781128 0.10125030 0.11040657 0.08394605 0.04195625
1.60008000 9.89868261 0.00285861 0.00136592 0.00090861 0.00324083 0.25539171 0.17555243 0.14178517 0.08434351 0.11553129 0.09569225 0.08592591 0.03740376
1.70008500 9.88959000 0.00356680 0.00131745 0.00166146 0.01158509 0.26289141 0.16158763 0.14615372 0.08206161 0.12055662 0.08227032 0.08908079 0.03726709
1.80009000 9.87383584 0.00303607 0.00139744 0.00149703 0.01216548 0.27063601 0.14880481 0.15470876 0.07197193 0.12849991 0.07791433 0.09275789 0.03661035
1.90009500 9.86151122 0.00309236 0.00148192 0.00199947 0.02109348 0.27275779 0.13560974 0.16299846 0.06184842 0.11676032 0.08658250 0.09600152 0.03977403
2.00010001 9.85343955 0.00314821 0.00140944 0.00168257 0.01442179 0.27697741 0.13293177 0.17279564 0.06366965 0.11493514 0.09160578 0.09188236 0.03454022
2.10010501 9.84791762 0.00260181 0.00135215 0.00143957 0.00867283 0.27682388 0.13341753 0.18372085 0.05729249 0.11595034 0.08793894 0.09015277 0.04063683
2.20011001 9.83422964 0.00259996 0.00138619 0.00148755 0.00930301 0.28272795 0.13368552 0.18830456 0.04925027 0.10929790 0.09041977 0.09628341 0.03525391
2.30011501 9.82385496 0.00227887 0.00128385 0.00125663 0.01133957 0.28496550 0.12288990 0.19642416 0.04504565 0.10747050 0.09153081 0.09785598 0.03765859
2.40012001 9.81873391 0.00268739 0.00139590 0.00213465 0.01549189 0.28967622 0.11370076 0.19369498 0.03921111 0.11492971 0.08961569 0.10030318 0.03715850
2.50012501 9.81398009 0.00171753 0.00140955 0.00124875 0.00946901 0.30237183 0.10926183 0.19521491 0.03730822 0.10952804 0.08608835 0.10947567 0.03690631
2.60013001 9.80207767 0.00227762 0.00133044 0.00210769 0.01350454 0.30958795 0.10674873 0.19421940 0.03522097 0.10734035 0.08139158 0.10952185 0.03674886
2.70013501 9.79365236 0.00228219 0.00130128 0.00174157 0.01534855 0.30784832 0.09881193 0.20747997 0.03741761 0.10426479 0.07932066 0.11110563 0.03307750
2.80014001 9.78488820 0.00244507 0.00126293 0.00154307 0.01616557 0.31545761 0.10115485 0.20801082 0.04161487 0.10022497 0.07440365 0.10904366 0.02867293
2.90014501 9.77126368 0.00217424 0.00124459 0.00131870 0.01517856 0.31754782 0.10500191 0.21613021 0.04188320 0.09973203 0.06794261 0.10734535 0.02450079
3.00015001 9.75918548 0.00182271 0.00133862 0.00064789 0.00725912 0.32233030 0.10792243 0.21756911 0.04211643 0.10427020 0.06141529 0.11049177 0.02281612
3.10015501 9.74533963 0.00241864 0.00121113 0.00151405 0.01219042 0.32586261 0.10260852 0.21539826 0.04243275 0.10161758 0.05993803 0.10791042 0.02689760
3.20016001 9.73500954 0.00240488 0.00119334 0.00147710 0.01229219 0.33010751 0.10193257 0.22088992 0.03734026 0.10121414 0.05919726 0.10659510 0.02535574
3.30016501 9.73044514 0.00220138 0.00124981 0.00132969 0.00964910 0.32959515 0.09803691 0.22351624 0.03593314 0.10015827 0.05309416 0.12148054 0.02375562
3.40017001 9.72149713 0.00186057 0.00125175 0.00111290 0.00704724 0.32775653 0.09339047 0.23911152 0.03516209 0.09773681 0.05011673 0.12014339 0.02531000
3.50017501 9.71491485 0.00178356 0.00127976 0.00116670 0.00707973 0.33112322 0.08781176 0.24609283 0.03331291 0.09618178 0.05141915 0.11732241 0.02542618
3.60018001 9.70541445 0.00177106 0.00132073 0.00121890 0.00682544 0.33040814 0.08851428 0.25569464 0.03097314 0.09580338 0.04847833 0.11277311 0.02621884
3.70018501 9.69625626 0.00182226 0.00130508 0.00120646 0.00823837 0.33593693 0.08149439 0.25317904 0.03204051 0.09854723 0.04711887 0.11303172 0.02607915
3.80019001 9.68413884 0.00192149 0.00123021 0.00129295 0.01457266 0.33748660 0.08100645 0.24964082 0.02885250 0.09542576 0.04933689 0.11421661 0.02501706
3.90019501 9.67813652 0.00207365 0.00127507 0.00162009 0.01489215 0.34173485 0.07652346 0.25560298 0.02659861 0.09540884 0.04896169 0.11197827 0.02333036
4.00020001 9.66710051 0.00249190 0.00120541 0.00181574 0.01322195 0.34261020 0.07523831 0.25924693 0.02925041 0.08475720 0.05373100 0.11618028 0.02025069
4.10020501 9.65579486 0.00224488 0.00114053 0.00163795 0.01544919 0.34551322 0.07133625 0.26163825 0.02971540 0.07909587 0.05476855 0.11861213 0.01884777
4.20021001 9.64800238 0.00155031 0.00129254 0.00085063 0.00458518 0.35118904 0.06627809 0.26245146 0.03071717 0.08127871 0.04924293 0.12778825 0.02277569
4.30021501 9.63519524 0.00164485 0.00133355 0.00084581 0.00726733 0.34562675 0.06751985 0.26274119 0.03048908 0.08645439 0.05296125 0.12584412 0.01727183
4.40022001 9.62836628 0.00178464 0.00130292 0.00119827 0.01183881 0.35125733 0.06864925 0.25940063 0.02618604 0.08866922 0.04888475 0.12336990 0.01745824
4.50022501 9.61791492 0.00163932 0.00117435 0.00102077 0.00795996 0.36125286 0.07396367 0.25595257 0.02802805 0.08009693 0.04999940 0.12152329 0.01738883
4.60023001 9.60296994 0.00129815 0.00116315 0.00072367 0.00580784 0.35631709 0.07876376 0.25733067 0.02719251 0.08013962 0.04694033 0.12704947 0.01727373
4.70023501 9.59359062 0.00145127 0.00117101 0.00068249 0.00396322 0.35329424 0.07470306 0.26095008 0.03104742 0.07991957 0.04539860 0.12866509 0.01875393
4.80024001 9.57913117 0.00155499 0.00119756 0.00105602 0.00968071 0.35191181 0.06921858 0.26737123 0.02729742 0.07952746 0.04434950 0.12799194 0.01884277
4.90024501 9.56495402 0.00138673 0.00116430 0.00077043 0.00807549 0.35609504 0.06931053 0.27022438 0.02694939 0.07641316 0.04566256 0.12610312 0.01784487
5.00025001 9.55405743 0.00160764 0.00121980 0.00100924 0.00645458 0.36196493 0.06441766 0.26723058 0.02724245 0.08071175 0.04273668 0.12687294 0.01853176
5.10025501 9.54497766 0.00133592 0.00129907 0.00082071 0.00537172 0.35328105 0.06703796 0.26882079 0.02426597 0.07832857 0.04886383 0.13027052 0.02030389
5.20026001 9.53506682 0.00158829 0.00117095 0.00109127 0.00876016 0.35587868 0.06203551 0.27580707 0.02481835 0.07745936 0.04360358 0.12968394 0.01810284
5.30026501 9.52963612 0.00160577 0.00122947 0.00088067 0.00702398 0.36292860 0.05908355 0.27243129 0.02520607 0.07790003 0.04266347 0.13351061 0.01553649
5.40027001 9.52355243 0.00107801 0.00127851 0.00058322 0.00432753 0.36893986 0.05576694 0.27525750 0.02381942 0.08054273 0.04047973 0.13398140 0.01394515
5.50027501 9.50277896 0.00175291 0.00121004 0.00136181 0.01048426 0.36319990 0.04922540 0.27435921 0.02146051 0.08170100 0.04273439 0.13552985 0.01698071
5.60028001 9.49103230 0.00159716 0.00130410 0.00097052 0.00697009 0.36597849 0.04686068 0.27509061 0.02530131 0.07992367 0.04491854 0.13970312 0.01138171
5.70028501 9.47290936 0.00188342 0.00118876 0.00149199 0.01522285 0.36473224 0.04882542 0.26787552 0.02298358 0.07853835 0.04611504 0.13766513 0.01347769
5.80029001 9.46317336 0.00189019 0.00118450 0.00131392 0.01248805 0.35963474 0.05310469 0.27107363 0.02398464 0.07685516 0.04298452 0.13925197 0.01623398
5.90029501 9.45807044 0.00152289 0.00144050 0.00116273 0.00835410 0.36153031 0.04441362 0.27160185 0.02599516 0.08943039 0.03939987 0.13799694 0.01715163
6.00030002 9.44741515 0.00128607 0.00143363 0.00093424 0.00680132 0.35309446 0.04565237 0.27686685 0.02872102 0.08695472 0.03878205 0.14165034 0.01782293
6.10030502 9.44422447 0.00127372 0.00134162 0.00093479 0.00827850 0.35070506 0.04445347 0.27700097 0.02528365 0.08969248 0.04041367 0.14525987 0.01536220
6.20031002 9.43483475 0.00133920 0.00124010 0.00083058 0.00869794 0.35172291 0.05016389 0.27793496 0.02424633 0.08886579 0.03925913 0.14423624 0.01146293
6.30031502 9.42824058 0.00142458 0.00123533 0.00120647 0.00977179 0.35385166 0.04956985 0.27884989 0.02126631 0.08668245 0.03625992 0.14538068 0.01450108
6.40032002 9.41828765 0.00118152 0.00139058 0.00094237 0.00556989 0.35060571 0.05007403 0.28465006 0.02268136 0.08412863 0.03754995 0.14522502 0.01600087
6.50032502 9.41192943 0.00115304 0.00126517 0.00079683 0.00488494 0.35100241 0.04856002 0.28651478 0.02106851 0.08134002 0.04034574 0.14587763 0.01719092
6.60033002 9.40021332 0.00100808 0.00133320 0.00063710 0.00520374 0.35336811 0.05158970 0.27945777 0.01995230 0.07702138 0.04942556 0.14481953 0.01618353
6.70033502 9.39376104 0.00118915 0.00131446 0.00095427 0.00662932 0.34711985 0.05616358 0.28668357 0.01861000 0.07870403 0.04176361 0.14617809 0.01469006
6.80034002 9.38228600 0.00176331 0.00135005 0.00121110 0.01023002 0.34828207 0.05676536 0.28923484 0.02003974 0.07137932 0.03612109 0.14975372 0.01386936
6.90034502 9.36805430 0.00145277 0.00128669 0.00120011 0.01008672 0.34639516 0.05659476 0.28660889 0.01992980 0.07165881 0.04085646 0.14805045 0.01587939
7.00035002 9.35653782 0.00183077 0.00125330 0.00158774 0.01327295 0.34374681 0.05656135 0.28968268 0.02006829 0.07313579 0.03257766 0.14618142 0.02010123
7.10035502 9.34828030 0.00170105 0.00120696 0.00107782 0.01103782 0.34824486 0.05089426 0.29018736 0.02766539 0.07049980 0.03346563 0.14786102 0.01615803
7.20036002 9.34072652 0.00182434 0.00126228 0.00111879 0.00998295 0.35100962 0.04730914 0.29163706 0.02704103 0.07351275 0.03384677 0.14857829 0.01287697
7.30036502 9.32836600 0.00182324 0.00122796 0.00146323 0.00997300 0.34883764 0.05361798 0.28508709 0.02498754 0.07124272 0.03597715 0.15160459 0.01415786
7.40037002 9.32092192 0.00123604 0.00129515 0.00068832 0.00497170 0.35044962 0.05361962 0.28581247 0.02331295 0.07071218 0.03527148 0.15773058 0.01489989
7.50037502 9.31097575 0.00119058 0.00123328 0.00086894 0.00480673 0.35294037 0.04855210 0.28549429 0.02132103 0.06843310 0.04201284 0.15589896 0.01724777
7.60038002 9.29579246 0.00119044 0.00131897 0.00108837 0.00847655 0.34837649 0.04340150 0.28450053 0.02196219 0.06473404 0.04845532 0.15506998 0.02142562
7.70038502 9.28486527 0.00100766 0.00128510 0.00072672 0.00596156 0.35225408 0.04722160 0.28642235 0.02217086 0.06628657 0.04717323 0.15175190 0.01773837
7.80039002 9.27652666 0.00146967 0.00123022 0.00104501 0.00802302 0.35532878 0.04904847 0.29250688 0.02188774 0.06435554 0.04090079 0.15057858 0.01362530
7.90039502 9.26847922 0.00114529 0.00123614 0.00074534 0.00334352 0.35223727 0.05436402 0.29979131 0.01867014 0.06367132 0.03812606 0.15106396 0.01560563
8.00040002 9.25781083 0.00130292 0.00135799 0.00066909 0.00578031 0.35213974 0.04755411 0.30395670 0.02369400 0.06428011 0.03227410 0.15226546 0.01472546
8.10040502 9.23996084 0.00113721 0.00135122 0.00074219 0.00545320 0.35154697 0.04737239 0.30197737 0.02102741 0.06411760 0.03361460 0.15500683 0.01665299
8.20041002 9.22754933 0.00126699 0.00132909 0.00101303 0.00778298 0.34956453 0.04519731 0.30712719 0.01883163 0.06265435 0.03363329 0.15932484 0.01227476
8.30041502 9.21594474 0.00123716 0.00123649 0.00099045 0.00791449 0.35833238 0.04460254 0.30396681 0.01882436 0.05933047 0.03820515 0.15313386 0.01222585
8.40042002 9.20675704 0.00110548 0.00121848 0.00056160 0.00552806 0.36011652 0.04158130 0.30630517 0.02629048 0.05790730 0.03312991 0.15245253 0.01380316
8.50042502 9.18839502 0.00164445 0.00131979 0.00133482 0.01094924 0.35729514 0.03899553 0.29657997 0.02309773 0.06303573 0.03582999 0.15376936 0.01614826
8.60043002 9.17959989 0.00091603 0.00133048 0.00078892 0.00518433 0.35417807 0.03849292 0.29915957 0.02045038 0.06413559 0.03728328 0.15919629 0.01888415
8.70043502 9.16934250 0.00137621 0.00121506 0.00138464 0.01238395 0.35324696 0.04078197 0.29804548 0.01742371 0.06134716 0.03930722 0.15614533 0.01734231
8.80044002 9.15626157 0.00115841 0.00134505 0.00127265 0.00891253 0.35688955 0.04015596 0.29363360 0.01856751 0.06612302 0.03903378 0.15200878 0.02089916
8.90044502 9.14395098 0.00116216 0.00140442 0.00102513 0.00562924 0.35651556 0.04216991 0.30319299 0.01898309 0.06826277 0.03417211 0.15262427 0.01485836
9.00045002 9.13653178 0.00131278 0.00127440 0.00073416 0.00391483 0.35354648 0.04817561 0.30428118 0.02105519 0.06100549 0.03682439 0.15589245 0.01198304
9.10045502 9.12500717 0.00124519 0.00122807 0.00053469 0.00496944 0.35363510 0.04789906 0.29959807 0.02937105 0.06039992 0.03347248 0.15513884 0.01250808
9.20046002 9.11661054 0.00164003 0.00120181 0.00100077 0.00964963 0.35450593 0.04623268 0.29899827 0.02630717 0.06394577 0.03585644 0.14934823 0.01131327
9.30046502 9.10974232 0.00148558 0.00125661 0.00098912 0.01134336 0.35160127 0.04648864 0.30075740 0.02441416 0.06955030 0.03065573 0.14883443 0.01262342
9.40047002 9.09909829 0.00124278 0.00126706 0.00086558 0.00806390 0.35078112 0.04089462 0.30999758 0.02103442 0.06107231 0.03286176 0.15888193 0.01303693
9.50047502 9.08767272 0.00073656 0.00133466 0.00023125 0.00161473 0.35342761 0.03815801 0.31345467 0.02077860 0.06560576 0.03326904 0.16217730 0.00921182
9.60048002 9.07978785 0.00085482 0.00128537 0.00035351 0.00177035 0.36469520 0.03978510 0.30549125 0.02238738 0.06741638 0.02880778 0.15711180 0.01004106
9.70048502 9.07009070 0.00107972 0.00116282 0.00065627 0.00780399 0.37402298 0.03507426 0.30987976 0.01836346 0.06205592 0.03007932 0.15087852 0.00894299
9.80049002 9.05759397 0.00085544 0.00115258 0.00040051 0.00212701 0.37711056 0.04243878 0.30527681 0.01886208 0.05634371 0.03420852 0.15211635 0.00910766
9.90049502 9.04711324 0.00098555 0.00114442 0.00054032 0.00427372 0.37414306 0.04656397 0.30861327 0.01842273 0.05254565 0.03328385 0.14955360 0.00992986
10.00050003 9.03565654 0.00065789 0.00121519 0.00020500 0.00339419 0.37775846 0.04684868 0.30763745 0.01772286 0.05432826 0.02858758 0.15106064 0.01058380
10.10050503 9.01816368 0.00155895 0.00117347 0.00128186 0.01049159 0.37140214 0.04206616 0.30790725 0.01868477 0.04948546 0.03050060 0.15203168 0.01341608
10.20051003 9.01237715 0.00073841 0.00116622 0.00038521 0.00289576 0.37546152 0.04082280 0.32035959 0.01691906 0.05119606 0.03031156 0.14781661 0.01192720
10.30051503 9.00532576 0.00093058 0.00109919 0.00050386 0.00423695 0.37874779 0.03944313 0.31793902 0.01633162 0.05129873 0.03195424 0.14691527 0.01059962
10.40052003 8.99804040 0.00146341 0.00106072 0.00120100 0.00932000 0.37286630 0.04045635 0.32221898 0.01361655 0.04950548 0.02677499 0.14834852 0.01316769
10.50052503 8.98421259 0.00090912 0.00117371 0.00054279 0.00493783 0.36847141 0.04541986 0.31830162 0.01513301 0.04992469 0.02782655 0.15612857 0.01123083
10.60053003 8.96862549 0.00192854 0.00112728 0.00163841 0.01282010 0.36411348 0.04053323 0.31941263 0.01586295 0.04515857 0.03032343 0.15618805 0.01089335
10.70053503 8.95993630 0.00094959 0.00118403 0.00051388 0.00297357 0.35898142 0.04453228 0.33036636 0.01894507 0.04380397 0.03258647 0.15566422 0.00949915
10.80054003 8.94747905 0.00094853 0.00129376 0.00043451 0.00363986 0.35811950 0.04752573 0.32608618 0.01895844 0.04517210 0.02849151 0.15932846 0.01000141
10.90054503 8.93348635 0.00112372 0.00111594 0.00056593 0.00618386 0.35629852 0.04994849 0.32456812 0.01959802 0.04491465 0.02983413 0.15510277 0.01074586
11.00055003 8.91943356 0.00125445 0.00117481 0.00070661 0.00705558 0.35664868 0.04608519 0.31882323 0.02258354 0.04938317 0.03209664 0.15197012 0.01221800
11.10055503 8.91347130 0.00124051 0.00109149 0.00087516 0.01005255 0.35805087 0.04813340 0.32220073 0.01747408 0.04888555 0.02860507 0.15177136 0.01161923
11.20056003 8.89505643 0.00118363 0.00115399 0.00066389 0.00423650 0.34877053 0.05393948 0.32354277 0.02169821 0.05085739 0.02936628 0.14967533 0.01491200
11.30056503 8.88158493 0.00128175 0.00120109 0.00090839 0.00465483 0.34627468 0.05208422 0.31714674 0.01941892 0.05461767 0.03688249 0.15075981 0.01476940
11.40057003 8.87407327 0.00088844 0.00123431 0.00052425 0.00480730 0.35297270 0.04422742 0.31869149 0.02080552 0.06024361 0.03092859 0.15085789 0.01381848
11.50057503 8.86841043 0.00114298 0.00124670 0.00102332 0.00750891 0.35174608 0.04022828 0.32114216 0.01846114 0.06455737 0.02893871 0.14930769 0.01469666
11.60058003 8.85588697 0.00114959 0.00113112 0.00096001 0.00813101 0.34771961 0.04569490 0.32438593 0.01629864 0.06322439 0.03282202 0.14353895 0.01494383
11.70058503 8.84806559 0.00103235 0.00109506 0.00075778 0.00469149 0.34644158 0.04782560 0.32785884 0.01672357 0.05741542 0.03265438 0.14718910 0.01631483
11.80059003 8.83699667 0.00077748 0.00114865 0.00031958 0.00167947 0.34351790 0.05027397 0.32947709 0.01778408 0.06127899 0.03686026 0.14457737 0.01230516
11.90059503 8.82642464 0.00121455 0.00120543 0.00084956 0.00902332 0.34344314 0.04786018 0.32788875 0.01735733 0.05599412 0.03514019 0.14746856 0.01255486
12.00060003 8.82122880 0.00118037 0.00119766 0.00083332 0.00828327 0.34467232 0.04606444 0.32566742 0.01944675 0.05358165 0.03601759 0.14888095 0.01417426
12.10060503 8.81531530 0.00067546 0.00119167 0.00043664 0.00460468 0.35127289 0.04882902 0.32703473 0.01725936 0.05080414 0.03469167 0.14969657 0.01350316
12.20061003 8.80636779 0.00128559 0.00110875 0.00081430 0.00979693 0.35133974 0.04921068 0.32683018 0.02009843 0.04778754 0.03157934 0.14893380 0.01121474
12.30061503 8.79365319 0.00116982 0.00099441 0.00074033 0.00650516 0.34384981 0.06024435 0.32872851 0.01729055 0.04622157 0.03818285 0.14420570 0.01186695
12.40062003 8.77931164 0.00118115 0.00104421 0.00072570 0.00756196 0.33848019 0.05612524 0.32873320 0.02047492 0.05325952 0.03664476 0.14048287 0.01528628
12.50062503 8.77960333 0.00129918 0.00093320 0.00068606 0.00563028 0.33990838 0.05370767 0.33047221 0.02384827 0.04892494 0.03589581 0.13976127 0.01893272
12.60063003 8.76686868 0.00178601 0.00092670 0.00114497 0.00867565 0.33673896 0.05285021 0.32978010 0.02694551 0.04977116 0.03666958 0.13878308 0.01592806
12.70063503 8.75236906 0.00183653 0.00112371 0.00103176 0.00997399 0.33113656 0.05396215 0.33271239 0.02597859 0.05273043 0.03486783 0.14229691 0.01234915
12.80064003 8.74303348 0.00099317 0.00108558 0.00057258 0.00209679 0.33036419 0.05654113 0.33032525 0.02471575 0.05517316 0.03531793 0.14705182 0.01576265
12.90064503 8.73759457 0.00170863 0.00104488 0.00130479 0.01074958 0.33880817 0.05099891 0.32726182 0.02016661 0.05241173 0.03503246 0.14847340 0.01203902
13.00065003 8.71822059 0.00187034 0.00125877 0.00131304 0.01116861 0.34275633 0.04240556 0.32388978 0.02071141 0.05892695 0.03589241 0.14916818 0.01063862
13.10065503 8.69672040 0.00181494 0.00128666 0.00136449 0.00811903 0.33463087 0.04651803 0.32689046 0.02378721 0.05401025 0.03715827 0.14918177 0.01523803
13.20066003 8.67566752 0.00144958 0.00107905 0.00113115 0.01050095 0.33788567 0.04863917 0.32656786 0.02197122 0.04972498 0.04241593 0.14074244 0.01789200
13.30066503 8.66606777 0.00150532 0.00099551 0.00096513 0.00921070 0.34089552 0.05455271 0.32028476 0.02550219 0.04539701 0.04487118 0.13842720 0.01739276
13.40067003 8.66202091 0.00177216 0.00108423 0.00126198 0.00770731 0.33953845 0.05920902 0.32109601 0.02555708 0.04668583 0.04048690 0.13959548 0.01600556
13.50067503 8.65139694 0.00131897 0.00113596 0.00095395 0.00475020 0.33733918 0.05752524 0.32527115 0.02548198 0.04877087 0.03582589 0.14148284 0.02014379
13.60068003 8.64461914 0.00173808 0.00111327 0.00132923 0.01017672 0.33617663 0.05685210 0.32374867 0.02506715 0.04823234 0.03595966 0.14272908 0.01687705
13.70068503 8.63919656 0.00137514 0.00109253 0.00096514 0.00857395 0.33997245 0.06295470 0.31970500 0.02303018 0.05042806 0.03153605 0.14480196 0.01556484
13.80069003 8.62271447 0.00146223 0.00097361 0.00127303 0.01112053 0.33424170 0.05977154 0.32075065 0.02214861 0.05014451 0.03649996 0.14188952 0.01972411
13.90069503 8.60964853 0.00150484 0.00102894 0.00113395 0.00714408 0.33561432 0.06415803 0.32372267 0.02249129 0.05081658 0.03890565 0.13681750 0.01666217
14.00070004 8.60561565 0.00087741 0.00103183 0.00044310 0.00371802 0.34363844 0.06202615 0.32356607 0.01928642 0.04855957 0.04345797 0.13920409 0.01419093
14.10070504 8.60128941 0.00158134 0.00097999 0.00083720 0.00815208 0.33973415 0.06004110 0.32603802 0.02603215 0.04865123 0.03493073 0.13859661 0.01442540
14.20071004 8.59401066 0.00130769 0.00109157 0.00077910 0.00691805 0.34631647 0.05827929 0.32248652 0.02051665 0.05512975 0.03130767 0.14097569 0.01489155
14.30071504 8.58156412 0.00106495 0.00103676 0.00050184 0.00566164 0.34909330 0.05336899 0.32096958 0.02087770 0.05435132 0.03575589 0.14254904 0.01476899
14.40072004 8.56591572 0.00127717 0.00117745 0.00077065 0.00670087 0.35215586 0.05010323 0.31550290 0.02182935 0.05958367 0.03773368 0.13958013 0.01358505
14.50072504 8.55882798 0.00091866 0.00099187 0.00041784 0.00290361 0.34820231 0.05381704 0.32022547 0.02265751 0.05088659 0.03983213 0.14369375 0.01545322
14.60073004 8.54982545 0.00098257 0.00099549 0.00056400 0.00586988 0.35240914 0.05160968 0.32324561 0.01861781 0.04962257 0.03746914 0.14372718 0.01488693
14.70073504 8.53092844 0.00163187 0.00113605 0.00128415 0.01143214 0.35287882 0.05154036 0.31698939 0.01880588 0.05179393 0.03290590 0.14520181 0.01439971
14.80074004 8.52210366 0.00111034 0.00110779 0.00057330 0.00585413 0.34915052 0.04832153 0.31844342 0.02197092 0.05308688 0.03946609 0.14621141 0.01470370
14.90074504 8.51685471 0.00091440 0.00109652 0.00058715 0.00356614 0.34580494 0.05357799 0.31771003 0.01816268 0.05934667 0.03575381 0.14804183 0.01543783
15.00075004 8.50547696 0.00100308 0.00110168 0.00063420 0.00613459 0.33828709 0.05355656 0.32675051 0.01834242 0.05569124 0.03745333 0.14816948 0.01287583
15.10075504 8.49081868 0.00183415 0.00106864 0.00171178 0.01307632 0.33903647 0.04731729 0.32750673 0.01714190 0.05306163 0.03329937 0.14532653 0.01961919
15.20076004 8.48253269 0.00121070 0.00118737 0.00104266 0.00947807 0.33526228 0.04690146 0.33083844 0.01961057 0.05762054 0.03196286 0.14709136 0.01779369
15.30076504 8.47548660 0.00141366 0.00111715 0.00107270 0.00842578 0.33500388 0.04840816 0.32937990 0.02296737 0.05618860 0.03399595 0.14631047 0.01571638
15.40077004 8.46307770 0.00130988 0.00107219 0.00092672 0.01366000 0.34128633 0.05095401 0.32308463 0.02365440 0.05521103 0.03126683 0.14334581 0.01422817
15.50077504 8.45037991 0.00149557 0.00115274 0.00093662 0.00736533 0.33589985 0.05234077 0.33043106 0.02538367 0.05430312 0.02659086 0.14821323 0.01588717
15.60078004 8.43717197 0.00127723 0.00122902 0.00119236 0.00819564 0.34172518 0.05032736 0.32287841 0.01776156 0.06260629 0.02514164 0.14956111 0.01810422
15.70078504 8.42291835 0.00095135 0.00123183 0.00066572 0.00531471 0.34004701 0.04456846 0.32740819 0.02015692 0.06609820 0.02740934 0.15121477 0.01493349
15.80079004 8.41487869 0.00114275 0.00124809 0.00084663 0.00615523 0.33878032 0.05056305 0.32949264 0.01594569 0.06306443 0.02765405 0.15341454 0.01169260
15.90079504 8.40543838 0.00078822 0.00127112 0.00061627 0.00385440 0.33875231 0.04560786 0.32687670 0.01637050 0.06988637 0.02681260 0.15521350 0.01395015
16.00080004 8.39812936 0.00113417 0.00128015 0.00105468 0.00597852 0.34112485 0.03952102 0.32846219 0.01601780 0.06701409 0.02858915 0.15411872 0.01570466
16.10080504 8.39260815 0.00091672 0.00117177 0.00050910 0.00346323 0.34410307 0.04282493 0.32416885 0.02064688 0.07158721 0.03084249 0.14696909 0.01279666
16.20081004 8.38049281 0.00093529 0.00114050 0.00061158 0.00352086 0.33935269 0.04720530 0.32422800 0.02080737 0.07161423 0.02932576 0.14766458 0.01359384
16.30081504 8.37077023 0.00109754 0.00110901 0.00078701 0.00680425 0.33757746 0.05016504 0.32321709 0.01578316 0.07046159 0.03012202 0.14963484 0.01324099
16.40082004 8.35506347 0.00144738 0.00116055 0.00102780 0.01206452 0.33673656 0.04536956 0.32519075 0.01546792 0.06432512 0.03313616 0.15058702 0.01348666
16.50082504 8.34553908 0.00174317 0.00116418 0.00158608 0.01183550 0.33014763 0.05306736 0.32336240 0.01779243 0.06224419 0.03023387 0.15108160 0.01574159
16.60083004 8.33981189 0.00101186 0.00115246 0.00072311 0.00504666 0.33707451 0.05573488 0.32598595 0.01789326 0.06180251 0.03144827 0.14798457 0.01414196
16.70083504 8.32475720 0.00128044 0.00124199 0.00088662 0.00918799 0.33728472 0.05179244 0.32793391 0.01857480 0.06088101 0.02874865 0.15065836 0.01152906
16.80084004 8.32310371 0.00100407 0.00117695 0.00053672 0.00313241 0.34522665 0.05201042 0.33166333 0.02156945 0.05409579 0.02582797 0.15183727 0.01191896
16.90084504 8.31875555 0.00143306 0.00107275 0.00110327 0.00766800 0.34318226 0.04577980 0.33438412 0.02203047 0.05020344 0.02560955 0.15315743 0.01437585
17.00085004 8.29443136 0.00094653 0.00108979 0.00066096 0.00788687 0.33904962 0.05173398 0.32633951 0.01763597 0.05075001 0.03182581 0.15477108 0.01730988
17.10085504 8.28360011 0.00141702 0.00113455 0.00074202 0.00788693 0.33078221 0.04987315 0.32829378 0.02452567 0.05523824 0.03364059 0.15255123 0.01391463
17.20086004 8.26324149 0.00104506 0.00127266 0.00068982 0.00612041 0.33857316 0.04651450 0.32481273 0.01906503 0.05749683 0.03698649 0.15584460 0.01157869
17.30086504 8.25279205 0.00111508 0.00114146 0.00072242 0.00550240 0.34033494 0.04902271 0.32508556 0.01875854 0.05799036 0.03715742 0.15144768 0.01172143
17.40087004 8.24062633 0.00098176 0.00114917 0.00070988 0.00322231 0.33774032 0.04713466 0.32226644 0.01916971 0.06013485 0.04215184 0.15070922 0.01462984
17.50087504 8.22820092 0.00104571 0.00109381 0.00082481 0.00611045 0.33734045 0.04226810 0.32352638 0.02048655 0.06132067 0.03975336 0.15071869 0.01551103
17.60088004 8.21957254 0.00147645 0.00110109 0.00127998 0.00971663 0.34207869 0.03461380 0.32778537 0.02102591 0.05668149 0.03753314 0.15035335 0.01635409
17.70088504 8.20954298 0.00120114 0.00117641 0.00093783 0.00787868 0.33416578 0.04057208 0.32959789 0.01815671 0.06296387 0.03868412 0.15209604 0.01256944
17.80089004 8.19285401 0.00131775 0.00116722 0.00116676 0.01334861 0.34143444 0.03944528 0.33061856 0.01739478 0.05765532 0.03836504 0.14712447 0.01096177
17.90089504 8.17662419 0.00129401 0.00116705 0.00113400 0.00988192 0.33872142 0.04747930 0.32928996 0.01811452 0.05566962 0.03331157 0.14915194 0.01478468
18.00090005 8.16526671 0.00135123 0.00117891 0.00108905 0.00771910 0.33463161 0.05294468 0.33096463 0.02116042 0.05698758 0.02775471 0.14823728 0.01598080
18.10090505 8.16110646 0.00148890 0.00105266 0.00108039 0.00741727 0.34023564 0.05343541 0.32738997 0.02183095 0.05440775 0.02860912 0.14891399 0.01413796
18.20091005 8.15166447 0.00133463 0.00105774 0.00078773 0.00904966 0.34008755 0.04856649 0.32577333 0.02538675 0.05391682 0.03189443 0.15116455 0.01098031
18.30091505 8.15037100 0.00102941 0.00107594 0.00057022 0.00410461 0.34590843 0.04874813 0.33200044 0.02118602 0.05567319 0.02592305 0.15134201 0.01243855
18.40092005 8.14399812 0.00124586 0.00107591 0.00096282 0.00781580 0.34980530 0.04874023 0.33366790 0.01790565 0.05245589 0.02381292 0.15099501 0.01151672
18.50092505 8.14110430 0.00068935 0.00101187 0.00024956 0.00118990 0.35340569 0.05689032 0.33035849 0.01580471 0.05102308 0.02224680 0.15420088 0.01292937
18.60093005 8.13057095 0.00068066 0.00108814 0.00030831 0.00402962 0.34391093 0.05426134 0.33570231 0.01330299 0.05342198 0.02449712 0.15787664 0.01091996
18.70093505 8.11492478 0.00128634 0.00101647 0.00078818 0.01167775 0.33777418 0.05073799 0.32857819 0.01863578 0.05176291 0.02868815 0.15686825 0.01218581
18.80094005 8.10018742 0.00106524 0.00108608 0.00030250 0.00660097 0.34056879 0.04611774 0.32845802 0.02146508 0.05346907 0.03616087 0.15241804 0.01228760
18.90094505 8.08488631 0.00114889 0.00107720 0.00076186 0.00582478 0.33620793 0.04800251 0.32429607 0.01870318 0.05343187 0.04432053 0.15098693 0.01523825
19.00095005 8.07880265 0.00105458 0.00105309 0.00028121 0.00392554 0.33737278 0.04316054 0.33083937 0.02433828 0.05128985 0.04263587 0.15144491 0.01260399
19.10095505 8.07017510 0.00104374 0.00107523 0.00065658 0.00683363 0.33784255 0.03948919 0.32825231 0.01993879 0.05297610 0.04832693 0.14985381 0.01371114
19.20096005 8.05373698 0.00181719 0.00103463 0.00124951 0.01175357 0.33031626 0.04763565 0.32241887 0.02243777 0.05140952 0.05095948 0.14682071 0.01214682
19.30096505 8.04727332 0.00123542 0.00102242 0.00067029 0.00722769 0.32723835 0.05208540 0.32526349 0.02333420 0.05099091 0.05014759 0.14748483 0.01329942
19.40097005 8.04163767 0.00162763 0.00102520 0.00097784 0.00883914 0.32918527 0.04925687 0.32156193 0.03016107 0.05168943 0.04440508 0.14653816 0.01473236
19.50097505 8.03232496 0.00173645 0.00103714 0.00104792 0.00849912 0.32995959 0.05657668 0.32141519 0.02905882 0.04745991 0.04497417 0.14612817 0.01210684
19.60098005 8.02066932 0.00139579 0.00109492 0.00099548 0.00728529 0.32775082 0.05618308 0.32015776 0.02712783 0.05149359 0.04448429 0.14750292 0.01452824
19.70098505 8.01120192 0.00098571 0.00102743 0.00050812 0.00300513 0.33276733 0.05780998 0.32283489 0.02757791 0.05176229 0.04349630 0.14360806 0.01461684
19.80099005 8.00122721 0.00125217 0.00105898 0.00098235 0.00684308 0.33241621 0.05192461 0.32432620 0.02709155 0.04958877 0.04107396 0.14660983 0.01683229
19.90099505 7.98900258 0.00171886 0.00095824 0.00113109 0.01048854 0.33213235 0.05399269 0.32051132 0.03060098 0.04885978 0.03937866 0.14553832 0.01468918
20.00100005 7.97309286 0.00128953 0.00123532 0.00066908 0.00887164 0.33232640 0.05121518 0.32123590 0.02656873 0.05518270 0.04225479 0.14801969 0.01113105
20.10100505 7.96560532 0.00143929 0.00116749 0.00096799 0.00800041 0.33975286 0.05034471 0.31837375 0.02410003 0.05630838 0.03948998 0.14839752 0.01165759
20.20101005 7.96241923 0.00114562 0.00107476 0.00064215 0.00541210 0.34027695 0.05175652 0.31767356 0.02253079 0.05626588 0.04080855 0.14870885 0.01370427
20.30101505 7.95642394 0.00088027 0.00105781 0.00039342 0.00180121 0.34114425 0.05429075 0.31911473 0.02360409 0.05544160 0.03739105 0.14924161 0.01563922
20.40102005 7.94155843 0.00121904 0.00105966 0.00077275 0.00941327 0.34819200 0.05104215 0.31728666 0.02117153 0.05464832 0.03406387 0.14881335 0.01231739
20.50102505 7.92690868 0.00127029 0.00115068 0.00068005 0.00479143 0.34561170 0.04744033 0.31910661 0.02526970 0.05914479 0.03360954 0.14898622 0.01293866
20.60103005 7.91747429 0.00120522 0.00104602 0.00081078 0.00433139 0.34444721 0.05204300 0.32182800 0.02323296 0.05419788 0.03424727 0.14848091 0.01412937
20.70103505 7.91158023 0.00115039 0.00100827 0.00069001 0.00764214 0.34372967 0.05678422 0.31873970 0.02171770 0.05193825 0.03548744 0.14858411 0.01252809
20.80104005 7.90202628 0.00087929 0.00097369 0.00040703 0.00376464 0.34483702 0.05803370 0.32108630 0.02234833 0.04891557 0.03818733 0.14618741 0.01437968
20.90104505 7.89500346 0.00096938 0.00107042 0.00065591 0.00521027 0.35190735 0.05355670 0.31772909 0.01954752 0.04606156 0.03871248 0.14923157 0.01534774
21.00105005 7.88086184 0.00108009 0.00104696 0.00057893 0.00520716 0.35703473 0.05377199 0.31174677 0.02174255 0.04198509 0.03783453 0.15018643 0.01778475
21.10105505 7.87305930 0.00116774 0.00105211 0.00069099 0.00440183 0.35984666 0.04857429 0.31543876 0.02180594 0.04330465 0.03872197 0.15035782 0.01463724
21.20106005 7.86600053 0.00102663 0.00100769 0.00079119 0.00560264 0.35972967 0.04538426 0.31543032 0.01873276 0.04758570 0.03927848 0.15024662 0.01518405
21.30106505 7.85508666 0.00110916 0.00093957 0.00075459 0.00683180 0.35943443 0.04566228 0.31586859 0.02008613 0.04750688 0.03876395 0.14825054 0.01479208
21.40107005 7.84220445 0.00121857 0.00103894 0.00077466 0.00571478 0.35490665 0.04510649 0.32062001 0.02091325 0.04622775 0.03802595 0.15520665 0.01024629
21.50107505 7.82550104 0.00087677 0.00118717 0.00054545 0.00668649 0.35845557 0.04432368 0.32357355 0.01802205 0.05047562 0.03428640 0.15030810 0.01125916
21.60108005 7.81546305 0.00096499 0.00108665 0.00052253 0.00702619 0.35577235 0.04467734 0.33027191 0.01808192 0.04874608 0.03163693 0.15012302 0.01109009
21.70108505 7.80294718 0.00091938 0.00121042 0.00057680 0.00555778 0.35148260 0.03909362 0.33503596 0.01941255 0.04777311 0.02748721 0.15849790 0.01295266
21.80109005 7.79106626 0.00122021 0.00113448 0.00086320 0.00599499 0.34952456 0.04052062 0.33401687 0.01820467 0.05240014 0.03525983 0.15092395 0.00993646
21.90109505 7.77684213 0.00090456 0.00111592 0.00064553 0.00406030 0.34752346 0.04212008 0.33346533 0.01797358 0.05288126 0.03967767 0.14701402 0.01261826
22.00110006 7.76611728 0.00103742 0.00113518 0.00056721 0.00533314 0.34201824 0.03827832 0.33008336 0.02081618 0.05828501 0.03950498 0.15047822 0.01246275
22.10110506 7.75883941 0.00117039 0.00099424 0.00088432 0.00773476 0.33846559 0.04255564 0.33157243 0.01863733 0.05630143 0.04052905 0.14866631 0.01248851
22.20111006 7.73833568 0.00119070 0.00107452 0.00104066 0.00758698 0.34241560 0.03835374 0.33005795 0.01831087 0.05971113 0.04039281 0.14474080 0.01512424
22.30111506 7.72723246 0.00081350 0.00114900 0.00048118 0.00384956 0.33874405 0.03705123 0.33496271 0.01783589 0.06306670 0.04337574 0.14607754 0.01259290
22.40112006 7.71783891 0.00069242 0.00105028 0.00047156 0.00396181 0.33672642 0.03731288 0.33333640 0.01885672 0.06238305 0.04026447 0.15050385 0.01444014
22.50112506 7.71071663 0.00118180 0.00098725 0.00098732 0.01108238 0.33923784 0.03992097 0.33149189 0.01694196 0.05784766 0.04035972 0.14843536 0.01152584
22.60113006 7.70598977 0.00122660 0.00099906 0.00105320 0.00867172 0.34827168 0.03904017 0.32902785 0.01862037 0.05557290 0.03561685 0.15012850 0.01177109
22.70113506 7.68750005 0.00133209 0.00101108 0.00095606 0.00701751 0.33978363 0.04121780 0.32509770 0.01986583 0.05570028 0.04876664 0.14840731 0.01084407
22.80114006 7.67958808 0.00094765 0.00113328 0.00052644 0.00468040 0.34042108 0.04198492 0.32769517 0.02165319 0.05696970 0.04138464 0.14978077 0.01282275
22.90114506 7.67123076 0.00136609 0.00101324 0.00076115 0.00720806 0.33628064 0.04280728 0.32815563 0.02568574 0.05541833 0.04145415 0.14713216 0.01271752
23.00115006 7.66038261 0.00176335 0.00102337 0.00090649 0.00745754 0.33352636 0.04650825 0.32747797 0.02755462 0.05216877 0.04249878 0.14780353 0.01131097
23.10115506 7.65393584 0.00174744 0.00089744 0.00119645 0.01265320 0.33273762 0.04683494 0.32752928 0.02863140 0.04987968 0.04047870 0.14495598 0.01245787
23.20116006 7.64738621 0.00122524 0.00091008 0.00069210 0.00418038 0.33429330 0.04931145 0.32340766 0.03087895 0.05013044 0.04390443 0.14525852 0.01580745
23.30116506 7.63940757 0.00126897 0.00097528 0.00074597 0.00618937 0.33631017 0.04916124 0.31793552 0.03009690 0.05383810 0.04904292 0.14294092 0.01149463
23.40117006 7.62306491 0.00168351 0.00102105 0.00118574 0.00841027 0.32607818 0.05163412 0.31762735 0.03221621 0.05975435 0.04387998 0.14151907 0.01499017
23.50117506 7.61484366 0.00132641 0.00108628 0.00098170 0.00988620 0.32698302 0.04814883 0.31808085 0.02832926 0.06081855 0.04338218 0.14303130 0.01794543
23.60118006 7.60398758 0.00130616 0.00112621 0.00085389 0.00626252 0.33137639 0.05172611 0.32226564 0.02492348 0.06202761 0.04141073 0.14520415 0.01151711
23.70118506 7.59742465 0.00148715 0.00106359 0.00107920 0.01063359 0.33263688 0.04785423 0.32361090 0.02677934 0.06224485 0.03540819 0.14644377 0.01075829
23.80119006 7.58539624 0.00168843 0.00113753 0.00134604 0.01155257 0.32713433 0.04733208 0.32285154 0.02331975 0.06631184 0.03493168 0.14656476 0.01582944
23.90119506 7.57503598 0.00134532 0.00123303 0.00099507 0.00878899 0.32389393 0.04888095 0.32401154 0.02157064 0.07147580 0.03769017 0.14738569 0.01272886
24.00120006 7.56722601 0.00116032 0.00108928 0.00071410 0.00965291 0.32809054 0.05298219 0.32018757 0.02103192 0.06743238 0.03681343 0.14920023 0.01164512
24.10120506 7.55984118 0.00127631 0.00106695 0.00071407 0.00435671 0.33039216 0.05534599 0.31779724 0.02368354 0.06626684 0.03398886 0.15247682 0.01263452
24.20121006 7.55130394 0.00094716 0.00112018 0.00035824 0.00435041 0.32933167 0.04857205 0.32129405 0.02100862 0.06682521 0.03831948 0.15542890 0.01244404
24.30121506 7.54598483 0.00104381 0.00108482 0.00075526 0.00473816 0.34208145 0.04354861 0.31942329 0.01813900 0.06459129 0.03471387 0.15281916 0.01706129
24.40122006 7.53231030 0.00118070 0.00110946 0.00080290 0.00665171 0.34349876 0.04514999 0.32309510 0.01807690 0.06357498 0.03500622 0.14872170 0.01313158
24.50122506 7.52163617 0.00071887 0.00104645 0.00033291 0.00219493 0.34254283 0.05619792 0.32413878 0.01867133 0.06619197 0.03085981 0.14607998 0.01102423
24.60123006 7.50716029 0.00091513 0.00116528 0.00063935 0.00327474 0.34059062 0.05463381 0.32187628 0.01726808 0.06840473 0.02863006 0.14996308 0.01263882
24.70123506 7.50043280 0.00072327 0.00105796 0.00038248 0.00211440 0.35009861 0.05448346 0.31872398 0.01944821 0.06255865 0.02624302 0.15156081 0.01260517
24.80124006 7.49551096 0.00108584 0.00101715 0.00050908 0.00772204 0.34515717 0.05075689 0.32516409 0.01887986 0.05882183 0.02759371 0.15183976 0.01145258
24.90124506 7.48799804 0.00103911 0.00099068 0.00061052 0.00308352 0.34149216 0.05191964 0.32506353 0.02113012 0.05349541 0.03001267 0.15495823 0.01620441
25.00125006 7.47856293 0.00099065 0.00112461 0.00060829 0.00694976 0.34025172 0.05054248 0.32121847 0.01739484 0.06153111 0.03068138 0.15387409 0.01483259
25.10125506 7.46254061 0.00133460 0.00109997 0.00089044 0.00849859 0.34839235 0.04594812 0.32234879 0.01979956 0.05732759 0.02989521 0.15283130 0.01163349
25.20126006 7.45411594 0.00196038 0.00107975 0.00155582 0.01484080 0.34632443 0.04341437 0.32201261 0.01815998 0.05654575 0.02737036 0.15403746 0.01269828
25.30126506 7.44626604 0.00141488 0.00121876 0.00096038 0.00954501 0.35143151 0.04331427 0.32389850 0.01694394 0.05510985 0.02811480 0.15834139 0.00970672
25.40127006 7.43703597 0.00155258 0.00116750 0.00115163 0.01134555 0.35295894 0.04220764 0.31959093 0.01678488 0.05486206 0.02746072 0.15942058 0.01149699
25.50127506 7.42702071 0.00061179 0.00110956 0.00046829 0.00178294 0.35387012 0.04115523 0.32060556 0.01744439 0.05643696 0.03286828 0.15797779 0.01566909
25.60128006 7.42364450 0.00113300 0.00104241 0.00086697 0.00621588 0.35177981 0.03981141 0.31951986 0.01645277 0.05877076 0.03306855 0.15688716 0.01445143
25.70128506 7.40312155 0.00127333 0.00114022 0.00082318 0.00620149 0.35500454 0.03940195 0.31971776 0.01745709 0.06253659 0.03134241 0.15360089 0.01150055
