0.00000000 6.00000000 0.00000000 0.00000000 0.00000000 0.00000000 0.00000000 0.00000000 0.00000000 1.00000000 0.00000000 0.00000000 0.00000000 0.00000000
0.10000500 6.00281413 0.02852872 0.00148720 0.00930455 0.10544340 0.09649793 0.14887087 0.00854818 0.41312730 0.05956272 0.08316641 0.01390397 0.03155875
0.20001000 6.00033605 0.00816312 0.00136290 0.00474878 0.04084205 0.12942956 0.22806298 0.04287284 0.23192780 0.06869847 0.16654925 0.03563622 0.04170600
0.30001500 5.99721135 0.00516164 0.00099749 0.00360493 0.03011895 0.13953377 0.24665246 0.05450746 0.15999554 0.06862537 0.19969580 0.04633591 0.04477069
0.40002000 5.99328646 0.00544842 0.00088764 0.00315870 0.02961900 0.14570287 0.21783208 0.06220575 0.16086162 0.07282529 0.20875019 0.04837845 0.04432998
0.50002500 5.99173589 0.00447702 0.00104010 0.00186103 0.00982199 0.15732114 0.19966387 0.06997933 0.15109425 0.08837444 0.22005539 0.05128500 0.04502644
0.60003000 5.98630132 0.00465477 0.00104428 0.00192379 0.01634931 0.16250984 0.18253954 0.07544503 0.13973632 0.09313717 0.21914237 0.05386368 0.04965390
0.70003500 5.98217460 0.00524615 0.00100254 0.00264119 0.01814530 0.17385322 0.15576290 0.08373506 0.12544080 0.09682406 0.22098923 0.06058511 0.05577444
0.80004000 5.97605593 0.00411184 0.00092291 0.00244464 0.01648443 0.18438052 0.15226338 0.08702649 0.10477709 0.10022537 0.22612501 0.06544471 0.05579360
0.90004500 5.97391687 0.00298111 0.00098781 0.00163861 0.01091059 0.19953566 0.14005916 0.09597543 0.09678231 0.10143588 0.22711259 0.07206522 0.05051564
1.00005000 5.97113040 0.00284118 0.00097470 0.00168210 0.00749587 0.20981579 0.14960206 0.09968932 0.08760620 0.10176907 0.21288501 0.07775112 0.04788758
1.10005500 5.96367061 0.00366964 0.00096383 0.00220228 0.01806976 0.21976862 0.14580046 0.09901535 0.09017738 0.09633426 0.19664826 0.07791794 0.04943222
1.20006000 5.95913058 0.00303820 0.00118747 0.00156287 0.00732096 0.23745715 0.14780722 0.10567365 0.09120270 0.09807160 0.17158801 0.08561014 0.04948003
1.30006500 5.95005511 0.00334610 0.00145022 0.00156214 0.01241186 0.23888824 0.15284932 0.11549567 0.08962325 0.10552745 0.14593807 0.09263842 0.04026926
1.40007000 5.94553454 0.00459844 0.00108317 0.00246838 0.02480826 0.24372738 0.15805556 0.12120777 0.09499128 0.09635307 0.12817249 0.08762861 0.03690559
1.50007500 5.94454229 0.00363384 0.00095456 0.00168809 0.01266233 0.25776183 0.16992990 0.12724397 0.09769924 0.09518322 0.10612441 0.08485642 0.04226219
1.60008000 5.93995798 0.00422265 0.00109803 0.00211881 0.02032050 0.27030272 0.16532585 0.13186639 0.09237826 0.09987609 0.09405678 0.08685677 0.03157715
1.70008500 5.93699573 0.00375336 0.00119436 0.00184183 0.01466848 0.28543612 0.14818474 0.14411210 0.08358990 0.10552103 0.08533914 0.09373639 0.03262255
1.80009000 5.92740253 0.00306122 0.00116488 0.00139392 0.00720008 0.28640850 0.14635445 0.15183430 0.07784314 0.10936488 0.08019953 0.09522744 0.03994765
1.90009500 5.92385757 0.00294269 0.00108704 0.00139587 0.01376055 0.29386154 0.13850422 0.15784313 0.06822918 0.10861068 0.08208325 0.09859762 0.03308424
2.00010001 5.91672527 0.00275447 0.00126538 0.00122952 0.00902589 0.30441003 0.12237357 0.16616880 0.06214731 0.11465667 0.08307104 0.10149912 0.03139819
2.10010501 5.91294527 0.00292918 0.00111085 0.00180719 0.01530457 0.29956752 0.12376028 0.17357183 0.05139839 0.10773192 0.08275396 0.10601788 0.03404644
2.20011001 5.90709347 0.00289038 0.00118896 0.00206414 0.01681304 0.30426886 0.11152189 0.17724472 0.04646923 0.10793859 0.08078058 0.11335887 0.03546075
2.30011501 5.90185082 0.00273813 0.00121407 0.00184750 0.01698257 0.31342979 0.10744842 0.17925986 0.04264239 0.10400145 0.08329903 0.11609483 0.03104195
2.40012001 5.89957718 0.00195757 0.00112413 0.00106313 0.00577910 0.31064306 0.10893246 0.19319178 0.04453798 0.09893804 0.08259381 0.11810299 0.03313596
2.50012501 5.89219057 0.00265511 0.00098657 0.00176024 0.01210196 0.31229637 0.10771753 0.19684917 0.04306529 0.09808753 0.08002309 0.11578035 0.02867679
2.60013001 5.88581019 0.00224490 0.00115653 0.00128180 0.01143854 0.31293863 0.09903159 0.19835421 0.04685647 0.10208216 0.08133940 0.11346848 0.02980732
2.70013501 5.87851143 0.00259855 0.00105870 0.00183845 0.01501639 0.31902273 0.10271485 0.19727840 0.04130195 0.10035395 0.07343706 0.11828623 0.02709275
2.80014001 5.86612034 0.00263573 0.00106891 0.00175042 0.01307049 0.32392247 0.10631783 0.20043745 0.04376026 0.09761603 0.06272030 0.11895514 0.02774497
2.90014501 5.86054202 0.00195443 0.00104356 0.00133218 0.01044338 0.32657347 0.10972542 0.21198496 0.03687938 0.09584811 0.05584801 0.12254990 0.02581718
3.00015001 5.84968052 0.00197323 0.00113254 0.00105511 0.00731852 0.33247122 0.10316251 0.21429467 0.03994206 0.09199511 0.05406709 0.12410646 0.02848149
3.10015501 5.84284382 0.00210025 0.00119339 0.00125258 0.00994575 0.33467205 0.10104445 0.21445467 0.03773734 0.09185728 0.05517837 0.12382261 0.02674126
3.20016001 5.83979452 0.00186241 0.00113979 0.00095924 0.01093113 0.33631854 0.09880969 0.22311032 0.03461180 0.08728904 0.05181089 0.12814231 0.02501484
3.30016501 5.82918713 0.00215109 0.00103962 0.00149145 0.01187481 0.33820416 0.09367570 0.22415877 0.03264698 0.08858780 0.05381598 0.12600966 0.02634398
3.40017001 5.82612200 0.00167727 0.00105355 0.00092075 0.00629321 0.34104599 0.09005392 0.22412699 0.03312510 0.08349440 0.06287945 0.12827906 0.02705030
3.50017501 5.82089707 0.00230137 0.00094756 0.00166863 0.01224098 0.34314783 0.08337473 0.22832670 0.03745863 0.07831472 0.05327881 0.12926319 0.02967684
3.60018001 5.81342153 0.00188691 0.00096560 0.00165091 0.01135692 0.34783703 0.08552507 0.23207526 0.02736159 0.07513898 0.05563026 0.12998313 0.03058834
3.70018501 5.81020298 0.00144230 0.00098145 0.00113032 0.00675763 0.34871146 0.07784404 0.23911958 0.02883930 0.07525859 0.05885297 0.13392891 0.02713343
3.80019001 5.79944830 0.00111714 0.00099252 0.00086497 0.00716926 0.34635782 0.08091984 0.24655430 0.02210385 0.07743330 0.05826343 0.13666206 0.02156151
3.90019501 5.79195136 0.00147120 0.00105386 0.00106288 0.01069624 0.34508922 0.07854635 0.25122004 0.02114481 0.07983361 0.05228269 0.13880327 0.01879584
4.00020001 5.78663177 0.00142550 0.00111393 0.00082138 0.00592469 0.34647578 0.08168803 0.25908990 0.02246784 0.07916331 0.04251218 0.14015707 0.01916037
4.10020501 5.77962302 0.00114289 0.00099445 0.00066146 0.00611680 0.34410895 0.08102549 0.26063012 0.02080840 0.07714381 0.04465442 0.14112267 0.02159054
4.20021001 5.77045722 0.00128476 0.00105760 0.00098000 0.00921554 0.34921433 0.08135231 0.25765199 0.01934346 0.07914212 0.03629665 0.14093396 0.02352728
4.30021501 5.76600154 0.00129718 0.00097117 0.00095810 0.00726508 0.34632982 0.08338868 0.25642655 0.02162395 0.07569505 0.04111878 0.14257741 0.02234823
4.40022001 5.75937044 0.00146695 0.00097190 0.00124175 0.00954427 0.35072901 0.08079736 0.25452468 0.02158600 0.06944746 0.04047692 0.14432694 0.02488674
4.50022501 5.75180242 0.00148731 0.00091693 0.00100777 0.00691506 0.34884557 0.07855512 0.26144468 0.02393979 0.06632583 0.04433388 0.14446700 0.02176107
4.60023001 5.74506050 0.00183161 0.00094407 0.00145756 0.01080884 0.35636539 0.07659566 0.26557264 0.02191541 0.06323305 0.03867295 0.14188485 0.02071797
4.70023501 5.73817640 0.00188556 0.00097496 0.00124400 0.01085846 0.35489272 0.07406471 0.26583358 0.02407690 0.05797491 0.03967437 0.14832384 0.02019600
4.80024001 5.73245837 0.00189654 0.00095855 0.00106502 0.01173838 0.36125569 0.06792536 0.27079877 0.02487340 0.05578136 0.03832217 0.14720564 0.01817912
4.90024501 5.72686203 0.00124253 0.00097056 0.00082015 0.00532835 0.35960170 0.06348521 0.28149254 0.02317901 0.05714509 0.03848167 0.14679010 0.02146308
5.00025001 5.72022524 0.00119796 0.00097570 0.00080809 0.00494380 0.35845752 0.06380433 0.27956516 0.01921929 0.05842515 0.04296812 0.15057647 0.01905841
5.10025501 5.71347235 0.00120543 0.00083738 0.00083216 0.00708580 0.36069702 0.06586512 0.27511458 0.02120704 0.05704568 0.04429795 0.14830534 0.01750650
5.20026001 5.70696469 0.00140684 0.00093493 0.00104617 0.01374880 0.36293531 0.06033314 0.27225846 0.02053257 0.05706999 0.03790534 0.15480131 0.01702714
5.30026501 5.69644699 0.00136187 0.00103201 0.00089774 0.00648555 0.36625708 0.05886404 0.27788866 0.02192886 0.05503795 0.03575494 0.15578431 0.01870699
5.40027001 5.68649250 0.00121050 0.00094906 0.00069807 0.00442087 0.36205606 0.06276693 0.28372816 0.02170031 0.05557936 0.03694648 0.15368736 0.01625684
5.50027501 5.67987718 0.00102222 0.00087709 0.00048972 0.00318176 0.36526879 0.06261577 0.28645029 0.02172743 0.05478861 0.03362469 0.15261522 0.01733841
5.60028001 5.67153517 0.00104624 0.00093462 0.00056220 0.00368006 0.36146501 0.06136368 0.28601858 0.02054824 0.05808800 0.03846836 0.15149378 0.01633123
5.70028501 5.66134506 0.00132537 0.00094348 0.00057390 0.00739436 0.35838283 0.06333487 0.28290663 0.02665271 0.05592396 0.03406190 0.15384310 0.01465690
5.80029001 5.65249336 0.00165224 0.00090137 0.00125767 0.00807505 0.35774663 0.05879811 0.28152300 0.02446970 0.05866873 0.03216819 0.15516027 0.01957902
5.90029501 5.64788957 0.00136469 0.00083445 0.00112881 0.00970050 0.35708858 0.05456109 0.28507102 0.02178839 0.05449946 0.03783389 0.15850648 0.01762264
6.00030002 5.63622285 0.00152184 0.00097722 0.00109344 0.00764041 0.35655322 0.05182962 0.28531322 0.02149530 0.05323219 0.04236544 0.16192415 0.01605395
6.10030502 5.62969750 0.00114005 0.00102167 0.00074787 0.00523480 0.36289176 0.05269699 0.28643930 0.01734346 0.05687569 0.04149342 0.16077158 0.01334341
6.20031002 5.62273274 0.00123833 0.00107983 0.00092731 0.00754007 0.36434647 0.04826886 0.28685124 0.01668787 0.05844371 0.03782644 0.16127875 0.01551113
6.30031502 5.61954676 0.00099116 0.00102271 0.00064826 0.00325061 0.36702726 0.04949042 0.28680186 0.01792147 0.06295830 0.03440293 0.16018987 0.01529515
6.40032002 5.61181144 0.00099633 0.00092240 0.00044916 0.00223869 0.36366716 0.05143439 0.28533968 0.02106034 0.06260729 0.03398768 0.16346346 0.01383341
6.50032502 5.60553188 0.00107256 0.00092443 0.00090819 0.00508021 0.36724570 0.04914186 0.28839219 0.01734017 0.06309383 0.03099204 0.16034384 0.01546498
6.60033002 5.59499263 0.00102995 0.00091516 0.00069975 0.00445344 0.36412384 0.05268703 0.28991088 0.01832665 0.06204108 0.02681392 0.16300904 0.01598926
6.70033502 5.58751314 0.00118567 0.00096944 0.00084773 0.00486194 0.36329250 0.05067285 0.29176406 0.01628354 0.06259074 0.02603734 0.16738326 0.01411092
6.80034002 5.57854035 0.00066151 0.00105838 0.00043520 0.00425421 0.36014779 0.05646439 0.29375281 0.01556644 0.06612367 0.02297516 0.16491736 0.01364309
6.90034502 5.57165183 0.00105264 0.00110882 0.00071471 0.00415202 0.36717397 0.05192796 0.29511367 0.01618509 0.05962421 0.02293630 0.16697932 0.01303129
7.00035002 5.56551734 0.00085612 0.00116464 0.00047672 0.00532065 0.37165438 0.04459088 0.29675572 0.01400216 0.05902100 0.02056969 0.17340425 0.01218379
7.10035502 5.55771755 0.00139961 0.00096221 0.00112497 0.01117848 0.37109513 0.04077918 0.29611338 0.01663250 0.05659008 0.02234042 0.16923920 0.01254484
7.20036002 5.55335187 0.00122346 0.00098851 0.00084439 0.00948230 0.36784896 0.04177469 0.29822297 0.01652404 0.05900345 0.02261267 0.16793612 0.01353845
7.30036502 5.54839355 0.00070924 0.00089807 0.00039679 0.00161105 0.36936571 0.04442357 0.29921840 0.01590618 0.05641419 0.02785199 0.17010363 0.01310118
7.40037002 5.53693420 0.00064422 0.00100148 0.00045987 0.00537050 0.37173048 0.03794242 0.29809213 0.01411570 0.05750283 0.02881213 0.17167307 0.01265516
7.50037502 5.52744845 0.00047972 0.00091499 0.00046190 0.00246511 0.37177795 0.04248288 0.29829618 0.01135909 0.05448135 0.02981502 0.17052953 0.01693629
7.60038002 5.51440367 0.00093759 0.00097962 0.00055371 0.00324858 0.37027518 0.04537020 0.29805320 0.01552914 0.05521234 0.02704737 0.16947966 0.01331341
7.70038502 5.50456903 0.00087206 0.00092549 0.00079451 0.00526344 0.37187438 0.05285186 0.29067532 0.01262368 0.04976389 0.03111543 0.16676091 0.01647902
7.80039002 5.49440154 0.00115149 0.00094647 0.00080164 0.00665635 0.36802868 0.05805653 0.28704203 0.01402287 0.05281073 0.03200951 0.16517210 0.01330161
7.90039502 5.48564609 0.00111420 0.00093251 0.00070087 0.00618535 0.37222816 0.05748792 0.29045485 0.01935056 0.04742195 0.02706562 0.16296253 0.01409548
8.00040002 5.47977943 0.00161293 0.00087916 0.00121740 0.00976953 0.36644172 0.05319739 0.29368749 0.01887717 0.04440886 0.03033374 0.16658276 0.01299184
8.10040502 5.47700068 0.00126498 0.00077267 0.00049053 0.00394766 0.36610337 0.05495839 0.29510050 0.02583394 0.04367203 0.02824860 0.16635142 0.01325590
8.20041002 5.47124756 0.00104443 0.00081061 0.00057325 0.00672228 0.36446212 0.05493614 0.29810283 0.02056843 0.03951984 0.03238769 0.16710461 0.01376778
8.30041502 5.46289523 0.00095974 0.00086316 0.00056907 0.00320315 0.36836359 0.05673954 0.30212497 0.01867218 0.04352819 0.02991103 0.16112010 0.01394529
8.40042002 5.45694034 0.00114747 0.00090371 0.00071122 0.00600917 0.36953911 0.04917760 0.30318961 0.01704815 0.04650998 0.02876993 0.16385759 0.01313646
8.50042502 5.44201675 0.00123813 0.00084465 0.00068039 0.00562772 0.36312711 0.04412059 0.30369853 0.01829740 0.04453218 0.03953195 0.16579753 0.01250382
8.60043002 5.43365431 0.00096990 0.00083646 0.00061136 0.00810849 0.36568191 0.04445574 0.30442459 0.01651980 0.04466345 0.03586618 0.16639359 0.01146854
8.70043502 5.42134256 0.00111905 0.00090484 0.00070399 0.00748428 0.36517848 0.04314490 0.30229659 0.01941681 0.04580340 0.03674234 0.16381669 0.01338864
8.80044002 5.41667640 0.00086854 0.00088825 0.00063379 0.00662391 0.36468878 0.04595988 0.30865541 0.01497438 0.04581614 0.03415037 0.16395141 0.01278914
8.90044502 5.41039717 0.00110254 0.00088899 0.00071453 0.00622987 0.36131721 0.04489151 0.30917670 0.01616589 0.04818379 0.03576395 0.16443330 0.01113172
9.00045002 5.39379196 0.00146237 0.00088547 0.00117966 0.01023713 0.36621226 0.04407658 0.30693451 0.01541459 0.04562983 0.03199988 0.16433793 0.01162978
9.10045502 5.38982266 0.00089579 0.00091741 0.00045374 0.00557792 0.36463607 0.04367697 0.31344173 0.01582517 0.04317397 0.03279696 0.16783082 0.01077345
9.20046002 5.38389536 0.00102905 0.00084116 0.00071093 0.00596108 0.36962727 0.04551274 0.31035489 0.01641948 0.03863562 0.03473582 0.16454107 0.01163090
9.30046502 5.37666170 0.00098815 0.00088767 0.00056665 0.00336401 0.36742070 0.04475356 0.31139062 0.01931055 0.03771964 0.03386062 0.16658138 0.01315647
9.40047002 5.36361508 0.00123940 0.00086185 0.00093321 0.00720168 0.36862710 0.04339623 0.30925934 0.01826686 0.04012239 0.03238487 0.16312932 0.01457775
9.50047502 5.35817334 0.00099120 0.00087904 0.00047623 0.00769242 0.36790668 0.04487473 0.31843478 0.01817208 0.03363275 0.03106466 0.16514676 0.01072868
9.60048002 5.35114405 0.00120083 0.00077301 0.00089685 0.00713963 0.37075839 0.04576312 0.32018561 0.01757361 0.02899552 0.03402690 0.15928747 0.01339907
9.70048502 5.33849851 0.00101996 0.00080465 0.00080454 0.00504255 0.37161392 0.04823457 0.32298039 0.01752513 0.03120161 0.02983363 0.15539944 0.01553963
9.80049002 5.32758089 0.00134430 0.00080360 0.00101711 0.00602820 0.37325857 0.04545282 0.32018496 0.01883833 0.03460048 0.02823299 0.15715240 0.01308624
9.90049502 5.32238515 0.00071205 0.00075545 0.00034134 0.00111056 0.36976681 0.05124814 0.32325350 0.01719499 0.03374674 0.03025434 0.16047750 0.01113858
10.00050003 5.31384883 0.00120140 0.00076868 0.00068388 0.00703153 0.36870916 0.05047058 0.31885171 0.01806713 0.03521071 0.02829008 0.16045974 0.01025540
10.10050503 5.30849670 0.00133153 0.00072300 0.00079392 0.00553835 0.37214432 0.05141311 0.31769565 0.01791324 0.03145220 0.03025657 0.15998483 0.01075328
10.20051003 5.29744818 0.00132026 0.00079313 0.00098570 0.00810667 0.36809841 0.04740192 0.31684573 0.01865877 0.03332640 0.02975443 0.16093633 0.01377226
10.30051503 5.29208418 0.00121508 0.00077944 0.00081739 0.00515634 0.36543869 0.04727881 0.32170839 0.02007143 0.03296325 0.02758774 0.16311023 0.01387320
10.40052003 5.28668862 0.00096903 0.00084639 0.00070653 0.00421673 0.37196754 0.04063049 0.32366412 0.01747036 0.03504122 0.02979506 0.16248073 0.01221180
10.50052503 5.27897698 0.00126273 0.00081337 0.00103253 0.00937691 0.36256497 0.04558576 0.33054693 0.01531329 0.03520930 0.02501032 0.16286543 0.01041846
10.60053003 5.27230624 0.00085190 0.00077641 0.00060162 0.00308395 0.36253484 0.04437582 0.33261613 0.01799392 0.03352667 0.02553799 0.16454595 0.01355480
10.70053503 5.26268349 0.00164141 0.00077727 0.00112822 0.00963693 0.36269325 0.03963974 0.32960098 0.01889825 0.03445336 0.02888877 0.16247514 0.01016667
10.80054003 5.25833235 0.00086302 0.00076811 0.00061840 0.00716207 0.36680853 0.04127618 0.32698179 0.01414209 0.03386733 0.03204925 0.16357423 0.01188899
10.90054503 5.24944484 0.00121433 0.00087616 0.00111313 0.00679418 0.36251723 0.03877794 0.32676242 0.01342180 0.04119289 0.03209885 0.16065131 0.01457977
11.00055003 5.24240448 0.00095738 0.00084000 0.00063892 0.00434278 0.36209699 0.04127687 0.33010099 0.01345005 0.04032120 0.03129058 0.16264082 0.01204344
11.10055503 5.23406757 0.00068753 0.00083273 0.00041472 0.00735070 0.37247040 0.03612055 0.33052508 0.01181604 0.03841230 0.03340132 0.15775949 0.01020914
11.20056003 5.22576077 0.00071133 0.00082454 0.00057714 0.00262170 0.36970157 0.03159192 0.32961421 0.01684829 0.04226487 0.03102143 0.15559480 0.01862820
11.30056503 5.22164102 0.00052236 0.00082960 0.00036828 0.00045661 0.37611186 0.03617115 0.32792194 0.01586798 0.03670755 0.02991607 0.16042906 0.01469756
11.40057003 5.21551246 0.00044842 0.00076756 0.00033251 0.00238261 0.37872429 0.03487558 0.32919459 0.01428725 0.03494708 0.03169026 0.16036648 0.01198338
11.50057503 5.21039979 0.00082498 0.00074531 0.00035958 0.00458617 0.37916995 0.03171398 0.33127355 0.02017219 0.03352344 0.02843861 0.15928775 0.00990449
11.60058003 5.20462753 0.00065888 0.00081046 0.00037456 0.00163067 0.38180048 0.03405208 0.32941887 0.01578861 0.03609438 0.02947829 0.15987582 0.01001692
11.70058503 5.19989799 0.00066211 0.00074346 0.00041801 0.00177067 0.37852448 0.03773158 0.33452374 0.01629867 0.03269703 0.02570429 0.15951129 0.01141467
11.80059003 5.19014762 0.00072133 0.00079005 0.00032002 0.00278533 0.37719794 0.03918802 0.33555156 0.01662406 0.03277472 0.02650776 0.15968573 0.00785349
11.90059503 5.18327236 0.00100350 0.00076357 0.00088952 0.00487757 0.37543470 0.03668419 0.33908835 0.01313316 0.03435945 0.02423483 0.15835393 0.01117723
12.00060003 5.17396797 0.00086359 0.00077228 0.00044795 0.00484582 0.37172473 0.03695045 0.33797652 0.01803887 0.03540344 0.02360353 0.16012303 0.00924978
12.10060503 5.16084252 0.00100902 0.00083531 0.00072571 0.00757175 0.36271339 0.03553302 0.33724307 0.01713405 0.04102296 0.02614693 0.16018527 0.00987951
12.20061003 5.15268360 0.00088542 0.00076669 0.00045271 0.00297898 0.36267451 0.04145850 0.33687708 0.01532093 0.04047165 0.03031022 0.15921006 0.00859324
12.30061503 5.14891358 0.00077816 0.00079761 0.00045321 0.00887096 0.36057054 0.03393999 0.33989065 0.01473101 0.04530858 0.02663529 0.15943261 0.00859140
12.40062003 5.14639384 0.00081116 0.00074128 0.00035845 0.00526392 0.36094930 0.03242401 0.33899380 0.01710126 0.04571848 0.02736180 0.16159713 0.00867940
12.50062503 5.13815519 0.00078737 0.00072446 0.00063098 0.00421078 0.36515651 0.03866186 0.33773917 0.01326817 0.04067523 0.03006558 0.15770464 0.01037525
12.60063003 5.12827707 0.00128317 0.00077666 0.00090613 0.00585233 0.36012362 0.03739075 0.33745410 0.01690373 0.04129934 0.03000338 0.15834629 0.00966050
12.70063503 5.11992387 0.00110739 0.00079599 0.00074241 0.00746922 0.36146980 0.03517535 0.33431677 0.01927119 0.04059077 0.03299150 0.15682667 0.00924294
12.80064003 5.11060921 0.00104649 0.00089280 0.00062652 0.00501437 0.36088307 0.03883760 0.33027029 0.01815648 0.04325322 0.03274067 0.15870063 0.00957786
12.90064503 5.10975060 0.00070463 0.00078045 0.00049854 0.00341097 0.35744918 0.04673238 0.32639210 0.01486349 0.04268574 0.03205467 0.16069253 0.01373531
13.00065003 5.10566614 0.00110943 0.00074096 0.00072176 0.00472360 0.35594313 0.04903089 0.32984144 0.01623502 0.04179360 0.02912644 0.15768087 0.01305284
13.10065503 5.09516396 0.00119505 0.00080265 0.00091529 0.00858740 0.35571319 0.04526968 0.33283864 0.01478612 0.03791367 0.03129170 0.15873186 0.01195476
13.20066003 5.08951935 0.00125484 0.00076713 0.00072070 0.01040355 0.35388021 0.04432772 0.33703119 0.01714206 0.03749340 0.02978820 0.15682807 0.01036294
13.30066503 5.07929900 0.00132944 0.00082802 0.00078434 0.01247550 0.35514134 0.03886624 0.33538219 0.02164313 0.03658128 0.02968708 0.15606717 0.01121427
13.40067003 5.06999854 0.00105109 0.00088232 0.00050928 0.00376727 0.35599396 0.04468802 0.33387963 0.02074765 0.04056217 0.02811165 0.15868191 0.01112504
13.50067503 5.06207411 0.00060462 0.00093532 0.00024905 0.00232509 0.36109944 0.04494193 0.33171066 0.01686706 0.04014327 0.02755826 0.16211132 0.01145400
13.60068003 5.05609904 0.00081155 0.00093960 0.00045680 0.00456019 0.36387635 0.04126909 0.33108825 0.01620960 0.03853618 0.02519912 0.16755961 0.00949366
13.70068503 5.04885060 0.00060383 0.00093204 0.00007844 0.00026692 0.36594114 0.04069749 0.33327930 0.01879929 0.04221486 0.02231055 0.16563266 0.00924348
13.80069003 5.04332065 0.00063428 0.00085203 0.00011141 0.00042834 0.36562446 0.03939157 0.33236860 0.01780987 0.04392241 0.02646759 0.16323251 0.00915694
13.90069503 5.04214543 0.00084186 0.00075277 0.00062694 0.00523117 0.36600736 0.03740286 0.33235568 0.01261136 0.04281680 0.02825129 0.16206739 0.01103451
14.00070004 5.03555396 0.00095060 0.00078677 0.00066864 0.00502987 0.36544229 0.03891873 0.33021738 0.01710274 0.04489865 0.02383732 0.16065491 0.01149211
14.10070504 5.02861756 0.00104831 0.00076713 0.00073345 0.00671676 0.36755071 0.03607254 0.32479369 0.01896059 0.04455438 0.02128065 0.16433409 0.01318769
14.20071004 5.02449548 0.00103092 0.00073495 0.00081469 0.00674198 0.37555453 0.03998212 0.32666509 0.01417730 0.04047301 0.02129257 0.16057243 0.01196042
14.30071504 5.01540983 0.00071314 0.00074557 0.00033105 0.00206732 0.37582537 0.04144277 0.32553615 0.01581333 0.03867588 0.02862784 0.16121704 0.00900454
14.40072004 5.01175906 0.00081559 0.00073840 0.00064166 0.00452279 0.37553209 0.04344119 0.32538125 0.01243424 0.03939214 0.02321134 0.16295612 0.01093319
14.50072504 5.00428813 0.00061618 0.00074297 0.00028531 0.00242985 0.36926038 0.04306710 0.32836513 0.01502385 0.03957411 0.02555718 0.16205741 0.01302054
14.60073004 4.99681116 0.00076362 0.00078156 0.00048539 0.00181310 0.36593596 0.04266476 0.32985454 0.01699272 0.04175899 0.02573870 0.16166895 0.01154172
14.70073504 4.99205484 0.00056911 0.00071495 0.00022434 0.00041124 0.36552522 0.04127848 0.33475819 0.01743987 0.04049498 0.02796566 0.16050666 0.01011130
14.80074004 4.98342935 0.00084902 0.00081744 0.00057952 0.00400415 0.36061238 0.03940463 0.32862202 0.01859162 0.03891347 0.02941658 0.16503468 0.01315448
14.90074504 4.97358724 0.00085458 0.00074034 0.00051199 0.00425963 0.36381697 0.04248428 0.32806620 0.01591053 0.03648664 0.03301424 0.16488985 0.00896475
15.00075004 4.96367838 0.00113752 0.00077493 0.00071415 0.00692271 0.36501365 0.03751748 0.32494230 0.02042044 0.03887968 0.03176827 0.16238944 0.00951942
15.10075504 4.95905692 0.00099920 0.00078675 0.00055083 0.00615747 0.36646670 0.03404267 0.32939199 0.01538468 0.04135570 0.03272314 0.16199885 0.01014202
15.20076004 4.95487129 0.00051858 0.00076651 0.00032993 0.00216110 0.37422036 0.03262001 0.32694722 0.01378975 0.04246547 0.03117684 0.16160043 0.01340380
15.30076504 4.95294650 0.00119413 0.00072302 0.00109706 0.00730739 0.37266660 0.03624483 0.32769176 0.01224986 0.03904330 0.02593919 0.16387532 0.01196754
15.40077004 4.94891165 0.00041259 0.00071188 0.00031472 0.00248816 0.37584721 0.03745083 0.32782185 0.01213101 0.03684530 0.02966299 0.16477375 0.01153970
15.50077504 4.94525515 0.00043999 0.00067987 0.00028501 0.00028357 0.36904557 0.04573605 0.33113483 0.01157915 0.03567252 0.02591666 0.16746722 0.01175958
15.60078004 4.93190265 0.00124910 0.00069352 0.00089336 0.01021185 0.36622206 0.04033564 0.32685328 0.01871127 0.02835727 0.02929941 0.16587387 0.01129938
15.70078504 4.92741940 0.00095066 0.00085164 0.00071117 0.00517450 0.37142810 0.03865290 0.32692873 0.01653664 0.03343244 0.02294661 0.16935909 0.01302752
15.80079004 4.92033206 0.00119912 0.00081004 0.00076984 0.00601165 0.37276095 0.04045592 0.32773284 0.01605127 0.03098150 0.02052359 0.17171467 0.01098860
15.90079504 4.91433006 0.00113658 0.00080490 0.00096734 0.00747552 0.37219105 0.03732567 0.33203514 0.01374446 0.03414661 0.02144458 0.16882230 0.00990584
16.00080004 4.90358545 0.00059088 0.00081513 0.00027844 0.00214908 0.37002514 0.04236957 0.33735694 0.01331275 0.03782421 0.01830975 0.16597857 0.01098953
16.10080504 4.89963692 0.00050737 0.00080547 0.00023464 0.00340968 0.36958044 0.03731619 0.34059505 0.01340285 0.03924578 0.01754043 0.16777325 0.00958883
16.20081004 4.89485632 0.00064811 0.00087127 0.00035527 0.00449745 0.36940189 0.03343811 0.33658864 0.01231357 0.03992047 0.01983224 0.17121773 0.01091525
16.30081504 4.89192866 0.00100328 0.00078127 0.00076198 0.00587402 0.37253771 0.03037713 0.33667099 0.01114767 0.03870028 0.01738209 0.17330975 0.01145383
16.40082004 4.87880758 0.00117266 0.00081836 0.00077648 0.00617225 0.37043722 0.02692654 0.33735350 0.01483924 0.03870245 0.01948960 0.17468845 0.00862322
16.50082504 4.86762316 0.00110549 0.00093682 0.00086987 0.00916782 0.36818532 0.02801499 0.33543654 0.01306664 0.04180857 0.02014499 0.17363275 0.00763019
16.60083004 4.85876092 0.00083543 0.00083668 0.00068105 0.00717182 0.37702158 0.03168976 0.33617193 0.00975598 0.03813671 0.02020586 0.16983310 0.00766010
16.70083504 4.85248059 0.00091638 0.00082515 0.00068571 0.00970509 0.37479050 0.03187950 0.33631410 0.01072030 0.03778022 0.02042260 0.16829003 0.00767043
16.80084004 4.84003143 0.00054491 0.00087089 0.00065172 0.00282753 0.37111435 0.03124821 0.33867660 0.01029052 0.04154784 0.02169042 0.16579032 0.01474669
16.90084504 4.83415236 0.00079499 0.00076093 0.00063712 0.00759852 0.37037240 0.03054367 0.34006564 0.01563355 0.03638183 0.02033342 0.16641920 0.01045873
17.00085004 4.82520416 0.00084029 0.00079395 0.00065177 0.00631699 0.36730160 0.03531049 0.34265834 0.01081025 0.03611152 0.02062307 0.17113459 0.00744715
17.10085504 4.81972136 0.00079758 0.00079453 0.00038313 0.00473108 0.36340562 0.03998796 0.34089281 0.01201451 0.03637777 0.02051805 0.17252928 0.00756768
17.20086004 4.81322046 0.00076760 0.00084153 0.00043763 0.00315170 0.36737330 0.03509528 0.33568995 0.01360708 0.03970634 0.01946311 0.17438887 0.00947760
17.30086504 4.80988155 0.00102248 0.00078158 0.00084235 0.00523387 0.36806437 0.03251037 0.33618249 0.01311769 0.03757238 0.01814281 0.17539919 0.01113044
17.40087004 4.80720171 0.00059350 0.00072790 0.00043024 0.00264398 0.36769748 0.03496403 0.34380461 0.01090209 0.03734724 0.01873470 0.17242277 0.00973146
17.50087504 4.80056049 0.00083570 0.00071400 0.00061126 0.00611121 0.36430866 0.03482116 0.34254030 0.01006010 0.03675138 0.02301988 0.17168567 0.00854068
17.60088004 4.79342808 0.00096049 0.00075909 0.00076836 0.00667455 0.36482538 0.03419653 0.34036278 0.01119342 0.03355096 0.02251595 0.17450180 0.00969070
17.70088504 4.78811929 0.00059261 0.00077480 0.00058027 0.00283802 0.36017135 0.03391973 0.33771972 0.01152190 0.03342127 0.03085646 0.17391286 0.01369100
17.80089004 4.78279635 0.00106937 0.00076798 0.00097204 0.00669806 0.36227279 0.03540788 0.33535623 0.01057830 0.03517527 0.02835645 0.17242773 0.01091791
17.90089504 4.78049520 0.00100744 0.00071261 0.00071702 0.00632108 0.36502441 0.03664553 0.33548048 0.01278752 0.03468555 0.02588665 0.17209696 0.00863475
18.00090005 4.77540900 0.00068589 0.00068009 0.00046879 0.00187541 0.36437328 0.03469260 0.33670954 0.01307219 0.03569494 0.02899547 0.17054214 0.01220965
18.10090505 4.76747313 0.00084661 0.00067970 0.00061657 0.00633947 0.36438459 0.03864875 0.33201695 0.01423771 0.03621109 0.02608755 0.16870766 0.01122333
18.20091005 4.76424220 0.00069346 0.00069706 0.00034646 0.00197610 0.36607407 0.03908157 0.33448363 0.01480134 0.03604122 0.02631953 0.16870402 0.01078153
18.30091505 4.75741222 0.00062762 0.00085524 0.00033420 0.00352093 0.36759261 0.03757238 0.33430683 0.01201211 0.04228452 0.02421326 0.16896079 0.00771950
18.40092005 4.74877962 0.00079819 0.00085220 0.00052749 0.00609442 0.36482484 0.03494220 0.33756853 0.01254363 0.04112283 0.02291269 0.16963159 0.00818138
18.50092505 4.74668838 0.00047025 0.00081784 0.00032896 0.00216831 0.36861773 0.03277629 0.33647775 0.01155454 0.04177783 0.02084966 0.17430886 0.00985199
18.60093005 4.74225590 0.00083726 0.00086453 0.00032437 0.00480046 0.37056799 0.02550223 0.33663654 0.01408894 0.03833863 0.02223239 0.17759231 0.00821436
18.70093505 4.73217573 0.00093240 0.00077888 0.00068502 0.00697021 0.37426052 0.02351039 0.33535768 0.01293484 0.03793225 0.02450070 0.17367067 0.00846643
18.80094005 4.72617078 0.00120669 0.00074131 0.00101975 0.01088675 0.37026096 0.02296147 0.33672395 0.01345430 0.03612775 0.02484968 0.17414602 0.00762135
18.90094505 4.71994832 0.00097999 0.00071923 0.00072990 0.00768498 0.36791611 0.02752300 0.33606382 0.01373365 0.03633792 0.03005175 0.17096293 0.00729673
19.00095005 4.71224834 0.00065045 0.00073732 0.00028338 0.00174815 0.36603704 0.02917559 0.34190561 0.01557605 0.03874928 0.02733140 0.16857074 0.00923497
19.10095505 4.70560414 0.00092246 0.00074350 0.00047829 0.00354419 0.37016389 0.02985068 0.33501992 0.01732843 0.04011411 0.02511157 0.16795859 0.00876438
19.20096005 4.70052759 0.00057822 0.00077314 0.00034807 0.00263733 0.37096699 0.03097053 0.33542844 0.01515898 0.03637151 0.02523376 0.17245992 0.00907312
19.30096505 4.69253488 0.00046481 0.00084969 0.00020296 0.00041103 0.37415030 0.03229432 0.33146925 0.01383735 0.03968957 0.02101465 0.17784118 0.00777488
19.40097005 4.68779264 0.00047291 0.00082271 0.00010630 0.00228336 0.37795135 0.02780886 0.33736941 0.01243208 0.03961238 0.01902696 0.17624414 0.00586953
19.50097505 4.68209379 0.00068970 0.00084811 0.00060070 0.00318101 0.37616199 0.02903605 0.33165442 0.01300317 0.04189850 0.01604609 0.17543697 0.01144329
19.60098005 4.67653554 0.00087787 0.00080196 0.00091320 0.00630514 0.38051596 0.02629613 0.33544274 0.01071111 0.04199904 0.01671636 0.16924030 0.01018020
19.70098505 4.67429013 0.00107489 0.00076607 0.00086662 0.00547198 0.38041031 0.02452447 0.33514417 0.01226633 0.04344238 0.02214446 0.16623707 0.00765126
19.80099005 4.66373819 0.00075418 0.00077476 0.00055196 0.00308311 0.38152389 0.02798899 0.33596028 0.00988921 0.04302843 0.02297741 0.16671264 0.00675515
19.90099505 4.65068536 0.00061703 0.00079148 0.00039138 0.00512151 0.37896365 0.02555287 0.34172530 0.01145936 0.04080009 0.02232014 0.16571948 0.00653771
20.00100005 4.64304322 0.00043457 0.00077991 0.00022524 0.00227925 0.37712687 0.02467536 0.34801420 0.01057878 0.03957065 0.02228036 0.16650837 0.00752644
20.10100505 4.63352149 0.00061993 0.00089456 0.00053550 0.00312690 0.37916222 0.01759799 0.34703609 0.00903246 0.04361600 0.02077676 0.16929114 0.00831045
20.20101005 4.62665268 0.00066169 0.00077438 0.00053166 0.00745455 0.38452796 0.02185807 0.34191347 0.00957445 0.03839969 0.01992259 0.16838450 0.00599699
20.30101505 4.62225974 0.00049251 0.00078575 0.00038387 0.00158842 0.38247528 0.02934905 0.34210416 0.00666822 0.03848203 0.01657448 0.17215279 0.00894344
20.40102005 4.61526112 0.00065134 0.00072379 0.00059408 0.00350278 0.37834181 0.03080959 0.34832606 0.00692796 0.03520119 0.01844031 0.16740716 0.00907395
20.50102505 4.60958662 0.00064345 0.00073823 0.00032423 0.00284500 0.37509384 0.02950450 0.34685623 0.01206211 0.03574852 0.01835171 0.16956318 0.00826900
20.60103005 4.60236585 0.00078289 0.00073156 0.00043100 0.00284406 0.37571416 0.03084898 0.34155443 0.01577281 0.03420027 0.01809256 0.17179959 0.00722770
20.70103505 4.59238085 0.00058798 0.00090510 0.00049413 0.00174624 0.36695689 0.02916941 0.33681317 0.01276467 0.03858114 0.02251522 0.18074370 0.00872234
20.80104005 4.58344493 0.00092751 0.00077960 0.00074224 0.00566558 0.36826735 0.03108491 0.33860579 0.01155069 0.03492518 0.02490632 0.17342209 0.00912275
20.90104505 4.57642183 0.00071951 0.00086287 0.00049537 0.00362533 0.37114710 0.03070755 0.34078362 0.01108482 0.04107023 0.02177793 0.16813617 0.00958950
21.00105005 4.57415081 0.00068060 0.00071459 0.00032910 0.00172288 0.37908892 0.03250410 0.34122616 0.01249489 0.03809447 0.02147666 0.16487585 0.00679179
21.10105505 4.56640481 0.00070926 0.00072355 0.00036195 0.00295144 0.38072448 0.03025611 0.34207870 0.01299236 0.03943533 0.02140541 0.16103795 0.00732347
21.20106005 4.55772705 0.00072983 0.00070484 0.00031582 0.00359801 0.37633408 0.03012467 0.34616806 0.01456739 0.03867200 0.02035527 0.16212102 0.00630901
21.30106505 4.54781390 0.00076277 0.00076836 0.00038682 0.00337338 0.36791600 0.03313241 0.34935890 0.01310559 0.04464720 0.02099201 0.15930954 0.00624703
21.40107005 4.54219676 0.00052532 0.00070823 0.00023702 0.00118480 0.36704699 0.03438696 0.34925475 0.01279584 0.04109383 0.02356351 0.15989619 0.00930655
21.50107505 4.53564455 0.00068020 0.00076577 0.00029455 0.00188308 0.37093874 0.03153261 0.34950180 0.01270259 0.04083193 0.01939066 0.16396175 0.00751632
21.60108005 4.52802089 0.00042455 0.00081632 0.00023803 0.00151486 0.37020298 0.02737484 0.34956278 0.01166868 0.04469349 0.02013422 0.16472443 0.00864483
21.70108505 4.51772878 0.00064409 0.00075534 0.00042223 0.00288304 0.36923805 0.02588508 0.35134127 0.01072682 0.04252050 0.02263742 0.16614485 0.00680132
21.80109005 4.50955612 0.00113369 0.00079514 0.00090186 0.00653588 0.36419581 0.02266249 0.34819169 0.01172665 0.04759843 0.02519424 0.16321892 0.00784519
21.90109505 4.49794174 0.00147610 0.00069801 0.00124661 0.01020758 0.36007964 0.02164974 0.34893246 0.01410382 0.04623975 0.02717608 0.16005014 0.00814008
22.00110006 4.49491437 0.00045343 0.00077329 0.00025008 0.00043506 0.36634821 0.02439857 0.35138657 0.01518419 0.04487597 0.02361406 0.16261597 0.00966460
22.10110506 4.48283869 0.00060458 0.00074672 0.00038000 0.00181169 0.35755397 0.02569450 0.35536103 0.01281593 0.04487967 0.03106901 0.16145861 0.00762430
22.20111006 4.47311658 0.00048050 0.00078120 0.00017964 0.00158139 0.36221378 0.02095826 0.35558451 0.01417589 0.04387736 0.03016399 0.16354316 0.00646034
22.30111506 4.46238434 0.00049899 0.00071825 0.00030376 0.00431859 0.35739666 0.02257573 0.35678094 0.01489923 0.04578969 0.02898790 0.16131446 0.00641579
22.40112006 4.45645017 0.00056342 0.00073569 0.00021732 0.00137114 0.35729815 0.02317002 0.35532533 0.01770104 0.04572132 0.02714002 0.16491951 0.00583704
22.50112506 4.44882939 0.00092852 0.00071192 0.00081246 0.00533045 0.35221792 0.02493421 0.35627618 0.01613749 0.04091730 0.02790744 0.16387667 0.00994943
22.60113006 4.44579610 0.00090083 0.00071957 0.00070312 0.00342861 0.35238440 0.02333927 0.35612460 0.01661548 0.03610526 0.03330144 0.16666618 0.00971126
22.70113506 4.44071929 0.00098190 0.00066075 0.00065061 0.00584429 0.35157480 0.02393278 0.35662833 0.02144105 0.03330700 0.03333349 0.16382912 0.00781588
22.80114006 4.42821511 0.00086205 0.00072194 0.00044808 0.00301246 0.35089875 0.02724467 0.36496133 0.01944140 0.02988014 0.03431851 0.16153784 0.00667283
22.90114506 4.41957759 0.00133779 0.00067407 0.00084505 0.00600792 0.35044439 0.03058755 0.35841024 0.02379567 0.03279378 0.03082534 0.15567752 0.00860067
23.00115006 4.41558728 0.00086841 0.00066851 0.00038496 0.00289911 0.35471443 0.03419568 0.35971404 0.02109532 0.03275113 0.02687954 0.15815189 0.00767697
23.10115506 4.41059081 0.00078688 0.00067316 0.00037407 0.00347345 0.35817577 0.03380864 0.35964402 0.01969979 0.03289927 0.02381842 0.16060778 0.00603874
23.20116006 4.40409959 0.00084141 0.00067314 0.00063719 0.00412516 0.35877016 0.03388081 0.36142738 0.01626886 0.03275717 0.02378730 0.15837215 0.00845927
23.30116506 4.39583349 0.00098892 0.00067256 0.00059823 0.00656378 0.35881296 0.03122049 0.35694954 0.01917740 0.03454796 0.02325120 0.15901698 0.00819998
23.40117006 4.39292109 0.00062406 0.00069673 0.00038453 0.00263000 0.35690253 0.03310047 0.35835854 0.01684966 0.03791547 0.02306322 0.16012672 0.00934807
23.50117506 4.38625696 0.00077034 0.00068674 0.00046281 0.00264977 0.35330777 0.02931715 0.35602612 0.01617704 0.03884010 0.02695694 0.16513927 0.00966594
23.60118006 4.37934364 0.00103959 0.00065183 0.00049044 0.00506015 0.34935665 0.02863555 0.35191501 0.01975262 0.03872946 0.03330237 0.16334704 0.00771928
23.70118506 4.37224658 0.00066881 0.00068469 0.00019523 0.00163711 0.35409662 0.03167358 0.34937617 0.01819936 0.03884007 0.03331861 0.16300245 0.00830729
23.80119006 4.36680558 0.00057308 0.00072101 0.00024958 0.00054200 0.34890288 0.03036270 0.35003047 0.01859839 0.03900673 0.03358007 0.16533891 0.01209418
23.90119506 4.36203529 0.00124751 0.00068954 0.00089576 0.00582631 0.35232069 0.03050218 0.34865328 0.01711129 0.03910156 0.03102434 0.16323493 0.00939261
24.00120006 4.35625452 0.00091105 0.00069423 0.00034572 0.00207124 0.34920682 0.03186007 0.35312713 0.02214114 0.04076991 0.02774692 0.16220191 0.00892385
24.10120506 4.34951877 0.00113448 0.00064476 0.00094451 0.00808792 0.34745488 0.03150839 0.35397371 0.01538962 0.03704722 0.03345656 0.16087943 0.00947853
24.20121006 4.34010653 0.00098698 0.00066539 0.00085968 0.00705898 0.34325487 0.03800731 0.35522023 0.01422245 0.03530456 0.02985295 0.16155495 0.01301164
24.30121506 4.33062282 0.00100253 0.00074533 0.00076865 0.00537207 0.33551331 0.04245789 0.35266260 0.01658798 0.03979414 0.03332082 0.15928462 0.01249006
24.40122006 4.32762874 0.00081632 0.00075174 0.00040418 0.00187943 0.33536700 0.04295598 0.35724968 0.01747278 0.03764232 0.02923739 0.16498926 0.01123393
24.50122506 4.31856197 0.00098283 0.00074754 0.00061409 0.00427615 0.33621282 0.04206914 0.35622561 0.01902481 0.03562690 0.02950232 0.16318713 0.01153067
24.60123006 4.31202706 0.00059528 0.00077344 0.00024459 0.00245641 0.33568029 0.04699967 0.35618722 0.01714422 0.03659693 0.02706406 0.16476212 0.01149576
24.70123506 4.30688823 0.00079822 0.00072318 0.00060562 0.00309810 0.34590704 0.04545349 0.35332729 0.01729636 0.03421631 0.02634117 0.15982619 0.01240704
24.80124006 4.30035685 0.00099761 0.00064555 0.00077043 0.00595287 0.34924312 0.04328207 0.34899729 0.01784237 0.03334783 0.02510372 0.15776621 0.01605094
24.90124506 4.29407121 0.00130843 0.00068498 0.00105004 0.00751709 0.34690154 0.04251971 0.35047427 0.01448593 0.03821423 0.02406331 0.15972498 0.01305551
25.00125006 4.28994117 0.00090008 0.00062386 0.00047488 0.00321925 0.34843209 0.04273358 0.35057100 0.01541802 0.03630952 0.02649616 0.16406352 0.01075804
25.10125506 4.28377355 0.00083132 0.00068322 0.00057255 0.00341934 0.34699863 0.04053134 0.34854219 0.01350909 0.03851723 0.03229960 0.16325874 0.01083675
25.20126006 4.27897333 0.00097062 0.00067254 0.00048252 0.00695517 0.35162911 0.03597978 0.34441490 0.01696782 0.03707018 0.03044274 0.16421328 0.01020134
25.30126506 4.27072917 0.00137593 0.00071401 0.00115264 0.01185095 0.35019864 0.03497644 0.34443349 0.01494786 0.03781150 0.02621051 0.16484235 0.01148567
25.40127006 4.26441154 0.00102139 0.00080867 0.00076935 0.00451848 0.35314035 0.03525206 0.34251676 0.01599020 0.04240097 0.02456053 0.16713325 0.01188798
25.50127506 4.25884473 0.00120480 0.00077776 0.00103881 0.00809064 0.35515850 0.03609697 0.33975127 0.01380641 0.04347092 0.02299573 0.16684155 0.01076665
25.60128006 4.25410429 0.00082937 0.00072961 0.00072930 0.00432906 0.35442418 0.03749734 0.34185712 0.01296456 0.04354315 0.02245482 0.16944594 0.01119554
25.70128506 4.24586334 0.00093798 0.00079338 0.00062719 0.00886613 0.34897701 0.03415138 0.34224114 0.01392194 0.04408042 0.02714760 0.16790805 0.01034778
