0.00000000 9.00000000 0.00000000 0.00000000 0.00000000 0.00000000 0.00000000 0.00000000 0.00000000 1.00000000 0.00000000 0.00000000 0.00000000 0.00000000
0.10000500 9.00310141 0.01608264 0.00098207 0.00398796 0.07147500 0.10699918 0.13241451 0.01838516 0.48253757 0.06594779 0.07022587 0.00768579 0.02327644
0.20001000 9.00174060 0.00653053 0.00090011 0.00271624 0.04148238 0.16132536 0.19566859 0.04567315 0.28299078 0.07200518 0.13386229 0.02409620 0.03274919
0.30001500 9.00032473 0.00369014 0.00087354 0.00150754 0.02052465 0.18749689 0.19913580 0.05844889 0.20458405 0.07855505 0.16036103 0.04262564 0.04219679
0.40002000 8.99768001 0.00338616 0.00076296 0.00143937 0.01898120 0.19373860 0.21045332 0.06933117 0.15813575 0.08279761 0.16913890 0.05336966 0.03846529
0.50002500 8.99188920 0.00358236 0.00077503 0.00189356 0.02534854 0.19881955 0.20859673 0.07877777 0.12910398 0.09106560 0.17433307 0.04856205 0.03914176
0.60003000 8.98456077 0.00316240 0.00076399 0.00171234 0.01982996 0.20846973 0.20261314 0.09487541 0.10901441 0.07927496 0.17654780 0.05461592 0.04911995
0.70003500 8.97949971 0.00313586 0.00080170 0.00192137 0.02120030 0.21995714 0.18351959 0.10043898 0.09476137 0.08188180 0.17817539 0.06292038 0.05128613
0.80004000 8.97509153 0.00317896 0.00081969 0.00214257 0.02700785 0.22007386 0.18559147 0.11031365 0.07801654 0.09441487 0.16713529 0.06637793 0.04492733
0.90004500 8.97085213 0.00231788 0.00073075 0.00158868 0.01496726 0.22966849 0.17959822 0.11925366 0.07154623 0.08240008 0.17023690 0.07594702 0.05174482
1.00005000 8.96768020 0.00229435 0.00080146 0.00159572 0.01760024 0.24428909 0.17350549 0.13250592 0.05998752 0.08025399 0.15233152 0.08414953 0.05068516
1.10005500 8.96372751 0.00237502 0.00079394 0.00170674 0.02691984 0.25091164 0.17060566 0.14234064 0.05115406 0.08610302 0.13564237 0.08785075 0.04359631
1.20006000 8.95875011 0.00211763 0.00076525 0.00127223 0.02040929 0.26239373 0.16982614 0.15670471 0.05268002 0.08565628 0.12080775 0.08648003 0.04088694
1.30006500 8.95718771 0.00227365 0.00080351 0.00137246 0.01568827 0.27430924 0.16646669 0.16198972 0.05462338 0.08485787 0.11010599 0.08803966 0.03946955
1.40007000 8.95395623 0.00206528 0.00077849 0.00111783 0.01505521 0.28492656 0.16125041 0.16505426 0.05619077 0.08656100 0.09879291 0.09067969 0.03752759
1.50007500 8.94863083 0.00194704 0.00080903 0.00101469 0.01071862 0.30201796 0.16174026 0.16867953 0.05140286 0.09033064 0.08549586 0.09016284 0.03568067
1.60008000 8.94096736 0.00249414 0.00073929 0.00171524 0.02514903 0.30963697 0.15519033 0.17277483 0.04624067 0.08470171 0.08058197 0.09014720 0.03062862
1.70008500 8.93421102 0.00224042 0.00078635 0.00144045 0.01992880 0.31232445 0.15551858 0.17692727 0.04831432 0.07929747 0.07464555 0.09266447 0.03591188
1.80009000 8.92280887 0.00230552 0.00074177 0.00150563 0.02152489 0.33045426 0.13702197 0.18551034 0.04561897 0.07068100 0.07837377 0.09461263 0.03164925
1.90009500 8.92057603 0.00236458 0.00064846 0.00145639 0.02072485 0.33833826 0.13819850 0.19170762 0.04978802 0.06745664 0.06526314 0.09384901 0.03020451
2.00010001 8.91538883 0.00189964 0.00076062 0.00100071 0.01575890 0.34829049 0.13460934 0.19512445 0.04219027 0.07508203 0.06358778 0.09674241 0.02495337
2.10010501 8.91533975 0.00141428 0.00080832 0.00077879 0.00652845 0.35176556 0.12611514 0.20089857 0.03959953 0.08026320 0.05771823 0.10626435 0.02784558
2.20011001 8.91251163 0.00131776 0.00071179 0.00066898 0.00667235 0.35995158 0.12470766 0.21010575 0.03661503 0.07460819 0.05477377 0.10462269 0.02524445
2.30011501 8.90666704 0.00118215 0.00073816 0.00043284 0.00417008 0.36461637 0.11516906 0.22217815 0.03390226 0.06753762 0.05894853 0.11092969 0.02019508
2.40012001 8.90215487 0.00110895 0.00066365 0.00083949 0.00648038 0.37376242 0.10685721 0.22410699 0.03076778 0.06246960 0.05568404 0.10699734 0.03026215
2.50012501 8.89873086 0.00130124 0.00068608 0.00085624 0.00754418 0.38160641 0.10206090 0.22416798 0.02972451 0.06285406 0.05181473 0.11068548 0.02669820
2.60013001 8.89849557 0.00118474 0.00065078 0.00087158 0.00980841 0.39290313 0.09164820 0.22783676 0.02537876 0.05660795 0.05228159 0.11600137 0.02482670
2.70013501 8.89118244 0.00116705 0.00059861 0.00094498 0.01184254 0.39271899 0.09507073 0.23624743 0.02118976 0.04829041 0.04627002 0.12014455 0.02551492
2.80014001 8.88386029 0.00126593 0.00067990 0.00100947 0.01207793 0.39306162 0.08770531 0.24321321 0.02059049 0.04488547 0.04619628 0.12615981 0.02315459
2.90014501 8.87339765 0.00097291 0.00060211 0.00067961 0.00767770 0.39322977 0.09600598 0.24490061 0.02117196 0.04266061 0.04655750 0.12260691 0.02293435
3.00015001 8.86795094 0.00150766 0.00058660 0.00105395 0.01309475 0.39385263 0.08935693 0.25033634 0.02433320 0.04593972 0.03991755 0.11928471 0.02073596
3.10015501 8.86115974 0.00082189 0.00055083 0.00052016 0.00231669 0.39672607 0.09600126 0.24886073 0.02299810 0.04456768 0.03915572 0.12329469 0.02418619
3.20016001 8.85641670 0.00079961 0.00054766 0.00053201 0.00407761 0.39660235 0.09077427 0.25008858 0.02201260 0.04924304 0.03866893 0.12351837 0.02313498
3.30016501 8.84848893 0.00089184 0.00053936 0.00068945 0.00701954 0.40784958 0.08565211 0.25006774 0.01745520 0.04972723 0.03459722 0.12381608 0.02169464
3.40017001 8.84092585 0.00101075 0.00064869 0.00071128 0.00895627 0.40433885 0.08746571 0.25231370 0.01733007 0.04965197 0.02799094 0.13304680 0.01653497
3.50017501 8.83668310 0.00107289 0.00061994 0.00071143 0.01008888 0.40134522 0.09027270 0.24951538 0.01839924 0.05037755 0.02621190 0.13614191 0.01524295
3.60018001 8.82960291 0.00095629 0.00058678 0.00084921 0.00811566 0.40890903 0.07823040 0.25138788 0.01925720 0.04890660 0.02524071 0.13220970 0.02535052
3.70018501 8.82416749 0.00071714 0.00055621 0.00050609 0.00408691 0.40863077 0.08363703 0.25659018 0.01757630 0.04512327 0.02914662 0.13309957 0.02032991
3.80019001 8.81686588 0.00105742 0.00061635 0.00088552 0.01131739 0.40936572 0.07792697 0.25394687 0.01538991 0.04675581 0.02884311 0.13531524 0.01857969
3.90019501 8.81390282 0.00093420 0.00056835 0.00075320 0.01237651 0.40584287 0.08080999 0.26061753 0.01265254 0.04720121 0.02993196 0.13377004 0.01454160
4.00020001 8.80604349 0.00076190 0.00061533 0.00054345 0.00745422 0.40405560 0.07641639 0.27070610 0.01539346 0.05002706 0.02658259 0.13459591 0.01284799
4.10020501 8.80243967 0.00081593 0.00058888 0.00060054 0.00866653 0.40653119 0.07773905 0.27250845 0.01121849 0.04569909 0.02507370 0.13867239 0.01188576
4.20021001 8.79907953 0.00062114 0.00059692 0.00051102 0.00481789 0.40865608 0.06995948 0.27088942 0.01417541 0.04579126 0.02459976 0.14206632 0.01731531
4.30021501 8.79532984 0.00078538 0.00057780 0.00052401 0.00629494 0.41269048 0.06673968 0.26887229 0.01435893 0.04295694 0.02619671 0.14490251 0.01510036
4.40022001 8.79236454 0.00055883 0.00059624 0.00031504 0.00387384 0.41157206 0.06831313 0.26942933 0.01300652 0.03825805 0.02637606 0.15214433 0.01555657
4.50022501 8.78611702 0.00074475 0.00067682 0.00049939 0.00635849 0.41060165 0.06348585 0.26900079 0.01377766 0.04287809 0.02500895 0.15284265 0.01412491
4.60023001 8.78168390 0.00070844 0.00064532 0.00051827 0.00575455 0.41208188 0.06357288 0.27134670 0.01370416 0.03886021 0.02272785 0.15506589 0.01501385
4.70023501 8.77302847 0.00060217 0.00059309 0.00045094 0.00525560 0.40691783 0.07187284 0.27254421 0.01057339 0.03750112 0.02432924 0.15444376 0.01491583
4.80024001 8.76869138 0.00048071 0.00058648 0.00029322 0.00210652 0.40470997 0.07214661 0.27640930 0.01221372 0.04014534 0.02479723 0.15214892 0.01396199
4.90024501 8.76297198 0.00093097 0.00055637 0.00059732 0.00857586 0.40380365 0.05917015 0.28192247 0.01604862 0.03632619 0.02630727 0.15339132 0.01236980
5.00025001 8.75911251 0.00074832 0.00055456 0.00036554 0.00367078 0.40178782 0.05494485 0.28456365 0.01859648 0.03956626 0.02795380 0.15352770 0.01372024
5.10025501 8.74700617 0.00078444 0.00057218 0.00055089 0.00914490 0.40330490 0.04676953 0.28175280 0.01970048 0.04012221 0.03100185 0.15224790 0.01404791
5.20026001 8.73883923 0.00082659 0.00058090 0.00050795 0.01035703 0.40736675 0.05432005 0.27846822 0.01850142 0.03475614 0.02702147 0.15882799 0.00846550
5.30026501 8.73189009 0.00089422 0.00056981 0.00072930 0.01019236 0.41042713 0.05402785 0.27628821 0.01551394 0.03344242 0.02622835 0.15927244 0.01241398
5.40027001 8.72593855 0.00070689 0.00056891 0.00056799 0.00688659 0.41285953 0.05638356 0.27380863 0.01396486 0.03377594 0.03172852 0.15698698 0.01176160
5.50027501 8.71886159 0.00060339 0.00054508 0.00035450 0.00529913 0.41036686 0.05536456 0.28346890 0.01529823 0.02838375 0.03207720 0.15723542 0.01100301
5.60028001 8.70793159 0.00069373 0.00055783 0.00048961 0.00700747 0.40617480 0.04924173 0.29014748 0.01294808 0.02797443 0.03565504 0.15714547 0.01196434
5.70028501 8.70294021 0.00081274 0.00057812 0.00066609 0.01085928 0.40334934 0.04439486 0.28916950 0.01387768 0.03123994 0.03233638 0.15766309 0.01505298
5.80029001 8.69347334 0.00067591 0.00064742 0.00052524 0.00870630 0.40966433 0.04046501 0.28941690 0.01164883 0.03137068 0.02961860 0.16490067 0.01236011
5.90029501 8.68631126 0.00070838 0.00061083 0.00056952 0.00928781 0.40467890 0.03539869 0.28957862 0.01271704 0.03568161 0.03463295 0.16345004 0.01268560
6.00030002 8.68133614 0.00043460 0.00066106 0.00028024 0.00392415 0.40737463 0.03515101 0.29337330 0.01372445 0.03481981 0.03066987 0.16977120 0.00981569
6.10030502 8.67179062 0.00064392 0.00063508 0.00049689 0.00872223 0.40309483 0.03190602 0.30521812 0.01084738 0.03561428 0.02842616 0.16743769 0.00695739
6.20031002 8.66364042 0.00054919 0.00062483 0.00036567 0.00481948 0.39778258 0.03051184 0.31186914 0.01034887 0.04338630 0.02731638 0.16433716 0.00808856
6.30031502 8.65774611 0.00052821 0.00057689 0.00044016 0.00499059 0.39321213 0.03836941 0.30952498 0.01103730 0.03978412 0.02657923 0.16490188 0.01005510
6.40032002 8.64921654 0.00084166 0.00059477 0.00069187 0.00956854 0.39318106 0.03183639 0.30629970 0.01075654 0.03957493 0.02862400 0.16834954 0.00968101
6.50032502 8.64127811 0.00052216 0.00063195 0.00032046 0.00701631 0.39716861 0.03322534 0.30531455 0.01150147 0.04308059 0.02736745 0.16780430 0.00604681
6.60033002 8.63296634 0.00064225 0.00059175 0.00042440 0.00621673 0.39465713 0.03744306 0.30641025 0.01239512 0.04070065 0.02472781 0.16964022 0.00615064
6.70033502 8.63014303 0.00046361 0.00066593 0.00034422 0.00348981 0.39800717 0.03850611 0.30193087 0.01121244 0.04340625 0.02051497 0.17198977 0.00946884
6.80034002 8.62213846 0.00051210 0.00060488 0.00032066 0.00340443 0.39886556 0.03858510 0.30221791 0.01578256 0.03744741 0.02424677 0.16886424 0.00914837
6.90034502 8.61579650 0.00062444 0.00067480 0.00040654 0.00469429 0.40005197 0.03575112 0.30114114 0.01252365 0.04482939 0.02373019 0.16930270 0.00626977
7.00035002 8.60244190 0.00074230 0.00067243 0.00051973 0.00854424 0.39596959 0.03249828 0.30009235 0.01208212 0.04451442 0.02730764 0.17075121 0.00630569
7.10035502 8.59434705 0.00066713 0.00060432 0.00028459 0.00354437 0.39439211 0.03859170 0.29880153 0.01730454 0.04071373 0.02731543 0.17148830 0.00629223
7.20036002 8.58938878 0.00052733 0.00059170 0.00019660 0.00574022 0.39406238 0.03418676 0.29911038 0.01761997 0.04224692 0.03009635 0.16998862 0.00563277
7.30036502 8.57961415 0.00099826 0.00059269 0.00082156 0.01143104 0.39342751 0.02923792 0.30074384 0.01404555 0.04249317 0.02981308 0.16874278 0.00765258
7.40037002 8.57306030 0.00083199 0.00062791 0.00051722 0.00736077 0.39057899 0.03272034 0.30014239 0.01757300 0.04703373 0.03050671 0.16561698 0.00648998
7.50037502 8.56067418 0.00050300 0.00066661 0.00020217 0.00369512 0.38654191 0.03039358 0.30622870 0.01667305 0.04796744 0.03225750 0.16859535 0.00627558
7.60038002 8.54986532 0.00087846 0.00062689 0.00069218 0.00942102 0.38215622 0.03083304 0.31060526 0.01541082 0.04126094 0.03397398 0.16535068 0.00879050
7.70038502 8.54409877 0.00039561 0.00059554 0.00036763 0.00194822 0.38370444 0.02886467 0.31571525 0.01291537 0.03757613 0.03767989 0.16640865 0.01382862
7.80039002 8.53816545 0.00031048 0.00060371 0.00022432 0.00027234 0.38271535 0.03503243 0.31873608 0.01210643 0.03322071 0.03604405 0.16872414 0.01200995
7.90039502 8.53262998 0.00054306 0.00061705 0.00031524 0.00369682 0.38119149 0.03619262 0.32098178 0.01339545 0.03731963 0.03081247 0.16789005 0.00704433
8.00040002 8.52837647 0.00087147 0.00055204 0.00063485 0.01057683 0.38102529 0.03326813 0.32144992 0.01313095 0.03174964 0.03116787 0.16922311 0.00634989
8.10040502 8.51569430 0.00078327 0.00059704 0.00065455 0.01222732 0.38098113 0.03189057 0.32241114 0.01150791 0.03178971 0.03038521 0.16622098 0.01055117
8.20041002 8.50913509 0.00076521 0.00053064 0.00052826 0.01082775 0.38013447 0.03606223 0.32265052 0.01458681 0.02989029 0.02909757 0.16479408 0.01013216
8.30041502 8.50510489 0.00059763 0.00060628 0.00047570 0.00707834 0.38817072 0.03452355 0.32476955 0.01007295 0.03163290 0.02521245 0.16682054 0.01003938
8.40042002 8.49754973 0.00056844 0.00055547 0.00034952 0.00382175 0.38368637 0.04193532 0.32012457 0.01317103 0.03281431 0.02827647 0.16481928 0.00987747
8.50042502 8.48998237 0.00054661 0.00055455 0.00041357 0.00529447 0.38085561 0.03914909 0.31889869 0.01249647 0.03288232 0.03081517 0.16680883 0.01128463
8.60043002 8.47971936 0.00063405 0.00050572 0.00046613 0.00922994 0.37675661 0.04732694 0.31877721 0.01076303 0.02919944 0.03433012 0.16276102 0.00924978
8.70043502 8.47308660 0.00068911 0.00051115 0.00047819 0.00687408 0.38172909 0.04773604 0.31759335 0.01301090 0.02571406 0.03493463 0.16045236 0.01027705
8.80044002 8.47189460 0.00053732 0.00053567 0.00025678 0.00369636 0.38137875 0.05492180 0.31763777 0.01246470 0.02526850 0.03363199 0.16117931 0.00849105
8.90044502 8.46286543 0.00069950 0.00052621 0.00026755 0.00575647 0.38139986 0.05511775 0.31293206 0.01778623 0.02536375 0.03097421 0.15977812 0.00939828
9.00045002 8.45582690 0.00061392 0.00052867 0.00023494 0.00568537 0.38372243 0.05439945 0.31308866 0.01831023 0.02858431 0.02780058 0.15807592 0.00895551
9.10045502 8.44562934 0.00093200 0.00051634 0.00061395 0.00806606 0.37549175 0.05523447 0.31617414 0.01612098 0.02990148 0.02924396 0.15791628 0.00978859
9.20046002 8.44367585 0.00073501 0.00046546 0.00038492 0.00528889 0.37881504 0.05679467 0.31610869 0.01719048 0.02620472 0.02960504 0.15840609 0.01000099
9.30046502 8.43572569 0.00067977 0.00055164 0.00033778 0.00502818 0.38211217 0.05051580 0.31604765 0.01675556 0.02964122 0.02867480 0.15964732 0.01000811
9.40047002 8.42910484 0.00041602 0.00056020 0.00021556 0.00216243 0.38253020 0.04760024 0.31429763 0.01454942 0.03327376 0.02786481 0.16133821 0.01519152
9.50047502 8.42267324 0.00054694 0.00051882 0.00040443 0.00340662 0.38404739 0.05102461 0.31166446 0.01393056 0.03472588 0.02630029 0.15904345 0.01438655
9.60048002 8.41015086 0.00053468 0.00050167 0.00040650 0.00515319 0.38137658 0.05634257 0.31747802 0.00968549 0.03220524 0.02988430 0.15443849 0.01199326
9.70048502 8.40437625 0.00060178 0.00051975 0.00052320 0.00663144 0.38424701 0.05409719 0.31545710 0.00880376 0.03209282 0.03045294 0.15368332 0.01288968
9.80049002 8.39690840 0.00053006 0.00060727 0.00037745 0.00347543 0.38147229 0.04966105 0.32243080 0.01233724 0.03216980 0.02839625 0.15531983 0.01322252
9.90049502 8.39233870 0.00082505 0.00054611 0.00050241 0.00696538 0.37544696 0.05263908 0.32532642 0.01559101 0.03521834 0.02325718 0.15346217 0.01021990
10.00050003 8.38259771 0.00053227 0.00058845 0.00032908 0.00546513 0.37689287 0.05549653 0.32093907 0.01034068 0.04048581 0.02212348 0.15709379 0.00971283
10.10050503 8.37295502 0.00048203 0.00056830 0.00028112 0.00214978 0.38252349 0.05555408 0.31692937 0.01040332 0.03712948 0.02548366 0.15684935 0.01164601
10.20051003 8.36497098 0.00055092 0.00054781 0.00027619 0.00420688 0.37701876 0.05197124 0.31338863 0.01580531 0.04062807 0.02820231 0.15441673 0.01298715
10.30051503 8.35995104 0.00077575 0.00058334 0.00040164 0.00527323 0.38080269 0.04809074 0.31199075 0.01809626 0.04239098 0.02458330 0.15623224 0.01077908
10.40052003 8.35571571 0.00053128 0.00053545 0.00036144 0.00537628 0.38635870 0.04905129 0.31202300 0.01242890 0.03693446 0.02834757 0.15414838 0.01390324
10.50052503 8.34611459 0.00058295 0.00055903 0.00044776 0.00717623 0.39054101 0.04786512 0.31383539 0.00947561 0.03639931 0.02831780 0.15466526 0.01013453
10.60053003 8.34069051 0.00072987 0.00056271 0.00064510 0.01033981 0.38969223 0.04402721 0.31536015 0.00926179 0.03876548 0.02590204 0.15361943 0.01109418
10.70053503 8.33083118 0.00056968 0.00059363 0.00041735 0.00349230 0.38674802 0.04259391 0.31716398 0.01196896 0.03860848 0.02698032 0.15488589 0.01597748
10.80054003 8.32923059 0.00052682 0.00059053 0.00049773 0.00520157 0.38549125 0.03925672 0.32281781 0.01084801 0.03725598 0.02849688 0.15584444 0.01317227
10.90054503 8.32606916 0.00046004 0.00054298 0.00034339 0.00454898 0.39028462 0.04484052 0.32343508 0.01071038 0.03530324 0.02313533 0.15643409 0.00996135
11.00055003 8.32018984 0.00053311 0.00052908 0.00032801 0.00303283 0.39319220 0.04395846 0.32504991 0.01272604 0.03407008 0.02640758 0.15115873 0.00901398
11.10055503 8.31599452 0.00039619 0.00056782 0.00023808 0.00201730 0.39989356 0.04017343 0.32614084 0.01054232 0.03440421 0.02290557 0.15299358 0.00972711
11.20056003 8.31171004 0.00045858 0.00051223 0.00019965 0.00391931 0.39883914 0.03914073 0.32924941 0.01286960 0.03277236 0.02443299 0.15062686 0.00697914
11.30056503 8.30299006 0.00064153 0.00049087 0.00041248 0.00665288 0.39641870 0.04003740 0.32376264 0.01307811 0.03408134 0.02821349 0.14924645 0.00696411
11.40057003 8.29533788 0.00044204 0.00059828 0.00023634 0.00212094 0.39005818 0.03842913 0.32387138 0.01224846 0.04136605 0.02969024 0.15210610 0.00883286
11.50057503 8.29216471 0.00065395 0.00052934 0.00046930 0.00651271 0.39033975 0.03881585 0.31878089 0.01208534 0.03931480 0.03040853 0.15303523 0.00905431
11.60058003 8.29105305 0.00070426 0.00049565 0.00057565 0.00739205 0.39491800 0.03438734 0.31893054 0.01118186 0.03849758 0.02718135 0.15315823 0.01257749
11.70058503 8.28275384 0.00056126 0.00052370 0.00052815 0.00954292 0.39602790 0.03467057 0.31691237 0.00839839 0.03854594 0.03183099 0.14999009 0.01246773
11.80059003 8.27774125 0.00051786 0.00053454 0.00029887 0.00221669 0.40087784 0.03689261 0.32025877 0.01353743 0.03753765 0.02597736 0.15079120 0.01055919
11.90059503 8.27041413 0.00045862 0.00060444 0.00031599 0.00163112 0.39788351 0.04233137 0.31289891 0.01102011 0.04093611 0.02778331 0.15367702 0.01045948
12.00060003 8.26566579 0.00048383 0.00054992 0.00020657 0.00190340 0.40325605 0.03837300 0.31347732 0.01591773 0.03611420 0.02993578 0.15060251 0.00917970
12.10060503 8.26061798 0.00059771 0.00058993 0.00052079 0.00303501 0.39604150 0.03904757 0.31234858 0.01505099 0.04188045 0.02368568 0.15113954 0.01606225
12.20061003 8.24781595 0.00076618 0.00051468 0.00049667 0.00689596 0.39193843 0.03869879 0.31306518 0.02239767 0.03489945 0.02824686 0.14958226 0.01249787
12.30061503 8.23684086 0.00078017 0.00057525 0.00064126 0.01210959 0.38376374 0.03974695 0.31311950 0.01681043 0.03726447 0.03168902 0.15127704 0.01222259
12.40062003 8.23068530 0.00052930 0.00054389 0.00046561 0.00359433 0.38334468 0.03817389 0.32138766 0.01577351 0.03490589 0.03393824 0.14981788 0.01752512
12.50062503 8.22362608 0.00056125 0.00057518 0.00051539 0.00677827 0.38529527 0.03833849 0.32001537 0.01365854 0.03333229 0.03216723 0.15278188 0.01598082
12.60063003 8.21444951 0.00057495 0.00062457 0.00039460 0.00572291 0.38538441 0.03786914 0.31892139 0.01482742 0.04174505 0.03070250 0.15132458 0.01190847
12.70063503 8.20540929 0.00079709 0.00056242 0.00058877 0.01063554 0.38778625 0.03852607 0.32166051 0.01539163 0.03502312 0.03061491 0.14896769 0.00944598
12.80064003 8.19760958 0.00097449 0.00056128 0.00074178 0.01179057 0.39184465 0.03934648 0.31500260 0.01479247 0.03472026 0.02913947 0.15187121 0.00921474
12.90064503 8.19326485 0.00063446 0.00052808 0.00041116 0.00499728 0.39390327 0.04764719 0.31711346 0.01180610 0.03363698 0.03269277 0.14881821 0.00781103
13.00065003 8.18361356 0.00082629 0.00051097 0.00058297 0.00821079 0.39301326 0.04686779 0.31227820 0.01420986 0.03510941 0.03256906 0.14508816 0.01073324
13.10065503 8.17969771 0.00102195 0.00049280 0.00055139 0.00757869 0.39620965 0.04980664 0.30881483 0.02000409 0.03399369 0.02826170 0.14448903 0.00877555
13.20066003 8.16956110 0.00059258 0.00053536 0.00029999 0.00213020 0.39682704 0.05085956 0.30870842 0.01783657 0.03736981 0.02839176 0.14455937 0.01188933
13.30066503 8.16672743 0.00098672 0.00046726 0.00068529 0.00948313 0.39757165 0.05178009 0.30711310 0.01734535 0.03311603 0.02490696 0.14573196 0.01081245
13.40067003 8.15662278 0.00102231 0.00054022 0.00079809 0.01241475 0.40145711 0.04737667 0.30884825 0.01554781 0.03122613 0.02337211 0.14792829 0.00946826
13.50067503 8.15771810 0.00061848 0.00052474 0.00044619 0.00730566 0.40409680 0.04748126 0.30868736 0.01574927 0.03190079 0.02210704 0.14879030 0.01229210
13.60068003 8.15659864 0.00051440 0.00054761 0.00021847 0.00230273 0.40228205 0.04279931 0.31099060 0.02067897 0.03386114 0.02015323 0.15431860 0.01133288
13.70068503 8.15089126 0.00090905 0.00057998 0.00060220 0.01101023 0.40361970 0.03484190 0.31392626 0.01674477 0.03401218 0.01752540 0.15786188 0.00836646
13.80069003 8.14503562 0.00061972 0.00055097 0.00051882 0.01047709 0.39978217 0.03556855 0.31988330 0.01323258 0.03428625 0.01629611 0.15949732 0.00928713
13.90069503 8.13973701 0.00040500 0.00059457 0.00028427 0.00159263 0.39871414 0.03401079 0.32597785 0.01152258 0.03970524 0.01695790 0.15900821 0.01122684
14.00070004 8.13126156 0.00033066 0.00067902 0.00024016 0.00195197 0.39962201 0.03378610 0.32189215 0.00935739 0.04148747 0.01495142 0.16631936 0.00938230
14.10070504 8.12864658 0.00052850 0.00057102 0.00036636 0.00608847 0.40026093 0.03545837 0.31698850 0.01046491 0.03820539 0.01847251 0.16597416 0.00662088
14.20071004 8.12513865 0.00029246 0.00057576 0.00021481 0.00155708 0.40018290 0.03918318 0.32293757 0.00738263 0.03734874 0.01955803 0.16295503 0.00781180
14.30071504 8.12377105 0.00023105 0.00057073 0.00007422 0.00013635 0.40190526 0.03842961 0.32644850 0.00785944 0.03519897 0.01897298 0.16387653 0.00629635
14.40072004 8.11323542 0.00060436 0.00052972 0.00042933 0.00629245 0.39902285 0.03685920 0.32235894 0.01012680 0.03391715 0.02314757 0.16017134 0.00654030
14.50072504 8.10999321 0.00052632 0.00057455 0.00039914 0.00322501 0.39598650 0.03819693 0.32566440 0.00802803 0.03116427 0.02455936 0.16061028 0.01106521
14.60073004 8.10419923 0.00042378 0.00051470 0.00022304 0.00368631 0.39440364 0.03817014 0.32929445 0.00970111 0.02891902 0.02422105 0.16086820 0.00957459
14.70073504 8.09660983 0.00068790 0.00049684 0.00058651 0.00826276 0.39697006 0.03467120 0.32798366 0.01050729 0.02669720 0.02129317 0.15985224 0.01199117
14.80074004 8.09381776 0.00062166 0.00048706 0.00037319 0.00708016 0.39305483 0.03641619 0.32772337 0.01395513 0.02197889 0.02432400 0.16275587 0.01122967
14.90074504 8.08667206 0.00047716 0.00052565 0.00038117 0.00503245 0.39401955 0.03755740 0.33066301 0.01048983 0.02788053 0.02205779 0.16091127 0.01000419
15.00075004 8.08026942 0.00039663 0.00054248 0.00025700 0.00190617 0.39407968 0.03788854 0.32739013 0.01156615 0.02875057 0.02848491 0.15923713 0.00950061
15.10075504 8.07162548 0.00056947 0.00052720 0.00049664 0.00711926 0.39316568 0.03549125 0.32753929 0.00981234 0.02995118 0.02378206 0.16081665 0.01072898
15.20076004 8.06208468 0.00059735 0.00049958 0.00053623 0.00483479 0.38947490 0.03532629 0.33350297 0.01155928 0.03106258 0.02299103 0.15745997 0.01215503
15.30076504 8.05311918 0.00060023 0.00050354 0.00042543 0.00546467 0.38714198 0.03795886 0.33658461 0.01160993 0.03080742 0.01984994 0.15696245 0.01209094
15.40077004 8.04525874 0.00063026 0.00052615 0.00025759 0.00351174 0.38158702 0.03608132 0.33811772 0.01691822 0.03440730 0.02135947 0.15736181 0.00924140
15.50077504 8.03827755 0.00047922 0.00049910 0.00019671 0.00198391 0.37954623 0.03535462 0.34347090 0.01542154 0.02930180 0.02445008 0.16118197 0.00811393
15.60078004 8.03344773 0.00055340 0.00051622 0.00034356 0.00667572 0.38214068 0.03360756 0.34086840 0.01561062 0.02881206 0.02349863 0.16166263 0.00571052
15.70078504 8.03180904 0.00054553 0.00047541 0.00031153 0.00538791 0.38175231 0.04046960 0.33966175 0.01307987 0.02597045 0.02466140 0.16214008 0.00554416
15.80079004 8.02415380 0.00062994 0.00051130 0.00023433 0.00178884 0.38091436 0.04256165 0.33307260 0.01634570 0.02625684 0.02596686 0.16324491 0.00847270
15.90079504 8.01660693 0.00076831 0.00046993 0.00056796 0.00857820 0.38513211 0.03638583 0.33219617 0.01354598 0.02112905 0.02385095 0.16707273 0.01030277
16.00080004 8.00843244 0.00067306 0.00051353 0.00044579 0.00539050 0.38259208 0.03641896 0.33397817 0.01361959 0.02522876 0.02541509 0.16568746 0.01003703
16.10080504 8.00118276 0.00066745 0.00053890 0.00037237 0.00545216 0.38424477 0.03522679 0.33614581 0.01399964 0.02820328 0.02453452 0.16286723 0.00774708
16.20081004 7.99678135 0.00060430 0.00051059 0.00053586 0.00512691 0.38594634 0.03278547 0.33321318 0.01301557 0.03163377 0.02004709 0.16269612 0.01388479
16.30081504 7.98810404 0.00048871 0.00050037 0.00036377 0.00321370 0.38511978 0.03427919 0.33010266 0.01412526 0.03119854 0.02688775 0.16307865 0.01064161
16.40082004 7.97566573 0.00049066 0.00054571 0.00036307 0.00345882 0.38345744 0.03219359 0.33548674 0.01275363 0.03142377 0.02680062 0.16308634 0.00993962
16.50082504 7.97052463 0.00041458 0.00054207 0.00030419 0.00356310 0.38024970 0.03390637 0.33388261 0.01178506 0.03345134 0.03134087 0.16187427 0.00868583
16.60083004 7.96079259 0.00059857 0.00052658 0.00045634 0.00652845 0.38109161 0.03132102 0.33647974 0.01159522 0.03079643 0.03375396 0.15910563 0.00774644
16.70083504 7.95460045 0.00066551 0.00055632 0.00047996 0.00637419 0.38782030 0.03094591 0.32574817 0.01311475 0.03076743 0.03398118 0.16110778 0.00843850
16.80084004 7.94569260 0.00083323 0.00051471 0.00057447 0.00718785 0.39163991 0.02929698 0.32698379 0.01737631 0.02894269 0.02779849 0.15791890 0.01093266
16.90084504 7.93560997 0.00069550 0.00052305 0.00056813 0.00903960 0.38522765 0.03482110 0.32652492 0.01396283 0.03132121 0.03033747 0.15640317 0.01057538
17.00085004 7.92822107 0.00069968 0.00050003 0.00050676 0.00886994 0.37913596 0.03384955 0.33418894 0.01442004 0.02596896 0.03350867 0.16020612 0.00814535
17.10085504 7.91967876 0.00073164 0.00054166 0.00054508 0.00757833 0.37587663 0.03893548 0.33372718 0.01349476 0.02863508 0.02962574 0.16321945 0.00708896
17.20086004 7.91153515 0.00044803 0.00055935 0.00024730 0.00200435 0.37360860 0.03849028 0.34106306 0.01406716 0.02560917 0.03187579 0.16315982 0.00886709
17.30086504 7.90745013 0.00036108 0.00052832 0.00014865 0.00216046 0.37328862 0.04223242 0.33392729 0.01403027 0.02539179 0.03183120 0.16686399 0.00923592
17.40087004 7.90541866 0.00053811 0.00052097 0.00029821 0.00327662 0.37304763 0.04118539 0.33266508 0.01466475 0.02780895 0.02908288 0.16795737 0.00895404
17.50087504 7.90280823 0.00061392 0.00052994 0.00040703 0.00555158 0.38228701 0.03802182 0.33588243 0.01202048 0.02462055 0.02762567 0.16268006 0.00975950
17.60088004 7.90317649 0.00037873 0.00049571 0.00019011 0.00174183 0.38786794 0.04347269 0.33413421 0.01023893 0.02142978 0.02719598 0.16407235 0.00878175
17.70088504 7.89653372 0.00039887 0.00048409 0.00018790 0.00170772 0.38901662 0.04060667 0.33618860 0.01153078 0.02188825 0.02617282 0.16242244 0.00939524
17.80089004 7.89316446 0.00036328 0.00048629 0.00011471 0.00026979 0.38335101 0.04060758 0.34057840 0.01325089 0.02031210 0.02637694 0.16527219 0.00901681
17.90089504 7.89006266 0.00054468 0.00046220 0.00033818 0.00370395 0.38011633 0.04266275 0.34144230 0.01473902 0.02025963 0.02129106 0.16571953 0.00872036
18.00090005 7.88828923 0.00080858 0.00043595 0.00054132 0.00670344 0.38293234 0.03926872 0.34172653 0.01517323 0.02125916 0.01915787 0.16364603 0.00834684
18.10090505 7.88598348 0.00038213 0.00040454 0.00013978 0.00035174 0.38294723 0.04367786 0.34577129 0.01295018 0.02011003 0.02463516 0.16076691 0.00786315
18.20091005 7.87068226 0.00056835 0.00051034 0.00038101 0.00538080 0.38255847 0.03684807 0.34267783 0.01260527 0.02489932 0.02854516 0.15735404 0.00767133
18.30091505 7.86447257 0.00063767 0.00050191 0.00033950 0.00527068 0.38307312 0.04035889 0.34073523 0.01371502 0.02159805 0.02558550 0.16009169 0.00809275
18.40092005 7.86431011 0.00074748 0.00043716 0.00052056 0.00731992 0.38072787 0.03981106 0.34095288 0.01494574 0.01838118 0.02865491 0.15950090 0.00800033
18.50092505 7.85473807 0.00066575 0.00046149 0.00031994 0.00768068 0.37890010 0.03728693 0.33929505 0.01818603 0.01861574 0.03011873 0.16072761 0.00774194
18.60093005 7.85077126 0.00088046 0.00044166 0.00068877 0.01352900 0.38520110 0.03514905 0.33615119 0.01235163 0.01809580 0.02912017 0.16011026 0.00828093
18.70093505 7.84784215 0.00036083 0.00050191 0.00009582 0.00026435 0.38818838 0.03798955 0.33628271 0.01394122 0.02566333 0.03008810 0.15936368 0.00726014
18.80094005 7.83992350 0.00068768 0.00043573 0.00046954 0.01039979 0.38781155 0.03707997 0.33142567 0.01353883 0.02557875 0.02710570 0.15874831 0.00671849
18.90094505 7.83111168 0.00040176 0.00046277 0.00010878 0.00033408 0.38912609 0.03828295 0.33418674 0.01572027 0.02675551 0.03038730 0.15746889 0.00676486
19.00095005 7.82950239 0.00054878 0.00044168 0.00037784 0.00638583 0.39530123 0.03221226 0.33551109 0.00975807 0.02285110 0.03137401 0.15789490 0.00734322
19.10095505 7.82665531 0.00062193 0.00041818 0.00037294 0.00527661 0.39190549 0.03496538 0.33313044 0.01086832 0.02234635 0.03193335 0.15819953 0.00996147
19.20096005 7.82737814 0.00056436 0.00044419 0.00041414 0.00712806 0.39268282 0.03716167 0.33346436 0.01033199 0.02115039 0.02479176 0.16025823 0.01160802
19.30096505 7.82318410 0.00038031 0.00051411 0.00012414 0.00034985 0.39241319 0.04002394 0.33619428 0.01324965 0.01986111 0.02169277 0.16701730 0.00817935
19.40097005 7.82007714 0.00065876 0.00047043 0.00050234 0.00885956 0.39597423 0.03809335 0.34291813 0.00800418 0.01714252 0.01697934 0.16349469 0.00690248
19.50097505 7.81461514 0.00049906 0.00047660 0.00038229 0.00372292 0.39192821 0.04103481 0.33961114 0.00863660 0.01965728 0.02066038 0.16432676 0.00906395
19.60098005 7.80209635 0.00056470 0.00050691 0.00031325 0.00574033 0.38765167 0.04187072 0.34645406 0.01016084 0.01767195 0.02040032 0.16171541 0.00694984
19.70098505 7.79903244 0.00031278 0.00048589 0.00017591 0.00031523 0.39545767 0.04127653 0.34003832 0.01194711 0.01940318 0.01728320 0.16061494 0.01268924
19.80099005 7.79589451 0.00037722 0.00044813 0.00027556 0.00363796 0.39915663 0.03774861 0.33929228 0.00966212 0.02066365 0.02016617 0.15843929 0.01013235
19.90099505 7.79263279 0.00037612 0.00042861 0.00029400 0.00283263 0.40063074 0.04024531 0.34654682 0.00663180 0.01713692 0.01731501 0.15925691 0.00830513
20.00100005 7.78329357 0.00047145 0.00049422 0.00029685 0.00546014 0.40072015 0.03657432 0.34033853 0.00916124 0.01757692 0.01678965 0.16487018 0.00724635
20.10100505 7.78051762 0.00033423 0.00050753 0.00012829 0.00212474 0.40094683 0.03404783 0.34129450 0.01046082 0.02342365 0.01648710 0.16382749 0.00641699
20.20101005 7.77113547 0.00050111 0.00043568 0.00035067 0.00714626 0.39980256 0.03349593 0.33779870 0.00954444 0.02229276 0.02288889 0.15967030 0.00607270
20.30101505 7.76432635 0.00041814 0.00042225 0.00026428 0.00529715 0.39858530 0.03410529 0.34378794 0.01121977 0.02137860 0.02063024 0.15782592 0.00606513
20.40102005 7.76098394 0.00040537 0.00044908 0.00014501 0.00171883 0.39906989 0.03566671 0.34164101 0.01166458 0.02578907 0.02009486 0.15705096 0.00630464
20.50102505 7.75953357 0.00056343 0.00040653 0.00034049 0.00291306 0.39571902 0.04039918 0.34283967 0.01040736 0.02470453 0.01750803 0.15833026 0.00586846
20.60103005 7.75884181 0.00043222 0.00041777 0.00010769 0.00216023 0.39603813 0.03627068 0.34119829 0.01422880 0.02438512 0.01867755 0.15996068 0.00612283
20.70103505 7.74707816 0.00059941 0.00049122 0.00043575 0.00892798 0.39316245 0.03009589 0.34435607 0.01199865 0.02749923 0.01438737 0.16049103 0.00755495
20.80104005 7.74116339 0.00056071 0.00045360 0.00041543 0.00681537 0.39272672 0.03397737 0.34277633 0.00923441 0.02564509 0.01709218 0.16239825 0.00790453
20.90104505 7.73394847 0.00033326 0.00048613 0.00018136 0.00176089 0.39128873 0.03780025 0.34329313 0.00874243 0.02758120 0.01731369 0.16335082 0.00786811
21.00105005 7.73093788 0.00031564 0.00048849 0.00020864 0.00197697 0.39882472 0.03428807 0.34308256 0.00797914 0.02595392 0.01710323 0.16165031 0.00812831
21.10105505 7.72447088 0.00043049 0.00049876 0.00029462 0.00536609 0.40046736 0.03303241 0.33879923 0.00863279 0.02627238 0.01633210 0.16196227 0.00791150
21.20106005 7.71553491 0.00040094 0.00055195 0.00026428 0.00365541 0.39828531 0.03560289 0.33896197 0.00743471 0.03024984 0.01477371 0.16395094 0.00586806
21.30106505 7.70917504 0.00023239 0.00059913 0.00006971 0.00018631 0.39309333 0.03420497 0.34106030 0.00809183 0.03612594 0.01373566 0.16712131 0.00547913
21.40107005 7.70554147 0.00033539 0.00051115 0.00017749 0.00389528 0.39288307 0.03064296 0.34351948 0.00781785 0.03339524 0.01561110 0.16569106 0.00551992
21.50107505 7.70192454 0.00046634 0.00053052 0.00033510 0.00493231 0.39621559 0.03150418 0.34183023 0.00704044 0.03002765 0.01376028 0.16739601 0.00596135
21.60108005 7.69868926 0.00025884 0.00049580 0.00014555 0.00391279 0.39604808 0.03381065 0.34754656 0.00454134 0.03003211 0.01156610 0.16587745 0.00576474
21.70108505 7.69199138 0.00056368 0.00047704 0.00039050 0.00672858 0.39258924 0.03070536 0.35187820 0.00738763 0.03018812 0.01231671 0.16086741 0.00590755
21.80109005 7.68521340 0.00042787 0.00047881 0.00041485 0.00417365 0.38758276 0.03411337 0.35016465 0.00763909 0.02893008 0.01474448 0.16084370 0.01048669
21.90109505 7.68224786 0.00020290 0.00048924 0.00017151 0.00022775 0.39187181 0.03941709 0.35114256 0.00446170 0.02604729 0.01651346 0.16044911 0.00900559
22.00110006 7.67578274 0.00028671 0.00052364 0.00028235 0.00205532 0.38998158 0.03186202 0.34839707 0.00426197 0.02936791 0.02110870 0.16172980 0.01014293
22.10110506 7.67003683 0.00025487 0.00047636 0.00021304 0.00158330 0.38680881 0.03393547 0.34910604 0.00527469 0.02628227 0.02203747 0.16532652 0.00870115
22.20111006 7.66060955 0.00024677 0.00045699 0.00012848 0.00218626 0.38485954 0.03274078 0.35174063 0.00774183 0.02896269 0.01832778 0.16398014 0.00862809
22.30111506 7.65376686 0.00049899 0.00047463 0.00036617 0.00549598 0.38596662 0.03161453 0.35052349 0.00710938 0.02902253 0.01651359 0.16401274 0.00840135
22.40112006 7.64684193 0.00066923 0.00046487 0.00052303 0.00890592 0.38516349 0.03046348 0.35062546 0.00658815 0.03017282 0.01725482 0.16357337 0.00559538
22.50112506 7.64027084 0.00024041 0.00048810 0.00008200 0.00016314 0.39091448 0.03666718 0.35138639 0.00633454 0.02516761 0.01884184 0.16404342 0.00567089
22.60113006 7.63520439 0.00055367 0.00046844 0.00038718 0.00627069 0.39082709 0.03105629 0.35047663 0.00790152 0.02491959 0.01796156 0.16330825 0.00586909
22.70113506 7.62987525 0.00067067 0.00050833 0.00039836 0.01044174 0.39698302 0.02519004 0.34856048 0.01153066 0.02737545 0.01260964 0.16057271 0.00515889
22.80114006 7.62385923 0.00078969 0.00045816 0.00059743 0.01068965 0.39774993 0.02258712 0.34716233 0.01140859 0.02524886 0.01557336 0.16138071 0.00635417
22.90114506 7.61780870 0.00041160 0.00045252 0.00032524 0.00516241 0.39344261 0.03122367 0.34862138 0.00893039 0.02633221 0.01545919 0.16115127 0.00848750
23.00115006 7.60886365 0.00039934 0.00050815 0.00019893 0.00219566 0.39107349 0.03358393 0.33866304 0.01214890 0.03142687 0.01779556 0.16432846 0.00767770
23.10115506 7.59759941 0.00061517 0.00048139 0.00047208 0.01061760 0.38847565 0.03544651 0.33564863 0.00861379 0.03083047 0.01689541 0.16456385 0.00733945
23.20116006 7.59398713 0.00049162 0.00051354 0.00053063 0.00695563 0.38661054 0.03256528 0.33618583 0.00606526 0.03488382 0.01626988 0.16580628 0.01312170
23.30116506 7.58861643 0.00045832 0.00053913 0.00040493 0.00516105 0.38605126 0.03410393 0.34044197 0.00579309 0.03483631 0.01561472 0.16813132 0.00846396
23.40117006 7.58348932 0.00057318 0.00049344 0.00029377 0.00359350 0.38503722 0.03518553 0.33767897 0.01313566 0.03339961 0.02093421 0.16339076 0.00628414
23.50117506 7.57775940 0.00046717 0.00044558 0.00020136 0.00217004 0.38841658 0.03649319 0.33489345 0.01516341 0.03111782 0.01954476 0.16312657 0.00796007
23.60118006 7.57549065 0.00036461 0.00046243 0.00023471 0.00206513 0.39222860 0.03447488 0.33315662 0.01122861 0.03120271 0.02172545 0.16294965 0.00990660
23.70118506 7.57150126 0.00038658 0.00049272 0.00020805 0.00370073 0.39164831 0.03592632 0.32841710 0.01202444 0.02723489 0.02410705 0.16620698 0.00964682
23.80119006 7.56367333 0.00064613 0.00048080 0.00042304 0.00515838 0.39118737 0.03680027 0.32808690 0.01404937 0.02935740 0.02348397 0.16088755 0.00943884
23.90119506 7.55751995 0.00032395 0.00049566 0.00025113 0.00165402 0.38737349 0.04124348 0.33264544 0.01058918 0.02964267 0.02354626 0.16184273 0.01039199
24.00120006 7.55090132 0.00055905 0.00046185 0.00032754 0.00576559 0.38869569 0.03490393 0.33273472 0.01420528 0.03069701 0.02264085 0.16141073 0.00759776
24.10120506 7.54734612 0.00048936 0.00044966 0.00035851 0.00387999 0.39115068 0.03630293 0.33083305 0.01238468 0.02882644 0.02594855 0.16074016 0.00863598
24.20121006 7.54177080 0.00054277 0.00047089 0.00030336 0.00498348 0.39012888 0.03659566 0.33058196 0.01327411 0.02919643 0.02535985 0.16162183 0.00694076
24.30121506 7.53054901 0.00054493 0.00049767 0.00050178 0.00487104 0.38768689 0.03792377 0.32984132 0.01171235 0.03067228 0.02366221 0.15930184 0.01278391
24.40122006 7.52427855 0.00093940 0.00051764 0.00082009 0.00963010 0.38987506 0.03151127 0.32550647 0.01592044 0.03067396 0.02461068 0.15742688 0.01256803
24.50122506 7.51581249 0.00041273 0.00055380 0.00019227 0.00377139 0.39293308 0.03484211 0.32705302 0.01297485 0.03191649 0.02880863 0.15954361 0.00699802
24.60123006 7.51083386 0.00056238 0.00053183 0.00050105 0.00456116 0.39619157 0.03329328 0.32831085 0.00923331 0.02810091 0.02561443 0.16286483 0.01023438
24.70123506 7.50511893 0.00030387 0.00052134 0.00025443 0.00029290 0.39162675 0.03326613 0.32970376 0.00989445 0.03368819 0.02516596 0.16245996 0.01282226
24.80124006 7.50236656 0.00051034 0.00051028 0.00031840 0.00352425 0.38482322 0.03397657 0.33570036 0.01104241 0.03516000 0.02406877 0.16180613 0.00855925
24.90124506 7.49540379 0.00051713 0.00053307 0.00041924 0.00509102 0.38748752 0.03539177 0.33491751 0.00873242 0.03103208 0.02253615 0.16402982 0.00931227
25.00125006 7.48818003 0.00055738 0.00052312 0.00038825 0.00473546 0.38404368 0.03655246 0.33826976 0.01108064 0.03129158 0.02084089 0.16387187 0.00784493
25.10125506 7.48455534 0.00030634 0.00052406 0.00018652 0.00089307 0.38397253 0.03723539 0.33987589 0.01126695 0.03203425 0.02063340 0.16359327 0.00947833
25.20126006 7.48138764 0.00041883 0.00045009 0.00023167 0.00576853 0.38591244 0.03749669 0.33803123 0.01179912 0.02826795 0.01948307 0.16333828 0.00880209
25.30126506 7.47688445 0.00067785 0.00048334 0.00047779 0.01141544 0.38652769 0.03764263 0.33827515 0.00965981 0.03034818 0.01812544 0.16036564 0.00600104
25.40127006 7.46887906 0.00045916 0.00048951 0.00036271 0.00352652 0.38972508 0.03734616 0.34122604 0.00888930 0.03322732 0.01563248 0.15933204 0.00978368
25.50127506 7.46198630 0.00093524 0.00047655 0.00067650 0.01204786 0.38937047 0.03273481 0.33660132 0.01380509 0.03263839 0.01178518 0.16091328 0.00801532
25.60128006 7.45663129 0.00057749 0.00053945 0.00052477 0.00526245 0.39336853 0.03296401 0.33565407 0.01225676 0.03282232 0.01128612 0.16361562 0.01112840
25.70128506 7.45079459 0.00036808 0.00057070 0.00032336 0.00315801 0.39933406 0.03555790 0.33266409 0.00684467 0.03388621 0.01499113 0.16354494 0.00875685
