0.00000000 14.00000000 0.00000000 0.00000000 0.00000000 0.00000000 0.00000000 0.00000000 0.00000000 1.00000000 0.00000000 0.00000000 0.00000000 0.00000000
0.10000500 13.98473156 0.01196931 0.00062244 0.00301607 0.08005500 0.08154144 0.14269272 0.01416531 0.54349879 0.05502377 0.03921790 0.01064705 0.01755020
0.20001000 13.96602562 0.00660604 0.00054929 0.00298248 0.07147963 0.11972355 0.22179380 0.02878157 0.34542617 0.05179321 0.09174770 0.02715238 0.03196417
0.30001500 13.95320189 0.00424143 0.00055436 0.00211770 0.03928187 0.14044505 0.25260811 0.06541777 0.24465566 0.05718642 0.12437636 0.03039640 0.03871888
0.40002000 13.93748949 0.00368589 0.00064433 0.00183037 0.04338138 0.16098117 0.23912856 0.07600136 0.18068632 0.06865121 0.13854477 0.04372194 0.04274271
0.50002500 13.92353919 0.00349827 0.00068208 0.00191022 0.04059799 0.18394463 0.22551165 0.08201419 0.14320303 0.07629909 0.13767291 0.05106001 0.05360593
0.60003000 13.90832162 0.00291677 0.00070678 0.00153027 0.03213480 0.20407781 0.22201762 0.10582681 0.10631404 0.08509762 0.14053349 0.05229097 0.04655300
0.70003500 13.89741385 0.00232920 0.00066064 0.00121679 0.02182603 0.20491677 0.22491784 0.11587877 0.08501953 0.08652495 0.15001554 0.06001887 0.04667506
0.80004000 13.88433740 0.00242991 0.00067734 0.00194886 0.02797182 0.21428511 0.20908519 0.12179045 0.05706207 0.09486732 0.14630293 0.06437977 0.05919923
0.90004500 13.87267409 0.00180902 0.00064423 0.00134702 0.01667128 0.22369634 0.20364505 0.12824909 0.05644763 0.09306207 0.14294452 0.07234826 0.05913548
1.00005000 13.85889469 0.00144362 0.00069750 0.00117244 0.01346426 0.23438927 0.19542178 0.14639361 0.04568548 0.09615357 0.13018185 0.07636605 0.05863057
1.10005500 13.85095884 0.00156835 0.00078228 0.00113974 0.02271637 0.23652985 0.18716403 0.15479999 0.03808396 0.10365400 0.11904657 0.08623388 0.04828098
1.20006000 13.84655959 0.00187331 0.00070769 0.00129981 0.02122922 0.24811344 0.18713988 0.16812981 0.04616981 0.09256630 0.09389381 0.09248276 0.04639416
1.30006500 13.84235879 0.00129279 0.00075398 0.00086061 0.01117974 0.25707915 0.19193753 0.17341596 0.03800345 0.09903590 0.08250177 0.09971501 0.04422411
1.40007000 13.83508589 0.00130394 0.00075273 0.00073610 0.01333384 0.26529214 0.18324855 0.17767121 0.03867301 0.10216846 0.07592392 0.10411546 0.03678063
1.50007500 13.82763502 0.00157650 0.00071734 0.00096977 0.02044816 0.27470375 0.17517523 0.18378359 0.03727939 0.10032515 0.07109497 0.10247017 0.03145597
1.60008000 13.81872887 0.00134000 0.00064678 0.00074778 0.01175323 0.28489395 0.16914873 0.18746090 0.04454899 0.08900946 0.07332433 0.09998891 0.03713693
1.70008500 13.80729713 0.00147616 0.00067399 0.00085746 0.01070635 0.29705813 0.16175690 0.18816598 0.04064949 0.08462811 0.07440878 0.10547379 0.03414487
1.80009000 13.79906843 0.00138930 0.00069497 0.00070269 0.01077043 0.31134779 0.14674531 0.20499964 0.04207603 0.09257533 0.06560611 0.09838227 0.02471013
1.90009500 13.79066064 0.00110418 0.00068845 0.00062847 0.01102493 0.32272658 0.14179056 0.22328082 0.02855930 0.08496125 0.06176254 0.09834290 0.02513002
2.00010001 13.78268979 0.00093071 0.00061943 0.00053738 0.00774443 0.33077780 0.14695273 0.22263074 0.02624307 0.07665449 0.06139299 0.09931754 0.02619869
2.10010501 13.77257726 0.00122374 0.00060817 0.00085919 0.01669248 0.34176508 0.12097317 0.22183578 0.02885314 0.07498758 0.06385293 0.10080339 0.02754535
2.20011001 13.75458346 0.00130672 0.00057466 0.00087889 0.01655946 0.33885299 0.12414889 0.22746287 0.03086142 0.07031913 0.06187088 0.10079036 0.02637374
2.30011501 13.74738518 0.00128782 0.00051816 0.00086744 0.01612749 0.34710052 0.11814993 0.23400119 0.03356366 0.06011236 0.05604336 0.10026776 0.03196031
2.40012001 13.73171760 0.00133451 0.00049303 0.00100398 0.02146654 0.34163690 0.12090990 0.23199218 0.03197153 0.05619247 0.06118147 0.10568542 0.02613207
2.50012501 13.72012867 0.00119390 0.00050152 0.00082717 0.01827095 0.34631490 0.13665731 0.23871469 0.02513423 0.04898980 0.05799821 0.10347908 0.02191824
2.60013001 13.71590375 0.00087260 0.00054414 0.00053676 0.00750134 0.35407256 0.13231459 0.24602925 0.02066128 0.04675608 0.05657195 0.11059797 0.02354147
2.70013501 13.70700965 0.00113864 0.00048368 0.00071158 0.01569347 0.35544451 0.11904492 0.24297345 0.02697328 0.04415113 0.05635889 0.11094723 0.02607922
2.80014001 13.70105771 0.00086476 0.00046726 0.00056520 0.01317055 0.35994950 0.12162050 0.24447548 0.02161974 0.04405084 0.05560228 0.11305692 0.02455697
2.90014501 13.68968345 0.00090146 0.00048512 0.00057954 0.00871036 0.36779862 0.12098162 0.24868204 0.02049629 0.04012669 0.04884536 0.11890753 0.02348537
3.00015001 13.68084041 0.00079995 0.00045679 0.00044051 0.00807523 0.37727937 0.11435504 0.25037133 0.02592116 0.04512528 0.04223114 0.11276723 0.02217696
3.10015501 13.67743311 0.00090227 0.00042921 0.00046479 0.00929557 0.38681221 0.11525616 0.25150263 0.02606623 0.03861661 0.03733934 0.11463934 0.01867565
3.20016001 13.66238298 0.00084184 0.00051040 0.00053742 0.00904729 0.39237051 0.10239624 0.25998718 0.02374378 0.04202949 0.03187497 0.11710241 0.01955846
3.30016501 13.65412032 0.00083188 0.00052355 0.00051235 0.00889878 0.38434070 0.10151938 0.26428082 0.02243996 0.04745400 0.03119252 0.11940093 0.01860513
3.40017001 13.64435910 0.00062693 0.00052236 0.00035540 0.00393557 0.39459246 0.09236131 0.26745696 0.02190827 0.04544071 0.02931919 0.12398751 0.01949333
3.50017501 13.63443440 0.00072394 0.00052341 0.00058055 0.01110331 0.40010115 0.08394933 0.26690481 0.01542375 0.04409342 0.03158791 0.12637722 0.01863122
3.60018001 13.62532606 0.00071000 0.00047666 0.00055824 0.00938843 0.40255297 0.08286619 0.27048194 0.01795662 0.03919491 0.03077873 0.12529352 0.01974180
3.70018501 13.60630259 0.00066808 0.00047618 0.00053174 0.00932477 0.39680641 0.09293030 0.27199396 0.01453482 0.03816630 0.03265542 0.12455714 0.01735486
3.80019001 13.60123087 0.00052448 0.00044822 0.00043402 0.00588079 0.39634785 0.09280061 0.27783314 0.01349908 0.03486943 0.03143048 0.12650136 0.01943055
3.90019501 13.59230274 0.00070277 0.00042945 0.00059861 0.01098202 0.40599664 0.08158986 0.28043502 0.01926030 0.03016370 0.02563004 0.12297519 0.02123640
4.00020001 13.58426548 0.00083115 0.00040946 0.00069374 0.01252121 0.39792073 0.08370631 0.28503922 0.01767516 0.02983631 0.02480821 0.12679428 0.01976423
4.10020501 13.57193300 0.00064600 0.00046165 0.00056171 0.00842728 0.39798333 0.08176224 0.28868468 0.01426381 0.03298255 0.02276212 0.12988779 0.02157684
4.20021001 13.56126292 0.00065895 0.00043368 0.00047168 0.00946940 0.39590211 0.08298422 0.28416602 0.01782774 0.02669992 0.02603509 0.13479828 0.02055293
4.30021501 13.55795725 0.00076401 0.00037309 0.00043847 0.00906898 0.39290497 0.08902984 0.28292840 0.02623792 0.02411428 0.02392165 0.13367927 0.01653914
4.40022001 13.55174035 0.00071748 0.00042791 0.00049423 0.00905815 0.40439021 0.08159384 0.28212130 0.02103396 0.02830576 0.02429939 0.13275483 0.01480296
4.50022501 13.54037611 0.00092789 0.00039029 0.00074297 0.01397990 0.39992602 0.07925043 0.28342264 0.02011407 0.02656781 0.02525450 0.13169324 0.01773024
4.60023001 13.52549372 0.00049253 0.00042102 0.00041474 0.00599163 0.40296318 0.08138343 0.28504903 0.01504095 0.02595759 0.02815399 0.13360919 0.02052272
4.70023501 13.51926825 0.00040005 0.00045131 0.00035594 0.00369506 0.40560314 0.08220534 0.28575187 0.00991339 0.02735081 0.02602215 0.13884286 0.01940806
4.80024001 13.50867731 0.00048404 0.00047542 0.00038473 0.00759563 0.40668741 0.06879554 0.28879322 0.00891019 0.02899457 0.03058914 0.14304938 0.01524074
4.90024501 13.50415684 0.00058703 0.00044494 0.00046055 0.01117842 0.41048852 0.06874426 0.28936657 0.00803793 0.02624461 0.02876793 0.14345537 0.01222389
5.00025001 13.49542048 0.00076199 0.00038524 0.00065072 0.01600024 0.40640172 0.07372658 0.28941788 0.00902039 0.02332559 0.02419535 0.14246958 0.01364472
5.10025501 13.48967662 0.00048313 0.00044222 0.00036900 0.00611372 0.41114497 0.07223554 0.28722856 0.01022868 0.02680574 0.02542166 0.14637851 0.01314827
5.20026001 13.48305094 0.00033252 0.00045565 0.00025012 0.00190504 0.41718006 0.06992723 0.28891310 0.00844477 0.02469790 0.02467392 0.14875329 0.01446640
5.30026501 13.47722895 0.00050388 0.00043235 0.00033789 0.00528518 0.41521935 0.06369157 0.28685319 0.01401355 0.02526841 0.02715569 0.14822670 0.01301224
5.40027001 13.46344586 0.00057733 0.00047234 0.00052642 0.01111057 0.41399501 0.05525161 0.29337655 0.01345274 0.02533598 0.01955303 0.15082012 0.01552829
5.50027501 13.45853107 0.00061709 0.00049017 0.00047096 0.01046657 0.41737727 0.05533154 0.28980213 0.01209411 0.02921550 0.02081888 0.15311493 0.01020084
5.60028001 13.45168690 0.00051135 0.00046352 0.00037630 0.00886008 0.41585581 0.05160163 0.29526164 0.01125620 0.03155029 0.02319862 0.15086874 0.01019583
5.70028501 13.44255805 0.00042569 0.00043077 0.00035500 0.00705386 0.41837163 0.05487791 0.30354755 0.00787334 0.02540502 0.01833515 0.15224503 0.01107905
5.80029001 13.43349016 0.00033557 0.00043680 0.00028275 0.00328782 0.41757613 0.05351888 0.30955197 0.00660087 0.02819077 0.01779517 0.15224435 0.01017895
5.90029501 13.42364416 0.00043306 0.00044609 0.00042157 0.00878297 0.41383832 0.05119766 0.30707982 0.00507695 0.02821155 0.02023099 0.15242421 0.01185681
6.00030002 13.41190083 0.00041409 0.00051716 0.00041649 0.00887283 0.41251510 0.03922996 0.31311641 0.00568166 0.02946475 0.02037008 0.15838659 0.01101487
6.10030502 13.40447922 0.00028144 0.00048114 0.00025399 0.00338866 0.41752828 0.04536005 0.31056589 0.00416040 0.02527336 0.02397820 0.16015132 0.00857727
6.20031002 13.39425851 0.00016005 0.00045646 0.00016288 0.00014469 0.41737677 0.04806883 0.30451992 0.00463921 0.02202925 0.02878379 0.16161760 0.01204055
6.30031502 13.39107651 0.00031005 0.00045327 0.00030015 0.00537723 0.41770145 0.04279214 0.30471170 0.00525903 0.02248896 0.02473502 0.16464463 0.01122639
6.40032002 13.38370719 0.00020552 0.00044448 0.00010013 0.00217473 0.41800112 0.04396169 0.30729663 0.00710076 0.02264356 0.02429398 0.16561421 0.00816319
6.50032502 13.37734919 0.00030347 0.00041138 0.00016836 0.00367648 0.41275217 0.04589140 0.31215604 0.00852586 0.02208053 0.02184510 0.16459989 0.00758932
6.60033002 13.37568825 0.00039455 0.00042084 0.00029116 0.00543138 0.41791194 0.03913287 0.31179246 0.00994901 0.01866505 0.02223974 0.16520971 0.00856129
6.70033502 13.36318344 0.00052718 0.00043088 0.00048422 0.00887605 0.41412064 0.03726839 0.31302938 0.00952942 0.01824200 0.02203715 0.16417709 0.01127760
6.80034002 13.36146364 0.00039626 0.00044695 0.00023081 0.00380860 0.41739746 0.04174681 0.31059210 0.01230206 0.02060232 0.02010555 0.16496117 0.00740991
6.90034502 13.35139086 0.00045165 0.00042977 0.00031869 0.00531916 0.41476662 0.04216019 0.30796231 0.01252983 0.01695173 0.02314294 0.16588957 0.01007753
7.00035002 13.35065434 0.00034385 0.00042688 0.00017473 0.00206762 0.41926999 0.04560812 0.30890838 0.01133258 0.02047636 0.01665747 0.16691838 0.00781563
7.10035502 13.34434885 0.00047353 0.00039941 0.00028500 0.00507012 0.42157194 0.04197994 0.31589267 0.01219126 0.01898626 0.01256035 0.16314972 0.00743979
7.20036002 13.33719698 0.00031987 0.00037818 0.00035292 0.00665522 0.41987542 0.04259076 0.32187115 0.00669963 0.01404038 0.01112716 0.16383487 0.01225443
7.30036502 13.32789053 0.00024221 0.00040496 0.00026652 0.00574225 0.41974849 0.04333676 0.32089266 0.00525795 0.01776538 0.01047197 0.16518851 0.01068234
7.40037002 13.32368472 0.00026889 0.00039263 0.00024674 0.00380376 0.42209213 0.04741182 0.31802673 0.00508249 0.01542534 0.01093787 0.16606316 0.01024842
7.50037502 13.31887715 0.00037595 0.00041065 0.00030682 0.00531496 0.42214680 0.04551076 0.31523490 0.00690976 0.01558253 0.00978346 0.16862512 0.00979828
7.60038002 13.31403166 0.00022695 0.00042959 0.00014260 0.00185919 0.42394392 0.04121760 0.32056892 0.00621808 0.01506609 0.00925429 0.17199148 0.00908128
7.70038502 13.30426101 0.00018540 0.00041982 0.00020158 0.00375655 0.41865713 0.03972798 0.32249278 0.00375469 0.01917874 0.00880108 0.17125155 0.01157272
7.80039002 13.29958158 0.00032612 0.00040583 0.00033615 0.00502126 0.41362733 0.03879325 0.32041898 0.00391100 0.01893713 0.01498155 0.17261073 0.01063066
7.90039502 13.28591701 0.00030688 0.00043592 0.00033802 0.00356884 0.41207807 0.03831394 0.31780012 0.00522478 0.01855478 0.01710647 0.17313110 0.01314108
8.00040002 13.27883438 0.00023363 0.00043117 0.00019241 0.00188879 0.41482423 0.04041861 0.31353470 0.00699866 0.01806832 0.02046412 0.17314158 0.00980377
8.10040502 13.27651760 0.00027679 0.00042382 0.00025046 0.00742115 0.42271025 0.03862249 0.31043893 0.00447572 0.01620541 0.01759811 0.17422158 0.00735529
8.20041002 13.26626349 0.00078703 0.00042756 0.00068823 0.01654756 0.41796767 0.02873606 0.30706702 0.01079433 0.01644985 0.01995493 0.17408789 0.00649185
8.30041502 13.24926795 0.00052880 0.00051876 0.00052876 0.01376995 0.40460895 0.03117811 0.30874709 0.00682855 0.01890218 0.02304623 0.18122302 0.01011962
8.40042002 13.24793674 0.00050407 0.00046162 0.00045110 0.01114729 0.40868562 0.03264284 0.30819328 0.01004769 0.01601713 0.02241899 0.18064235 0.00878802
8.50042502 13.23909103 0.00031172 0.00045039 0.00021702 0.00494979 0.41425403 0.03748060 0.31167914 0.01177634 0.01658482 0.01728477 0.17703162 0.00797976
8.60043002 13.22928804 0.00040091 0.00047709 0.00028475 0.00558021 0.41566997 0.03807202 0.31059761 0.00886237 0.01752558 0.01944399 0.17572975 0.00735575
8.70043502 13.21812204 0.00029821 0.00046291 0.00022164 0.00379014 0.41444015 0.04052139 0.31137004 0.00492716 0.02372299 0.01952850 0.17200391 0.00871296
8.80044002 13.20297344 0.00021983 0.00046315 0.00013333 0.00022725 0.41255743 0.04137027 0.30894500 0.00689101 0.02670633 0.02290592 0.16932809 0.01025239
8.90044502 13.19326387 0.00053570 0.00045024 0.00038875 0.01095142 0.40318893 0.03215823 0.31119069 0.01195762 0.02794175 0.02471579 0.16722839 0.00929248
9.00045002 13.18856421 0.00047223 0.00043401 0.00033331 0.00859221 0.40836913 0.03824925 0.30549187 0.01161886 0.02177042 0.02961341 0.16793458 0.00712072
9.10045502 13.17704127 0.00040153 0.00046478 0.00031737 0.00520460 0.41050999 0.04225296 0.30436174 0.01093460 0.02315656 0.02655168 0.16750693 0.00833726
9.20046002 13.16838671 0.00041997 0.00044756 0.00032880 0.00362318 0.40755481 0.04189296 0.30424421 0.01262374 0.02422148 0.02784881 0.16553194 0.01126255
9.30046502 13.15902022 0.00045860 0.00043672 0.00040061 0.00721732 0.40788095 0.04133553 0.30450155 0.00917760 0.02557117 0.02844926 0.16360961 0.01096108
9.40047002 13.15088533 0.00046753 0.00044055 0.00037059 0.00722675 0.40925526 0.03829588 0.31352413 0.01008059 0.02386926 0.02580728 0.16091080 0.00975137
9.50047502 13.15017832 0.00058160 0.00042996 0.00047920 0.01066579 0.40967748 0.04168959 0.31472429 0.00909561 0.02616236 0.01765648 0.16100591 0.00783173
9.60048002 13.13568244 0.00042704 0.00048940 0.00029116 0.00737697 0.41712802 0.04439036 0.30989546 0.00951473 0.02513052 0.01541559 0.16335659 0.00658416
9.70048502 13.12302841 0.00040872 0.00047640 0.00032551 0.00728255 0.40860706 0.04739614 0.30847353 0.01088773 0.02299396 0.01755306 0.16544905 0.01014629
9.80049002 13.10940550 0.00060362 0.00050346 0.00058309 0.01209920 0.40684395 0.04030582 0.30796862 0.00991195 0.02740104 0.01683775 0.16528293 0.01165857
9.90049502 13.10170348 0.00051833 0.00047034 0.00044342 0.00930086 0.40556238 0.04164660 0.31057029 0.01156857 0.03123258 0.01565832 0.16016441 0.01286391
10.00050003 13.09424007 0.00040353 0.00044136 0.00029211 0.00605185 0.40905087 0.04226246 0.31313150 0.01214861 0.02656712 0.01936311 0.15880915 0.01147833
10.10050503 13.08043163 0.00043220 0.00042324 0.00037119 0.00945520 0.41078140 0.04482641 0.31244949 0.00939809 0.02449540 0.02029709 0.15385047 0.01321983
10.20051003 13.06877163 0.00050629 0.00046598 0.00044505 0.00871497 0.40501114 0.05142316 0.30666313 0.00881553 0.02535903 0.02336735 0.15650072 0.01272766
10.30051503 13.05908008 0.00059617 0.00046041 0.00051667 0.01089045 0.40680124 0.04803505 0.30504733 0.00917065 0.02918017 0.02463931 0.15251086 0.01215170
10.40052003 13.05082132 0.00068775 0.00043423 0.00059976 0.01598010 0.40523962 0.04789958 0.30491405 0.00942689 0.02648242 0.02831401 0.14892969 0.01109191
10.50052503 13.04630554 0.00036935 0.00044690 0.00024217 0.00375746 0.40684278 0.05798712 0.30638858 0.00831148 0.02971686 0.02824109 0.14860487 0.00909134
10.60053003 13.03879411 0.00053122 0.00042726 0.00040019 0.00715269 0.40491603 0.05947586 0.30267258 0.00885681 0.02555137 0.03247734 0.14843276 0.00910589
10.70053503 13.03663137 0.00043360 0.00041017 0.00034546 0.00539213 0.40564711 0.06095175 0.30590121 0.01000091 0.02041222 0.02616682 0.14962929 0.01470932
10.80054003 13.02773468 0.00047870 0.00038074 0.00034573 0.00477960 0.40690687 0.06327590 0.30642184 0.01396381 0.01855356 0.02458563 0.14573698 0.01457063
10.90054503 13.01992333 0.00051010 0.00038299 0.00052151 0.00748719 0.40510900 0.05689406 0.30944594 0.00946552 0.02038084 0.02754120 0.14268122 0.01958042
11.00055003 13.01544183 0.00053609 0.00037922 0.00050073 0.00554681 0.40516597 0.05470322 0.31090269 0.01214189 0.01705202 0.02526181 0.14650010 0.02130946
11.10055503 13.01111990 0.00048245 0.00042474 0.00039308 0.00512164 0.40494465 0.05714817 0.31264559 0.01070904 0.01871904 0.02642238 0.14726598 0.01572324
11.20056003 13.00451841 0.00053213 0.00041188 0.00047788 0.00704645 0.40068696 0.05762259 0.31006989 0.00908045 0.01962956 0.03133884 0.14920171 0.01390165
11.30056503 13.00139686 0.00041171 0.00041895 0.00032457 0.00573882 0.40190526 0.05706111 0.31288977 0.00994172 0.02311843 0.02468219 0.15166758 0.01183988
11.40057003 12.99350901 0.00036433 0.00040340 0.00029460 0.00363378 0.40429295 0.06052706 0.30826682 0.01163178 0.02145567 0.02113056 0.15358115 0.01441788
11.50057503 12.98447002 0.00060321 0.00041676 0.00060633 0.01436117 0.40229287 0.05676113 0.31523229 0.00760335 0.02135627 0.01618315 0.15070181 0.01388167
11.60058003 12.97760058 0.00059470 0.00044437 0.00055042 0.01028575 0.40736194 0.05133132 0.31707442 0.00903890 0.02310231 0.01637623 0.15201696 0.01182267
11.70058503 12.97258365 0.00067252 0.00043425 0.00056667 0.01607556 0.40974278 0.05301593 0.31402591 0.00935494 0.02211299 0.01338360 0.15168407 0.00893078
11.80059003 12.96408178 0.00060559 0.00044205 0.00050258 0.00885102 0.41211165 0.05516525 0.31547477 0.00650712 0.02225429 0.01405366 0.15171724 0.01231478
11.90059503 12.95389093 0.00055293 0.00046350 0.00050071 0.00909489 0.41042980 0.05381882 0.32045005 0.00745243 0.02598995 0.01243161 0.14666669 0.01214861
12.00060003 12.94340107 0.00028002 0.00043701 0.00027536 0.00191712 0.41040485 0.05264912 0.32118584 0.00872392 0.02847431 0.01577001 0.14349798 0.01638445
12.10060503 12.93081064 0.00074015 0.00045985 0.00059019 0.01433108 0.39901259 0.05074561 0.32160569 0.01243245 0.02930684 0.01262391 0.14961503 0.00853661
12.20061003 12.92458444 0.00064141 0.00040981 0.00041859 0.00870316 0.40277891 0.05097970 0.32684514 0.01639994 0.02422139 0.01245294 0.14774474 0.00840425
12.30061503 12.91452219 0.00051618 0.00039922 0.00039828 0.00812280 0.40296850 0.05298316 0.32819762 0.01304535 0.02470041 0.01419883 0.14373425 0.01073541
12.40062003 12.90887341 0.00039448 0.00040557 0.00030995 0.00726870 0.40973815 0.05875415 0.32853767 0.00809741 0.02125594 0.01560954 0.14006267 0.00956577
12.50062503 12.90402037 0.00038980 0.00046587 0.00022857 0.00378290 0.40456321 0.05592905 0.32628152 0.01121098 0.02540514 0.01279497 0.14928426 0.00966373
12.60063003 12.89807238 0.00029994 0.00047671 0.00024814 0.00352252 0.41039076 0.05294896 0.32590574 0.00658508 0.02545667 0.01167337 0.15177012 0.01072199
12.70063503 12.89094714 0.00028674 0.00049169 0.00021605 0.00390911 0.41218506 0.05004320 0.32052224 0.00557516 0.02620782 0.01564583 0.15659320 0.00832391
12.80064003 12.88414592 0.00027383 0.00045995 0.00014140 0.00192872 0.41952346 0.04275818 0.31748397 0.00893207 0.02802654 0.01808651 0.15450609 0.00787929
12.90064503 12.87792985 0.00041115 0.00042684 0.00035021 0.00658321 0.41990637 0.04478661 0.31557456 0.00661062 0.02956213 0.01540094 0.15253010 0.00785727
13.00065003 12.87502323 0.00023468 0.00042620 0.00024980 0.00176242 0.42009606 0.04638630 0.31844702 0.00433671 0.02962082 0.01639613 0.15140990 0.01063396
13.10065503 12.86872675 0.00035367 0.00043325 0.00025976 0.00536401 0.42037670 0.04803336 0.31920970 0.00616333 0.02562128 0.01544826 0.15235907 0.00637761
13.20066003 12.86186669 0.00034307 0.00043525 0.00025891 0.00358952 0.41961680 0.04556904 0.31874058 0.00967837 0.02246727 0.01420145 0.15274010 0.01235963
13.30066503 12.85091762 0.00037980 0.00045102 0.00032413 0.00410774 0.41515521 0.04467204 0.31528830 0.01182387 0.02523107 0.01738464 0.14987439 0.01530777
13.40067003 12.84491114 0.00049883 0.00043760 0.00035293 0.00754366 0.41150723 0.04525211 0.31429298 0.01306966 0.02826012 0.01662972 0.14950207 0.01265310
13.50067503 12.83470550 0.00078020 0.00043449 0.00065695 0.01745099 0.41112402 0.04302530 0.31374807 0.00975796 0.02489531 0.01731992 0.15379812 0.00700869
13.60068003 12.83150045 0.00034992 0.00047465 0.00025294 0.00534598 0.41660975 0.04358817 0.32190132 0.00708491 0.02505445 0.01678075 0.15595983 0.00659732
13.70068503 12.82395322 0.00046687 0.00044905 0.00030335 0.00976179 0.41352676 0.04255496 0.31920977 0.01191175 0.02687925 0.01345350 0.15393516 0.00754777
13.80069003 12.81560215 0.00047854 0.00045341 0.00040880 0.00723892 0.41516208 0.04364273 0.31699059 0.01217668 0.02784222 0.01780890 0.14755171 0.01024542
13.90069503 12.80540622 0.00051177 0.00043323 0.00041101 0.00900787 0.41665445 0.04645630 0.31626951 0.00957145 0.02478972 0.02358675 0.14585309 0.00645484
14.00070004 12.79820570 0.00054949 0.00040742 0.00039922 0.00695048 0.41647889 0.05402898 0.31389388 0.00934594 0.02099746 0.02188880 0.14622235 0.00883710
14.10070504 12.79205653 0.00032163 0.00043037 0.00017348 0.00199781 0.41270597 0.05979292 0.31756532 0.00835634 0.02276999 0.01836264 0.14852835 0.00899518
14.20071004 12.78636372 0.00051756 0.00039333 0.00038883 0.00550156 0.41342993 0.05352799 0.31805238 0.01131335 0.01591473 0.01597534 0.15020963 0.01477536
14.30071504 12.77819522 0.00067412 0.00036624 0.00060319 0.01302005 0.40679294 0.05213750 0.31597695 0.01060423 0.01388853 0.01737417 0.15097534 0.01758674
14.40072004 12.77006512 0.00053723 0.00040118 0.00051588 0.00839912 0.40571606 0.05269603 0.31894016 0.00853921 0.01596957 0.01955725 0.15297304 0.01575529
14.50072504 12.76100690 0.00057267 0.00038649 0.00053571 0.00915307 0.39978469 0.05412835 0.32239125 0.01076610 0.01647707 0.01789135 0.15096050 0.01695275
14.60073004 12.75687873 0.00046736 0.00041585 0.00038598 0.00733362 0.40188635 0.05069246 0.32656230 0.00814854 0.02028098 0.02009457 0.15285451 0.01087747
14.70073504 12.75123852 0.00067555 0.00043054 0.00057115 0.01232467 0.39796559 0.04948901 0.31709537 0.01190178 0.02361951 0.02040797 0.15288899 0.01262987
14.80074004 12.73660176 0.00059158 0.00047284 0.00048251 0.01177476 0.39531279 0.05169484 0.31486895 0.00766867 0.02876574 0.02058586 0.15657969 0.01120178
14.90074504 12.72678945 0.00060597 0.00045503 0.00049637 0.01025063 0.40001331 0.05066206 0.31241150 0.00790036 0.02880869 0.02456137 0.15431147 0.00952323
15.00075004 12.71406576 0.00085558 0.00040103 0.00071506 0.01923514 0.39809956 0.04326979 0.31341085 0.01093564 0.02293012 0.02748766 0.15115845 0.01150113
15.10075504 12.71279410 0.00049183 0.00042373 0.00051417 0.00673948 0.39677060 0.04788630 0.31719361 0.00848363 0.02087008 0.02944068 0.15474198 0.01644391
15.20076004 12.70279772 0.00065581 0.00044793 0.00063258 0.01354668 0.39187313 0.04945240 0.31554594 0.00810103 0.02154372 0.02949410 0.15658927 0.01211740
15.30076504 12.69525331 0.00048126 0.00049178 0.00034467 0.00554028 0.38867119 0.05504518 0.31472221 0.01334851 0.02021459 0.02623462 0.16390023 0.01100547
15.40077004 12.68534924 0.00066873 0.00044596 0.00049270 0.01328797 0.38663557 0.06154344 0.30530007 0.01505412 0.01730967 0.03046344 0.15830872 0.01048961
15.50077504 12.67917558 0.00044166 0.00044121 0.00029677 0.00386506 0.39339169 0.06351074 0.30654704 0.01473661 0.01786020 0.02937621 0.15575986 0.01377295
15.60078004 12.67560967 0.00049729 0.00041427 0.00037922 0.00644233 0.39714375 0.06487101 0.30268370 0.01264489 0.01767522 0.03168325 0.15408305 0.01148201
15.70078504 12.67035068 0.00041851 0.00045384 0.00022916 0.00345773 0.39996781 0.06060170 0.29973343 0.01472199 0.02338504 0.02780261 0.15645989 0.01276830
15.80079004 12.66526148 0.00042127 0.00039903 0.00025297 0.00427160 0.40332289 0.06700156 0.29719543 0.01253704 0.02246085 0.02860071 0.15062180 0.01291485
15.90079504 12.65593851 0.00053866 0.00042248 0.00036268 0.00693630 0.39896211 0.06467550 0.29562234 0.01404810 0.02780935 0.02957258 0.14918371 0.01186617
16.00080004 12.65133014 0.00062277 0.00038897 0.00037834 0.00763353 0.40121262 0.06205241 0.29575862 0.01742363 0.02442948 0.02818071 0.14821030 0.01370860
16.10080504 12.64759348 0.00050316 0.00039916 0.00020270 0.00415723 0.39519431 0.06676988 0.30335132 0.01901031 0.02042720 0.02683014 0.15062801 0.01252658
16.20081004 12.64115180 0.00055223 0.00039007 0.00029961 0.00710101 0.39636014 0.07057236 0.29819281 0.01754217 0.02101590 0.02694195 0.15004108 0.01099067
16.30081504 12.63908495 0.00052234 0.00040713 0.00028333 0.00801863 0.39856991 0.06980926 0.29542961 0.01672482 0.02384956 0.02275073 0.15174378 0.01189089
16.40082004 12.63193478 0.00065969 0.00039428 0.00047129 0.00726734 0.40179990 0.06514731 0.29733550 0.01409746 0.01922556 0.02714641 0.15324476 0.01321050
16.50082504 12.62199619 0.00044509 0.00041188 0.00031426 0.00801509 0.40225455 0.06390790 0.29171245 0.01687643 0.01971418 0.03011230 0.15190694 0.01432893
16.60083004 12.61771647 0.00049412 0.00041798 0.00038783 0.00935828 0.40622336 0.06486632 0.29647055 0.00865667 0.02007548 0.02674041 0.15281262 0.01349637
16.70083504 12.61511007 0.00038521 0.00038642 0.00025367 0.00589385 0.40620072 0.06835129 0.30212386 0.00764240 0.01862238 0.02620820 0.15266662 0.01126539
16.80084004 12.60775205 0.00048842 0.00045049 0.00035357 0.00538606 0.40474744 0.06170146 0.30016511 0.01077703 0.02023843 0.02635354 0.15839854 0.01093993
16.90084504 12.59871486 0.00042069 0.00047582 0.00040565 0.00516485 0.40551127 0.05235352 0.29837298 0.00802913 0.02220360 0.03220210 0.15943633 0.01542406
17.00085004 12.59215533 0.00045006 0.00040561 0.00036179 0.00540240 0.40658559 0.05524837 0.29850078 0.00990482 0.02042350 0.03375325 0.15608452 0.01287930
17.10085504 12.59208933 0.00041596 0.00038236 0.00029933 0.00543045 0.41027397 0.05515891 0.29812723 0.00831578 0.01986552 0.03358993 0.15735092 0.01078964
17.20086004 12.58464857 0.00045797 0.00037849 0.00037451 0.00709752 0.41816611 0.04812713 0.29954136 0.00844074 0.01615939 0.03409422 0.15575466 0.01140792
17.30086504 12.56767163 0.00073281 0.00042788 0.00069932 0.01776602 0.41357203 0.04465602 0.29289436 0.00877930 0.02432382 0.03102031 0.15278192 0.01234623
17.40087004 12.56561795 0.00037077 0.00041968 0.00030815 0.00441649 0.41567414 0.04462680 0.30137387 0.01072072 0.02219907 0.02958606 0.15633324 0.01397099
17.50087504 12.55387911 0.00041628 0.00045236 0.00030244 0.00389866 0.41080043 0.04836527 0.30105214 0.01294803 0.02746036 0.02758572 0.15423470 0.01248360
17.60088004 12.55043547 0.00045755 0.00041916 0.00029268 0.00381524 0.41890440 0.04643841 0.29545228 0.01465009 0.02469674 0.02944879 0.15252742 0.01289724
17.70088504 12.54165292 0.00059895 0.00044978 0.00039283 0.01098010 0.41297490 0.04729782 0.29856377 0.01357840 0.02452079 0.02457447 0.15749077 0.00857744
17.80089004 12.53562198 0.00063697 0.00044608 0.00037327 0.00897868 0.41229251 0.04630558 0.29536760 0.01516376 0.02309587 0.02722754 0.16079794 0.00931420
17.90089504 12.52766124 0.00053993 0.00044867 0.00034943 0.00906492 0.41526808 0.04885999 0.29872910 0.01060052 0.02514538 0.02421626 0.15840877 0.00836895
18.00090005 12.52179565 0.00062667 0.00045902 0.00042427 0.00917672 0.41598040 0.04770847 0.29973790 0.00986132 0.03120627 0.02380484 0.15461642 0.00639769
18.10090505 12.51357237 0.00047483 0.00050076 0.00033524 0.00928760 0.41295337 0.04224243 0.30426474 0.00875835 0.03674170 0.01886292 0.15753943 0.00803864
18.20091005 12.50489971 0.00042507 0.00049059 0.00030908 0.00543836 0.41379354 0.04505228 0.30671577 0.00923570 0.03740289 0.01600429 0.15559721 0.00953521
18.30091505 12.49816109 0.00040572 0.00045798 0.00031998 0.00549128 0.41864527 0.04357285 0.30619346 0.00924525 0.03270977 0.01555498 0.15799351 0.00940994
18.40092005 12.49508956 0.00038000 0.00044875 0.00030946 0.00549065 0.41323630 0.04601712 0.30972242 0.00836127 0.03256090 0.01604457 0.15803162 0.00939693
18.50092505 12.49138347 0.00039552 0.00049979 0.00029295 0.00505709 0.40745292 0.04304898 0.30874647 0.01013021 0.03443640 0.01819271 0.16286443 0.00888253
18.60093005 12.48476977 0.00038589 0.00050083 0.00034945 0.01072531 0.40450587 0.04248585 0.31345601 0.00739388 0.03411432 0.01659254 0.16142297 0.00806708
18.70093505 12.47995433 0.00038587 0.00050029 0.00036023 0.00730149 0.40614971 0.04266295 0.31213299 0.00551883 0.03416679 0.01654697 0.16505022 0.00922367
18.80094005 12.46358617 0.00045443 0.00047035 0.00035890 0.00684643 0.40446782 0.04678011 0.32111574 0.00698720 0.02784122 0.01766623 0.15810486 0.00890670
18.90094505 12.45976827 0.00024814 0.00051605 0.00014338 0.00079121 0.40261138 0.04555945 0.32120060 0.00630914 0.03128658 0.02078777 0.16038539 0.01016090
19.00095005 12.45201028 0.00020960 0.00049050 0.00014490 0.00215475 0.40629029 0.04360078 0.32074873 0.00649030 0.03135097 0.02036456 0.15711951 0.01103510
19.10095505 12.44397028 0.00069996 0.00045431 0.00064257 0.01570363 0.40251320 0.04002070 0.31696339 0.00801410 0.03048837 0.01939725 0.15558074 0.00952179
19.20096005 12.44053308 0.00039799 0.00043004 0.00044473 0.00739731 0.40781684 0.04716081 0.31404152 0.00706502 0.02478906 0.01752032 0.15892253 0.01401382
19.30096505 12.42880843 0.00026781 0.00044059 0.00023951 0.00369615 0.40849729 0.05176129 0.32116560 0.00594906 0.02630018 0.01710149 0.15559634 0.00898470
19.40097005 12.42278580 0.00034822 0.00045283 0.00032391 0.00757573 0.41177280 0.04987923 0.31382364 0.00529901 0.03344485 0.01452200 0.15250588 0.01005190
19.50097505 12.41392958 0.00035374 0.00047037 0.00034365 0.00553731 0.40933218 0.04340380 0.31450781 0.00488952 0.03279748 0.02242948 0.15489217 0.01104251
19.60098005 12.40154789 0.00030857 0.00045494 0.00032027 0.00548286 0.40910747 0.04661610 0.31118257 0.00476451 0.03066777 0.02429968 0.15458725 0.01220800
19.70098505 12.39090200 0.00021100 0.00049409 0.00016114 0.00019269 0.41672531 0.05099195 0.30449057 0.00612053 0.03035221 0.02563162 0.15393782 0.01069108
19.80099005 12.38355642 0.00026914 0.00043197 0.00018381 0.00174479 0.41661619 0.05426598 0.30651181 0.00778027 0.02421229 0.02669857 0.15222775 0.00905744
19.90099505 12.37392290 0.00044843 0.00042064 0.00031651 0.00534877 0.41092244 0.05270679 0.30370758 0.01003866 0.02569859 0.03020553 0.15125075 0.00893531
20.00100005 12.36427182 0.00046951 0.00042628 0.00032175 0.00739138 0.40780040 0.05197088 0.30533675 0.01183982 0.02723509 0.02739731 0.14920148 0.01060934
20.10100505 12.35608478 0.00046393 0.00045974 0.00029502 0.00689079 0.40213714 0.04937470 0.30710449 0.01119449 0.03290260 0.03093565 0.14939603 0.00884543
20.20101005 12.34961671 0.00049850 0.00042648 0.00036710 0.00553885 0.40326923 0.04844864 0.30591706 0.01183943 0.03091405 0.03040205 0.14947318 0.01290544
20.30101505 12.34527315 0.00045243 0.00044395 0.00026999 0.00562564 0.40404908 0.04905484 0.30435841 0.01382883 0.03394572 0.02873508 0.14920283 0.01003318
20.40102005 12.33817233 0.00045425 0.00044094 0.00032444 0.00916936 0.40029589 0.04765718 0.30643634 0.01231819 0.03398501 0.02800876 0.14884182 0.01206782
20.50102505 12.32785312 0.00053484 0.00045257 0.00044269 0.00689352 0.40072257 0.05238272 0.29998339 0.01131462 0.03505248 0.02686744 0.15178900 0.01356416
20.60103005 12.32169163 0.00049206 0.00043451 0.00039602 0.00713641 0.39382504 0.05534615 0.30731291 0.01283939 0.03690078 0.02382257 0.14752676 0.01396741
20.70103505 12.31363814 0.00042436 0.00045238 0.00038603 0.00350469 0.39388164 0.05681514 0.30442799 0.01296347 0.04038478 0.02376816 0.14685321 0.01613816
20.80104005 12.30124240 0.00067916 0.00047009 0.00059671 0.01185854 0.39334275 0.05252096 0.29957026 0.01173907 0.04428727 0.02868058 0.14432963 0.01192497
20.90104505 12.29440670 0.00061156 0.00044884 0.00057088 0.00936549 0.39202384 0.05129124 0.30188793 0.01444078 0.04160368 0.02658596 0.14403571 0.01713409
21.00105005 12.28470944 0.00071368 0.00057064 0.00062327 0.01292408 0.38939245 0.04774795 0.30102486 0.01184429 0.05249972 0.01994780 0.14851233 0.01419893
21.10105505 12.27471766 0.00057508 0.00061170 0.00054392 0.01283057 0.37980664 0.04421433 0.30405028 0.00790045 0.05600782 0.02705835 0.15352357 0.01287730
21.20106005 12.27025722 0.00072007 0.00054950 0.00065335 0.01309657 0.38182406 0.04515815 0.30277798 0.00777936 0.05343812 0.02766309 0.15541034 0.01092940
21.30106505 12.26619938 0.00065539 0.00054203 0.00052182 0.01069734 0.38073037 0.04916403 0.30363482 0.00843065 0.05337811 0.02816559 0.15571467 0.00836519
21.40107005 12.26192661 0.00037188 0.00052946 0.00024909 0.00208111 0.38127918 0.05515297 0.29991294 0.01318358 0.05297644 0.02551000 0.15730198 0.01145136
21.50107505 12.25717688 0.00041457 0.00053720 0.00027056 0.00781104 0.38394595 0.04991155 0.30254204 0.01483603 0.05128358 0.02271745 0.15569124 0.01003880
21.60108005 12.25373824 0.00039018 0.00053569 0.00023809 0.00400991 0.38044792 0.05782683 0.30265292 0.01426855 0.05256455 0.02416478 0.15179893 0.01110166
21.70108505 12.24947666 0.00074691 0.00050468 0.00060922 0.01627821 0.37973134 0.05308272 0.31050419 0.00977170 0.04700086 0.02515801 0.14825893 0.00835324
21.80109005 12.24565810 0.00055289 0.00054420 0.00035991 0.00506010 0.38642310 0.05232449 0.30721923 0.01311772 0.05053287 0.02559793 0.14928060 0.00898696
21.90109505 12.23872378 0.00057145 0.00052142 0.00037404 0.00840644 0.38136348 0.05122295 0.30679848 0.01443314 0.04643402 0.03165404 0.15088260 0.00733794
22.00110006 12.23438441 0.00045262 0.00052609 0.00030384 0.00529425 0.38401736 0.04852547 0.31192450 0.01220876 0.04329146 0.02999346 0.15424060 0.00922159
22.10110506 12.22199585 0.00051769 0.00048948 0.00051161 0.00917116 0.38660166 0.04489706 0.31068113 0.01127494 0.03748185 0.02880682 0.15274588 0.01682071
22.20111006 12.21715831 0.00053302 0.00049643 0.00053393 0.01042922 0.38524148 0.04699786 0.30881276 0.01113056 0.03890521 0.02515255 0.15654412 0.01522286
22.30111506 12.21797175 0.00049772 0.00049254 0.00047165 0.00728976 0.38387072 0.04790805 0.31430607 0.01189538 0.04434696 0.02420730 0.14898372 0.01573013
22.40112006 12.20725473 0.00040906 0.00050187 0.00036121 0.00553413 0.38655003 0.04704906 0.31046528 0.01232405 0.04066318 0.03059565 0.14981963 0.01572685
22.50112506 12.20483648 0.00032177 0.00050951 0.00034014 0.00208986 0.38834968 0.04974684 0.31544454 0.00935838 0.03829701 0.02513848 0.15139926 0.01900454
22.60113006 12.20031850 0.00037991 0.00050192 0.00026419 0.00529794 0.39317006 0.05233744 0.31582516 0.00873532 0.03380805 0.02587848 0.15469481 0.00910672
22.70113506 12.19004633 0.00047254 0.00046380 0.00036451 0.00742388 0.39210306 0.04961800 0.32151709 0.01170400 0.03015450 0.02431333 0.14976155 0.01210374
22.80114006 12.18754289 0.00064630 0.00046271 0.00054172 0.01179021 0.39647738 0.04960570 0.32086700 0.00935917 0.03217147 0.02008899 0.15002145 0.00796791
22.90114506 12.17822901 0.00044030 0.00047167 0.00043455 0.00806869 0.39255315 0.05494395 0.32437209 0.00725349 0.03323464 0.01724722 0.14936844 0.01161181
23.00115006 12.16752710 0.00034673 0.00049072 0.00024011 0.00339097 0.39393075 0.05411240 0.32296188 0.00812737 0.03330338 0.01919215 0.15131328 0.01259026
23.10115506 12.16318872 0.00066995 0.00043852 0.00044669 0.00913996 0.40535793 0.04873614 0.32398255 0.01398431 0.02694604 0.01102140 0.14927496 0.01000155
23.20116006 12.15671558 0.00059314 0.00048811 0.00046766 0.01077065 0.40584580 0.04496602 0.32223153 0.00942799 0.02902434 0.01413833 0.15241021 0.00963620
23.30116506 12.15223305 0.00044214 0.00049021 0.00028670 0.00371142 0.40746984 0.04189943 0.33044077 0.01243758 0.02863731 0.00899467 0.15496188 0.01022806
23.40117006 12.14458494 0.00040403 0.00045524 0.00026218 0.00774329 0.40097509 0.04324806 0.33239890 0.01106491 0.02807335 0.01078289 0.15609742 0.00849464
23.50117506 12.13595923 0.00021659 0.00048778 0.00013785 0.00201093 0.39395753 0.04364706 0.34041096 0.00784463 0.03367574 0.01189645 0.15746799 0.00824649
23.60118006 12.12991850 0.00034777 0.00044648 0.00035481 0.00497898 0.39255632 0.04195344 0.33867675 0.00728133 0.03148854 0.01560468 0.15683191 0.00947899
23.70118506 12.12867157 0.00027670 0.00042332 0.00023455 0.00573520 0.39519058 0.04197009 0.34231684 0.00582955 0.02819725 0.01659270 0.15587202 0.00736119
23.80119006 12.11865840 0.00051263 0.00043080 0.00048597 0.00921406 0.39696925 0.03846578 0.33963955 0.00777602 0.02737348 0.01826268 0.14958691 0.01128285
23.90119506 12.10882297 0.00051364 0.00047447 0.00041787 0.00929593 0.38918167 0.04417031 0.33121742 0.01060318 0.03163372 0.02396466 0.14749272 0.01103441
24.00120006 12.09807197 0.00038656 0.00045838 0.00029936 0.00353413 0.39009743 0.04320802 0.33464422 0.01076206 0.02923127 0.02545962 0.14956870 0.01235025
24.10120506 12.09179438 0.00046330 0.00048042 0.00033084 0.00722197 0.39372169 0.04478331 0.33391062 0.00850608 0.02985727 0.02154581 0.15203000 0.00714869
24.20121006 12.08534005 0.00042503 0.00043159 0.00026968 0.00563820 0.39000555 0.04499418 0.33104439 0.01147405 0.02675770 0.02635701 0.15376077 0.00884186
24.30121506 12.08173787 0.00048548 0.00043925 0.00043901 0.00674928 0.40073904 0.04001018 0.33068885 0.01033560 0.02475535 0.02040102 0.15337751 0.01157943
24.40122006 12.07396457 0.00022387 0.00042623 0.00019901 0.00359319 0.39905593 0.04719645 0.33514086 0.00663039 0.02240155 0.02347770 0.15097544 0.01067939
24.50122506 12.07115364 0.00034416 0.00039320 0.00025699 0.00549293 0.39961326 0.04826359 0.33814287 0.00666906 0.02101210 0.02191056 0.15083857 0.00706271
24.60123006 12.06232236 0.00046506 0.00041783 0.00039746 0.00963769 0.39304287 0.04811938 0.34146712 0.00742280 0.01829327 0.01946875 0.15077891 0.01048886
24.70123506 12.05744394 0.00051291 0.00041751 0.00038265 0.00890671 0.39403101 0.04944134 0.34171673 0.00884999 0.01547495 0.01927515 0.15235980 0.00863125
24.80124006 12.05055295 0.00040596 0.00040733 0.00024064 0.00391383 0.39566898 0.04684113 0.33996188 0.01350133 0.01402400 0.01788197 0.15593781 0.01121514
24.90124506 12.04845077 0.00034297 0.00039558 0.00023955 0.00371430 0.39785299 0.04714499 0.34302612 0.01140472 0.01460375 0.01256263 0.15812156 0.01059085
25.00125006 12.03814058 0.00043660 0.00043218 0.00032515 0.01145369 0.39234918 0.04724026 0.33763417 0.00947737 0.01553900 0.01633525 0.16204547 0.00673166
25.10125506 12.03062930 0.00038457 0.00042388 0.00020636 0.00369627 0.39642471 0.05173591 0.33651922 0.01222969 0.01559064 0.01350545 0.16304155 0.00624176
25.20126006 12.02593838 0.00029604 0.00039169 0.00008453 0.00023772 0.40224223 0.05244139 0.33621553 0.01308065 0.01594950 0.01572200 0.15720104 0.00613767
25.30126506 12.02210171 0.00041060 0.00038319 0.00022623 0.00362588 0.39998371 0.05198517 0.33821458 0.01023032 0.01591974 0.01849705 0.15349878 0.00702474
25.40127006 12.01168113 0.00036284 0.00046857 0.00014797 0.00380999 0.40141407 0.05144658 0.33185907 0.01087248 0.01555028 0.01622401 0.16070801 0.00713612
25.50127506 12.00423696 0.00050988 0.00041835 0.00039073 0.00841219 0.40156760 0.04762666 0.32682429 0.00941031 0.01646978 0.01810785 0.15871998 0.01154237
25.60128006 11.99393563 0.00051557 0.00041945 0.00038999 0.00772023 0.39863658 0.04178392 0.33049998 0.00897677 0.01720515 0.02800687 0.15523884 0.01060665
