0.00000000 10.00000000 0.00000000 0.00000000 0.00000000 0.00000000 0.00000000 0.00000000 0.00000000 1.00000000 0.00000000 0.00000000 0.00000000 0.00000000
0.10000500 10.00180933 0.01190871 0.00062260 0.00351160 0.09316528 0.11496032 0.12346810 0.01624659 0.51009822 0.05505698 0.04959502 0.00511352 0.01625307
0.20001000 10.00089586 0.00596196 0.00066580 0.00241030 0.05648597 0.16801976 0.17335972 0.03728904 0.32747826 0.07577035 0.09960241 0.02225506 0.03070138
0.30001500 9.99968579 0.00358122 0.00061173 0.00181283 0.03317382 0.19190844 0.21032350 0.05244514 0.21874840 0.07518913 0.12481612 0.04184555 0.04554412
0.40002000 9.99799625 0.00276269 0.00062776 0.00112023 0.01863714 0.22298076 0.21198089 0.06518299 0.16561754 0.07895346 0.14250493 0.04825502 0.04137658
0.50002500 9.99581416 0.00275241 0.00062073 0.00117141 0.02187547 0.23364833 0.20915238 0.06796990 0.13499696 0.08845863 0.14775323 0.05130241 0.04029813
0.60003000 9.99351794 0.00243915 0.00068886 0.00112336 0.02270680 0.24966233 0.19955031 0.07868572 0.10389730 0.08883742 0.14904422 0.06212566 0.04123887
0.70003500 9.98829448 0.00238642 0.00073090 0.00123329 0.02797182 0.26012277 0.19412555 0.09679460 0.07915531 0.09068538 0.14591226 0.06566635 0.03521535
0.80004000 9.98404140 0.00186020 0.00068950 0.00110097 0.02200633 0.27809548 0.18361974 0.11499789 0.06275193 0.08867950 0.13773506 0.06753763 0.04092578
0.90004500 9.98343250 0.00151750 0.00067399 0.00089705 0.01443061 0.29486352 0.18422761 0.11562393 0.05500626 0.08583342 0.12956506 0.07500514 0.04235591
1.00005000 9.98162247 0.00140673 0.00067119 0.00100666 0.02068824 0.30053886 0.17731389 0.11658467 0.04661920 0.08413941 0.12572333 0.08206586 0.04324194
1.10005500 9.97904866 0.00145188 0.00060290 0.00100948 0.01511119 0.30186432 0.18424049 0.12197312 0.04560824 0.07683398 0.12096164 0.08472567 0.04561708
1.20006000 9.97392681 0.00171669 0.00057998 0.00110471 0.01655386 0.31155422 0.17988153 0.12443200 0.05302112 0.07331486 0.10655315 0.08811895 0.04316893
1.30006500 9.96926003 0.00178929 0.00058924 0.00141532 0.02499057 0.31879861 0.18226338 0.12935214 0.04131717 0.07502880 0.09443616 0.08823121 0.04178810
1.40007000 9.96749859 0.00168238 0.00051352 0.00109859 0.01860288 0.32594591 0.18783241 0.13269853 0.04860613 0.07250129 0.08788215 0.08434076 0.03829546
1.50007500 9.96365622 0.00169762 0.00054469 0.00104187 0.01603946 0.34370498 0.17666386 0.13894143 0.05061112 0.06277233 0.08810041 0.08403658 0.03584565
1.60008000 9.96113542 0.00120697 0.00058505 0.00070008 0.00653807 0.35128930 0.18256563 0.14286852 0.03862682 0.07216847 0.08184779 0.08508865 0.03651464
1.70008500 9.95571817 0.00121656 0.00054186 0.00079103 0.00805419 0.35882676 0.17135039 0.14562053 0.04047049 0.07303430 0.06936443 0.08997656 0.04075291
1.80009000 9.95567420 0.00107972 0.00056564 0.00067028 0.00588467 0.36408785 0.16564810 0.15352500 0.03685696 0.07296488 0.06574926 0.09485663 0.03811100
1.90009500 9.95352053 0.00116435 0.00054471 0.00057856 0.00582215 0.36713992 0.16031680 0.15688992 0.04298826 0.07373790 0.05879891 0.09968756 0.03233097
2.00010001 9.94875551 0.00129834 0.00053178 0.00085063 0.01418790 0.38051228 0.14534960 0.16735634 0.03529198 0.06776391 0.05621047 0.09983570 0.03081108
2.10010501 9.94502661 0.00100644 0.00056743 0.00061786 0.01091186 0.38452286 0.13653916 0.17731800 0.03303234 0.06946235 0.05209241 0.10412936 0.02979991
2.20011001 9.94561453 0.00101258 0.00054816 0.00064830 0.01080205 0.39435999 0.13549343 0.18336883 0.02628352 0.07335935 0.04830763 0.10036366 0.02545249
2.30011501 9.93819950 0.00091574 0.00052887 0.00064706 0.01280727 0.39679069 0.13341823 0.19520462 0.02011651 0.06172937 0.04952685 0.10374645 0.02456834
2.40012001 9.93903089 0.00080701 0.00054588 0.00059285 0.00882730 0.40228199 0.12496497 0.20021945 0.02177378 0.06636740 0.04506239 0.10458528 0.02397171
2.50012501 9.93541599 0.00105833 0.00048638 0.00075729 0.01451693 0.39787825 0.13005707 0.19833463 0.02228307 0.06404174 0.04232994 0.10725900 0.02099737
2.60013001 9.92979138 0.00122461 0.00051460 0.00085475 0.01658692 0.40709267 0.10606902 0.19570174 0.02969926 0.06047338 0.04852574 0.11021762 0.02303970
2.70013501 9.92681995 0.00114400 0.00048548 0.00081453 0.01805504 0.42039910 0.09976078 0.19928059 0.02768432 0.05767464 0.04145530 0.11016020 0.02308602
2.80014001 9.92359742 0.00070173 0.00054855 0.00045752 0.00565023 0.43133712 0.10459620 0.19969738 0.02214463 0.05962612 0.03590671 0.11679083 0.02254298
2.90014501 9.92129753 0.00071018 0.00054354 0.00039521 0.00577422 0.43418521 0.09932906 0.20127847 0.02395104 0.05985125 0.03204762 0.12214152 0.01979268
3.00015001 9.91503395 0.00076992 0.00048658 0.00055015 0.01081538 0.43810212 0.09221239 0.20540386 0.02082366 0.05780106 0.02954670 0.12420638 0.01928182
3.10015501 9.91440528 0.00075863 0.00048356 0.00055672 0.01264363 0.44139239 0.08669460 0.20804039 0.01759881 0.05736159 0.03065565 0.12672207 0.01709195
3.20016001 9.90809215 0.00069668 0.00051486 0.00048464 0.00912476 0.45111737 0.08140246 0.21261162 0.01743165 0.05403413 0.03033679 0.12572201 0.01652302
3.30016501 9.90202770 0.00073271 0.00049411 0.00036014 0.00521079 0.44221120 0.08097933 0.22614667 0.02453413 0.05373818 0.02673429 0.12540985 0.01344861
3.40017001 9.89523565 0.00072418 0.00043391 0.00052665 0.01121334 0.44335792 0.08305653 0.22088565 0.01825938 0.04753084 0.03378589 0.12379168 0.01643404
3.50017501 9.88427133 0.00090457 0.00045366 0.00066488 0.01435815 0.44034226 0.07832198 0.22608526 0.02079465 0.04551741 0.03024229 0.12560141 0.01671346
3.60018001 9.87922275 0.00084384 0.00049244 0.00053513 0.00912233 0.44155382 0.07485206 0.23240253 0.01938910 0.04530332 0.02955893 0.13224789 0.01369861
3.70018501 9.87762817 0.00060795 0.00050355 0.00035036 0.00567030 0.44078557 0.07774404 0.23390767 0.01842717 0.04804755 0.02557593 0.13475566 0.01362424
3.80019001 9.86963049 0.00047520 0.00055921 0.00026027 0.00360587 0.44030450 0.07321992 0.23455481 0.01695564 0.04831623 0.02661916 0.14226524 0.01286393
3.90019501 9.86741176 0.00062719 0.00051159 0.00042467 0.00739012 0.44108577 0.06765072 0.23565540 0.01637958 0.04406750 0.02667123 0.14467974 0.01485650
4.00020001 9.86215236 0.00057075 0.00046822 0.00042571 0.00527689 0.44383848 0.06342438 0.23654824 0.01475293 0.04524892 0.02979147 0.14389615 0.01575787
4.10020501 9.86136301 0.00041582 0.00048394 0.00035279 0.00746249 0.44924798 0.06278747 0.23938297 0.01071490 0.04168988 0.02625702 0.14519523 0.01600951
4.20021001 9.85625994 0.00052131 0.00047577 0.00036627 0.00542531 0.44568502 0.05960330 0.24198370 0.01447918 0.04364525 0.02706903 0.14621026 0.01453560
4.30021501 9.84866879 0.00063138 0.00048298 0.00050470 0.01267693 0.44072178 0.06521035 0.23856371 0.00989855 0.04533199 0.02627669 0.14889954 0.01080140
4.40022001 9.84807688 0.00052245 0.00047147 0.00047321 0.00919200 0.44399042 0.06029767 0.24066795 0.01096096 0.04580753 0.02130113 0.15106263 0.01525258
4.50022501 9.84365721 0.00037475 0.00048274 0.00020807 0.00219658 0.44419236 0.05896213 0.24659147 0.01436651 0.04539081 0.02144654 0.15334262 0.01244542
4.60023001 9.84104472 0.00075274 0.00045391 0.00062655 0.01244859 0.44396023 0.04886825 0.24308694 0.01618219 0.04116443 0.02441341 0.15333448 0.01470827
4.70023501 9.83016747 0.00046148 0.00054986 0.00044406 0.00725596 0.43473359 0.05132848 0.25103263 0.01206076 0.04300649 0.02262678 0.15867744 0.01782247
4.80024001 9.82951544 0.00051522 0.00054261 0.00045286 0.01066197 0.43769683 0.04372122 0.26032466 0.01101352 0.04640528 0.01972365 0.15703063 0.01191157
4.90024501 9.82226919 0.00045756 0.00050422 0.00043147 0.00717343 0.44000959 0.04020359 0.26782854 0.01186721 0.03928721 0.02001640 0.15637045 0.01585035
5.00025001 9.81805217 0.00046613 0.00050044 0.00047415 0.00675348 0.43319569 0.04154309 0.27289937 0.01084392 0.03967537 0.01984054 0.15772913 0.01607869
5.10025501 9.81472345 0.00029029 0.00048116 0.00028593 0.00563177 0.43045951 0.04272936 0.27789053 0.01039890 0.03938232 0.01921726 0.15978648 0.01344649
5.20026001 9.80784115 0.00041205 0.00048868 0.00040404 0.00693907 0.42994209 0.03772601 0.27869236 0.01067363 0.04123744 0.01856073 0.16163942 0.01328447
5.30026501 9.80035544 0.00044444 0.00045815 0.00050566 0.00909621 0.43552669 0.03803389 0.27687079 0.00700908 0.03881508 0.01937165 0.15832928 0.01553909
5.40027001 9.79705952 0.00064088 0.00048220 0.00056775 0.01229684 0.44266436 0.03329171 0.27563896 0.01014212 0.03690939 0.01664826 0.15830509 0.01241243
5.50027501 9.79018358 0.00050067 0.00043655 0.00045904 0.00882147 0.43738271 0.04038459 0.27660698 0.01044948 0.03600524 0.01674979 0.15956852 0.01263497
5.60028001 9.78736580 0.00061365 0.00042876 0.00060716 0.01163519 0.43658472 0.04083762 0.27690729 0.00699502 0.03472477 0.01751448 0.16335446 0.00979688
5.70028501 9.77660645 0.00026443 0.00045748 0.00028629 0.00317199 0.44698679 0.03777538 0.27355457 0.00796208 0.03372813 0.02034629 0.16327304 0.01219355
5.80029001 9.77408311 0.00017816 0.00046825 0.00017743 0.00243099 0.44950008 0.03169671 0.27617497 0.00911302 0.03593342 0.01565559 0.16592328 0.01274810
5.90029501 9.76357813 0.00026752 0.00049326 0.00018963 0.00373021 0.44452961 0.03460851 0.27607113 0.01028031 0.03876733 0.01810561 0.16413866 0.00881820
6.00030002 9.75757127 0.00049178 0.00050289 0.00032224 0.00519519 0.44597215 0.03435323 0.27542454 0.01056578 0.03857671 0.01590940 0.16552371 0.00716238
6.10030502 9.75500447 0.00023667 0.00049497 0.00013422 0.00391608 0.45128208 0.03523803 0.27603252 0.00585271 0.04031088 0.01498747 0.16587955 0.00563482
6.20031002 9.75320090 0.00024501 0.00045462 0.00015986 0.00198367 0.44809626 0.03454172 0.27552434 0.00767251 0.03966327 0.01625346 0.16826151 0.00714376
6.30031502 9.75020006 0.00033392 0.00043198 0.00017368 0.00207873 0.44640556 0.02856155 0.27676297 0.01291689 0.03848319 0.01781223 0.16791631 0.00812299
6.40032002 9.74934418 0.00022278 0.00044264 0.00009449 0.00025247 0.45489669 0.02168983 0.27995908 0.01129568 0.03675819 0.01778148 0.16994340 0.00666327
6.50032502 9.74876021 0.00012788 0.00042724 0.00009648 0.00010038 0.45750380 0.02473698 0.28359834 0.00541828 0.02863347 0.01864003 0.17383716 0.00687996
6.60033002 9.74265718 0.00023066 0.00043991 0.00006333 0.00019099 0.45496593 0.02675445 0.28144773 0.00958202 0.03036954 0.01788613 0.17477688 0.00329243
6.70033502 9.74077018 0.00023531 0.00043519 0.00004472 0.00015347 0.45474370 0.02685076 0.27953590 0.01086872 0.02839396 0.01807227 0.17689125 0.00377475
6.80034002 9.73453813 0.00035518 0.00040566 0.00022197 0.00528658 0.45564190 0.02765818 0.28081141 0.00836461 0.02525985 0.01807781 0.17388118 0.00403567
6.90034502 9.72646189 0.00037216 0.00044240 0.00029783 0.00661505 0.46177917 0.02490820 0.27917756 0.00657407 0.02623427 0.01354403 0.17436660 0.00568866
7.00035002 9.71636599 0.00031356 0.00045604 0.00028543 0.00678223 0.45709487 0.02383366 0.28979811 0.00637958 0.02331409 0.01503642 0.17133689 0.00536912
7.10035502 9.71074247 0.00031971 0.00044855 0.00032280 0.00744479 0.45682884 0.02668414 0.28174629 0.00555177 0.02396007 0.01481372 0.17301625 0.00886307
7.20036002 9.70290223 0.00047084 0.00043543 0.00041757 0.01210511 0.45661667 0.03175490 0.27519625 0.00573082 0.02560144 0.01372010 0.17215021 0.00580066
7.30036502 9.69567732 0.00045474 0.00039467 0.00027229 0.00535067 0.46041790 0.03338475 0.27363220 0.01065649 0.02328811 0.01632654 0.17026712 0.00555450
7.40037002 9.68963224 0.00050013 0.00038856 0.00037870 0.00727907 0.45614571 0.03157327 0.27839846 0.00830669 0.02481450 0.01681980 0.16825277 0.00714234
7.50037502 9.68734829 0.00036806 0.00040264 0.00030976 0.00537718 0.46068809 0.03013034 0.27406451 0.00640067 0.02776165 0.01901807 0.16708312 0.00839593
7.60038002 9.68290591 0.00036708 0.00037617 0.00029124 0.01076969 0.45742560 0.02882734 0.27786865 0.00561846 0.02446828 0.01882679 0.16786129 0.00729939
7.70038502 9.67702190 0.00022471 0.00044047 0.00017701 0.00343721 0.46068781 0.03335345 0.27702782 0.00370801 0.02426405 0.02017540 0.17157985 0.00492420
7.80039002 9.66423704 0.00035154 0.00043650 0.00026384 0.00717968 0.46093490 0.02887009 0.26923941 0.00610344 0.02261788 0.02659862 0.17277131 0.00463279
7.90039502 9.66097434 0.00028226 0.00042719 0.00010949 0.00191449 0.45902884 0.02857916 0.27142025 0.01204469 0.02440868 0.02210081 0.17471504 0.00496910
8.00040002 9.65723289 0.00033141 0.00037853 0.00018292 0.00576450 0.46141919 0.02744012 0.27379723 0.00947580 0.02414903 0.01852294 0.17225602 0.00628230
8.10040502 9.65148878 0.00026017 0.00037642 0.00018817 0.00590570 0.46127132 0.03137698 0.28155813 0.00685177 0.02075564 0.01408300 0.17203849 0.00533421
8.20041002 9.64708487 0.00027641 0.00037766 0.00013028 0.00193420 0.45945120 0.02846604 0.28303207 0.01020429 0.02286886 0.01786421 0.17027021 0.00512457
8.30041502 9.64219625 0.00027448 0.00038171 0.00006368 0.00016237 0.45941712 0.03306174 0.28095783 0.01308217 0.02440852 0.01450868 0.16883482 0.00484688
8.40042002 9.63792263 0.00034416 0.00041391 0.00021195 0.00350208 0.45668862 0.03172548 0.27758867 0.01061390 0.02562645 0.01486193 0.17168235 0.00674051
8.50042502 9.63321654 0.00040125 0.00040037 0.00022746 0.00533184 0.45810910 0.03075582 0.27598381 0.01045827 0.02666384 0.01497757 0.17284288 0.00384779
8.60043002 9.62788899 0.00047448 0.00035024 0.00031125 0.01284349 0.45803202 0.02951614 0.27378160 0.01135804 0.02306065 0.01535891 0.17077549 0.00413768
8.70043502 9.61979342 0.00041902 0.00043666 0.00025310 0.00557811 0.45084595 0.03388409 0.27382777 0.01023151 0.02694021 0.01939493 0.17194941 0.00623925
8.80044002 9.61576370 0.00032485 0.00041454 0.00029565 0.00515014 0.45435365 0.03617893 0.27681289 0.00585395 0.02550700 0.01701555 0.16891192 0.00918093
8.90044502 9.61323482 0.00026062 0.00040035 0.00021172 0.00390036 0.45627679 0.03260301 0.27660386 0.00731859 0.02308434 0.01932797 0.16963466 0.01037774
9.00045002 9.60904868 0.00029682 0.00037471 0.00023354 0.00386777 0.45837851 0.03986145 0.27474267 0.00549757 0.02285346 0.02039369 0.16565065 0.00784916
9.10045502 9.60353474 0.00033561 0.00039852 0.00021479 0.00367871 0.45156171 0.04057048 0.27410895 0.00945576 0.02806982 0.01989340 0.16386100 0.00785126
9.20046002 9.59526936 0.00040790 0.00040031 0.00020547 0.00588628 0.44935758 0.04163810 0.27536105 0.01287346 0.02339695 0.02104701 0.16348411 0.00594179
9.30046502 9.58738870 0.00070362 0.00035975 0.00054692 0.01404440 0.44348827 0.03857240 0.27497511 0.01314537 0.02166102 0.02127087 0.16151585 0.00971643
9.40047002 9.58578492 0.00044356 0.00038741 0.00034690 0.00733742 0.44175809 0.04110875 0.27307605 0.01176974 0.02715125 0.02140290 0.16162719 0.01359074
9.50047502 9.57986997 0.00051803 0.00039886 0.00038608 0.00899390 0.44637695 0.04517672 0.27035673 0.01187364 0.02870584 0.01793415 0.16016161 0.00911749
9.60048002 9.56972133 0.00056555 0.00039381 0.00047464 0.01000610 0.43489078 0.04550647 0.27577441 0.01069223 0.03169423 0.02345170 0.15724677 0.00930332
9.70048502 9.56380605 0.00036599 0.00039658 0.00027264 0.00386162 0.44056383 0.04215579 0.27380499 0.01326755 0.03464361 0.02178410 0.15659099 0.01229230
9.80049002 9.56080483 0.00031418 0.00040212 0.00021684 0.00205259 0.44245836 0.04321538 0.27500544 0.01160431 0.02556640 0.02708990 0.16056768 0.01150680
9.90049502 9.55788957 0.00061711 0.00038494 0.00047406 0.01221859 0.44098107 0.04024645 0.27670816 0.01102521 0.02442082 0.02430191 0.16150502 0.00711667
10.00050003 9.55443258 0.00041112 0.00039206 0.00029845 0.00703648 0.44974163 0.04416757 0.27604589 0.00701886 0.02671774 0.02217970 0.15910268 0.00688782
10.10050503 9.54930442 0.00041361 0.00037271 0.00031652 0.00934608 0.44860125 0.04382735 0.27819527 0.00713910 0.02280737 0.02199342 0.15802340 0.00896393
10.20051003 9.54056307 0.00040584 0.00039882 0.00045222 0.00714196 0.44650669 0.04033543 0.28319221 0.00579251 0.02633974 0.01837054 0.15556253 0.01550150
10.30051503 9.53820250 0.00041347 0.00036559 0.00029774 0.00364350 0.44813681 0.04278009 0.28401347 0.00907527 0.02429524 0.01718763 0.15718889 0.01260229
10.40052003 9.53374120 0.00060612 0.00036321 0.00047766 0.01032426 0.44282932 0.04059043 0.28401277 0.01230245 0.02586531 0.01788613 0.15492939 0.00981294
10.50052503 9.52925110 0.00038072 0.00038288 0.00024274 0.00544756 0.45435626 0.04107119 0.28276854 0.00913512 0.02807210 0.01845435 0.15242022 0.00726830
10.60053003 9.52893371 0.00026199 0.00038721 0.00018483 0.00299119 0.45277018 0.04219583 0.28604630 0.00719810 0.02766314 0.01996068 0.15313318 0.00720738
10.70053503 9.52322218 0.00025616 0.00040416 0.00016700 0.00400828 0.45233304 0.04208814 0.28374094 0.00705225 0.02708316 0.01774488 0.15643871 0.00868329
10.80054003 9.51765199 0.00020290 0.00037267 0.00017954 0.00211381 0.45859791 0.04256464 0.28136012 0.00601998 0.02367980 0.01855310 0.15598950 0.01036602
10.90054503 9.50862950 0.00021707 0.00039060 0.00014081 0.00179524 0.45438023 0.04430981 0.28297472 0.00604323 0.02363136 0.01749299 0.16062309 0.00800086
11.00055003 9.50690153 0.00034183 0.00037105 0.00026625 0.00547679 0.45429628 0.04457076 0.28354698 0.00434444 0.02404148 0.01544426 0.15974422 0.00755568
11.10055503 9.50580188 0.00029751 0.00037375 0.00018644 0.00378923 0.46000666 0.04104543 0.28582081 0.00432471 0.02458517 0.01405766 0.15921361 0.00629903
11.20056003 9.49929243 0.00030387 0.00037636 0.00013158 0.00171196 0.45804077 0.03838588 0.28470165 0.00828961 0.02281666 0.01901294 0.16006456 0.00616416
11.30056503 9.49609519 0.00025599 0.00035704 0.00016240 0.00386546 0.46139755 0.03684336 0.28217573 0.00604353 0.01949960 0.02057510 0.16057009 0.00825416
11.40057003 9.49141810 0.00028056 0.00036684 0.00014585 0.00205149 0.45895540 0.03980662 0.28371274 0.00803538 0.02159315 0.01973726 0.15737187 0.00794284
11.50057503 9.48692494 0.00040391 0.00034580 0.00029533 0.00514967 0.45850263 0.04050037 0.28007324 0.00954426 0.02071711 0.02097020 0.15436123 0.00913626
11.60058003 9.47775089 0.00024632 0.00038077 0.00015852 0.00186943 0.45395771 0.04331105 0.28493451 0.00705703 0.02408243 0.01904278 0.15664458 0.00831487
11.70058503 9.47494794 0.00042430 0.00032647 0.00033291 0.00738608 0.45476972 0.04089737 0.28699667 0.00718109 0.02134838 0.01828387 0.15455875 0.00749437
11.80059003 9.46949160 0.00035262 0.00033616 0.00028123 0.00542007 0.46071664 0.04216924 0.28357340 0.00889838 0.01952724 0.01555149 0.15384655 0.00932697
11.90059503 9.46787335 0.00028585 0.00035463 0.00012605 0.00199076 0.45716267 0.05119244 0.28319255 0.00820711 0.02331861 0.01421206 0.15397154 0.00598573
12.00060003 9.45848096 0.00049561 0.00034922 0.00033192 0.00727024 0.45231990 0.04690697 0.28176855 0.01003875 0.02266925 0.01825613 0.15089308 0.00870038
12.10060503 9.44924394 0.00040816 0.00036624 0.00036679 0.00912165 0.45205218 0.04688795 0.28513907 0.00533819 0.01897325 0.01522752 0.15546925 0.01064973
12.20061003 9.44042891 0.00037238 0.00035376 0.00034346 0.00693395 0.45370176 0.04625321 0.28034436 0.00734614 0.01919471 0.01474483 0.15840541 0.01200604
12.30061503 9.43570187 0.00036918 0.00035356 0.00028776 0.00500675 0.45476589 0.04344048 0.28046839 0.01013900 0.02139307 0.01426338 0.15901909 0.01049346
12.40062003 9.43108420 0.00048391 0.00036052 0.00039782 0.00747782 0.45125927 0.04243954 0.27847306 0.01204334 0.02347662 0.01261966 0.15843053 0.01253791
12.50062503 9.42936634 0.00032632 0.00035238 0.00027326 0.00386265 0.45347003 0.04530430 0.28045807 0.00876854 0.02365803 0.01649816 0.15606148 0.01096677
12.60063003 9.42156426 0.00028192 0.00038705 0.00024402 0.00360727 0.45158581 0.04279873 0.28537987 0.00730156 0.02715891 0.01640606 0.15548837 0.00936045
12.70063503 9.41863824 0.00020710 0.00040141 0.00018442 0.00216747 0.45789101 0.03862335 0.28759621 0.00670613 0.02371465 0.01299699 0.15839672 0.01111454
12.80064003 9.41415679 0.00026291 0.00041419 0.00022243 0.00528228 0.45988521 0.03593711 0.29200647 0.00470809 0.02602661 0.01142824 0.15566751 0.00815893
12.90064503 9.41274780 0.00030198 0.00039192 0.00021481 0.00956999 0.45307932 0.03271327 0.29646135 0.00568070 0.02706195 0.01385014 0.15500546 0.00566910
13.00065003 9.40991219 0.00048169 0.00035242 0.00034252 0.00752808 0.45107187 0.03248209 0.29730830 0.00928424 0.02133702 0.01712980 0.15593040 0.00675159
13.10065503 9.40738874 0.00051104 0.00035731 0.00039507 0.00928309 0.44320026 0.03353049 0.29561550 0.01173805 0.02267203 0.01759538 0.15615490 0.00894688
13.20066003 9.40526130 0.00037616 0.00033766 0.00021314 0.00371156 0.44684448 0.04023625 0.29246306 0.01608519 0.01775384 0.01678120 0.15660097 0.00859649
13.30066503 9.39796260 0.00036703 0.00037231 0.00025702 0.00346730 0.45157003 0.03920048 0.28840680 0.01337727 0.02121961 0.01570964 0.15643125 0.00962126
13.40067003 9.39186446 0.00022368 0.00039954 0.00007952 0.00019856 0.44482263 0.03781217 0.29780935 0.01194522 0.02376823 0.01773458 0.15920025 0.00600626
13.50067503 9.38684335 0.00023942 0.00039975 0.00015780 0.00397148 0.44319613 0.03505594 0.29963629 0.00942872 0.02398862 0.01590112 0.16077921 0.00724551
13.60068003 9.38308217 0.00025245 0.00036596 0.00013280 0.00403235 0.44237536 0.03560446 0.30286213 0.00913897 0.02340961 0.01629187 0.15898694 0.00654709
13.70068503 9.38044571 0.00025689 0.00036837 0.00010526 0.00214361 0.43895535 0.03780682 0.30050707 0.00898248 0.02883448 0.01676143 0.15933474 0.00594351
13.80069003 9.37367674 0.00028019 0.00038792 0.00022564 0.00347336 0.44056021 0.03718950 0.29871183 0.00676637 0.02817030 0.01472949 0.16216974 0.00733546
13.90069503 9.37244056 0.00016011 0.00036930 0.00009281 0.00011662 0.44530240 0.03893112 0.30019544 0.00609317 0.02615856 0.01333122 0.16197430 0.00727494
14.00070004 9.36740184 0.00029271 0.00038472 0.00024884 0.00387608 0.44342929 0.03412787 0.30235165 0.00576344 0.02290567 0.01288692 0.16492867 0.00880414
14.10070504 9.35760614 0.00032292 0.00035512 0.00030209 0.00550884 0.44138026 0.03905637 0.30241528 0.00457016 0.02294520 0.01367262 0.15890414 0.01056702
14.20071004 9.35474132 0.00020220 0.00034726 0.00013064 0.00027854 0.44219674 0.03720974 0.30715497 0.00724585 0.02338583 0.01280362 0.15891519 0.01012941
14.30071504 9.34867468 0.00036284 0.00035616 0.00029507 0.00552039 0.43974516 0.04158236 0.30281419 0.00572388 0.02316343 0.01461432 0.15792106 0.00790114
14.40072004 9.34773415 0.00025303 0.00038516 0.00018521 0.00354923 0.44071591 0.04325503 0.30422708 0.00498938 0.02085408 0.01423402 0.16181777 0.00553408
14.50072504 9.34437390 0.00027323 0.00038100 0.00020828 0.00392672 0.43970387 0.04082810 0.30562735 0.00650927 0.02191906 0.01347956 0.16036872 0.00677483
14.60073004 9.34122200 0.00033862 0.00032898 0.00023972 0.00360979 0.43707527 0.04074660 0.30539228 0.00847624 0.02108170 0.01573173 0.15812176 0.00885730
14.70073504 9.33742540 0.00033504 0.00033747 0.00024640 0.00299624 0.43471382 0.03813786 0.30260481 0.00819584 0.02018091 0.02082161 0.16216299 0.00926702
14.80074004 9.33599680 0.00036907 0.00032844 0.00019016 0.00569260 0.43601793 0.03734358 0.30228327 0.00915213 0.02000409 0.01899467 0.16336627 0.00625780
14.90074504 9.33265044 0.00043078 0.00039338 0.00026732 0.00923045 0.43353937 0.03775251 0.29785850 0.00980154 0.02045826 0.01470466 0.16975050 0.00581275
15.00075004 9.33020904 0.00045371 0.00038492 0.00034124 0.00675402 0.43520431 0.03665285 0.29549792 0.00968567 0.02104901 0.01824009 0.16786385 0.00787242
15.10075504 9.31978191 0.00046113 0.00035455 0.00038951 0.00940763 0.42976428 0.04009827 0.29731068 0.00880408 0.01938493 0.01986142 0.16518556 0.00897795
15.20076004 9.31375457 0.00044133 0.00038795 0.00036519 0.00743208 0.43955533 0.03825467 0.29809963 0.00698512 0.02221655 0.01657027 0.15974054 0.00995134
15.30076504 9.31008606 0.00038989 0.00038780 0.00027986 0.00636801 0.43747166 0.03825536 0.29856030 0.00703549 0.02580390 0.01651288 0.16177634 0.00715851
15.40077004 9.29990437 0.00051344 0.00036800 0.00040664 0.00867744 0.43273340 0.03540598 0.29870381 0.00717076 0.02875876 0.02054692 0.15943603 0.00727883
15.50077504 9.29356970 0.00041940 0.00037175 0.00036809 0.00735749 0.42842871 0.03509042 0.29884912 0.00817913 0.02804496 0.02191942 0.16030547 0.01066604
15.60078004 9.28646949 0.00046477 0.00041290 0.00035144 0.00905066 0.42423752 0.03258409 0.29989039 0.00857768 0.02773449 0.02741889 0.16172471 0.00755247
15.70078504 9.28012523 0.00027131 0.00039200 0.00029527 0.00286792 0.42034768 0.03653935 0.30799291 0.00797894 0.02615274 0.02445316 0.16111466 0.01159405
15.80079004 9.27182041 0.00026487 0.00043889 0.00017865 0.00194050 0.41660626 0.03326286 0.30735432 0.00835432 0.03220394 0.02881823 0.16139658 0.00918057
15.90079504 9.26368075 0.00034920 0.00046716 0.00031534 0.00553460 0.41613032 0.03093382 0.30780138 0.00628637 0.03361838 0.02358495 0.16398276 0.01099573
16.00080004 9.25693531 0.00036123 0.00042261 0.00028166 0.00386520 0.42008339 0.03960332 0.30093009 0.00935950 0.03253276 0.01816088 0.16403116 0.01036822
16.10080504 9.25210661 0.00039850 0.00042751 0.00038215 0.00565561 0.41884664 0.04085862 0.29266879 0.00889995 0.03220348 0.01789616 0.16785358 0.01390902
16.20081004 9.24503812 0.00044907 0.00040519 0.00042108 0.00779468 0.41256059 0.03948169 0.29670249 0.01227437 0.02726407 0.01920634 0.16906766 0.01437278
16.30081504 9.23409810 0.00052613 0.00046875 0.00043771 0.00726737 0.40641479 0.04113848 0.29727462 0.01105970 0.03522662 0.01739462 0.16861522 0.01417599
16.40082004 9.22899212 0.00041805 0.00047647 0.00026802 0.00372071 0.40668812 0.04051386 0.29817631 0.01331694 0.04068023 0.01856564 0.16797887 0.00919678
16.50082504 9.22446778 0.00027449 0.00042924 0.00018917 0.00394321 0.41873298 0.03942574 0.30279193 0.01113413 0.02994916 0.01666889 0.16609669 0.01036436
16.60083004 9.21977542 0.00051134 0.00041707 0.00041642 0.00867478 0.41731507 0.04320541 0.30224070 0.01096854 0.02726015 0.01479945 0.16476702 0.00942408
16.70083504 9.21518724 0.00051361 0.00042531 0.00042338 0.00887297 0.41892091 0.03744582 0.30110132 0.00966073 0.02684767 0.01765631 0.16870479 0.00942717
16.80084004 9.20979403 0.00050067 0.00042819 0.00039579 0.00904653 0.41870554 0.03870440 0.30807486 0.00724907 0.02692572 0.01835566 0.16386569 0.00774789
16.90084504 9.20547157 0.00057096 0.00046733 0.00053997 0.01294371 0.41522212 0.03471166 0.30554712 0.00676781 0.02933582 0.01829952 0.16742762 0.00816637
17.00085004 9.20305416 0.00039807 0.00041257 0.00031530 0.00558967 0.41766573 0.03777820 0.30691448 0.00944162 0.02721598 0.01589192 0.16779124 0.01058521
17.10085504 9.20159375 0.00031076 0.00038905 0.00025829 0.00560947 0.41915599 0.03821347 0.30660023 0.00813655 0.02712556 0.01546518 0.16872916 0.01000627
17.20086004 9.19615342 0.00028326 0.00040804 0.00013996 0.00371302 0.42090891 0.03365799 0.30753988 0.01155221 0.02538406 0.01588960 0.17375911 0.00676396
17.30086504 9.19349018 0.00031778 0.00039705 0.00019290 0.00362937 0.42036725 0.03383274 0.30923317 0.00739025 0.02512066 0.02186899 0.17088188 0.00676798
17.40087004 9.19188931 0.00037444 0.00038407 0.00026125 0.00568559 0.41691001 0.03383986 0.30553650 0.00863547 0.03007068 0.02365180 0.16709874 0.00755158
17.50087504 9.18740596 0.00026335 0.00038780 0.00022989 0.00162551 0.41441714 0.04095907 0.30828376 0.00712167 0.02563062 0.01922342 0.17128069 0.01057709
17.60088004 9.18414040 0.00032461 0.00036984 0.00032850 0.00778964 0.41648657 0.04086249 0.30875964 0.00589048 0.02357782 0.01644843 0.16880613 0.01035586
17.70088504 9.17707483 0.00067681 0.00039500 0.00064065 0.01354675 0.41216746 0.04276825 0.30546216 0.00688639 0.02543569 0.01446756 0.16853969 0.00901359
17.80089004 9.17572764 0.00059683 0.00038737 0.00054651 0.01463349 0.41373097 0.03963767 0.30899301 0.00663683 0.02109850 0.01785743 0.16979015 0.00609123
17.90089504 9.16932949 0.00040803 0.00039674 0.00029324 0.00483702 0.41681076 0.03992540 0.30699755 0.01179136 0.02461309 0.01846789 0.16718187 0.00827708
18.00090005 9.16009242 0.00049154 0.00040056 0.00032109 0.00701958 0.41036069 0.03967559 0.31856297 0.01180159 0.02088784 0.01697349 0.16578794 0.00771713
18.10090505 9.15892962 0.00043043 0.00035419 0.00027482 0.00572143 0.41329132 0.04147548 0.31960924 0.01236719 0.01702629 0.01754011 0.16371896 0.00819054
18.20091005 9.15351721 0.00022433 0.00036008 0.00015515 0.00221839 0.41169546 0.04384388 0.31671275 0.01018879 0.01681321 0.02142517 0.16441851 0.01194429
18.30091505 9.14679752 0.00026558 0.00039635 0.00005717 0.00019039 0.41479652 0.04238442 0.31888166 0.01194759 0.01930585 0.02043098 0.16461962 0.00672386
18.40092005 9.14297483 0.00027031 0.00036260 0.00010534 0.00209463 0.41798086 0.04255252 0.31809590 0.00902743 0.01892244 0.01780235 0.16663821 0.00614741
18.50092505 9.14049523 0.00028992 0.00035267 0.00011858 0.00201232 0.42143000 0.03935762 0.32311035 0.00991607 0.01738324 0.01667614 0.16372374 0.00562935
18.60093005 9.13316656 0.00033211 0.00040189 0.00026712 0.00757781 0.41809065 0.03866368 0.31915393 0.00764512 0.02684115 0.01070879 0.16151238 0.00880538
18.70093505 9.12776251 0.00040588 0.00036900 0.00038002 0.00739429 0.41706392 0.04007556 0.31783689 0.00674058 0.02243796 0.01397117 0.16429223 0.00903251
18.80094005 9.12178573 0.00036685 0.00038128 0.00025915 0.00756599 0.41263381 0.04311696 0.31395431 0.00907922 0.02570700 0.01347224 0.16532359 0.00813959
18.90094505 9.11863624 0.00040273 0.00033595 0.00022884 0.00565302 0.41472606 0.04633307 0.31467437 0.01131845 0.02198996 0.01221500 0.16427366 0.00784890
19.00095005 9.11357382 0.00036225 0.00036851 0.00020548 0.00380115 0.41235236 0.05226878 0.31664150 0.00887193 0.02302974 0.01091535 0.16360790 0.00757507
19.10095505 9.10752543 0.00032319 0.00039635 0.00017834 0.00365799 0.40736830 0.04723219 0.31874267 0.01019654 0.02822585 0.01128129 0.16326684 0.00913045
19.20096005 9.10473741 0.00035641 0.00037711 0.00016272 0.00315381 0.41239109 0.04198164 0.31295769 0.01421615 0.02807235 0.01734914 0.16220175 0.00678013
19.30096505 9.10103026 0.00042882 0.00037873 0.00035079 0.00707121 0.41336078 0.03956204 0.30891247 0.01194068 0.02615388 0.01883656 0.16519414 0.00780990
19.40097005 9.09751973 0.00032497 0.00043060 0.00024485 0.00382032 0.41937537 0.03672935 0.30473108 0.01041709 0.03020959 0.01935126 0.16525336 0.00911216
19.50097505 9.09275829 0.00047585 0.00040423 0.00034380 0.00708023 0.42060034 0.03452418 0.30874277 0.01306354 0.02706764 0.01939974 0.15918503 0.00911267
19.60098005 9.08917739 0.00045659 0.00041597 0.00032450 0.00724005 0.42961390 0.03347041 0.30602085 0.01123854 0.02710710 0.01537626 0.16084219 0.00789365
19.70098505 9.08499126 0.00032505 0.00041646 0.00021522 0.00744509 0.42907733 0.03396569 0.30860509 0.00619719 0.02490176 0.01623053 0.16499936 0.00762124
19.80099005 9.08050256 0.00037529 0.00038757 0.00026714 0.00547837 0.42692158 0.03839731 0.30668226 0.00970465 0.02551242 0.01644161 0.16249617 0.00733562
19.90099505 9.07203416 0.00047356 0.00039095 0.00041307 0.00863472 0.42680277 0.04548337 0.30522225 0.00571902 0.02542746 0.01552634 0.16015656 0.00574992
20.00100005 9.06972638 0.00029388 0.00037268 0.00022412 0.00543479 0.42896914 0.04521617 0.30749265 0.00551292 0.02356619 0.01539094 0.15959933 0.00792719
20.10100505 9.06613637 0.00032815 0.00040352 0.00020097 0.00378990 0.43138065 0.04473373 0.30807483 0.00802011 0.02375395 0.01524763 0.15838704 0.00567952
20.20101005 9.06462525 0.00041180 0.00038894 0.00028340 0.00494221 0.42862661 0.04713816 0.31112695 0.00803919 0.01955229 0.01330994 0.16030521 0.00587531
20.30101505 9.06101386 0.00040359 0.00037060 0.00030245 0.00544233 0.42665968 0.04275201 0.31377047 0.00555281 0.02227122 0.01608829 0.15892803 0.00745851
20.40102005 9.05501593 0.00046932 0.00039803 0.00029908 0.00646844 0.42208697 0.04109308 0.31374873 0.00759574 0.02648152 0.01588256 0.15928474 0.00619179
20.50102505 9.05278271 0.00039729 0.00036601 0.00037883 0.00683244 0.41969394 0.04191712 0.31546415 0.00674387 0.01907356 0.01534520 0.16140233 0.01238525
20.60103005 9.04766266 0.00044263 0.00037037 0.00029079 0.00542788 0.42932524 0.04093068 0.30977902 0.00928748 0.02256195 0.01403625 0.15996342 0.00758429
20.70103505 9.04588083 0.00043892 0.00034962 0.00033181 0.00677619 0.43253669 0.03716947 0.31530737 0.00762650 0.01702195 0.01274900 0.16278436 0.00690810
20.80104005 9.04399811 0.00043441 0.00033874 0.00031538 0.00701384 0.43040437 0.03645727 0.31777083 0.00764083 0.01730879 0.01405481 0.16217726 0.00608346
20.90104505 9.04123919 0.00034596 0.00035981 0.00026841 0.00533605 0.43336601 0.03861212 0.31604150 0.00601592 0.02096813 0.01386364 0.15926455 0.00555791
21.00105005 9.04417526 0.00038782 0.00039113 0.00022966 0.00522118 0.43226961 0.03341963 0.31457800 0.01101834 0.02596445 0.01222198 0.15879681 0.00550139
21.10105505 9.03450935 0.00053319 0.00041110 0.00035926 0.00835094 0.42538910 0.02863882 0.31587260 0.01307061 0.02879765 0.01563287 0.15752955 0.00541430
21.20106005 9.03230931 0.00027989 0.00037831 0.00010226 0.00206101 0.42662650 0.02988523 0.32144164 0.01257392 0.02443510 0.01835529 0.15911845 0.00474241
21.30106505 9.02572411 0.00022472 0.00036982 0.00014600 0.00167573 0.43349561 0.03298568 0.31737502 0.00726018 0.02435391 0.01701465 0.16040564 0.00469306
21.40107005 9.01964571 0.00035551 0.00036402 0.00029633 0.00712404 0.43153065 0.03152879 0.31892815 0.00485627 0.02205034 0.01721601 0.16112684 0.00462304
21.50107505 9.01499212 0.00041970 0.00040166 0.00031044 0.00704306 0.43167893 0.02691631 0.31402588 0.00694023 0.02597041 0.01802547 0.16392312 0.00434479
21.60108005 9.01153841 0.00043868 0.00038710 0.00032774 0.00531680 0.43100151 0.02786466 0.31358468 0.00946477 0.02557023 0.01305083 0.16345649 0.00953652
21.70108505 9.01241281 0.00023284 0.00035704 0.00018592 0.00188349 0.43356173 0.03310856 0.30805428 0.00783009 0.02518750 0.01956601 0.16083944 0.00919309
21.80109005 9.00843693 0.00034355 0.00036878 0.00031965 0.00555365 0.42977785 0.03010271 0.30761867 0.00571934 0.02662333 0.02166350 0.16161136 0.01029761
21.90109505 9.00187123 0.00035691 0.00036110 0.00037591 0.00733744 0.42725861 0.03180274 0.30447896 0.00624340 0.02255798 0.02554183 0.16134336 0.01234177
22.00110006 8.99717866 0.00027162 0.00037277 0.00022275 0.00199870 0.42644050 0.03290606 0.30903720 0.00796279 0.02485745 0.02729659 0.15929208 0.00934148
22.10110506 8.99653786 0.00024236 0.00034145 0.00022439 0.00171393 0.42648208 0.03243824 0.31091503 0.00820031 0.02301247 0.02716049 0.15924897 0.01002028
22.20111006 8.99138421 0.00022888 0.00035231 0.00013718 0.00211577 0.42802809 0.03988230 0.30726708 0.00904895 0.02470637 0.02421472 0.15764615 0.00637222
22.30111506 8.98875047 0.00032186 0.00035492 0.00019192 0.00811865 0.42765561 0.03187397 0.31154074 0.01185473 0.02428610 0.01944920 0.15616264 0.00818967
22.40112006 8.98668334 0.00038157 0.00037274 0.00020934 0.00531593 0.42666694 0.03520516 0.31237153 0.01186216 0.02604733 0.01832361 0.15854147 0.00470222
22.50112506 8.98251378 0.00026222 0.00035685 0.00005383 0.00019616 0.43232684 0.03397183 0.31966210 0.01055937 0.02209271 0.01863175 0.15756149 0.00432485
22.60113006 8.97527456 0.00021962 0.00037855 0.00004718 0.00014116 0.43358521 0.03256454 0.31903161 0.00985442 0.02234303 0.01870196 0.15866160 0.00447113
22.70113506 8.96480620 0.00044890 0.00039509 0.00028693 0.00726974 0.43415048 0.03173619 0.31382512 0.00921515 0.02443275 0.01503886 0.15919657 0.00400422
22.80114006 8.95696204 0.00038872 0.00038513 0.00036717 0.00717803 0.43302791 0.03324446 0.30605077 0.00523293 0.02231344 0.02167018 0.16222276 0.00791850
22.90114506 8.95095936 0.00038707 0.00042453 0.00031843 0.00695959 0.42450344 0.03188163 0.30331192 0.00743734 0.02665143 0.02336228 0.16510868 0.00965366
23.00115006 8.94810125 0.00063131 0.00039231 0.00045418 0.00846879 0.42224458 0.02911176 0.30546338 0.01269657 0.02841376 0.02426406 0.16148597 0.00637332
23.10115506 8.94731101 0.00044409 0.00036633 0.00038603 0.00875094 0.42433171 0.02890196 0.31166190 0.00666348 0.02537098 0.02639019 0.16026908 0.00646330
23.20116006 8.94402570 0.00025647 0.00035766 0.00014750 0.00163645 0.42236159 0.03659507 0.31365785 0.00658313 0.02658527 0.02781068 0.15903763 0.00497071
23.30116506 8.93941142 0.00027510 0.00040384 0.00014301 0.00410659 0.42628974 0.02699008 0.31227961 0.01085639 0.02819456 0.02376287 0.16083225 0.00586596
23.40117006 8.93374165 0.00031836 0.00041146 0.00024667 0.00566953 0.42244256 0.03122752 0.31186570 0.00660420 0.02558506 0.02429309 0.16569522 0.00564064
23.50117506 8.93349329 0.00044414 0.00040820 0.00029158 0.00739907 0.42316997 0.02733605 0.31190128 0.00918107 0.02819463 0.02306548 0.16432591 0.00428262
23.60118006 8.92826860 0.00031341 0.00040403 0.00023883 0.00570518 0.42742197 0.02982550 0.30682313 0.00657033 0.02801094 0.02091617 0.16733993 0.00643059
23.70118506 8.92026718 0.00026461 0.00041126 0.00015745 0.00204175 0.42495090 0.03392761 0.30317582 0.00877079 0.02953030 0.02197301 0.16793172 0.00686479
23.80119006 8.91476985 0.00041818 0.00039198 0.00031710 0.01116736 0.42294319 0.03413402 0.29965217 0.00855715 0.02814791 0.02055583 0.16686476 0.00685035
23.90119506 8.91392165 0.00031407 0.00039174 0.00015566 0.00398979 0.42648239 0.03579484 0.30002919 0.00929557 0.02643738 0.02351843 0.16465930 0.00893165
24.00120006 8.90996065 0.00029386 0.00040744 0.00019745 0.00211979 0.42764856 0.03270344 0.30246180 0.01019618 0.02830604 0.02071671 0.16317616 0.01177257
24.10120506 8.90390987 0.00045192 0.00037802 0.00034440 0.00526940 0.42898364 0.03550699 0.30175326 0.00915524 0.02655618 0.02105452 0.16032891 0.01021753
24.20121006 8.90144332 0.00038940 0.00035876 0.00028265 0.00540656 0.42649198 0.03711509 0.30471134 0.00878139 0.02349896 0.02179650 0.16293897 0.00822842
24.30121506 8.89487718 0.00052449 0.00032901 0.00040196 0.00915457 0.42811045 0.03711939 0.30437658 0.01055032 0.01991713 0.02003700 0.15926683 0.01021227
24.40122006 8.88764607 0.00025898 0.00037386 0.00020083 0.00031792 0.41985013 0.04234006 0.31188650 0.01003395 0.01853333 0.02194566 0.16135618 0.01290260
24.50122506 8.88381632 0.00044232 0.00035017 0.00037512 0.00909446 0.41515288 0.03932421 0.31409488 0.01088283 0.02083957 0.02045794 0.15756250 0.01142311
24.60123006 8.88051675 0.00034055 0.00036535 0.00030472 0.00474940 0.42200014 0.04178697 0.31162641 0.00711274 0.02049127 0.01915432 0.16351684 0.00855130
24.70123506 8.87578042 0.00026368 0.00037473 0.00022198 0.00398276 0.42241232 0.04250233 0.31168137 0.00640031 0.02000751 0.02064885 0.16152407 0.00998009
24.80124006 8.87213568 0.00034240 0.00035666 0.00025372 0.00356441 0.42114616 0.04454526 0.30606524 0.00827533 0.02202649 0.02013194 0.16240544 0.01088694
24.90124506 8.86684910 0.00037031 0.00036539 0.00023747 0.00576451 0.41862096 0.04129467 0.30724500 0.00885028 0.02732770 0.02097166 0.16044095 0.00851109
25.00125006 8.85985616 0.00039382 0.00036799 0.00026499 0.00738376 0.42368104 0.03883732 0.29885741 0.01175297 0.02853119 0.01802212 0.16256237 0.00934502
25.10125506 8.85939443 0.00026687 0.00040156 0.00015257 0.00167686 0.42444288 0.03925286 0.29926352 0.00980849 0.03008653 0.02003145 0.16580552 0.00881089
25.20126006 8.85318825 0.00040949 0.00035050 0.00029761 0.00764744 0.42285724 0.03944561 0.29795485 0.00824689 0.02969040 0.02039825 0.16314701 0.00955471
25.30126506 8.84715482 0.00030311 0.00035948 0.00014057 0.00221251 0.41760416 0.03806313 0.30540985 0.01161475 0.02901779 0.02370971 0.16360872 0.00795622
25.40127006 8.84482418 0.00047527 0.00034572 0.00026199 0.00545478 0.42216084 0.03705165 0.30233030 0.01416496 0.02676249 0.02170132 0.16240064 0.00689002
25.50127506 8.83911256 0.00051668 0.00040421 0.00032725 0.00637548 0.42256097 0.03304205 0.30522517 0.01220106 0.02742410 0.02312344 0.16238555 0.00641404
25.60128006 8.83294919 0.00058329 0.00040177 0.00044450 0.01164832 0.41763470 0.03305019 0.30797724 0.01135372 0.02586982 0.02345791 0.16211647 0.00546206
25.70128506 8.82762549 0.00044685 0.00045547 0.00034551 0.00706150 0.41293272 0.03387141 0.30891103 0.00792565 0.02805225 0.02482072 0.16764853 0.00752837
