0.00000000 8.00000000 0.00000000 0.00000000 0.00000000 0.00000000 0.00000000 0.00000000 0.00000000 1.00000000 0.00000000 0.00000000 0.00000000 0.00000000
0.10000500 8.00350234 0.02624277 0.00199630 0.00914992 0.09611607 0.10849011 0.14371828 0.03049660 0.37259681 0.07077036 0.08595671 0.01824662 0.03621944
0.20001000 8.00050490 0.00725200 0.00151987 0.00574664 0.04711996 0.14566951 0.20957766 0.06030526 0.19411381 0.07566675 0.15427349 0.04483861 0.05391644
0.30001500 7.99655337 0.00381487 0.00149021 0.00273524 0.01851817 0.15548930 0.23019148 0.07130919 0.14070887 0.08731946 0.17958164 0.06439184 0.04444973
0.40002000 7.99286963 0.00451011 0.00128692 0.00233215 0.01503412 0.15707702 0.21242905 0.07189084 0.13954388 0.09392896 0.19133672 0.06981626 0.04081397
0.50002500 7.98840490 0.00447414 0.00127101 0.00197909 0.01413242 0.16142498 0.18211649 0.08152328 0.14202448 0.10318923 0.19416708 0.06859150 0.04510631
0.60003000 7.98083862 0.00491999 0.00130499 0.00195833 0.01315723 0.17051343 0.15229572 0.09009522 0.13751692 0.10958437 0.20549273 0.07050199 0.04265908
0.70003500 7.97823999 0.00425958 0.00124531 0.00216398 0.01503499 0.18335136 0.13811918 0.10221887 0.11563030 0.11596282 0.20428669 0.07122164 0.04650528
0.80004000 7.97562476 0.00337532 0.00115367 0.00198798 0.01334495 0.19571778 0.12899354 0.11616329 0.09631208 0.11285557 0.20741573 0.07610969 0.04657041
0.90004500 7.97118590 0.00276394 0.00113261 0.00159583 0.01146702 0.20682242 0.12787519 0.12411943 0.08275349 0.11371001 0.20230169 0.07821553 0.04724285
1.00005000 7.97030919 0.00283330 0.00115875 0.00174485 0.01534061 0.20810918 0.12858396 0.12759125 0.07523490 0.11640880 0.19681096 0.08473202 0.04145143
1.10005500 7.96551811 0.00305433 0.00112545 0.00161006 0.01113663 0.21920684 0.13005554 0.12505939 0.07788774 0.11187912 0.18705574 0.08872921 0.04319995
1.20006000 7.95917604 0.00270692 0.00118945 0.00149536 0.00920457 0.23162940 0.13673567 0.13082283 0.07567361 0.11633669 0.16311415 0.08802163 0.04306971
1.30006500 7.95258491 0.00275601 0.00115381 0.00121948 0.00761076 0.23891139 0.14940854 0.13380101 0.08134520 0.11433680 0.14441214 0.08779700 0.03724789
1.40007000 7.94126494 0.00377454 0.00123026 0.00195623 0.01770114 0.24581703 0.14560195 0.14179831 0.08513611 0.11151639 0.11938327 0.09163801 0.03444675
1.50007500 7.93646816 0.00399862 0.00112193 0.00193940 0.01763333 0.26135479 0.14780146 0.14627532 0.08598789 0.10970256 0.10405647 0.08754540 0.03258282
1.60008000 7.93058055 0.00366778 0.00110288 0.00162884 0.01228140 0.27054646 0.14634547 0.15599502 0.08638547 0.10136198 0.09705782 0.08899366 0.03463323
1.70008500 7.91780376 0.00357319 0.00120439 0.00186872 0.01418188 0.27038975 0.14050404 0.16252084 0.08142396 0.10555372 0.08901669 0.09233129 0.03743151
1.80009000 7.91101018 0.00397719 0.00116210 0.00222018 0.01703542 0.29108177 0.12995066 0.16479145 0.07666970 0.10102373 0.08332961 0.09594094 0.03281724
1.90009500 7.90711260 0.00263837 0.00128903 0.00124066 0.01067227 0.29578042 0.13616270 0.16962896 0.06286044 0.10975969 0.08194285 0.09954189 0.02848271
2.00010001 7.89967763 0.00289229 0.00118834 0.00187192 0.01322182 0.29818698 0.12788387 0.17921603 0.05789570 0.10334150 0.07931977 0.10006714 0.03491463
2.10010501 7.88962091 0.00245489 0.00125544 0.00160178 0.01819265 0.30322213 0.11530740 0.17812400 0.05174300 0.10793237 0.08589833 0.10146606 0.03280195
2.20011001 7.88195850 0.00244416 0.00125335 0.00169823 0.00959243 0.31923634 0.10231428 0.17867981 0.04890578 0.10210485 0.08731683 0.10672565 0.03972829
2.30011501 7.87070452 0.00177525 0.00117785 0.00139835 0.00846741 0.32821442 0.10782080 0.18376221 0.03938229 0.09599328 0.08850157 0.10885224 0.03465432
2.40012001 7.86629688 0.00212148 0.00117950 0.00126700 0.01367956 0.33742797 0.10210201 0.19157137 0.04124456 0.09073357 0.07999486 0.11108759 0.02759053
2.50012501 7.86390395 0.00188177 0.00110127 0.00106049 0.00782569 0.34903279 0.09706626 0.19015196 0.03709585 0.09228221 0.08408984 0.11143178 0.02698009
2.60013001 7.85272006 0.00253364 0.00112203 0.00140229 0.01379999 0.34698996 0.09286298 0.19079792 0.04314923 0.09084879 0.07422101 0.11624129 0.02603085
2.70013501 7.83867680 0.00232655 0.00121165 0.00138991 0.00946890 0.36059773 0.08976419 0.19375948 0.04391253 0.08509838 0.06439518 0.12133276 0.02674274
2.80014001 7.82937499 0.00225308 0.00110825 0.00115872 0.01227510 0.35944840 0.09131890 0.20198447 0.04327985 0.08207165 0.06720705 0.11738723 0.02050730
2.90014501 7.82311813 0.00203823 0.00114281 0.00114175 0.00928164 0.35501079 0.09443039 0.20575036 0.04084444 0.08525530 0.05996612 0.12084074 0.02429743
3.00015001 7.81567102 0.00192148 0.00112413 0.00120716 0.00801808 0.37094942 0.08847631 0.20879327 0.03880446 0.08324119 0.05538714 0.11589199 0.02618536
3.10015501 7.80884832 0.00161519 0.00108382 0.00082973 0.00562780 0.36893683 0.09363953 0.21182563 0.03974568 0.08244460 0.05413396 0.11770911 0.02240811
3.20016001 7.79590081 0.00165488 0.00113635 0.00073257 0.00465470 0.37501690 0.09253925 0.21244625 0.03793634 0.07798566 0.05938730 0.11541485 0.02109495
3.30016501 7.78850402 0.00186523 0.00114040 0.00101583 0.01156109 0.38075542 0.08345148 0.21356535 0.03727439 0.07635967 0.05473564 0.11617915 0.02209634
3.40017001 7.78000766 0.00197202 0.00105398 0.00113497 0.01122442 0.37792315 0.08472481 0.22188478 0.03507943 0.07283428 0.05343571 0.11830381 0.02042864
3.50017501 7.77346558 0.00217685 0.00104702 0.00115199 0.00831122 0.36955221 0.08253472 0.22977544 0.03804569 0.07183953 0.05199083 0.12178580 0.02178870
3.60018001 7.76820755 0.00140031 0.00111291 0.00065616 0.00509301 0.38005194 0.07508446 0.22929575 0.03325215 0.07618607 0.05283074 0.12535334 0.01968317
3.70018501 7.76212819 0.00159723 0.00100897 0.00095165 0.00601084 0.38585533 0.07270689 0.22918645 0.03197113 0.07444633 0.05439053 0.12350291 0.01837174
3.80019001 7.75280032 0.00181907 0.00111204 0.00102460 0.01005094 0.38601657 0.07121356 0.23402049 0.03246614 0.07421468 0.04579129 0.12663622 0.01563439
3.90019501 7.73995012 0.00153253 0.00107348 0.00053380 0.00420614 0.39149178 0.07158473 0.23073800 0.03471187 0.07230097 0.04602065 0.12839577 0.01741029
4.00020001 7.73415559 0.00141345 0.00102179 0.00086137 0.00800914 0.39283649 0.06405533 0.24059664 0.02928599 0.06906669 0.04676818 0.12847839 0.01760654
4.10020501 7.71906918 0.00135784 0.00101922 0.00058147 0.00319341 0.38793244 0.06841417 0.24683859 0.03369737 0.06256482 0.04879463 0.12964493 0.01596112
4.20021001 7.70842188 0.00100097 0.00107724 0.00060743 0.00450255 0.39386242 0.06303076 0.24754114 0.02611279 0.06154846 0.05173849 0.12997073 0.01900701
4.30021501 7.70117484 0.00148964 0.00105697 0.00086992 0.00540571 0.39058592 0.06767014 0.24593657 0.02872691 0.06031634 0.04549324 0.13210421 0.02034445
4.40022001 7.68883027 0.00122268 0.00097505 0.00072752 0.00326654 0.38954542 0.06631916 0.25139341 0.02815685 0.05690207 0.04616446 0.13518406 0.02014279
4.50022501 7.68323343 0.00125315 0.00093374 0.00070067 0.00476491 0.39419780 0.06340133 0.25878790 0.02485906 0.05427093 0.04531009 0.13580963 0.01571081
4.60023001 7.67687129 0.00114849 0.00095011 0.00051330 0.00453965 0.39684110 0.05954509 0.25732686 0.02433026 0.05319328 0.04791179 0.13768865 0.01601143
4.70023501 7.66971609 0.00128453 0.00106493 0.00061580 0.00366975 0.39161729 0.06239285 0.25831507 0.02632230 0.05353531 0.04331147 0.14146740 0.01640330
4.80024001 7.66028688 0.00171318 0.00111307 0.00101388 0.00814599 0.39422849 0.06263297 0.25686698 0.02591138 0.05467354 0.03830548 0.14111792 0.01427712
4.90024501 7.64577878 0.00192184 0.00098017 0.00146938 0.01291656 0.39263505 0.05578198 0.26202566 0.02596071 0.05211834 0.03836550 0.13824078 0.01758404
5.00025001 7.63534406 0.00097879 0.00106496 0.00070761 0.00303638 0.39391662 0.05916015 0.25933452 0.02242467 0.05787260 0.04550513 0.13581130 0.02018729
5.10025501 7.62899103 0.00138557 0.00092711 0.00094372 0.00640348 0.38241835 0.05679322 0.26710117 0.02317469 0.05780582 0.04547062 0.13774755 0.01982870
5.20026001 7.61171875 0.00103848 0.00099332 0.00062824 0.00498183 0.38335631 0.05803563 0.26376851 0.02224989 0.05723897 0.04917754 0.14064289 0.01788839
5.30026501 7.60305710 0.00105345 0.00096877 0.00067378 0.00439837 0.38502863 0.06109400 0.26002447 0.02171688 0.05809838 0.04709877 0.14187975 0.01796476
5.40027001 7.59436234 0.00152023 0.00099188 0.00111706 0.00929798 0.38880976 0.05476792 0.26187185 0.02403114 0.05453582 0.04333768 0.14179069 0.01792799
5.50027501 7.58156006 0.00096428 0.00100204 0.00052810 0.00499776 0.38345896 0.06032739 0.26580792 0.02398652 0.05421247 0.04044398 0.14751860 0.01675197
5.60028001 7.57886657 0.00107428 0.00113696 0.00068999 0.00426097 0.38195367 0.05929687 0.26560177 0.02243080 0.05842251 0.03724718 0.14888509 0.01899992
5.70028501 7.57342316 0.00100332 0.00116984 0.00058257 0.00450835 0.38546265 0.05605632 0.26870034 0.02127854 0.06248394 0.03147502 0.15218323 0.01509587
5.80029001 7.56202851 0.00089214 0.00114291 0.00049239 0.00335825 0.38784391 0.05152430 0.26837993 0.01993154 0.06310830 0.03353717 0.15352494 0.01626421
5.90029501 7.54738481 0.00185635 0.00112915 0.00159177 0.01185224 0.38870121 0.04914947 0.27175618 0.01551939 0.06191657 0.03250843 0.14849688 0.01552235
6.00030002 7.54264048 0.00095965 0.00097864 0.00057067 0.00408205 0.38740539 0.05989671 0.27348427 0.01855824 0.05780859 0.02945718 0.15032311 0.01647550
6.10030502 7.54171968 0.00099113 0.00099402 0.00051312 0.00381632 0.38880334 0.05882735 0.27843712 0.01707881 0.05636878 0.02838370 0.15139675 0.01438957
6.20031002 7.53481929 0.00105562 0.00103693 0.00066521 0.00471182 0.39254586 0.05966018 0.27404447 0.01701167 0.05182267 0.02914645 0.15455006 0.01374905
6.30031502 7.52857359 0.00167614 0.00096075 0.00141489 0.01091376 0.38691598 0.05460971 0.27508842 0.01600703 0.05121731 0.03290091 0.15381754 0.01447756
6.40032002 7.51354739 0.00113890 0.00101436 0.00092531 0.00449511 0.38379094 0.05076482 0.27684460 0.01849994 0.05252955 0.03441133 0.15582055 0.01976459
6.50032502 7.50322646 0.00142110 0.00100480 0.00120663 0.00858250 0.37780719 0.05768897 0.27338868 0.01748648 0.05296208 0.03601667 0.15483725 0.01759764
6.60033002 7.47903513 0.00122413 0.00109777 0.00145537 0.00996307 0.37737534 0.05276660 0.27381994 0.01424447 0.05332339 0.03506221 0.15238356 0.02728415
6.70033502 7.46811407 0.00128453 0.00102350 0.00106225 0.01080886 0.37494318 0.05313993 0.27839953 0.01881507 0.04984659 0.03722045 0.15378720 0.01966891
6.80034002 7.45624065 0.00107056 0.00112674 0.00090991 0.00652176 0.38134387 0.05307096 0.27171029 0.01869022 0.05618298 0.03905558 0.15163611 0.01868101
6.90034502 7.44377213 0.00095842 0.00113893 0.00064607 0.00214984 0.37699760 0.05490905 0.27677399 0.02131719 0.05587404 0.03917163 0.15321543 0.01684781
7.00035002 7.42939624 0.00140333 0.00110470 0.00089089 0.00609033 0.38697917 0.05665722 0.27495737 0.01856092 0.05284034 0.03570614 0.15211842 0.01269117
7.10035502 7.42007507 0.00120718 0.00108309 0.00090002 0.00771166 0.39061142 0.05078767 0.27306056 0.01921023 0.05050763 0.03217519 0.15673730 0.01600805
7.20036002 7.40905951 0.00121785 0.00108501 0.00083353 0.00552797 0.38471557 0.05015337 0.27639346 0.01785456 0.05429086 0.03679120 0.15751510 0.01362151
7.30036502 7.40157498 0.00083710 0.00104621 0.00057017 0.00553508 0.38102749 0.05221712 0.27784455 0.01840166 0.05839111 0.03193006 0.15969064 0.01250881
7.40037002 7.39547431 0.00107999 0.00098731 0.00064344 0.00619995 0.38666041 0.05105171 0.27970573 0.01791531 0.05761298 0.02638477 0.15903356 0.01272483
7.50037502 7.37496284 0.00132418 0.00120059 0.00078844 0.00585392 0.38548886 0.04795510 0.27673031 0.01713892 0.05995910 0.02825487 0.16262115 0.01268457
7.60038002 7.36660823 0.00096256 0.00107052 0.00071157 0.00503396 0.38631437 0.04427852 0.27665956 0.01859881 0.05937728 0.03034829 0.15857827 0.01806628
7.70038502 7.35831794 0.00103928 0.00104615 0.00069776 0.00440225 0.38699674 0.04276871 0.27562321 0.01875722 0.05993253 0.03091663 0.16040137 0.01741816
7.80039002 7.34318815 0.00081326 0.00102803 0.00065870 0.00286718 0.38153624 0.05451084 0.27756056 0.01702453 0.05680637 0.03398910 0.15906880 0.01413639
7.90039502 7.33919299 0.00093527 0.00097887 0.00063298 0.00469448 0.38490306 0.04932799 0.27919001 0.01679035 0.05707341 0.03393289 0.15985465 0.01168604
8.00040002 7.32818374 0.00106835 0.00101364 0.00103114 0.00699390 0.38361837 0.04870197 0.27495387 0.01611001 0.05201231 0.03685216 0.16040182 0.01724247
8.10040502 7.31581339 0.00117308 0.00107274 0.00074470 0.00346871 0.37984994 0.05475230 0.27360827 0.02177689 0.04809325 0.03538234 0.16137581 0.01870200
8.20041002 7.30588412 0.00102694 0.00105930 0.00065097 0.00357055 0.38292388 0.06102262 0.27752452 0.01927968 0.04406980 0.03320892 0.15842250 0.01724032
8.30041502 7.29401336 0.00122107 0.00104440 0.00078043 0.00552210 0.37891912 0.05717112 0.27905007 0.01909628 0.04403499 0.03692564 0.16095142 0.01528336
8.40042002 7.28798815 0.00106513 0.00097548 0.00076084 0.00556773 0.38203573 0.05364972 0.28044382 0.02055262 0.04522389 0.03499499 0.15732108 0.01740897
8.50042502 7.27981917 0.00128721 0.00099408 0.00078972 0.00608059 0.38244298 0.05140405 0.28136829 0.02221768 0.04481137 0.03670974 0.15438328 0.01751102
8.60043002 7.26931571 0.00153750 0.00100077 0.00107916 0.01109932 0.37411040 0.05674408 0.28174364 0.02017361 0.04801226 0.02987176 0.15713292 0.01749458
8.70043502 7.25527817 0.00137675 0.00095571 0.00108352 0.00789380 0.37599188 0.05819675 0.28570969 0.01662125 0.04704717 0.03350012 0.15629555 0.01532780
8.80044002 7.24013901 0.00107676 0.00094800 0.00079704 0.00880106 0.38199769 0.05668229 0.27983797 0.01692602 0.04644643 0.03616951 0.15476991 0.01554732
8.90044502 7.22364807 0.00130502 0.00094061 0.00089945 0.00371274 0.37907286 0.05473234 0.28747361 0.02595208 0.04198092 0.03102581 0.15253200 0.02037255
9.00045002 7.21033038 0.00133446 0.00096059 0.00102852 0.00586701 0.37079790 0.06164911 0.28961424 0.02188735 0.04428151 0.03568763 0.15034575 0.01654592
9.10045502 7.20013324 0.00092646 0.00094544 0.00069472 0.00472298 0.36810027 0.06456421 0.29043023 0.01931321 0.04337017 0.03632308 0.15315388 0.01745533
9.20046002 7.18744350 0.00147330 0.00103599 0.00118656 0.00947708 0.35769118 0.05809191 0.29158175 0.02273078 0.04833017 0.03414515 0.15336091 0.02089523
9.30046502 7.17471304 0.00116717 0.00109124 0.00062027 0.00366511 0.35572443 0.06450256 0.28983741 0.02289387 0.05473929 0.03019341 0.15460763 0.02095761
9.40047002 7.16988308 0.00140589 0.00098499 0.00113620 0.00648213 0.35806116 0.06166573 0.28783289 0.02153632 0.05055148 0.03048356 0.15856948 0.02129016
9.50047502 7.15764933 0.00143643 0.00100511 0.00113119 0.00993669 0.35257802 0.06219133 0.28394883 0.02060306 0.05239494 0.03719755 0.15807309 0.01950376
9.60048002 7.15047369 0.00080047 0.00102009 0.00040011 0.00252067 0.36126360 0.06399344 0.28309770 0.02013067 0.05581277 0.03768592 0.15680585 0.01646873
9.70048502 7.14357176 0.00111597 0.00105682 0.00072362 0.00420178 0.36336869 0.06122925 0.28416450 0.01947240 0.05722229 0.03257829 0.15818769 0.01667868
9.80049002 7.13560743 0.00087323 0.00107502 0.00052382 0.00219361 0.36510183 0.06416709 0.28536369 0.01708534 0.05620383 0.03351025 0.15625563 0.01764666
9.90049502 7.12395995 0.00093752 0.00103271 0.00060975 0.00656282 0.36307698 0.06116447 0.28955037 0.01961521 0.05457879 0.03120326 0.15376115 0.01790697
10.00050003 7.11323059 0.00139981 0.00095765 0.00063405 0.00555637 0.35681005 0.05891808 0.30098897 0.02292197 0.05283465 0.03229261 0.15040867 0.01627711
10.10050503 7.10656232 0.00098996 0.00101578 0.00062914 0.00969695 0.35987696 0.05601313 0.30098002 0.01839766 0.05284657 0.03172279 0.15328067 0.01455037
10.20051003 7.09944463 0.00119827 0.00101187 0.00089954 0.00708425 0.36637718 0.05662467 0.30015936 0.02054834 0.04972159 0.03127774 0.15073000 0.01436719
10.30051503 7.08326937 0.00106310 0.00103198 0.00083103 0.00553286 0.36229040 0.04908652 0.31111381 0.01644203 0.04976624 0.03617459 0.15179757 0.01486986
10.40052003 7.07416108 0.00128512 0.00099300 0.00077241 0.00693750 0.36087799 0.04861492 0.30787947 0.02256144 0.04861452 0.03505047 0.15163501 0.01477813
10.50052503 7.06262022 0.00114699 0.00105982 0.00080645 0.00502231 0.36196877 0.05010522 0.30894899 0.01840358 0.05036382 0.03298723 0.15365859 0.01552822
10.60053003 7.05217468 0.00114144 0.00106180 0.00078010 0.00449781 0.36150297 0.05035533 0.30903449 0.01791959 0.04961712 0.03035168 0.15878362 0.01495405
10.70053503 7.04516082 0.00093065 0.00096401 0.00072104 0.00502519 0.36237360 0.04807771 0.31087671 0.01587869 0.05036460 0.02974296 0.15742108 0.01762376
10.80054003 7.03316213 0.00095896 0.00101725 0.00067883 0.00338300 0.36476012 0.03986102 0.31710912 0.01773026 0.04937922 0.03072212 0.15973429 0.01466580
10.90054503 7.02782536 0.00094265 0.00104403 0.00052334 0.00374029 0.35841842 0.04643517 0.31652220 0.01786821 0.04891238 0.03369448 0.16110298 0.01079586
11.00055003 7.01771300 0.00119806 0.00100770 0.00080479 0.00771128 0.35413808 0.04947140 0.31984807 0.01770695 0.04775081 0.02877809 0.16125534 0.01032942
11.10055503 7.01057439 0.00124545 0.00107080 0.00079176 0.00674996 0.35353651 0.04443479 0.31749270 0.02215477 0.05142594 0.02659942 0.16447404 0.01002384
11.20056003 7.00095669 0.00161447 0.00095398 0.00092282 0.00792125 0.35935686 0.03745824 0.31728369 0.02367942 0.04989285 0.03304427 0.15651262 0.01135952
11.30056503 6.98370403 0.00109869 0.00098325 0.00070821 0.00461422 0.36660109 0.04079364 0.31509146 0.02055525 0.05265042 0.03348946 0.15067378 0.01274054
11.40057003 6.97370086 0.00088473 0.00102355 0.00045459 0.00561089 0.36215638 0.04063930 0.31573125 0.02152604 0.05167480 0.03313516 0.15541402 0.01174929
11.50057503 6.96618346 0.00092598 0.00108242 0.00041464 0.00364170 0.36317206 0.03773541 0.31994155 0.02191812 0.05424717 0.03211573 0.15555680 0.00924842
11.60058003 6.96017776 0.00068439 0.00097803 0.00024999 0.00055207 0.36133077 0.04080877 0.32171637 0.02157337 0.04955673 0.03724137 0.15441810 0.01089004
11.70058503 6.95336762 0.00087587 0.00103369 0.00043978 0.00286088 0.35833635 0.04009347 0.32088981 0.02190735 0.05134181 0.03719335 0.15439835 0.01062929
11.80059003 6.94673338 0.00116732 0.00098208 0.00073774 0.00543288 0.35929846 0.04042992 0.32120108 0.02134172 0.05074370 0.03271537 0.15577467 0.01017504
11.90059503 6.93703126 0.00145972 0.00092421 0.00124714 0.01195684 0.35893390 0.04699197 0.31720537 0.01694184 0.04596775 0.03193630 0.15496878 0.01146618
12.00060003 6.93227606 0.00170407 0.00098137 0.00162798 0.01323163 0.35699089 0.04279887 0.31839715 0.01740110 0.04832100 0.02678248 0.15730959 0.01445387
12.10060503 6.93254515 0.00075747 0.00107788 0.00037959 0.00167792 0.36199659 0.04794071 0.32044781 0.01576126 0.05184389 0.02608116 0.16063384 0.01140190
12.20061003 6.92210005 0.00059325 0.00098331 0.00037233 0.00062933 0.36055007 0.04554141 0.32142488 0.01611922 0.05166415 0.02772447 0.16137759 0.01301999
12.30061503 6.91290729 0.00089762 0.00106325 0.00059979 0.00296241 0.35296141 0.04346928 0.32006021 0.01662351 0.05454180 0.02930146 0.16337333 0.01414591
12.40062003 6.90845108 0.00083587 0.00093700 0.00043674 0.00277449 0.35299777 0.04647374 0.32500234 0.01530927 0.05252579 0.02734983 0.16253710 0.01282006
12.50062503 6.89627403 0.00075451 0.00097737 0.00051750 0.00296365 0.34775374 0.04571657 0.33049287 0.01622328 0.05565789 0.02572816 0.15911813 0.01409632
12.60063003 6.88802868 0.00090862 0.00101523 0.00065251 0.00546710 0.34503041 0.04075158 0.33614127 0.01551933 0.05221578 0.02617555 0.16359731 0.01252532
12.70063503 6.88066918 0.00102015 0.00097299 0.00086193 0.00714525 0.35152045 0.03872221 0.33571041 0.01650252 0.05053392 0.02639238 0.15726224 0.01335556
12.80064003 6.87186169 0.00090734 0.00092824 0.00070290 0.00838018 0.35220846 0.04031578 0.33716368 0.01697084 0.04821114 0.02513292 0.15548848 0.01359004
12.90064503 6.86116807 0.00116184 0.00105244 0.00105929 0.00992856 0.35296203 0.03781043 0.33330816 0.01406515 0.05702726 0.02830038 0.15165010 0.01167435
13.00065003 6.85087208 0.00069288 0.00100179 0.00052581 0.00479562 0.35056897 0.04354128 0.33028186 0.01209901 0.06033614 0.02887930 0.15381123 0.01346609
13.10065503 6.84169525 0.00070241 0.00093894 0.00028866 0.00169958 0.35280224 0.04274666 0.33015444 0.01563542 0.05902104 0.03009254 0.15508334 0.01083472
13.20066003 6.83754630 0.00067228 0.00093502 0.00023848 0.00069775 0.35400152 0.04205178 0.33149529 0.01593141 0.05510839 0.02882120 0.15845979 0.01158710
13.30066503 6.82508314 0.00111888 0.00108253 0.00092894 0.00724379 0.35494216 0.03663069 0.32966076 0.01241847 0.05624333 0.02878884 0.16007123 0.01087038
13.40067003 6.81865821 0.00080836 0.00093190 0.00063884 0.00497366 0.36048771 0.03809394 0.32937003 0.01440106 0.04877448 0.03264755 0.15843588 0.01043660
13.50067503 6.80334091 0.00127512 0.00097842 0.00101119 0.00867141 0.35253038 0.03906252 0.32951405 0.01801523 0.05229180 0.02846998 0.15668535 0.01149455
13.60068003 6.78730750 0.00116611 0.00104554 0.00084288 0.00969352 0.35670244 0.04077545 0.32517421 0.01857292 0.05298640 0.02762667 0.15409141 0.01132245
13.70068503 6.77732200 0.00119970 0.00102927 0.00081940 0.00581755 0.35497426 0.04602038 0.32582737 0.01545617 0.05465117 0.02540881 0.15951792 0.00927799
13.80069003 6.76737731 0.00080125 0.00104655 0.00049189 0.00478907 0.35317631 0.04847362 0.32443778 0.01584737 0.05544135 0.02660905 0.15789801 0.01098774
13.90069503 6.75999809 0.00096911 0.00094363 0.00041251 0.00357839 0.34910655 0.04478047 0.32779765 0.01785548 0.05310298 0.02880510 0.15904919 0.01359894
14.00070004 6.75126435 0.00148027 0.00089633 0.00102740 0.00923621 0.34363935 0.04169038 0.33052080 0.01883717 0.05380480 0.03020045 0.15513872 0.01352812
14.10070504 6.74674445 0.00135196 0.00093253 0.00112307 0.00792478 0.34694905 0.04150607 0.32663533 0.01904485 0.05618063 0.03113641 0.15530248 0.01191287
14.20071004 6.73750639 0.00166640 0.00092570 0.00111576 0.01066057 0.35093760 0.04146159 0.32511177 0.02125408 0.05388595 0.02842520 0.15313898 0.01141640
14.30071504 6.73332950 0.00128911 0.00095311 0.00085130 0.00651077 0.35773017 0.04261368 0.32294891 0.01957352 0.05394706 0.02967668 0.15242075 0.01148494
14.40072004 6.72877918 0.00148362 0.00086411 0.00108568 0.00827559 0.35955324 0.04078485 0.32125089 0.02160768 0.05019390 0.03019578 0.15213785 0.01256679
14.50072504 6.72343606 0.00105121 0.00098183 0.00049772 0.00416140 0.36306818 0.03782295 0.32560375 0.01922950 0.05407044 0.02863047 0.15427581 0.01060676
14.60073004 6.71287788 0.00111594 0.00092187 0.00079170 0.00590566 0.36354321 0.03836213 0.32540960 0.01843204 0.05012755 0.02932178 0.15399777 0.01207074
14.70073504 6.71153809 0.00067408 0.00090128 0.00039012 0.00184707 0.36799437 0.03641410 0.32705294 0.01606276 0.05089254 0.03058471 0.15515887 0.01202714
14.80074004 6.70386701 0.00069613 0.00092024 0.00049501 0.00200550 0.36707945 0.03641752 0.32288056 0.01704446 0.05235165 0.02768559 0.15876811 0.01365580
14.90074504 6.69487141 0.00066718 0.00092998 0.00045521 0.00187979 0.36811355 0.04247303 0.32466475 0.01811833 0.04820922 0.02610162 0.15808249 0.01030484
15.00075004 6.68771008 0.00125965 0.00093049 0.00100695 0.01203287 0.36517945 0.04500686 0.31840523 0.01544293 0.04643408 0.02597418 0.15905075 0.00927656
15.10075504 6.67093991 0.00154980 0.00092868 0.00123279 0.00830690 0.36237992 0.03802265 0.32282865 0.02014271 0.04714376 0.02976254 0.15471898 0.01298260
15.20076004 6.66151466 0.00141376 0.00094517 0.00099900 0.00704315 0.36894355 0.03821603 0.32143337 0.01789082 0.04453978 0.02933772 0.15613813 0.01309952
15.30076504 6.64200713 0.00111189 0.00114806 0.00075527 0.00725504 0.35980800 0.04030225 0.31955510 0.01688418 0.05089727 0.03113434 0.15859158 0.01255704
15.40077004 6.64134400 0.00095332 0.00099917 0.00060315 0.00628673 0.36260673 0.03723395 0.32433938 0.01592859 0.04934943 0.03250501 0.15870528 0.01048925
15.50077504 6.62950371 0.00073247 0.00099286 0.00043779 0.00396764 0.36624377 0.03704427 0.32661435 0.01739340 0.04777385 0.02953647 0.15837516 0.01088796
15.60078004 6.62410981 0.00110563 0.00094193 0.00104811 0.01150264 0.36610994 0.03548894 0.32585410 0.01260887 0.04845273 0.02911295 0.15664130 0.01113286
15.70078504 6.61768571 0.00075638 0.00094241 0.00039363 0.00223712 0.36797769 0.03399125 0.32685472 0.01710740 0.04979696 0.02902988 0.16042822 0.01048434
15.80079004 6.61466273 0.00060325 0.00090951 0.00031746 0.00163536 0.37105590 0.03477553 0.32692035 0.01467465 0.04821905 0.03010336 0.16089519 0.00989040
15.90079504 6.59982555 0.00078891 0.00096060 0.00058328 0.00846654 0.36984870 0.03342330 0.33230847 0.01406021 0.04534633 0.02297234 0.16153590 0.00970542
16.00080004 6.59378471 0.00084281 0.00105756 0.00051798 0.00449674 0.37554473 0.02905698 0.33587390 0.01392553 0.04809812 0.02171109 0.16142570 0.00744887
16.10080504 6.58482273 0.00091455 0.00096908 0.00060136 0.00518192 0.37556753 0.03072551 0.33174210 0.01456029 0.04876481 0.01863518 0.16295649 0.00938118
16.20081004 6.57748593 0.00078331 0.00087055 0.00071814 0.00355530 0.37225444 0.02948479 0.32945287 0.01762054 0.04603545 0.02197214 0.16538668 0.01186578
16.30081504 6.57108288 0.00054675 0.00093287 0.00040438 0.00256609 0.36979418 0.03446444 0.32954581 0.01200923 0.04866327 0.02649024 0.16506386 0.00951888
16.40082004 6.56481946 0.00064305 0.00092461 0.00036352 0.00311542 0.37816008 0.03537066 0.32870504 0.01433073 0.04529962 0.02101416 0.16491065 0.00716246
16.50082504 6.55040228 0.00073313 0.00104988 0.00028564 0.00353495 0.37945332 0.03117987 0.32613994 0.01487997 0.04933131 0.01980331 0.16602555 0.00758314
16.60083004 6.54547724 0.00098610 0.00093900 0.00075029 0.00660791 0.38145202 0.02955833 0.32538319 0.01209784 0.04444164 0.02232772 0.16578414 0.00967181
16.70083504 6.53288065 0.00114594 0.00101853 0.00082120 0.00651160 0.37717193 0.02935073 0.32729970 0.01438931 0.04692895 0.02494085 0.16158089 0.00884036
16.80084004 6.52101131 0.00155630 0.00101431 0.00112224 0.00964302 0.37477476 0.02509389 0.32343872 0.01406201 0.05458017 0.02776292 0.16019204 0.00675961
16.90084504 6.51167272 0.00107372 0.00096877 0.00089482 0.00661378 0.37127961 0.02653953 0.31992229 0.01477678 0.05832070 0.02728265 0.16150863 0.01081872
17.00085004 6.50409011 0.00048892 0.00093557 0.00030449 0.00040412 0.37057254 0.03340951 0.32016484 0.01427181 0.05935467 0.02662675 0.16297238 0.01049440
17.10085504 6.49346855 0.00056780 0.00091996 0.00033570 0.00269111 0.37614212 0.03389698 0.32353472 0.01413031 0.05442155 0.02521593 0.16098165 0.00716217
17.20086004 6.48903577 0.00073009 0.00097260 0.00049807 0.00364510 0.38017805 0.03742695 0.32381776 0.01238157 0.04949090 0.02261660 0.15954069 0.00870161
17.30086504 6.47044883 0.00117693 0.00103597 0.00091166 0.00474309 0.37584339 0.03868635 0.31850748 0.01547127 0.05029968 0.02001966 0.16031347 0.01299102
17.40087004 6.45956940 0.00087049 0.00104803 0.00048309 0.00305683 0.37624519 0.03766476 0.31642868 0.01692536 0.05080950 0.02451443 0.16146860 0.01048504
17.50087504 6.44835636 0.00100298 0.00105215 0.00078924 0.00530181 0.37569205 0.03747801 0.31094614 0.01521777 0.05295003 0.02644060 0.16335964 0.00976959
17.60088004 6.43670806 0.00097089 0.00098040 0.00072216 0.00518959 0.37389677 0.03935284 0.30844421 0.01478996 0.04943861 0.03004504 0.16524001 0.01092952
17.70088504 6.42702859 0.00119315 0.00104658 0.00078168 0.00560196 0.37443796 0.03463001 0.30949141 0.01606379 0.05753287 0.02698744 0.16349118 0.00874198
17.80089004 6.41887304 0.00138765 0.00092413 0.00085615 0.00866188 0.37259201 0.03695235 0.31021628 0.01914858 0.05095419 0.02508380 0.16331339 0.00990959
17.90089504 6.41490533 0.00174992 0.00089882 0.00136522 0.01243301 0.37088823 0.03536699 0.31299753 0.01528964 0.05072807 0.02778598 0.16048735 0.01000923
18.00090005 6.40538641 0.00092463 0.00094913 0.00074409 0.00890696 0.36988783 0.03704051 0.31622901 0.01639086 0.04604661 0.03100601 0.16088741 0.01098695
18.10090505 6.39508946 0.00122614 0.00099146 0.00093175 0.00733500 0.36926604 0.03836854 0.32039030 0.01597214 0.04177352 0.03201166 0.16157867 0.01015477
18.20091005 6.37632138 0.00102241 0.00099872 0.00071524 0.00604051 0.36283910 0.04357633 0.32038891 0.01763566 0.04430384 0.03367063 0.15946943 0.00933922
18.30091505 6.36794394 0.00091713 0.00101006 0.00031466 0.00370597 0.35870565 0.04365118 0.31778399 0.02069319 0.04492028 0.03448611 0.16358002 0.01023176
18.40092005 6.35746910 0.00116845 0.00100425 0.00066593 0.00600945 0.36236055 0.03905275 0.31026178 0.02266070 0.04702204 0.03497797 0.16135137 0.01346475
18.50092505 6.34815122 0.00109534 0.00095516 0.00066035 0.00414932 0.36728504 0.04676628 0.30936179 0.02111648 0.04524603 0.03409391 0.15715197 0.01211832
18.60093005 6.34403536 0.00120328 0.00092719 0.00091274 0.00805291 0.36851646 0.04419911 0.31134588 0.01997398 0.04326957 0.03216332 0.15594090 0.01349465
18.70093505 6.33322047 0.00070573 0.00101561 0.00033526 0.00376024 0.36996043 0.04352979 0.31493503 0.01783329 0.04598022 0.03329133 0.15610871 0.01254436
18.80094005 6.32330257 0.00135376 0.00087253 0.00097249 0.00927226 0.36891112 0.03973515 0.31452812 0.02316092 0.04120397 0.03144699 0.15448426 0.01405842
18.90094505 6.31715388 0.00109405 0.00097871 0.00093321 0.00633282 0.37096120 0.03740298 0.31746850 0.01701953 0.04390091 0.02933091 0.15869068 0.01588650
19.00095005 6.30139597 0.00166512 0.00093614 0.00154891 0.01654425 0.37347696 0.03307630 0.31610033 0.01762741 0.04115824 0.02576649 0.15832833 0.01377152
19.10095505 6.29460902 0.00096975 0.00098403 0.00093920 0.00844170 0.37128163 0.04066251 0.31890618 0.01608052 0.03964999 0.02535625 0.16317817 0.01355007
19.20096005 6.28989363 0.00065471 0.00098158 0.00057431 0.00376359 0.37921260 0.04155532 0.31855735 0.01537459 0.03853182 0.02671368 0.16071665 0.01336381
19.30096505 6.28446811 0.00076789 0.00085300 0.00028207 0.00052691 0.37728385 0.04640640 0.31857114 0.01865911 0.04004698 0.02622780 0.15924503 0.01112980
19.40097005 6.27652910 0.00105869 0.00086006 0.00074158 0.00459006 0.38195243 0.04249983 0.31776383 0.01639969 0.04125664 0.02725717 0.15616704 0.00945298
19.50097505 6.27089438 0.00095052 0.00092499 0.00053313 0.00547447 0.38816673 0.03968648 0.31507486 0.01498670 0.04060445 0.02559366 0.15922898 0.00877504
19.60098005 6.26490005 0.00105910 0.00088106 0.00059555 0.00356792 0.39245496 0.03671280 0.31355927 0.01822987 0.03673065 0.02471073 0.16037406 0.01112401
19.70098505 6.25553632 0.00109961 0.00078212 0.00089255 0.00605047 0.38536563 0.03873166 0.31669216 0.01626064 0.03206513 0.02936457 0.16109496 0.01160050
19.80099005 6.24153743 0.00135674 0.00080621 0.00119027 0.01029560 0.38421665 0.03644432 0.31170190 0.01519360 0.03542020 0.03471103 0.15785503 0.01080844
19.90099505 6.22945587 0.00152107 0.00081250 0.00119384 0.01138942 0.38653206 0.03906472 0.30721755 0.01689836 0.03393209 0.03406635 0.15750581 0.00986625
20.00100005 6.22373696 0.00098388 0.00090503 0.00045372 0.00316714 0.39068221 0.04251050 0.30143849 0.02035143 0.03831615 0.03166366 0.15865813 0.01086966
20.10100505 6.21315395 0.00109791 0.00083997 0.00072414 0.00621297 0.38915421 0.04519248 0.30241763 0.01793228 0.03677699 0.03181071 0.15681121 0.01102951
20.20101005 6.19939053 0.00078758 0.00091783 0.00043232 0.00412884 0.39320164 0.04479588 0.29680938 0.01775235 0.03934309 0.03077649 0.15772806 0.01332655
20.30101505 6.18651082 0.00096777 0.00094793 0.00054772 0.00601707 0.38737027 0.04126950 0.30132814 0.01770031 0.03685855 0.03579924 0.15949511 0.01169838
20.40102005 6.17534426 0.00092681 0.00093840 0.00052394 0.00448228 0.38348198 0.04353022 0.29879082 0.01894264 0.03989998 0.03636204 0.16088882 0.01123207
20.50102505 6.16549295 0.00112125 0.00091035 0.00082535 0.00706018 0.37901791 0.04296808 0.29926944 0.01637381 0.04109417 0.03342576 0.16370813 0.01422557
20.60103005 6.15407454 0.00095424 0.00086487 0.00073368 0.00594233 0.37820896 0.04165478 0.30368630 0.01947217 0.04175797 0.03373482 0.15748191 0.01550798
20.70103505 6.14252094 0.00092676 0.00084970 0.00084215 0.00540114 0.38098193 0.04072812 0.29837057 0.01651054 0.04449213 0.03907361 0.15530567 0.01651767
20.80104005 6.13099787 0.00059740 0.00092360 0.00026211 0.00256914 0.37979759 0.04380743 0.30427937 0.01683132 0.04616062 0.03640775 0.15683883 0.01152484
20.90104505 6.12296995 0.00095682 0.00087657 0.00060368 0.00521103 0.37349221 0.04091409 0.30389791 0.01890312 0.04667901 0.04219942 0.15505429 0.01121185
21.00105005 6.11680677 0.00085942 0.00089475 0.00046924 0.00345953 0.37694986 0.04000802 0.30774137 0.01906728 0.04645791 0.03665103 0.15595612 0.01148548
21.10105505 6.11136343 0.00121125 0.00087095 0.00071030 0.00592356 0.37627574 0.03883111 0.30675873 0.02094315 0.04664106 0.03636580 0.15545351 0.01001483
21.20106005 6.10523983 0.00139166 0.00091096 0.00101715 0.00768236 0.37181948 0.04236097 0.30474294 0.02018427 0.04796703 0.03159644 0.15855960 0.01176716
21.30106505 6.10128011 0.00072131 0.00084801 0.00026932 0.00239737 0.37670245 0.04371038 0.30660766 0.01940667 0.04548737 0.03429973 0.15835452 0.01119522
21.40107005 6.09159721 0.00082530 0.00095443 0.00042877 0.00463101 0.36845129 0.03981019 0.31605497 0.01849488 0.04861174 0.03184730 0.15992757 0.00996255
21.50107505 6.08062733 0.00123802 0.00088229 0.00098571 0.00728479 0.37120889 0.04068791 0.31462596 0.01607090 0.04531343 0.03017647 0.15996943 0.01155621
21.60108005 6.07480943 0.00107941 0.00089006 0.00072875 0.00742102 0.36750007 0.04076784 0.31508506 0.01833861 0.04948251 0.02883013 0.15904230 0.01083424
21.70108505 6.07080638 0.00078546 0.00086690 0.00053329 0.00292904 0.37649809 0.04335714 0.31668696 0.01417248 0.04502629 0.02795068 0.15892176 0.01227190
21.80109005 6.06264640 0.00114370 0.00084079 0.00072454 0.00452149 0.37511662 0.03621179 0.32115340 0.01802765 0.04320478 0.03038411 0.15768441 0.01098672
21.90109505 6.05352097 0.00078629 0.00093978 0.00054180 0.00334772 0.37618701 0.03869767 0.32056594 0.01420609 0.04804889 0.02808961 0.15825838 0.01033082
22.00110006 6.04685067 0.00087718 0.00088450 0.00073849 0.01038912 0.37594280 0.03754918 0.31739850 0.01160167 0.05109908 0.02393766 0.15867513 0.01090670
22.10110506 6.04320320 0.00057123 0.00083270 0.00055152 0.00274381 0.37650708 0.03735682 0.31976970 0.01318490 0.04890059 0.02487233 0.15998993 0.01471938
22.20111006 6.03786776 0.00101880 0.00080102 0.00071511 0.00732397 0.38345684 0.03527862 0.31957067 0.01447323 0.04615947 0.02210945 0.16001200 0.00908081
22.30111506 6.03360045 0.00054770 0.00084335 0.00020811 0.00110859 0.38248518 0.03813085 0.32223949 0.01315026 0.04486965 0.02557918 0.16156232 0.00927531
22.40112006 6.02427016 0.00136372 0.00085973 0.00098397 0.00738516 0.37645650 0.03622241 0.31890588 0.01558619 0.04478924 0.02482724 0.16298865 0.00963131
22.50112506 6.01317757 0.00086246 0.00092721 0.00052708 0.00398007 0.37935958 0.03732007 0.31985242 0.01463124 0.04519331 0.02730633 0.16066749 0.00937276
22.60113006 6.00710911 0.00083281 0.00087360 0.00043179 0.00357449 0.38388639 0.03825575 0.31777364 0.01521525 0.03751404 0.02719447 0.16395232 0.01049544
22.70113506 5.99936237 0.00066800 0.00085676 0.00015464 0.00052344 0.38242564 0.04054105 0.32264882 0.01905443 0.03804812 0.02629392 0.16002064 0.00876452
22.80114006 5.99290488 0.00100610 0.00081575 0.00065707 0.00770673 0.37803733 0.03682068 0.32103607 0.01678347 0.03926597 0.02616045 0.16284489 0.00886551
22.90114506 5.98600138 0.00111899 0.00080473 0.00088543 0.00764897 0.37444717 0.03576635 0.32465640 0.01594651 0.03671912 0.02624227 0.16337257 0.01239147
23.00115006 5.97198037 0.00089663 0.00083930 0.00055364 0.00850791 0.37235063 0.03245547 0.32413168 0.01831702 0.03990157 0.02586261 0.16477682 0.01140672
23.10115506 5.96426574 0.00123063 0.00090707 0.00087904 0.00620204 0.37237409 0.03584772 0.32423906 0.01688578 0.03986093 0.02613832 0.16461885 0.01081648
23.20116006 5.96239286 0.00103417 0.00086470 0.00062385 0.00463544 0.37812839 0.04205441 0.31991379 0.01667671 0.03744617 0.02444917 0.16564695 0.00852626
23.30116506 5.95497208 0.00100983 0.00085261 0.00062107 0.00439044 0.37876761 0.03834601 0.31935957 0.01602132 0.03669948 0.03062243 0.16432072 0.00898891
23.40117006 5.93965406 0.00130613 0.00092272 0.00093192 0.00749380 0.37258724 0.03641385 0.31995855 0.01791675 0.04075881 0.03177098 0.16177268 0.00816657
23.50117506 5.92755377 0.00065985 0.00104815 0.00037056 0.00706312 0.37535755 0.03752093 0.32524956 0.01432897 0.04415165 0.02639856 0.16019308 0.00765800
23.60118006 5.92034655 0.00086939 0.00092165 0.00063333 0.00574657 0.37314976 0.03394353 0.32716536 0.01404596 0.04833156 0.02689450 0.16043167 0.00786673
23.70118506 5.90853873 0.00102667 0.00094696 0.00051607 0.00645404 0.37045140 0.03390961 0.32399059 0.01548595 0.04908315 0.02572767 0.16352790 0.00887998
23.80119006 5.89941596 0.00075538 0.00093581 0.00052661 0.00452444 0.37303909 0.03292483 0.32606042 0.01304653 0.04827302 0.02308206 0.16569166 0.01114015
23.90119506 5.89233983 0.00106364 0.00094071 0.00069977 0.01346624 0.37037744 0.03161242 0.32696535 0.01423677 0.04527631 0.01956283 0.16644020 0.00935832
24.00120006 5.88192664 0.00135414 0.00092686 0.00112739 0.00940865 0.37428764 0.03154059 0.32086179 0.01379367 0.04858776 0.02517041 0.16333595 0.00960515
24.10120506 5.87373029 0.00133370 0.00084716 0.00098567 0.01076272 0.37007496 0.03755759 0.32280287 0.01565422 0.04630604 0.02297205 0.16196897 0.00873405
24.20121006 5.86580090 0.00109459 0.00095521 0.00071063 0.00770568 0.37583887 0.03806996 0.32003773 0.01250410 0.04799931 0.01945448 0.16716888 0.00846056
24.30121506 5.85460676 0.00110622 0.00090442 0.00089695 0.00597697 0.37108239 0.03947510 0.32578789 0.01274065 0.04656544 0.02069793 0.16565986 0.00910618
24.40122006 5.84807836 0.00074810 0.00094269 0.00049352 0.00570526 0.37602818 0.03369042 0.32249893 0.01047104 0.04907783 0.02237861 0.16545237 0.01251305
24.50122506 5.84522393 0.00071460 0.00091585 0.00053661 0.00299570 0.37269712 0.03638308 0.32124306 0.01084886 0.04957739 0.02327675 0.16956658 0.01124441
24.60123006 5.83358492 0.00126337 0.00095779 0.00071785 0.00649553 0.36765001 0.03474402 0.32103729 0.01845360 0.04386703 0.02200999 0.17248788 0.01031562
24.70123506 5.82500760 0.00103097 0.00092686 0.00073542 0.00852601 0.36933283 0.03665539 0.32647067 0.01426006 0.04457666 0.02139891 0.16669298 0.00939324
24.80124006 5.81393381 0.00132019 0.00096476 0.00099232 0.00963197 0.36726146 0.03460594 0.32166921 0.01227767 0.05065637 0.02740506 0.16544820 0.00776685
24.90124506 5.81048986 0.00083590 0.00095522 0.00051252 0.00402310 0.36773093 0.03651656 0.32407179 0.01497474 0.04823561 0.02829193 0.16500645 0.00884525
25.00125006 5.80278276 0.00050540 0.00097875 0.00041370 0.00201029 0.36756814 0.03475049 0.32799628 0.01324652 0.05127650 0.02600131 0.16418034 0.01107229
25.10125506 5.79347102 0.00090266 0.00087077 0.00063262 0.00420271 0.36637915 0.03601939 0.32911803 0.01441261 0.04708493 0.02523271 0.16454711 0.01059729
25.20126006 5.78370456 0.00095201 0.00094480 0.00057032 0.00540818 0.36855478 0.03804489 0.32002418 0.01538237 0.04924856 0.02491751 0.16722768 0.00872472
25.30126506 5.77426056 0.00094227 0.00101697 0.00057492 0.00437614 0.36284612 0.03721364 0.32036843 0.01688553 0.05191775 0.02736993 0.16585074 0.01063758
25.40127006 5.76322012 0.00078015 0.00097978 0.00054389 0.00292550 0.35690491 0.04388224 0.32225251 0.01560281 0.05403452 0.02502834 0.16582828 0.01123708
25.50127506 5.75301473 0.00106985 0.00089269 0.00073378 0.00627364 0.35499930 0.03896255 0.32242584 0.01785128 0.05267926 0.02710547 0.16500291 0.01200342
25.60128006 5.73935154 0.00104810 0.00090317 0.00072466 0.00624972 0.34794002 0.03438479 0.33036419 0.01872657 0.05504021 0.03020235 0.16375242 0.01066381
25.70128506 5.72984116 0.00103593 0.00099148 0.00072176 0.01079436 0.35473099 0.03300800 0.33361345 0.01597883 0.05250302 0.02713634 0.16016105 0.00932478
