0.00000000 11.00000000 0.00000000 0.00000000 0.00000000 0.00000000 0.00000000 0.00000000 0.00000000 1.00000000 0.00000000 0.00000000 0.00000000 0.00000000
0.10000500 11.00321408 0.02218778 0.00135300 0.00719904 0.10332755 0.11860791 0.10609260 0.02428725 0.44436476 0.06001606 0.07209397 0.01773577 0.02273430
0.20001000 11.00002485 0.00784407 0.00114231 0.00497752 0.06436515 0.16587008 0.18143380 0.04617437 0.24827476 0.06832607 0.13892335 0.03448717 0.03818135
0.30001500 10.99657366 0.00463661 0.00091716 0.00287553 0.03295978 0.17308836 0.22903747 0.06917413 0.17558930 0.06397034 0.17055088 0.04485001 0.03235043
0.40002000 10.99400725 0.00350215 0.00077115 0.00163383 0.00864537 0.17472242 0.23074641 0.07531057 0.15125292 0.06987892 0.19661395 0.04531694 0.04160536
0.50002500 10.98936728 0.00415382 0.00092698 0.00179207 0.02056081 0.18384767 0.19374975 0.07626899 0.14291618 0.07932334 0.19369144 0.05963302 0.04313594
0.60003000 10.98223264 0.00442118 0.00084753 0.00252265 0.02581764 0.19228124 0.17856278 0.07766768 0.12848208 0.07508857 0.20289103 0.06411498 0.04730264
0.70003500 10.97427348 0.00396159 0.00092219 0.00198061 0.01662457 0.21906996 0.16935398 0.08906869 0.11447063 0.07366729 0.19796207 0.06727187 0.04564657
0.80004000 10.96787195 0.00354633 0.00090692 0.00203993 0.01717962 0.23873920 0.15037863 0.10024413 0.09978095 0.07408146 0.19425210 0.06802830 0.05082245
0.90004500 10.96175200 0.00236944 0.00099775 0.00153277 0.01114630 0.25736915 0.16395447 0.10893309 0.07741069 0.07624966 0.17388783 0.07645036 0.04969849
1.00005000 10.96050211 0.00259676 0.00091521 0.00146993 0.01323804 0.26634301 0.16485529 0.11697751 0.07298026 0.07616243 0.15975272 0.08160184 0.04310700
1.10005500 10.96001418 0.00238318 0.00093731 0.00101605 0.00974407 0.27981342 0.16362215 0.11981589 0.07058902 0.07429662 0.14635918 0.09113675 0.04028635
1.20006000 10.95222533 0.00248183 0.00087353 0.00110279 0.00873707 0.29358475 0.16929414 0.12108369 0.07331210 0.07294249 0.13359123 0.08351554 0.03948083
1.30006500 10.94725017 0.00263897 0.00085906 0.00132463 0.01195899 0.30318402 0.16991307 0.12758968 0.07070965 0.06709250 0.11928618 0.08527474 0.04016851
1.40007000 10.94463518 0.00261786 0.00082665 0.00140401 0.01164225 0.31854083 0.16969292 0.13366035 0.06466355 0.06679869 0.10284576 0.08817348 0.03913365
1.50007500 10.93576627 0.00246086 0.00083757 0.00131465 0.01415478 0.33422828 0.16568522 0.13552867 0.05979106 0.06728540 0.09298368 0.09012007 0.03560976
1.60008000 10.92427409 0.00226601 0.00083340 0.00103137 0.01079812 0.34789345 0.15751594 0.14418813 0.06173109 0.06614906 0.08382281 0.08893596 0.03483466
1.70008500 10.91261225 0.00258120 0.00084118 0.00172774 0.01264794 0.35159908 0.15026489 0.14950258 0.05460958 0.06790071 0.07887783 0.08815645 0.04129082
1.80009000 10.90320049 0.00195310 0.00098532 0.00128859 0.00737834 0.35505942 0.15111976 0.15329703 0.04623387 0.07628945 0.07081145 0.09236878 0.04321488
1.90009500 10.89298901 0.00246495 0.00093834 0.00151524 0.01537791 0.36183088 0.13975288 0.15397585 0.04648073 0.07611405 0.07030476 0.09714088 0.03410352
2.00010001 10.88385587 0.00270652 0.00082789 0.00166699 0.01977322 0.35741216 0.12903180 0.16134075 0.04876823 0.07189864 0.06976942 0.10052055 0.03628382
2.10010501 10.87446596 0.00200570 0.00095133 0.00111679 0.01072719 0.36645155 0.12688724 0.16425456 0.05027069 0.07530381 0.06539569 0.10103875 0.03559670
2.20011001 10.86534478 0.00263113 0.00094072 0.00195043 0.02014795 0.36988858 0.12247672 0.16997050 0.03921506 0.06774840 0.06404292 0.11145180 0.02953579
2.30011501 10.86009518 0.00161275 0.00103532 0.00080258 0.00826382 0.37593159 0.11922465 0.18437139 0.03914250 0.07457645 0.05873330 0.11008526 0.02622039
2.40012001 10.84840328 0.00208098 0.00099488 0.00143307 0.01408163 0.37490887 0.11429241 0.19452822 0.03338521 0.07456410 0.05406703 0.10700394 0.02865967
2.50012501 10.83405993 0.00169466 0.00099680 0.00115159 0.00792447 0.38071437 0.10729454 0.19225710 0.03177597 0.07825468 0.05747598 0.10977706 0.03068280
2.60013001 10.82936100 0.00136328 0.00089761 0.00101403 0.00622228 0.39166601 0.10551824 0.18979661 0.02561399 0.07377793 0.06139007 0.11386185 0.02887810
2.70013501 10.81910066 0.00171645 0.00089973 0.00131433 0.01424326 0.38786493 0.10398173 0.19273419 0.02422187 0.07584153 0.05730199 0.11665962 0.02322038
2.80014001 10.81583524 0.00146518 0.00087919 0.00091413 0.00674372 0.39863098 0.09839705 0.19642270 0.03015472 0.07446454 0.05214878 0.11560259 0.02417641
2.90014501 10.80979978 0.00161332 0.00081542 0.00106684 0.01123272 0.39317088 0.09746855 0.20390515 0.02774437 0.06962643 0.05570414 0.11448212 0.02317007
3.00015001 10.79698556 0.00118381 0.00101462 0.00070073 0.00601470 0.39749522 0.09285425 0.20690700 0.02676218 0.07326575 0.05657539 0.11331741 0.02390894
3.10015501 10.78572591 0.00134265 0.00085568 0.00080991 0.00795504 0.39916855 0.09358625 0.21268855 0.02782069 0.06403092 0.06145267 0.10925631 0.02103278
3.20016001 10.78212089 0.00120655 0.00080144 0.00056820 0.00632486 0.40392109 0.09507476 0.21367666 0.03037572 0.06020327 0.05879912 0.10939754 0.01965078
3.30016501 10.77391318 0.00103555 0.00078431 0.00058976 0.00389318 0.40560416 0.09245259 0.21431725 0.02677442 0.05868032 0.06028895 0.11261396 0.02296556
3.40017001 10.76357821 0.00144208 0.00080190 0.00091107 0.01102989 0.40153878 0.08353729 0.22032443 0.03005537 0.05582081 0.05718890 0.11551408 0.02183541
3.50017501 10.75529725 0.00131127 0.00085405 0.00070408 0.00646318 0.40514734 0.08822208 0.22261938 0.03002295 0.05592793 0.05189702 0.11745129 0.01937942
3.60018001 10.74902988 0.00113480 0.00085976 0.00046536 0.00486034 0.41057882 0.08423044 0.22445564 0.02793444 0.05668645 0.05084854 0.11941933 0.01852608
3.70018501 10.73895711 0.00130852 0.00084741 0.00067215 0.01056129 0.40497460 0.07559045 0.22911986 0.02973211 0.05284186 0.05548585 0.12021627 0.01864962
3.80019001 10.73462702 0.00144536 0.00094434 0.00093605 0.00948871 0.41046310 0.07226382 0.23448484 0.02540033 0.05465170 0.04717451 0.12545601 0.01729122
3.90019501 10.72232821 0.00093889 0.00089471 0.00045398 0.00611866 0.41691961 0.06988344 0.23997308 0.02110911 0.05814954 0.04785415 0.12206307 0.01564177
4.00020001 10.71287746 0.00130867 0.00079808 0.00098336 0.01009053 0.40534709 0.07272627 0.23487812 0.02208250 0.05727221 0.04933550 0.12570450 0.01947318
4.10020501 10.70808408 0.00103530 0.00082508 0.00055025 0.00377451 0.40308039 0.07550770 0.23701069 0.02377689 0.05706112 0.05075736 0.13002272 0.01659799
4.20021001 10.70569641 0.00143037 0.00079868 0.00091094 0.01017124 0.40667991 0.06762560 0.23929458 0.02501930 0.05679327 0.04579678 0.13043357 0.01504578
4.30021501 10.69167490 0.00111890 0.00090756 0.00071601 0.01107367 0.41119325 0.06202074 0.24189173 0.02139973 0.05837547 0.04455208 0.12963199 0.01711888
4.40022001 10.68640578 0.00126094 0.00099161 0.00084741 0.00700237 0.41303327 0.05770147 0.24409653 0.01894925 0.06973996 0.04080414 0.13213863 0.01343442
4.50022501 10.67668158 0.00146420 0.00092681 0.00110372 0.01286956 0.40835997 0.05547008 0.24676250 0.01980337 0.05972884 0.04367666 0.13622188 0.01361242
4.60023001 10.66912825 0.00089630 0.00083763 0.00055235 0.00519306 0.40850683 0.06020476 0.24648877 0.02022202 0.05873645 0.04333353 0.13543032 0.01959798
4.70023501 10.65923720 0.00107035 0.00086609 0.00078178 0.00768169 0.41399923 0.05908107 0.25085022 0.01812604 0.05345449 0.04249111 0.13482996 0.01676795
4.80024001 10.64234531 0.00126085 0.00094532 0.00083088 0.01093818 0.40782435 0.06103815 0.25004698 0.02145266 0.05218561 0.03890385 0.14099774 0.01357542
4.90024501 10.63971529 0.00089303 0.00085172 0.00040366 0.00389046 0.40534952 0.06683659 0.25355177 0.02411308 0.04861123 0.04184921 0.13963576 0.01401398
5.00025001 10.63258198 0.00085313 0.00088480 0.00045261 0.00342362 0.40526894 0.06676762 0.25578516 0.02194148 0.05177838 0.03980071 0.13828272 0.01476082
5.10025501 10.61898587 0.00109926 0.00082353 0.00069880 0.00746741 0.40674046 0.06393878 0.25469619 0.02371252 0.04781139 0.04157345 0.13392843 0.01750979
5.20026001 10.61043269 0.00109987 0.00084075 0.00061125 0.00686079 0.40351234 0.06924730 0.25406578 0.02409026 0.04893681 0.04303712 0.13464431 0.01305341
5.30026501 10.60088808 0.00111088 0.00085732 0.00061460 0.00523599 0.39905753 0.06790321 0.26462770 0.02316994 0.04509840 0.04455397 0.13435905 0.01341140
5.40027001 10.58482198 0.00117859 0.00088284 0.00073603 0.00591431 0.39866567 0.06411929 0.26797301 0.02264050 0.04664386 0.03870365 0.13783463 0.01470765
5.50027501 10.58060351 0.00115125 0.00077673 0.00083261 0.01279032 0.40368004 0.05982186 0.26457425 0.02054800 0.04430128 0.03855794 0.13866769 0.01429802
5.60028001 10.57299152 0.00109678 0.00082522 0.00058913 0.00909282 0.40046749 0.06277325 0.26713846 0.02165395 0.04555551 0.03692527 0.14201332 0.01186880
5.70028501 10.56083589 0.00125542 0.00085963 0.00056094 0.00655113 0.39796624 0.06597346 0.26371602 0.02585320 0.04669880 0.03465773 0.14275929 0.01314814
5.80029001 10.54326699 0.00104768 0.00089416 0.00076981 0.00727649 0.39924881 0.06346557 0.26498119 0.01984068 0.04717324 0.03346691 0.14170261 0.02013285
5.90029501 10.53616982 0.00143524 0.00085657 0.00090216 0.01175538 0.39985379 0.05811375 0.26327883 0.02450755 0.04330490 0.03003363 0.15070590 0.01525228
6.00030002 10.52489843 0.00112375 0.00093569 0.00074475 0.00690387 0.40058421 0.05419148 0.26872056 0.02156660 0.04605275 0.03308919 0.15170679 0.01438035
6.10030502 10.52248374 0.00088867 0.00090495 0.00059025 0.00494668 0.39937713 0.05620882 0.26668305 0.01929953 0.04330884 0.03453441 0.15772603 0.01553164
6.20031002 10.51081846 0.00074185 0.00082086 0.00054973 0.00537254 0.39935192 0.06228157 0.27092067 0.01644546 0.04232063 0.03362169 0.15458592 0.01298715
6.30031502 10.50057841 0.00095713 0.00086256 0.00057153 0.00459523 0.40041960 0.06272066 0.26798377 0.02308663 0.04140129 0.03123349 0.15533277 0.01083534
6.40032002 10.49365814 0.00117500 0.00079612 0.00040868 0.00505255 0.40424851 0.06139755 0.26896504 0.02966060 0.04165634 0.02762997 0.14833400 0.01067564
6.50032502 10.47945492 0.00121988 0.00083607 0.00086363 0.00782968 0.40224311 0.05802468 0.27325567 0.02118185 0.04050829 0.03228831 0.14715686 0.01459197
6.60033002 10.46798019 0.00078115 0.00085956 0.00048947 0.00725894 0.40321981 0.05736926 0.27017288 0.01959126 0.04399705 0.03412771 0.14775071 0.01438220
6.70033502 10.45681516 0.00098705 0.00081697 0.00070217 0.00620029 0.39626801 0.05526123 0.26784463 0.01995872 0.04491943 0.03792574 0.15215097 0.01696481
6.80034002 10.44206247 0.00125676 0.00094807 0.00081277 0.00765482 0.39672736 0.05486747 0.26093415 0.02244772 0.05028982 0.03528572 0.15510059 0.01367474
6.90034502 10.43533935 0.00135501 0.00089930 0.00111103 0.01565390 0.39866027 0.04822501 0.26259207 0.02002697 0.04375535 0.03542922 0.15609302 0.01619885
7.00035002 10.42396936 0.00116848 0.00086162 0.00082248 0.00627681 0.39813126 0.05472166 0.26864655 0.02401577 0.03947844 0.03251452 0.15688213 0.01648028
7.10035502 10.40651868 0.00116400 0.00092500 0.00084038 0.00750698 0.39494229 0.05559487 0.26810174 0.02180343 0.04169547 0.03368164 0.16033551 0.01340871
7.20036002 10.39089176 0.00094404 0.00105720 0.00065962 0.00494070 0.39571930 0.05600764 0.26395224 0.01967014 0.05371410 0.03069319 0.15955715 0.01308466
7.30036502 10.38107484 0.00102477 0.00090703 0.00053376 0.00712733 0.39320307 0.05549724 0.26425816 0.02125355 0.05408662 0.03069052 0.15954512 0.01187283
7.40037002 10.36141835 0.00117341 0.00092018 0.00072903 0.00607629 0.38647773 0.06008560 0.26687923 0.02022471 0.05438883 0.03043593 0.15933404 0.01327504
7.50037502 10.34724161 0.00115495 0.00096097 0.00077518 0.00774603 0.37880832 0.05798274 0.26306577 0.01864180 0.06186494 0.03607598 0.15930000 0.01362332
7.60038002 10.33359884 0.00084151 0.00092424 0.00044641 0.00912615 0.38146316 0.05752601 0.26121549 0.01776597 0.06185311 0.04418479 0.15254399 0.01210917
7.70038502 10.32626605 0.00103136 0.00090188 0.00061893 0.00626687 0.38330590 0.05765758 0.26692673 0.01813597 0.06158922 0.03979048 0.15127627 0.01249882
7.80039002 10.32550914 0.00118117 0.00085418 0.00087703 0.01263087 0.39119522 0.05502242 0.26780765 0.01618757 0.05646560 0.03430755 0.14967734 0.01379339
7.90039502 10.31676251 0.00142645 0.00090647 0.00105447 0.01117850 0.38640629 0.06086975 0.26732258 0.01789748 0.05823230 0.02987849 0.14913236 0.01569485
8.00040002 10.29946015 0.00124812 0.00098115 0.00103512 0.00961562 0.38656898 0.05863437 0.26682937 0.01923678 0.05436350 0.03169664 0.15325700 0.01653335
8.10040502 10.29116035 0.00081700 0.00092554 0.00046804 0.00310556 0.38777999 0.06001708 0.27294405 0.02125713 0.04926854 0.03158550 0.15708187 0.01474969
8.20041002 10.28718936 0.00097900 0.00095521 0.00064681 0.00818549 0.39109546 0.05686892 0.27399525 0.01809696 0.04389235 0.03171494 0.16206173 0.01150788
8.30041502 10.27953521 0.00089621 0.00087034 0.00046872 0.00709956 0.39043869 0.05617968 0.27563759 0.02025806 0.04267726 0.03802920 0.15637612 0.01106855
8.40042002 10.26991590 0.00094861 0.00085628 0.00054680 0.00579346 0.38856083 0.05223981 0.28156170 0.02157304 0.04345581 0.03818373 0.15556538 0.01071455
8.50042502 10.25783068 0.00111273 0.00081938 0.00057102 0.00683485 0.38912019 0.05095805 0.28063573 0.02504292 0.04296180 0.03512428 0.15446290 0.01235616
8.60043002 10.24737621 0.00090056 0.00078802 0.00052265 0.00580724 0.38988311 0.05412129 0.28048984 0.01862887 0.04100232 0.03989382 0.15383672 0.01412557
8.70043502 10.23837340 0.00066411 0.00081350 0.00050185 0.00233405 0.39241104 0.05065421 0.28096547 0.01998862 0.03989543 0.03813993 0.15391456 0.01971724
8.80044002 10.22728139 0.00086631 0.00084094 0.00072329 0.00797789 0.38846411 0.05621826 0.27951500 0.01630296 0.04218568 0.03984644 0.15099427 0.01606485
8.90044502 10.22134504 0.00079937 0.00080330 0.00036781 0.00312565 0.39991562 0.05431173 0.27519631 0.01933738 0.03991631 0.04245684 0.15216845 0.01160122
9.00045002 10.21337513 0.00084294 0.00078190 0.00047133 0.00700306 0.39926616 0.05610221 0.27448626 0.01730349 0.04222340 0.03606741 0.15524229 0.01020956
9.10045502 10.20364847 0.00102867 0.00086470 0.00079254 0.00901631 0.39745715 0.05104236 0.27227575 0.01637933 0.05082624 0.03529452 0.15257616 0.01244627
9.20046002 10.19443623 0.00079667 0.00089453 0.00034502 0.00733407 0.40346631 0.04731675 0.27660369 0.01845827 0.05047328 0.03157548 0.15256219 0.01017374
9.30046502 10.18177289 0.00075102 0.00087567 0.00032035 0.00389676 0.40625688 0.05289666 0.27252679 0.01772230 0.04944460 0.03011570 0.15289606 0.01229721
9.40047002 10.17303813 0.00095797 0.00086683 0.00061554 0.01205566 0.39846465 0.05664534 0.27250736 0.01558084 0.05069854 0.02726020 0.15146263 0.01288445
9.50047502 10.16603957 0.00073345 0.00086463 0.00036205 0.00483372 0.40273382 0.05261247 0.28184197 0.01681736 0.04859725 0.02940949 0.14996233 0.01123146
9.60048002 10.16085160 0.00074063 0.00085145 0.00045459 0.00838295 0.40813320 0.04687894 0.28366328 0.01473214 0.04527198 0.02473758 0.15608010 0.01007317
9.70048502 10.15646882 0.00075651 0.00090606 0.00051123 0.00347035 0.41307184 0.04880345 0.28015602 0.01455793 0.04484743 0.02112657 0.15901865 0.01277397
9.80049002 10.14511271 0.00064062 0.00084882 0.00047129 0.00284000 0.40995340 0.05080870 0.27482385 0.01405515 0.04064770 0.02856228 0.16372623 0.01262194
9.90049502 10.13572720 0.00051466 0.00087438 0.00027851 0.00049067 0.40933459 0.04585207 0.27552501 0.01287918 0.04438990 0.03266157 0.16187613 0.01532335
10.00050003 10.13135073 0.00076505 0.00081820 0.00055288 0.00638263 0.40673312 0.04888253 0.27607237 0.01332951 0.04427642 0.03287252 0.15609990 0.01321488
10.10050503 10.12033043 0.00088904 0.00076074 0.00066642 0.00706155 0.40633195 0.05549084 0.27540416 0.01227389 0.04514586 0.03095556 0.15235729 0.01266272
10.20051003 10.10695902 0.00099255 0.00092096 0.00075444 0.00814922 0.40641909 0.05226880 0.27355852 0.01018718 0.04489954 0.03101680 0.15820189 0.01263101
10.30051503 10.09551179 0.00055004 0.00087246 0.00042864 0.00371804 0.41402413 0.05015809 0.27561133 0.01189066 0.04350606 0.02779620 0.15398603 0.01745833
10.40052003 10.08273553 0.00111306 0.00080247 0.00081093 0.00754674 0.40665841 0.04962410 0.27940232 0.01516237 0.03884495 0.02976451 0.15429185 0.01597831
10.50052503 10.07057737 0.00098640 0.00080976 0.00080163 0.00854386 0.41001812 0.05087880 0.27841195 0.01308295 0.04101579 0.03182752 0.14974439 0.01387884
10.60053003 10.06497930 0.00066206 0.00080163 0.00040720 0.00311395 0.41689211 0.05159488 0.27618806 0.01850364 0.04002525 0.03114222 0.14809294 0.01257606
10.70053503 10.04951491 0.00128701 0.00078625 0.00097735 0.01192939 0.41153592 0.05162153 0.27263127 0.01999041 0.04101143 0.03027146 0.14403512 0.01392285
10.80054003 10.03320809 0.00094004 0.00082313 0.00080637 0.00731733 0.40669944 0.05573237 0.27072930 0.02075287 0.03935888 0.02699036 0.14638925 0.02346066
10.90054503 10.01576111 0.00157511 0.00085105 0.00145124 0.01880753 0.40428437 0.05885213 0.26174498 0.01857329 0.04061319 0.03085346 0.14650642 0.01588724
11.00055003 9.99921017 0.00182664 0.00084044 0.00161825 0.01768112 0.40498563 0.05773094 0.26660711 0.01706740 0.04015751 0.02825548 0.14740931 0.01582017
11.10055503 9.99226242 0.00154335 0.00078303 0.00130329 0.01479676 0.40313239 0.05906460 0.27633923 0.01526403 0.03818950 0.02756364 0.14755585 0.01446432
11.20056003 9.98817404 0.00093267 0.00082867 0.00058934 0.00573123 0.41371324 0.06060058 0.27226365 0.01767635 0.03555445 0.02618941 0.14963999 0.01628042
11.30056503 9.98448659 0.00107873 0.00076584 0.00087423 0.01203999 0.41851753 0.05324965 0.27132343 0.01540769 0.03595231 0.03029072 0.14544089 0.01505898
11.40057003 9.97401661 0.00092423 0.00084434 0.00073954 0.00581833 0.41460224 0.05304503 0.26593689 0.01587150 0.03936598 0.03981535 0.14725055 0.01578602
11.50057503 9.95760821 0.00110103 0.00078783 0.00086529 0.01013230 0.41087613 0.05127111 0.27044189 0.01757586 0.03834875 0.04043077 0.14354540 0.01462363
11.60058003 9.94618606 0.00095303 0.00083135 0.00061634 0.00801168 0.40965033 0.05107341 0.27404014 0.01818808 0.04040774 0.03908142 0.14507044 0.01207604
11.70058503 9.93600733 0.00070980 0.00085675 0.00041652 0.00466383 0.40930042 0.05255552 0.26851781 0.01780280 0.04109861 0.03854263 0.15222641 0.01330889
11.80059003 9.92569861 0.00119608 0.00078986 0.00093349 0.01231029 0.40488579 0.04983748 0.27400571 0.01827304 0.03608810 0.03522788 0.15023055 0.01622173
11.90059503 9.91625359 0.00143428 0.00072429 0.00117774 0.01458121 0.40614171 0.04984627 0.27789129 0.01876107 0.03477849 0.03690268 0.14446422 0.01329675
12.00060003 9.91428958 0.00111410 0.00072862 0.00075566 0.00623050 0.41103267 0.05617729 0.28484149 0.01885360 0.03348714 0.03074456 0.14591008 0.01012428
12.10060503 9.90917721 0.00098954 0.00073600 0.00090338 0.00855019 0.41580387 0.05171993 0.28094803 0.01624341 0.03206002 0.03100560 0.14645208 0.01458795
12.20061003 9.90139419 0.00087020 0.00074758 0.00042364 0.00599047 0.41043776 0.05742536 0.28444512 0.01815221 0.03207606 0.03237153 0.14629349 0.01076658
12.30061503 9.89180676 0.00161360 0.00085471 0.00117085 0.01092322 0.40145874 0.05920256 0.27783059 0.01803952 0.03798530 0.03030354 0.14987066 0.01074670
12.40062003 9.88393904 0.00110401 0.00077778 0.00070780 0.01003946 0.40327690 0.06137010 0.27887353 0.01713091 0.03654155 0.02502634 0.15253024 0.01262140
12.50062503 9.87885944 0.00099367 0.00079873 0.00063074 0.00541074 0.41203505 0.05712879 0.27915865 0.01649308 0.03859276 0.02273156 0.15341481 0.01261140
12.60063003 9.87228134 0.00062962 0.00084405 0.00019921 0.00052970 0.41459177 0.05270902 0.27817009 0.01974914 0.04185119 0.02215885 0.15454291 0.01402447
12.70063503 9.86160032 0.00071594 0.00087559 0.00041410 0.00201786 0.41529623 0.04798615 0.27452552 0.02058171 0.05048931 0.02092456 0.15281335 0.01335968
12.80064003 9.85624182 0.00115583 0.00078185 0.00079121 0.00830083 0.41562143 0.04306259 0.27438245 0.01854971 0.04875089 0.02558735 0.15246336 0.01055248
12.90064503 9.84891580 0.00099321 0.00079907 0.00076478 0.01011356 0.41537851 0.04335379 0.27787438 0.01428611 0.04458415 0.02688542 0.15536388 0.00960314
13.00065003 9.83822845 0.00116438 0.00084961 0.00073764 0.00852051 0.40935773 0.04456183 0.27679106 0.01606829 0.04578506 0.02937869 0.15721654 0.00956866
13.10065503 9.81904565 0.00096400 0.00095629 0.00059201 0.00815319 0.40393605 0.04762322 0.27733042 0.01650568 0.04869029 0.03221030 0.15308694 0.00995159
13.20066003 9.81107662 0.00076084 0.00083826 0.00042461 0.00376743 0.40661692 0.05291233 0.27962987 0.01627179 0.04469095 0.03009627 0.15222400 0.01176673
13.30066503 9.80199676 0.00091327 0.00079808 0.00065084 0.00821234 0.40996339 0.05385798 0.27412348 0.01492069 0.04708896 0.03179632 0.14802609 0.00964856
13.40067003 9.79302832 0.00050342 0.00085412 0.00015164 0.00041164 0.41354707 0.05519521 0.28020875 0.01565124 0.04450974 0.03371290 0.14488032 0.01037395
13.50067503 9.77900623 0.00082751 0.00078507 0.00055023 0.00467236 0.40917851 0.04612590 0.28371035 0.01843073 0.04226267 0.03534898 0.14406340 0.01404430
13.60068003 9.76605296 0.00095923 0.00080440 0.00074669 0.00861128 0.40090389 0.04561337 0.28025848 0.01551142 0.04446716 0.03666999 0.14756606 0.01788802
13.70068503 9.75573758 0.00098483 0.00081735 0.00075929 0.00796521 0.40053878 0.04461378 0.28423882 0.01316318 0.04330232 0.03137137 0.15510274 0.01714235
13.80069003 9.74830416 0.00103491 0.00081680 0.00085987 0.00698471 0.40019461 0.04740815 0.28420984 0.01440597 0.04190255 0.03161569 0.15687621 0.01369071
13.90069503 9.73775882 0.00067344 0.00080038 0.00053501 0.00310901 0.40191258 0.05310803 0.28021915 0.01322512 0.04186095 0.03330018 0.15720695 0.01404922
14.00070004 9.72739583 0.00129393 0.00084382 0.00083879 0.00826484 0.39996782 0.04917351 0.27636121 0.02024230 0.04177899 0.03080212 0.15904816 0.01138452
14.10070504 9.71763891 0.00098663 0.00087111 0.00058435 0.01094440 0.39715469 0.05181010 0.28215717 0.01861734 0.04468091 0.02696863 0.15513613 0.01008854
14.20071004 9.70234643 0.00118664 0.00081310 0.00083319 0.00754110 0.39560330 0.05728596 0.28593860 0.01899571 0.04032214 0.03049266 0.15132286 0.00966474
14.30071504 9.69222527 0.00095870 0.00081043 0.00044541 0.00471977 0.39505935 0.05970968 0.28555192 0.02129808 0.04380085 0.02647663 0.15077745 0.01039173
14.40072004 9.68867205 0.00109649 0.00079817 0.00077318 0.01140307 0.39939637 0.05529994 0.28562062 0.01532081 0.04211518 0.02699373 0.15006966 0.01111277
14.50072504 9.68147718 0.00088214 0.00081361 0.00055514 0.00636948 0.40634564 0.05177825 0.28449402 0.01351033 0.04500715 0.02559074 0.15133959 0.01331392
14.60073004 9.66996957 0.00052607 0.00082781 0.00026686 0.00459168 0.40453336 0.04942142 0.28358409 0.01367827 0.04443474 0.02832668 0.15462000 0.01518901
14.70073504 9.65881269 0.00077612 0.00082738 0.00058017 0.00633862 0.40088928 0.05519851 0.28458024 0.01130006 0.04568975 0.02688036 0.15201335 0.01492615
14.80074004 9.64334587 0.00075030 0.00086637 0.00077883 0.00684699 0.40057389 0.05258036 0.28281892 0.01047264 0.04922730 0.03176162 0.14651352 0.01680926
14.90074504 9.63272961 0.00102834 0.00076535 0.00096097 0.01370080 0.39717622 0.05143451 0.28253066 0.01009191 0.04423075 0.03582093 0.14729703 0.01496254
15.00075004 9.61330774 0.00114329 0.00086251 0.00074347 0.00852684 0.38957436 0.05253140 0.28464634 0.01904161 0.04594403 0.03317881 0.14897275 0.01483457
15.10075504 9.59682883 0.00072852 0.00098351 0.00041115 0.00348028 0.38683855 0.05280995 0.28827070 0.01544272 0.05017082 0.03150935 0.15573641 0.01361804
15.20076004 9.58853015 0.00083375 0.00089641 0.00054624 0.00409697 0.38103423 0.05363674 0.28694659 0.01884541 0.04853000 0.03145627 0.15659278 0.01658461
15.30076504 9.58353216 0.00076563 0.00085156 0.00059633 0.00668524 0.38455948 0.04998501 0.29046749 0.01495166 0.04679747 0.03276942 0.15732400 0.01424672
15.40077004 9.57363073 0.00114401 0.00085373 0.00091403 0.00810110 0.37762979 0.04893415 0.29277017 0.01733492 0.05107187 0.03253336 0.15567444 0.01303842
15.50077504 9.56700521 0.00061737 0.00082904 0.00055043 0.00762685 0.38049528 0.04656527 0.29305766 0.01654020 0.04805187 0.03057402 0.15756615 0.01752587
15.60078004 9.55452583 0.00089747 0.00088016 0.00086297 0.00812847 0.39279178 0.04531702 0.29310765 0.01321396 0.04868827 0.02718573 0.15453213 0.01439436
15.70078504 9.54261417 0.00072332 0.00089525 0.00062640 0.00621138 0.39895760 0.04037807 0.29753990 0.01119209 0.04706724 0.03376465 0.15154001 0.01110410
15.80079004 9.53133078 0.00073688 0.00084943 0.00047648 0.00504206 0.39207668 0.04682900 0.29975251 0.01223973 0.04739520 0.03165951 0.15392619 0.00901634
15.90079504 9.51507238 0.00091515 0.00090457 0.00054484 0.00622599 0.38634889 0.04080257 0.30248998 0.01504729 0.05257984 0.02775809 0.15567672 0.01070608
16.00080004 9.50909353 0.00103314 0.00087060 0.00086820 0.00830448 0.38579454 0.04070176 0.30402460 0.01236351 0.05503411 0.02433033 0.15427615 0.01239858
16.10080504 9.50131325 0.00091155 0.00094012 0.00054799 0.00606527 0.38475405 0.04102237 0.30530326 0.01686792 0.05790667 0.02454746 0.15309590 0.00803744
16.20081004 9.49627742 0.00044547 0.00090672 0.00017766 0.00040374 0.38699342 0.03972233 0.30764295 0.01483632 0.06057041 0.02676189 0.15188650 0.00965259
16.30081504 9.49231830 0.00041623 0.00078039 0.00016135 0.00029894 0.38714920 0.03869536 0.30623503 0.01534004 0.05711612 0.02849343 0.15471925 0.01059465
16.40082004 9.48233292 0.00064331 0.00077312 0.00034842 0.00328232 0.38082449 0.03779960 0.31051262 0.01407554 0.05715568 0.03151280 0.15273409 0.01033801
16.50082504 9.46485978 0.00067309 0.00086079 0.00034675 0.00326871 0.37855443 0.03893204 0.30971657 0.01401908 0.05619962 0.03748505 0.15066860 0.00927528
16.60083004 9.45175600 0.00092110 0.00080325 0.00067404 0.00492786 0.37697967 0.04330579 0.30635815 0.01559196 0.04974383 0.03916222 0.14811509 0.01341703
16.70083504 9.44927806 0.00061174 0.00079808 0.00020844 0.00229685 0.38181153 0.04412562 0.31054013 0.01805406 0.04315259 0.03724141 0.14969767 0.01146189
16.80084004 9.43543974 0.00093851 0.00076383 0.00065520 0.00497249 0.38119955 0.03968798 0.30391371 0.01880446 0.04095473 0.04083453 0.15116819 0.01610683
16.90084504 9.43081664 0.00106905 0.00079024 0.00074201 0.00876945 0.37686031 0.04174353 0.30234484 0.01773545 0.04140394 0.04118450 0.15260066 0.01475602
17.00085004 9.42315305 0.00100613 0.00074044 0.00070572 0.00859871 0.37473026 0.04647516 0.30604953 0.01953089 0.03981668 0.04071117 0.15066308 0.01097221
17.10085504 9.41599701 0.00090218 0.00074551 0.00057134 0.00708153 0.37946650 0.04691529 0.30314871 0.01715056 0.04129115 0.03964326 0.15134814 0.01173584
17.20086004 9.41019855 0.00099330 0.00069552 0.00067506 0.00904906 0.37810651 0.04702812 0.30715013 0.02262010 0.03405367 0.03489414 0.14999416 0.01474022
17.30086504 9.40563779 0.00059983 0.00073408 0.00023765 0.00238849 0.38387604 0.04988522 0.30638395 0.01860024 0.03471408 0.03218604 0.15429185 0.01610253
17.40087004 9.40292140 0.00070829 0.00078833 0.00046193 0.00296784 0.39008177 0.04519817 0.30933944 0.01865740 0.03201984 0.02753758 0.15777061 0.01446880
17.50087504 9.38940392 0.00057370 0.00094166 0.00045771 0.00412486 0.39728845 0.04429095 0.30158971 0.01455799 0.03965936 0.02758488 0.15452082 0.01440991
17.60088004 9.38091612 0.00095938 0.00076936 0.00069519 0.01258123 0.39941939 0.04452374 0.30372175 0.01476725 0.03586283 0.02683382 0.15022667 0.00963939
17.70088504 9.37233962 0.00093680 0.00072870 0.00052784 0.00459652 0.39945772 0.04706552 0.31168549 0.01678219 0.03793847 0.02377035 0.14818962 0.00832078
17.80089004 9.36245407 0.00069653 0.00073763 0.00027912 0.00511754 0.39606739 0.04414521 0.31424972 0.01721899 0.03850005 0.02240034 0.15244522 0.00814227
17.90089504 9.35784432 0.00078875 0.00070139 0.00037650 0.00507163 0.39577199 0.04575185 0.31302860 0.01804653 0.03622154 0.02163155 0.15427649 0.00833319
18.00090005 9.35475972 0.00055297 0.00073940 0.00031523 0.00157449 0.39094785 0.04498143 0.31907403 0.01559379 0.03827340 0.02144161 0.15496532 0.01154050
18.10090505 9.34281650 0.00087048 0.00077277 0.00052556 0.00654144 0.38971875 0.04236275 0.31645985 0.01884232 0.03494341 0.01983910 0.15810523 0.01101835
18.20091005 9.33127367 0.00107187 0.00077944 0.00057006 0.00580025 0.39488308 0.04347810 0.31173171 0.01840980 0.03015565 0.02234271 0.16045012 0.01032721
18.30091505 9.31839966 0.00084141 0.00086367 0.00070795 0.00609506 0.39198539 0.04770545 0.30825339 0.01313224 0.03668640 0.02230626 0.15821115 0.01321163
18.40092005 9.30773013 0.00088963 0.00085083 0.00069758 0.00767323 0.39409366 0.04557775 0.31412772 0.01220054 0.03158012 0.02439917 0.15734766 0.01056209
18.50092505 9.29742984 0.00060423 0.00084441 0.00024991 0.00179070 0.39307302 0.04258779 0.31677220 0.01633707 0.03425395 0.02400159 0.15905642 0.01042871
18.60093005 9.29217912 0.00033027 0.00081113 0.00031397 0.00031938 0.39351050 0.04244010 0.31605580 0.01021297 0.03647064 0.02416998 0.16315193 0.01221333
18.70093505 9.28270097 0.00057646 0.00071231 0.00029832 0.00249159 0.39436492 0.04434388 0.31283939 0.01451800 0.03389498 0.02553691 0.16018841 0.01023485
18.80094005 9.26867179 0.00079543 0.00075488 0.00079843 0.00771427 0.39600737 0.04221586 0.31264336 0.01074863 0.03341819 0.02522432 0.15517621 0.01450306
18.90094505 9.26657498 0.00097451 0.00076927 0.00087092 0.00731084 0.39409868 0.04269595 0.31570800 0.01100473 0.03016792 0.02507604 0.15925612 0.01206701
19.00095005 9.26483350 0.00099598 0.00075098 0.00083398 0.01048832 0.39779036 0.04208244 0.31150465 0.01085533 0.02812648 0.02499383 0.15982754 0.01175011
19.10095505 9.25636850 0.00101462 0.00071742 0.00079788 0.00841378 0.39478315 0.04541098 0.31187128 0.01360818 0.02793334 0.02612705 0.15669480 0.01262749
19.20096005 9.24302672 0.00069842 0.00077994 0.00035957 0.00350872 0.39137252 0.04453140 0.31526691 0.01708354 0.02993940 0.02923882 0.15664123 0.01057954
19.30096505 9.23573674 0.00065856 0.00077136 0.00021076 0.00560604 0.38916905 0.03995449 0.31804117 0.01832518 0.03331054 0.02799199 0.15670788 0.00925300
19.40097005 9.22399445 0.00077630 0.00078176 0.00045682 0.00499655 0.38841103 0.04091771 0.32104288 0.01613187 0.03236466 0.02620863 0.15739967 0.01051213
19.50097505 9.22237891 0.00073813 0.00072519 0.00060056 0.00482215 0.38854976 0.04090435 0.32175902 0.01408565 0.03176230 0.02603392 0.15720373 0.01281524
19.60098005 9.21614489 0.00099196 0.00069049 0.00067362 0.00621065 0.38951291 0.04147486 0.32190749 0.01554382 0.02714023 0.03101074 0.15474887 0.01009435
19.70098505 9.20622491 0.00062594 0.00072870 0.00043784 0.00189039 0.39012455 0.04211074 0.31914627 0.01795685 0.02860037 0.02877575 0.15540010 0.01420250
19.80099005 9.19666342 0.00088149 0.00074219 0.00060528 0.00746887 0.39009807 0.04431112 0.31767070 0.01574258 0.03096810 0.02711432 0.15252094 0.01187635
19.90099505 9.18372818 0.00074613 0.00071448 0.00055798 0.00454833 0.39681157 0.04499786 0.31867237 0.01616828 0.03196454 0.02287655 0.14983704 0.01210485
20.00100005 9.16762091 0.00079808 0.00074885 0.00060162 0.01072025 0.38926854 0.04542788 0.31517448 0.01386689 0.03410369 0.02707863 0.15070444 0.01150666
20.10100505 9.16017389 0.00067273 0.00071347 0.00051466 0.00302192 0.38928399 0.04738183 0.31774076 0.01616979 0.03198953 0.02574887 0.15427225 0.01249020
20.20101005 9.14930091 0.00098467 0.00076762 0.00083552 0.00920059 0.38687562 0.04751524 0.31544430 0.01229738 0.03335648 0.02720187 0.15555598 0.00996474
20.30101505 9.14062238 0.00081176 0.00078471 0.00071489 0.00648220 0.38465068 0.04790952 0.31592389 0.01343388 0.03631040 0.02786796 0.15433032 0.01077980
20.40102005 9.12866481 0.00075424 0.00076332 0.00052795 0.00326881 0.38349494 0.05405572 0.30998292 0.01537389 0.03948550 0.02781269 0.15227332 0.01220670
20.50102505 9.11920111 0.00069988 0.00072892 0.00042808 0.00546638 0.38538055 0.04861535 0.31259553 0.01569391 0.03939389 0.02533741 0.15390111 0.01175899
20.60103005 9.10921525 0.00098939 0.00075870 0.00077619 0.00856613 0.38612624 0.04588409 0.31051847 0.01316267 0.04087177 0.02777730 0.15372482 0.01084423
20.70103505 9.10103904 0.00111063 0.00068191 0.00062786 0.00536659 0.38151708 0.04441253 0.31142946 0.01881042 0.03889656 0.03102182 0.15347499 0.01265015
20.80104005 9.08399624 0.00093113 0.00076822 0.00075190 0.00813505 0.38302790 0.04032254 0.31436402 0.01409708 0.03830361 0.03142461 0.15353625 0.01433770
20.90104505 9.07923593 0.00054689 0.00082516 0.00048271 0.00488680 0.37800717 0.04296436 0.32019923 0.01068232 0.04160312 0.02841733 0.15736533 0.01401959
21.00105005 9.06857442 0.00059694 0.00081588 0.00035619 0.00190782 0.38674891 0.04226509 0.31488760 0.01469711 0.04113377 0.02820892 0.15641384 0.01196794
21.10105505 9.05729219 0.00093606 0.00085258 0.00069071 0.00513337 0.38796174 0.03999167 0.31135035 0.01566804 0.04358785 0.02848298 0.15224749 0.01309717
21.20106005 9.04533854 0.00109256 0.00080041 0.00065438 0.00688927 0.38911727 0.04145311 0.31009835 0.01845817 0.03621271 0.02883321 0.15377126 0.01261930
21.30106505 9.04053224 0.00113222 0.00071876 0.00102630 0.01053361 0.39021057 0.04310270 0.31111244 0.01428337 0.03399320 0.02477896 0.15596503 0.01314284
21.40107005 9.03622653 0.00085838 0.00076658 0.00064233 0.00822697 0.38477793 0.04488749 0.31701885 0.01721892 0.03299597 0.02184964 0.16044067 0.01031627
21.50107505 9.02970281 0.00072219 0.00080806 0.00049499 0.00495960 0.39575341 0.03917188 0.31136078 0.01522747 0.03751965 0.02369341 0.16055810 0.00973046
21.60108005 9.02077318 0.00041446 0.00079136 0.00036677 0.00238587 0.39740530 0.04045028 0.31297500 0.01172954 0.03290910 0.02571136 0.15991923 0.01494173
21.70108505 9.00653501 0.00093319 0.00078154 0.00088403 0.00937898 0.39855354 0.03586265 0.31077416 0.01066058 0.03232951 0.02770301 0.15956126 0.01257757
21.80109005 8.99548675 0.00058694 0.00079903 0.00063275 0.00759809 0.40451597 0.03274542 0.30649717 0.00926547 0.03367461 0.02905792 0.15851322 0.01611341
21.90109505 8.98452944 0.00057639 0.00079337 0.00039430 0.00155057 0.41109729 0.03631165 0.30933384 0.00958179 0.03818756 0.02514489 0.15458795 0.01244041
22.00110006 8.98094077 0.00052734 0.00070295 0.00034584 0.00180125 0.41571462 0.03855045 0.30938108 0.01365409 0.03221425 0.02310940 0.15398711 0.01001163
22.10110506 8.97668065 0.00073079 0.00067566 0.00068212 0.00608188 0.41315548 0.04504398 0.31290358 0.00977180 0.03074701 0.01719170 0.15451827 0.00849772
22.20111006 8.96566046 0.00082439 0.00075748 0.00058464 0.00581085 0.40646962 0.04520125 0.30961099 0.01172025 0.03441407 0.01910534 0.15874785 0.00675328
22.30111506 8.96234610 0.00045452 0.00075807 0.00028911 0.00216576 0.40940018 0.03972317 0.31322464 0.01145212 0.03452012 0.01737327 0.16009699 0.01054205
22.40112006 8.95674504 0.00064100 0.00068928 0.00041454 0.00272601 0.40720324 0.03745521 0.31538519 0.01067901 0.03437114 0.02050976 0.16035114 0.00957447
22.50112506 8.94555511 0.00099321 0.00078348 0.00080030 0.00873335 0.40648414 0.03654587 0.30770769 0.01063509 0.03594007 0.01885524 0.16308461 0.00943694
22.60113006 8.94132837 0.00055349 0.00072851 0.00030042 0.00416139 0.40758127 0.03560647 0.31095489 0.01220887 0.03707893 0.01903830 0.16165641 0.01013107
22.70113506 8.92801567 0.00040602 0.00080880 0.00047712 0.00164299 0.41012190 0.03704606 0.30685557 0.00824482 0.03693782 0.02198880 0.16127590 0.01419420
22.80114006 8.92222973 0.00045352 0.00072475 0.00048026 0.00329406 0.40881650 0.03736844 0.30962570 0.00925658 0.03704581 0.02150674 0.15978725 0.01164041
22.90114506 8.91597610 0.00025991 0.00075724 0.00025204 0.00034228 0.40414063 0.03809941 0.31448073 0.00760255 0.03939330 0.02449588 0.15922811 0.01094794
23.00115006 8.91117804 0.00054312 0.00076204 0.00029444 0.00183984 0.40142948 0.03630708 0.31484711 0.01383986 0.03797743 0.02192377 0.16098395 0.00925189
23.10115506 8.90630692 0.00059028 0.00076558 0.00039117 0.00540380 0.40058665 0.03616566 0.31383855 0.01150348 0.03409029 0.02257107 0.16471894 0.00937454
23.20116006 8.89243289 0.00082929 0.00077850 0.00047436 0.00504918 0.39891086 0.04403485 0.30220302 0.01308940 0.03526637 0.02812046 0.16284125 0.00840247
23.30116506 8.88112391 0.00073477 0.00084513 0.00042255 0.00484643 0.40689123 0.03671488 0.30035111 0.01535002 0.04090715 0.02351338 0.16100539 0.00841796
23.40117006 8.87339389 0.00095811 0.00071222 0.00065793 0.00737471 0.40618279 0.04309116 0.29759232 0.01602937 0.03819674 0.02303831 0.15531593 0.01085040
23.50117506 8.86503216 0.00052225 0.00070540 0.00015546 0.00034092 0.40462929 0.04425948 0.30641780 0.01723541 0.03398920 0.02605872 0.15625832 0.00942777
23.60118006 8.85684344 0.00053009 0.00072752 0.00033696 0.00209168 0.40067917 0.04586722 0.30292629 0.01451047 0.03282473 0.02958064 0.15884229 0.01108294
23.70118506 8.85030644 0.00067666 0.00077305 0.00044302 0.00484866 0.40326378 0.04770657 0.29920258 0.01276974 0.03201658 0.02788626 0.16074401 0.00966909
23.80119006 8.84277509 0.00066011 0.00073409 0.00045021 0.00500658 0.39951045 0.04682852 0.30078749 0.01191683 0.03338221 0.02876714 0.15958575 0.01237061
23.90119506 8.83946120 0.00082154 0.00073799 0.00040269 0.00288789 0.39663219 0.04970227 0.30076116 0.01704313 0.03396711 0.02438198 0.15990155 0.01276051
24.00120006 8.82436063 0.00119581 0.00073222 0.00089175 0.01094824 0.39510906 0.04377979 0.29700781 0.01582280 0.03411361 0.02918854 0.15703729 0.01417308
24.10120506 8.81459027 0.00066770 0.00078740 0.00051990 0.00327756 0.39488410 0.04629052 0.30132521 0.01333772 0.03663616 0.02671526 0.16036713 0.01519133
24.20121006 8.80461323 0.00063064 0.00071376 0.00059361 0.00556963 0.39088668 0.04558608 0.30225646 0.01357298 0.03802685 0.02743329 0.15811625 0.01661376
24.30121506 8.79915002 0.00089930 0.00069391 0.00071846 0.00637454 0.39282406 0.04305558 0.30297245 0.01495788 0.03890719 0.02997727 0.15660240 0.01201697
24.40122006 8.79238660 0.00062205 0.00076219 0.00047379 0.00343341 0.39954202 0.03755777 0.30833730 0.01213961 0.03902343 0.02897386 0.15833506 0.01079951
24.50122506 8.78750481 0.00068625 0.00077499 0.00052190 0.00472896 0.39882084 0.03918934 0.31031374 0.01049899 0.04008882 0.02512474 0.16000162 0.00924981
24.60123006 8.78047293 0.00066122 0.00070019 0.00036642 0.00319661 0.39709523 0.04493437 0.31495293 0.01120262 0.03805955 0.02380549 0.15719210 0.00783328
24.70123506 8.76766002 0.00053096 0.00071116 0.00012468 0.00236619 0.40034769 0.04271555 0.32045433 0.01486806 0.03136277 0.02305735 0.15512404 0.00833722
24.80124006 8.76169778 0.00074477 0.00071861 0.00054903 0.00590165 0.40044578 0.04186941 0.31500354 0.01140614 0.03204458 0.02296626 0.15778748 0.01056274
24.90124506 8.75458010 0.00053821 0.00076025 0.00027870 0.00340080 0.39875483 0.04046774 0.32061571 0.01068618 0.03592545 0.02066103 0.15794376 0.00996733
25.00125006 8.74486793 0.00081866 0.00068892 0.00063567 0.00558641 0.39366541 0.03886951 0.32235240 0.01164602 0.03431703 0.02604127 0.15697623 0.00840245
25.10125506 8.73217332 0.00080760 0.00071412 0.00047663 0.00376332 0.39198704 0.03937084 0.31853686 0.01652033 0.03563858 0.02323637 0.15712339 0.01182491
25.20126006 8.72547363 0.00085589 0.00069197 0.00053240 0.00694095 0.39550278 0.03937027 0.31729340 0.01414776 0.03380819 0.02505407 0.15670366 0.00909867
25.30126506 8.72191956 0.00058124 0.00073660 0.00033030 0.00482413 0.39478369 0.03546802 0.31376099 0.01481093 0.03967317 0.02619403 0.15904555 0.00979134
25.40127006 8.71661943 0.00084688 0.00077148 0.00064078 0.00546836 0.40131889 0.03569572 0.31079795 0.01176399 0.04113749 0.02184618 0.15997418 0.00973809
25.50127506 8.70998236 0.00058161 0.00077731 0.00043075 0.00892025 0.40622646 0.03401966 0.30899759 0.01051542 0.04238629 0.02100467 0.15761235 0.00852765
25.60128006 8.69644527 0.00094133 0.00078589 0.00073562 0.00796457 0.40908295 0.03253733 0.31151005 0.01200217 0.03820404 0.02101254 0.15841706 0.00680645
25.70128506 8.69116597 0.00053637 0.00077212 0.00040512 0.00546157 0.40681482 0.03458391 0.31373773 0.01127576 0.03858777 0.02199359 0.15808756 0.00774368
