0.00000000 12.00000000 0.00000000 0.00000000 0.00000000 0.00000000 0.00000000 0.00000000 0.00000000 1.00000000 0.00000000 0.00000000 0.00000000 0.00000000
0.10000500 12.00180521 0.01273258 0.00053848 0.00361707 0.09486322 0.10307827 0.10823737 0.02004005 0.54668451 0.03766400 0.04989016 0.00667920 0.01597509
0.20001000 12.00055623 0.00582078 0.00068349 0.00233202 0.05686655 0.15421892 0.17607679 0.05262348 0.33885265 0.06419017 0.09966530 0.02228394 0.02638592
0.30001500 11.99838809 0.00372934 0.00072111 0.00176227 0.03514793 0.19627823 0.19452186 0.06928255 0.22380815 0.07288186 0.12713758 0.04483625 0.02989286
0.40002000 11.99463942 0.00310582 0.00063812 0.00155314 0.03368617 0.21143045 0.20853247 0.08555748 0.16358076 0.07513951 0.14169960 0.04523445 0.02984204
0.50002500 11.99342755 0.00255656 0.00065558 0.00116832 0.02286688 0.22295477 0.21547618 0.09394024 0.12299017 0.08592555 0.14934772 0.04852386 0.03359418
0.60003000 11.99295379 0.00236673 0.00061368 0.00118159 0.02061302 0.23385366 0.22155671 0.10769290 0.09655292 0.08538403 0.13986996 0.05045573 0.03985908
0.70003500 11.98952285 0.00208281 0.00067206 0.00089608 0.01360484 0.24563017 0.21229434 0.12741437 0.08425159 0.08677314 0.12862697 0.05751026 0.04024336
0.80004000 11.99012758 0.00186356 0.00072833 0.00097370 0.02038058 0.25904166 0.19033338 0.14665078 0.06548423 0.08977696 0.12149567 0.06580227 0.03746887
0.90004500 11.98534961 0.00162807 0.00071008 0.00102472 0.02290757 0.26540234 0.18647082 0.15748542 0.04877274 0.09343485 0.11113008 0.07296731 0.03806600
1.00005000 11.98104361 0.00136642 0.00066255 0.00077891 0.01131242 0.27580488 0.18287922 0.16890195 0.04941597 0.09046248 0.10399545 0.07616813 0.03825161
1.10005500 11.97750021 0.00139592 0.00062046 0.00089602 0.01560685 0.28155516 0.17668949 0.17582139 0.04741269 0.08926639 0.09365092 0.07673660 0.04034810
1.20006000 11.97043908 0.00154002 0.00064527 0.00109495 0.01577188 0.28661950 0.17079357 0.17824429 0.04762983 0.08449818 0.08395008 0.08799276 0.04121966
1.30006500 11.96449576 0.00145307 0.00061443 0.00105725 0.01869559 0.29641511 0.16691360 0.18062631 0.04066928 0.07945572 0.07863488 0.09688843 0.03857632
1.40007000 11.96252874 0.00117784 0.00061946 0.00078895 0.00944161 0.30658024 0.16765132 0.18448341 0.04131843 0.08609613 0.06929345 0.09422075 0.03832840
1.50007500 11.95770194 0.00117552 0.00063523 0.00082388 0.01284193 0.32001136 0.16697685 0.18993150 0.03381972 0.08410959 0.05919624 0.09531231 0.03516587
1.60008000 11.95383097 0.00111808 0.00069650 0.00075535 0.01051038 0.33635397 0.15336438 0.20171982 0.03091631 0.08627537 0.04898844 0.09695435 0.03234706
1.70008500 11.95183831 0.00101361 0.00065459 0.00076211 0.00908479 0.33962918 0.14863470 0.20154081 0.03137008 0.07750319 0.04998961 0.10467223 0.03514510
1.80009000 11.94722685 0.00112640 0.00061513 0.00064107 0.00927155 0.34720451 0.14251864 0.20837205 0.03976729 0.07160221 0.04576114 0.10220610 0.03091390
1.90009500 11.94050536 0.00114709 0.00062381 0.00069865 0.01080306 0.35249330 0.14164372 0.22084007 0.03102075 0.06584454 0.04707901 0.10219828 0.02560772
2.00010001 11.93588988 0.00093427 0.00056736 0.00041911 0.00387429 0.34973474 0.14059021 0.23311836 0.03396322 0.06069519 0.04849449 0.10188435 0.02572440
2.10010501 11.92681039 0.00107277 0.00057292 0.00071830 0.01090770 0.34912762 0.13861069 0.22562286 0.03078317 0.06238404 0.04786590 0.10429256 0.02804147
2.20011001 11.92142474 0.00132846 0.00062610 0.00096120 0.02142216 0.35869507 0.12137616 0.22577393 0.02559349 0.06119914 0.05129667 0.11170576 0.02002187
2.30011501 11.91664653 0.00105167 0.00056570 0.00080463 0.01399784 0.35138651 0.12585787 0.23528128 0.02203636 0.06044793 0.05838896 0.10631859 0.02386267
2.40012001 11.91381690 0.00092038 0.00056636 0.00070847 0.01443008 0.35837384 0.12042889 0.23890326 0.01794967 0.06104395 0.05505260 0.11111259 0.02050991
2.50012501 11.90634679 0.00093218 0.00051475 0.00074149 0.01240067 0.35978653 0.12227110 0.24768366 0.01438182 0.05311771 0.04977126 0.11489735 0.02350147
2.60013001 11.90366982 0.00079938 0.00048764 0.00064512 0.01028933 0.36935823 0.11676098 0.25099964 0.01778046 0.04681598 0.04310522 0.11833851 0.02461951
2.70013501 11.89789685 0.00107336 0.00049882 0.00077845 0.01445197 0.37088210 0.10928016 0.24877278 0.02087990 0.04773850 0.04665375 0.11810781 0.02088240
2.80014001 11.89365091 0.00090524 0.00054330 0.00059202 0.00970526 0.37253803 0.10925257 0.24959285 0.02253892 0.04856519 0.04075717 0.12476062 0.02024882
2.90014501 11.88680459 0.00094989 0.00057829 0.00067659 0.01183290 0.37625191 0.10157277 0.25244604 0.01932907 0.05231491 0.04185679 0.12440885 0.01778198
3.00015001 11.88164860 0.00061804 0.00053965 0.00037298 0.00483369 0.37881061 0.10707316 0.25576947 0.01663224 0.04807500 0.04398279 0.12680527 0.01648711
3.10015501 11.87511965 0.00083899 0.00046484 0.00052141 0.01146043 0.38031903 0.10238650 0.25640061 0.01998106 0.04485938 0.04295138 0.12195615 0.01786022
3.20016001 11.87035017 0.00092416 0.00047583 0.00060394 0.01499532 0.39268638 0.09069811 0.25916060 0.01929307 0.04245582 0.04222526 0.12122137 0.01526014
3.30016501 11.86030564 0.00084037 0.00049184 0.00060971 0.01678932 0.39132384 0.09151603 0.25491107 0.01582971 0.04403087 0.04531750 0.12324238 0.01509736
3.40017001 11.85585248 0.00089665 0.00051095 0.00065988 0.01399058 0.39685847 0.08457030 0.26140513 0.01540198 0.03857572 0.04679949 0.12464973 0.01568113
3.50017501 11.85203105 0.00069841 0.00048721 0.00045505 0.00721342 0.39888950 0.08583722 0.26379156 0.01949903 0.04054071 0.04592674 0.12229102 0.01437012
3.60018001 11.84175871 0.00054844 0.00048138 0.00036905 0.00394660 0.39515013 0.08229059 0.26918758 0.01981865 0.03967727 0.04382180 0.12550365 0.01920486
3.70018501 11.83160032 0.00073015 0.00052748 0.00045900 0.00686904 0.39662693 0.07922600 0.26411403 0.02149666 0.04095580 0.03711047 0.13577576 0.01610868
3.80019001 11.82548279 0.00074028 0.00046764 0.00051711 0.01145252 0.39984226 0.08302594 0.26114294 0.01824747 0.03891073 0.03815826 0.13163643 0.01585842
3.90019501 11.82111392 0.00066332 0.00048626 0.00055479 0.00913755 0.39901367 0.08707701 0.26320700 0.01479668 0.04103430 0.03142702 0.13225877 0.02034363
4.00020001 11.81141180 0.00079416 0.00050380 0.00059481 0.00911370 0.39612192 0.08603761 0.26206658 0.01883269 0.04234628 0.02984516 0.13496141 0.01878187
4.10020501 11.80532623 0.00085034 0.00047975 0.00060810 0.01259771 0.39945186 0.08367871 0.26399445 0.01812783 0.04114953 0.02663458 0.13692441 0.01550273
4.20021001 11.79889970 0.00051857 0.00047380 0.00036702 0.00556550 0.39853436 0.09102750 0.26788092 0.01523025 0.03884814 0.02557531 0.13826278 0.01771585
4.30021501 11.78782297 0.00048765 0.00050136 0.00032933 0.00780259 0.39353090 0.08550984 0.27131281 0.01369319 0.04094355 0.03046998 0.13971139 0.01570743
4.40022001 11.78518137 0.00063869 0.00049724 0.00035963 0.00526262 0.40164706 0.07947807 0.27348200 0.01930826 0.03653058 0.03125459 0.13784311 0.01369814
4.50022501 11.78343830 0.00043718 0.00048529 0.00025942 0.00106907 0.40298839 0.07488482 0.27610281 0.01807785 0.03704532 0.03212919 0.13937819 0.01714248
4.60023001 11.78071202 0.00061931 0.00051899 0.00040921 0.00550357 0.39915191 0.06605303 0.27579337 0.02192158 0.03888799 0.03078804 0.14364774 0.01670525
4.70023501 11.77539572 0.00067733 0.00050143 0.00046894 0.00911315 0.39925267 0.06753756 0.28163329 0.01946011 0.03216560 0.02979415 0.14644700 0.01294877
4.80024001 11.76952731 0.00078465 0.00045488 0.00053196 0.01072303 0.40160468 0.06804001 0.28110002 0.02000584 0.03035565 0.02804710 0.14448476 0.01386741
4.90024501 11.76142726 0.00079299 0.00048865 0.00060934 0.01645946 0.39490405 0.06832116 0.28286552 0.01464172 0.03435924 0.02724381 0.14538254 0.01393153
5.00025001 11.75296692 0.00073753 0.00050985 0.00052495 0.01088700 0.39619065 0.06661265 0.28518554 0.01668014 0.03455184 0.02819396 0.14556213 0.01436378
5.10025501 11.74526572 0.00068131 0.00051182 0.00057165 0.01313040 0.39853097 0.06711758 0.28279528 0.01216103 0.03279055 0.02620059 0.14937138 0.01613745
5.20026001 11.74174951 0.00057394 0.00048304 0.00038473 0.00574781 0.39702992 0.06995624 0.28798866 0.01654927 0.03333248 0.02561475 0.14716590 0.01517325
5.30026501 11.73698931 0.00076742 0.00043708 0.00047551 0.01136209 0.39451866 0.06897117 0.29760306 0.02033852 0.02818562 0.02513429 0.14125558 0.01095101
5.40027001 11.72893483 0.00079019 0.00040704 0.00050960 0.01094391 0.39673338 0.06885384 0.29079659 0.02079654 0.02304429 0.02907757 0.14501870 0.01302836
5.50027501 11.72102314 0.00048664 0.00046140 0.00034828 0.00588266 0.39179196 0.07092278 0.29170970 0.01670479 0.02445214 0.02840321 0.15158479 0.01725163
5.60028001 11.71854406 0.00078124 0.00043781 0.00060589 0.01209784 0.40001266 0.05988161 0.29133573 0.01746723 0.02451468 0.02778148 0.14969912 0.01538471
5.70028501 11.71141329 0.00047862 0.00048763 0.00044757 0.00782119 0.39707101 0.05811313 0.29387146 0.01280887 0.03010410 0.02705484 0.15246579 0.01927577
5.80029001 11.69506856 0.00073128 0.00048258 0.00077336 0.01397911 0.39944717 0.05413711 0.28783693 0.01065774 0.03095179 0.02901819 0.15328152 0.01870321
5.90029501 11.69000512 0.00063345 0.00043879 0.00051229 0.00516252 0.39848717 0.05495296 0.28786770 0.01663227 0.02977925 0.03328749 0.15342709 0.01881902
6.00030002 11.68684570 0.00052363 0.00047527 0.00043988 0.00707716 0.40094896 0.05815045 0.29182921 0.01128759 0.03150772 0.02804164 0.15723884 0.01247966
6.10030502 11.68073874 0.00058364 0.00046726 0.00043962 0.01112068 0.39633866 0.05834776 0.29322958 0.01437800 0.03182162 0.02619266 0.15414287 0.01293764
6.20031002 11.67242870 0.00056809 0.00045378 0.00051247 0.01050952 0.40309318 0.05669037 0.29222224 0.01029820 0.02964882 0.02934758 0.15258199 0.01407378
6.30031502 11.66699231 0.00038537 0.00049369 0.00021645 0.00587075 0.40115379 0.06006721 0.29760408 0.01215123 0.03187539 0.02327934 0.15487305 0.01202966
6.40032002 11.66032595 0.00050232 0.00048659 0.00038962 0.00845086 0.40213977 0.05189509 0.29773166 0.01222588 0.03319752 0.02701361 0.15444446 0.01152263
6.50032502 11.65206239 0.00060703 0.00048817 0.00046570 0.01019501 0.40398274 0.04777569 0.29202017 0.01635681 0.03367544 0.03049354 0.15383348 0.01010622
6.60033002 11.64736591 0.00041655 0.00053029 0.00027826 0.00384578 0.40537183 0.05070018 0.28953693 0.01707175 0.03709088 0.02819622 0.15347007 0.01349126
6.70033502 11.64141146 0.00064181 0.00052117 0.00038979 0.00714354 0.40669093 0.04805204 0.29621464 0.01922413 0.04186376 0.02224096 0.14670951 0.01030772
6.80034002 11.63482043 0.00074316 0.00047605 0.00053359 0.01089709 0.40409116 0.04880293 0.29810708 0.01585675 0.03868744 0.02261529 0.15063826 0.00855119
6.90034502 11.62623748 0.00051727 0.00046071 0.00039029 0.00945129 0.40162655 0.04729698 0.29565044 0.01528152 0.03587047 0.02835983 0.15039182 0.01470282
7.00035002 11.62010320 0.00056503 0.00045319 0.00033362 0.00661073 0.40205524 0.04632695 0.29310917 0.02009406 0.03717225 0.02934931 0.15321016 0.01072030
7.10035502 11.61331958 0.00068289 0.00050603 0.00044767 0.01026033 0.40668793 0.04172570 0.28946630 0.02206770 0.03575144 0.03050634 0.15358830 0.00830937
7.20036002 11.60809633 0.00080471 0.00047622 0.00067538 0.01627330 0.40548690 0.04913810 0.28882408 0.01489141 0.03048669 0.02938316 0.15472611 0.00883394
7.30036502 11.60321106 0.00038440 0.00050118 0.00027273 0.00382708 0.41141890 0.04524058 0.29374663 0.01306990 0.03532181 0.03595987 0.15101149 0.00924545
7.40037002 11.60074892 0.00031806 0.00047812 0.00015799 0.00032818 0.41260416 0.04418199 0.29685909 0.01420675 0.03116673 0.03896044 0.15089190 0.00984659
7.50037502 11.59239682 0.00038471 0.00048236 0.00019589 0.00206278 0.40760479 0.04346734 0.29680386 0.01494077 0.02968051 0.03667171 0.15742849 0.01027681
7.60038002 11.58668482 0.00060981 0.00044638 0.00037556 0.00893437 0.40729570 0.03946790 0.29460439 0.01640541 0.03219374 0.03259347 0.15745979 0.00961348
7.70038502 11.58115698 0.00044758 0.00044876 0.00022128 0.00549107 0.40611091 0.04062001 0.29867639 0.01527896 0.03537517 0.03292426 0.15538878 0.00901683
7.80039002 11.57330959 0.00044972 0.00044185 0.00029625 0.00367891 0.40500012 0.04208422 0.30249839 0.01501092 0.03180640 0.03226487 0.15425325 0.01221510
7.90039502 11.56448593 0.00064640 0.00045314 0.00058094 0.01238136 0.40788726 0.03714705 0.30223055 0.01216879 0.02980685 0.03045680 0.15362220 0.01261866
8.00040002 11.55878852 0.00047180 0.00049167 0.00039191 0.00737725 0.41255148 0.03642642 0.29802076 0.01561358 0.03146471 0.02684882 0.15747139 0.01287022
8.10040502 11.55480665 0.00033944 0.00052562 0.00028995 0.00534572 0.41747405 0.03930016 0.30272333 0.00763494 0.03210659 0.02213717 0.16317041 0.00895261
8.20041002 11.54927074 0.00040375 0.00048491 0.00028827 0.00939872 0.41554981 0.04408395 0.30283060 0.00695592 0.03110934 0.02091671 0.16202534 0.00595268
8.30041502 11.54384923 0.00033034 0.00045434 0.00023971 0.00405296 0.41641052 0.04420766 0.30362437 0.00897206 0.02991088 0.02080147 0.15959988 0.01139579
8.40042002 11.53400091 0.00047119 0.00048270 0.00030456 0.00546101 0.40889331 0.04083416 0.30885205 0.01283572 0.03010507 0.02265156 0.15966687 0.00944179
8.50042502 11.52796321 0.00042173 0.00047711 0.00036348 0.00739804 0.40633985 0.03832629 0.30792435 0.01314690 0.02989454 0.02202324 0.15736415 0.01632031
8.60043002 11.52079248 0.00060265 0.00046459 0.00045459 0.00891360 0.40489470 0.03882556 0.30726601 0.01437032 0.03188170 0.02244249 0.15749300 0.01239079
8.70043502 11.51728566 0.00064846 0.00045755 0.00053548 0.00884866 0.39816354 0.03968271 0.31258937 0.01582844 0.03141062 0.02095319 0.15937892 0.01150306
8.80044002 11.50963896 0.00067455 0.00042766 0.00049685 0.01090523 0.39560347 0.05002675 0.31650089 0.01475933 0.02861185 0.01906460 0.15485613 0.00807269
8.90044502 11.50202925 0.00039984 0.00044057 0.00036001 0.00553576 0.39480245 0.05022276 0.32071540 0.01035645 0.02729307 0.02361670 0.15474851 0.01150847
9.00045002 11.49222935 0.00038211 0.00048437 0.00023432 0.00574197 0.39464503 0.05220024 0.32269031 0.00931137 0.03211545 0.02253505 0.15206484 0.00759494
9.10045502 11.48436107 0.00043647 0.00046395 0.00034376 0.00571447 0.39541110 0.04305807 0.32385832 0.01300004 0.02990014 0.02251078 0.15236649 0.01293641
9.20046002 11.48138523 0.00056572 0.00042454 0.00043422 0.01063953 0.39056925 0.04195750 0.32827265 0.01442509 0.02771301 0.02113391 0.15102055 0.01284403
9.30046502 11.47933089 0.00061420 0.00046614 0.00052599 0.01108428 0.39796206 0.03786806 0.32921194 0.01145656 0.02767672 0.01613988 0.15468314 0.01231104
9.40047002 11.47667588 0.00042165 0.00043712 0.00040222 0.00701645 0.39975898 0.03736586 0.32898630 0.01056560 0.02455834 0.01907357 0.15625927 0.01515464
9.50047502 11.46835979 0.00044216 0.00042923 0.00038437 0.00764184 0.39711246 0.04179954 0.32696203 0.01303246 0.02478947 0.02155029 0.15470682 0.01114932
9.60048002 11.46275155 0.00046774 0.00047007 0.00035392 0.00700415 0.39709688 0.03818031 0.32352803 0.01139408 0.02520796 0.02591050 0.16169706 0.00868930
9.70048502 11.45622836 0.00027604 0.00045185 0.00015916 0.00421157 0.39353552 0.04081370 0.32090910 0.01204207 0.02504834 0.03059938 0.16205519 0.00989808
9.80049002 11.45216130 0.00038820 0.00046477 0.00028209 0.00557300 0.39625061 0.03881985 0.31829254 0.01258232 0.02741983 0.02943038 0.16157225 0.00892417
9.90049502 11.44677613 0.00044822 0.00046735 0.00033721 0.00751836 0.39397900 0.04248536 0.31885718 0.01201974 0.03233556 0.02845850 0.15236090 0.01073261
10.00050003 11.44431081 0.00049770 0.00041911 0.00041315 0.00516716 0.39258179 0.05035296 0.31927042 0.01462550 0.02508370 0.02574297 0.15264498 0.01320056
10.10050503 11.43812094 0.00042962 0.00042554 0.00026564 0.00386896 0.38758754 0.05282287 0.32247379 0.01504413 0.02671246 0.02859594 0.15280068 0.00897284
10.20051003 11.43906790 0.00054885 0.00041051 0.00048092 0.01033072 0.39433643 0.04464117 0.32333382 0.01193886 0.02764741 0.02345666 0.15227184 0.01060281
10.30051503 11.43617625 0.00054992 0.00039574 0.00048463 0.01008225 0.39312653 0.04853639 0.31676033 0.01246669 0.02525474 0.02343901 0.15446266 0.01444111
10.40052003 11.42641246 0.00053486 0.00042645 0.00038656 0.00755666 0.39781128 0.04429585 0.31991440 0.01465783 0.02579378 0.02309193 0.15405409 0.01147630
10.50052503 11.42268016 0.00049403 0.00039340 0.00039002 0.00551015 0.39820440 0.04413654 0.32017018 0.01639368 0.02589655 0.02157308 0.15333547 0.01350250
10.60053003 11.41882566 0.00058628 0.00040563 0.00040732 0.00913731 0.39931869 0.04389486 0.32749746 0.01531948 0.02205447 0.01974673 0.15272374 0.00890801
10.70053503 11.41451264 0.00055253 0.00041437 0.00033330 0.00870484 0.40810746 0.04528236 0.32527406 0.01625833 0.02055846 0.01412156 0.15364565 0.00674709
10.80054003 11.41276428 0.00038832 0.00042466 0.00028059 0.00200101 0.40956748 0.04356760 0.32202559 0.01689986 0.02306302 0.01560616 0.15291925 0.01325646
10.90054503 11.41035258 0.00058364 0.00037268 0.00050689 0.01289033 0.40873220 0.03956480 0.32100794 0.01549357 0.01925295 0.01654522 0.15263422 0.01241553
11.00055003 11.40528175 0.00041737 0.00039508 0.00044205 0.00455584 0.40851682 0.04066137 0.32235349 0.01410323 0.01703142 0.01880233 0.15570319 0.01701781
11.10055503 11.39814632 0.00054714 0.00043148 0.00048435 0.00906064 0.40604467 0.03973082 0.32108930 0.01301295 0.02060271 0.01905852 0.15583185 0.01410559
11.20056003 11.38624851 0.00053115 0.00042045 0.00050324 0.00874914 0.40575373 0.04227672 0.31819726 0.01236823 0.02439023 0.02306213 0.14923834 0.01450938
11.30056503 11.38210486 0.00050594 0.00040730 0.00040352 0.00518522 0.40432537 0.04440089 0.31865248 0.01080103 0.02811118 0.02577785 0.14850368 0.01292555
11.40057003 11.38117624 0.00043897 0.00041898 0.00039216 0.00728163 0.40365819 0.04293300 0.31861890 0.00853755 0.02586323 0.02835541 0.15144070 0.01206127
11.50057503 11.37238380 0.00032642 0.00046042 0.00025109 0.00373640 0.41146915 0.03690425 0.32222973 0.00759026 0.02560079 0.02909864 0.15223990 0.01009294
11.60058003 11.36707215 0.00042487 0.00039207 0.00027313 0.00563430 0.40549771 0.03882207 0.32071013 0.01157545 0.02340058 0.03258796 0.15199951 0.00868223
11.70058503 11.36492677 0.00038679 0.00036855 0.00030173 0.00544164 0.40228555 0.04489797 0.32613782 0.00920939 0.02164975 0.02819371 0.15155833 0.00956877
11.80059003 11.35632713 0.00030235 0.00040795 0.00026160 0.00186996 0.39998971 0.04354535 0.32131809 0.01207404 0.02210644 0.03183546 0.15417781 0.01211125
11.90059503 11.35368065 0.00027605 0.00043123 0.00018521 0.00022754 0.40131498 0.03806022 0.32345098 0.01347271 0.02457981 0.03023023 0.15422299 0.01354805
12.00060003 11.34881630 0.00056770 0.00039794 0.00037788 0.00684235 0.40253336 0.03646274 0.32217141 0.01900835 0.02231460 0.02758539 0.15058269 0.01115559
12.10060503 11.33920066 0.00047347 0.00043576 0.00031322 0.00506818 0.39761095 0.04222532 0.32266873 0.01507775 0.02378928 0.02841171 0.15349528 0.01043034
12.20061003 11.33353799 0.00047033 0.00041741 0.00033435 0.00980032 0.39609948 0.04201447 0.32373055 0.01563060 0.02721062 0.02204040 0.15054195 0.01170954
12.30061503 11.32085030 0.00045570 0.00040602 0.00039258 0.00733080 0.39613468 0.04256219 0.32826750 0.00948464 0.02660146 0.02470953 0.14859034 0.01506457
12.40062003 11.31623441 0.00042205 0.00042712 0.00041522 0.00940069 0.39650869 0.04975543 0.32821527 0.00733203 0.02456087 0.01603084 0.15428805 0.01264374
12.50062503 11.31050166 0.00047709 0.00045648 0.00039721 0.00631042 0.40055282 0.04523146 0.32404389 0.00843895 0.03060257 0.01916238 0.15234425 0.01198249
12.60063003 11.30922624 0.00058586 0.00040716 0.00051261 0.01020745 0.40502245 0.04728485 0.32229672 0.00611606 0.02721010 0.01750732 0.15106356 0.01178586
12.70063503 11.30098512 0.00054047 0.00040027 0.00047533 0.01076111 0.40823079 0.04792950 0.32151604 0.00722162 0.02562930 0.01642723 0.15022360 0.01064474
12.80064003 11.29520994 0.00056081 0.00044264 0.00034222 0.00724812 0.40234304 0.05258296 0.32074063 0.01199126 0.02778000 0.01936392 0.14869369 0.00791072
12.90064503 11.29386388 0.00059611 0.00041347 0.00032044 0.00636478 0.40009324 0.04857823 0.32222934 0.01722760 0.02745311 0.01914777 0.14981084 0.00776507
13.00065003 11.28680280 0.00051555 0.00042770 0.00028172 0.00498845 0.39708213 0.05054431 0.32194395 0.01540402 0.02529172 0.02182749 0.15325451 0.00843846
13.10065503 11.28373231 0.00039659 0.00040397 0.00025943 0.00558674 0.39523572 0.05024499 0.32488509 0.01230183 0.02501011 0.02279185 0.15246510 0.01041857
13.20066003 11.27519477 0.00044802 0.00042959 0.00021328 0.00387678 0.39220964 0.04565180 0.33048718 0.01354244 0.02508430 0.02654166 0.15378929 0.00772602
13.30066503 11.26882451 0.00067724 0.00044919 0.00050404 0.01232750 0.39106746 0.04082263 0.32741809 0.00986327 0.02872266 0.02222281 0.15834260 0.00758251
13.40067003 11.26172276 0.00030742 0.00045021 0.00012921 0.00176497 0.39356003 0.04371034 0.32914483 0.00956193 0.03044111 0.02721676 0.15640382 0.00730937
13.50067503 11.25398796 0.00050607 0.00043129 0.00030953 0.00705371 0.39240435 0.04287952 0.33090982 0.01329165 0.02554099 0.02685579 0.15271355 0.00710373
13.60068003 11.24866353 0.00058185 0.00044373 0.00042306 0.00889327 0.39003237 0.04548751 0.32659935 0.00917985 0.02926433 0.02878071 0.15366022 0.00665375
13.70068503 11.24335752 0.00046768 0.00043588 0.00036588 0.00728263 0.38479395 0.04961341 0.33395873 0.00934399 0.02818846 0.02602645 0.15062299 0.00889998
13.80069003 11.23470610 0.00053828 0.00045562 0.00039286 0.00922427 0.38031969 0.04672975 0.33688901 0.01043081 0.02734903 0.02667845 0.15298666 0.00800557
13.90069503 11.23055143 0.00073460 0.00046596 0.00061665 0.01608965 0.38349490 0.04053202 0.33536927 0.01092922 0.02615293 0.02011454 0.15251693 0.01298332
14.00070004 11.22387921 0.00050661 0.00046151 0.00030112 0.00544565 0.38743435 0.04727759 0.34057731 0.01394986 0.02657882 0.01994942 0.14894802 0.00856975
14.10070504 11.21681409 0.00055560 0.00042320 0.00036242 0.00898633 0.38789895 0.05050904 0.33705066 0.01172900 0.02659545 0.02121421 0.14603174 0.00864340
14.20071004 11.21633407 0.00057201 0.00038824 0.00035770 0.00922170 0.38836914 0.04979501 0.33554826 0.01415805 0.02600948 0.02553267 0.14368487 0.00636286
14.30071504 11.20777238 0.00048866 0.00040340 0.00036690 0.00945333 0.38798173 0.05240642 0.33293480 0.01241518 0.02020037 0.02803684 0.14447970 0.01083267
14.40072004 11.20094834 0.00043577 0.00043682 0.00021340 0.00186273 0.39159790 0.05491919 0.32383604 0.01780505 0.02222190 0.02820044 0.14790734 0.01056342
14.50072504 11.19396049 0.00043612 0.00043664 0.00022718 0.00551878 0.39315882 0.05492166 0.32549985 0.01618342 0.02586884 0.02206808 0.14703584 0.00864476
14.60073004 11.18931289 0.00042632 0.00042322 0.00020836 0.00208759 0.39302221 0.05136807 0.32736463 0.01485825 0.02584812 0.02368091 0.14934181 0.01137050
14.70073504 11.18734031 0.00034435 0.00040589 0.00032227 0.00574600 0.39273967 0.05240877 0.32770366 0.01136760 0.02773846 0.01688076 0.14941232 0.01493024
14.80074004 11.18346857 0.00029846 0.00042620 0.00022452 0.00199210 0.40107648 0.04789947 0.32661916 0.00900427 0.03071381 0.01883769 0.14916435 0.01374348
14.90074504 11.17944102 0.00019664 0.00041106 0.00016021 0.00015606 0.40330829 0.04947342 0.32660734 0.00734944 0.03016375 0.01821346 0.14950955 0.01445079
15.00075004 11.16944146 0.00036335 0.00045960 0.00032499 0.00691018 0.40288069 0.04151047 0.32927767 0.00638852 0.03071767 0.01764057 0.15466438 0.00886193
15.10075504 11.16237600 0.00075991 0.00050357 0.00063074 0.01272706 0.39636029 0.03731484 0.32796515 0.01024574 0.03066779 0.01604747 0.16050320 0.00627426
15.20076004 11.15225713 0.00041442 0.00053015 0.00035132 0.00749435 0.39609148 0.03808717 0.32739651 0.00724408 0.03669391 0.01695396 0.16128795 0.00745470
15.30076504 11.15038435 0.00024928 0.00046678 0.00011949 0.00027492 0.39983000 0.04202639 0.32631239 0.01005874 0.03284064 0.01809782 0.16055019 0.00917336
15.40077004 11.14730020 0.00040990 0.00046290 0.00024412 0.00555816 0.40314568 0.04118096 0.33107939 0.01141149 0.02852785 0.01211516 0.15878418 0.00708023
15.50077504 11.14146439 0.00036072 0.00045268 0.00033414 0.00910745 0.41480918 0.03677975 0.33065201 0.00663265 0.02710975 0.00970832 0.15497638 0.00907696
15.60078004 11.13891709 0.00027726 0.00044444 0.00028863 0.00374923 0.41730075 0.03666313 0.33216590 0.00559700 0.02884542 0.01104822 0.15124349 0.01237653
15.70078504 11.13347375 0.00034066 0.00045567 0.00031879 0.00521204 0.41376522 0.03355132 0.33675080 0.00714139 0.02822297 0.01123562 0.15280534 0.01020019
15.80079004 11.13071230 0.00034382 0.00043830 0.00034651 0.00732724 0.41309286 0.03475181 0.34002612 0.00328795 0.02685424 0.01377151 0.15158848 0.00817116
15.90079504 11.12867541 0.00021236 0.00041964 0.00016606 0.00185167 0.41409047 0.03827658 0.34367096 0.00431085 0.02810611 0.01015488 0.15171282 0.00702759
16.00080004 11.12387278 0.00022625 0.00038899 0.00021629 0.00177200 0.40561038 0.03568336 0.34866182 0.00593161 0.02706544 0.01186416 0.15227337 0.01030634
16.10080504 11.11878383 0.00023549 0.00042644 0.00018101 0.00362148 0.40549116 0.03945618 0.34877051 0.00422188 0.02704041 0.00832757 0.15627148 0.00595639
16.20081004 11.11116305 0.00027919 0.00043665 0.00016996 0.00577009 0.40793760 0.03683322 0.34102275 0.00619284 0.02860617 0.01364647 0.15399684 0.00510822
16.30081504 11.10627616 0.00037659 0.00043285 0.00032107 0.00555260 0.40558906 0.03481886 0.33654195 0.00767579 0.02763337 0.01460872 0.15780279 0.00864637
16.40082004 11.10259452 0.00055339 0.00045350 0.00049970 0.00978198 0.40053476 0.03123821 0.33291710 0.01079624 0.02957940 0.01905518 0.15651524 0.00807531
16.50082504 11.09932092 0.00047260 0.00048943 0.00046590 0.01451279 0.40076201 0.02642612 0.33610524 0.00499390 0.03500167 0.01919796 0.15564166 0.00593073
16.60083004 11.09539321 0.00043408 0.00048406 0.00035398 0.00901069 0.40974046 0.02236812 0.33991226 0.00603444 0.03469567 0.01463394 0.15916756 0.00316475
16.70083504 11.08931295 0.00015667 0.00044522 0.00010451 0.00192107 0.40984140 0.02353251 0.35276027 0.00334133 0.02991100 0.01545707 0.15904211 0.00348684
16.80084004 11.08641247 0.00031444 0.00048479 0.00023651 0.00727660 0.40908639 0.02516600 0.34755255 0.00444193 0.03037955 0.00914770 0.16249672 0.00341681
16.90084504 11.07931516 0.00029654 0.00047998 0.00023901 0.00742827 0.40199301 0.02694322 0.34839866 0.00470751 0.03276707 0.01273246 0.16036127 0.00365301
17.00085004 11.07323979 0.00027009 0.00050254 0.00021989 0.00549586 0.40896175 0.02468580 0.34285263 0.00232243 0.03375827 0.01534294 0.16192480 0.00366299
17.10085504 11.07214030 0.00022186 0.00047264 0.00019938 0.00326123 0.40868569 0.02652203 0.34110665 0.00280577 0.03233814 0.01491334 0.16339687 0.00607640
17.20086004 11.06456511 0.00023718 0.00043194 0.00024243 0.00291499 0.40374151 0.02718620 0.34472419 0.00552708 0.03037454 0.01788140 0.15872782 0.00801071
17.30086504 11.06012766 0.00041501 0.00046822 0.00032645 0.00698292 0.40288993 0.02649703 0.33777661 0.00813779 0.03033414 0.01732129 0.16453109 0.00431952
17.40087004 11.05456131 0.00043150 0.00040777 0.00037146 0.00898859 0.40064393 0.02570133 0.34332404 0.00886205 0.02525932 0.01619430 0.16436494 0.00545076
17.50087504 11.04737587 0.00041315 0.00044211 0.00030226 0.00579605 0.39621748 0.02521277 0.34285537 0.01118265 0.02481904 0.01997890 0.16566599 0.00711421
17.60088004 11.04020193 0.00041011 0.00044640 0.00037400 0.00726760 0.39221210 0.03250169 0.34224638 0.00624105 0.02702634 0.02178683 0.16206878 0.00741871
17.70088504 11.03447104 0.00024179 0.00047200 0.00011565 0.00197573 0.39407062 0.03686009 0.34089545 0.00658914 0.02880501 0.02130472 0.16375691 0.00491288
17.80089004 11.02806574 0.00035990 0.00041413 0.00020942 0.00571613 0.39078497 0.03808124 0.33882410 0.00810097 0.03059296 0.02179682 0.15938385 0.00573552
17.90089504 11.02676645 0.00052265 0.00042068 0.00041347 0.00889058 0.39013574 0.03921136 0.34056316 0.00748699 0.02970808 0.01750004 0.15717234 0.00797492
18.00090005 11.02037145 0.00032099 0.00046239 0.00018959 0.00540337 0.38960522 0.03869367 0.34091921 0.00867270 0.02683921 0.01917495 0.16417397 0.00554474
18.10090505 11.01748588 0.00036429 0.00042564 0.00024516 0.00552603 0.38741573 0.04179340 0.34113720 0.00727962 0.02507284 0.02300854 0.16194859 0.00578296
18.20091005 11.00640580 0.00045017 0.00043085 0.00036845 0.00862749 0.38607338 0.04123574 0.33553465 0.00779492 0.02689685 0.02317927 0.16106427 0.00834396
18.30091505 10.99671884 0.00023707 0.00044005 0.00018660 0.00205722 0.38709599 0.04505269 0.33684607 0.00692508 0.02663960 0.02367026 0.16097829 0.00987109
18.40092005 10.99431909 0.00031514 0.00042126 0.00017695 0.00180427 0.38761940 0.04457888 0.33585335 0.00758773 0.02699643 0.02356114 0.16110957 0.00997590
18.50092505 10.99375060 0.00017597 0.00047263 0.00006998 0.00010426 0.39487027 0.04166118 0.33620410 0.00667332 0.02914129 0.01824365 0.16331170 0.00907165
18.60093005 10.98431288 0.00044210 0.00045460 0.00034244 0.00699217 0.39137882 0.03836731 0.33732438 0.00889264 0.02712436 0.02041213 0.15971784 0.00855120
18.70093505 10.97658399 0.00019247 0.00044884 0.00009309 0.00012743 0.40011181 0.04129774 0.33217527 0.01218286 0.02850433 0.01856964 0.15875975 0.00753677
18.80094005 10.97205353 0.00043839 0.00043445 0.00034527 0.00692627 0.39533068 0.04151485 0.33401829 0.00849723 0.03112045 0.01539322 0.15909613 0.00688477
18.90094505 10.96748779 0.00024381 0.00043432 0.00019728 0.00180898 0.39486191 0.04415751 0.33396997 0.00757605 0.03329582 0.01586939 0.15743797 0.01014698
19.00095005 10.95610820 0.00044700 0.00040963 0.00041454 0.01305582 0.38515862 0.04433226 0.33318166 0.00494021 0.03543006 0.01713125 0.15582003 0.00967892
19.10095505 10.95234255 0.00039424 0.00043653 0.00033037 0.00759925 0.38650916 0.04453015 0.33715895 0.00804318 0.03577867 0.01070745 0.15811669 0.01039536
19.20096005 10.94655430 0.00046761 0.00041516 0.00035030 0.00544113 0.38259223 0.04479336 0.33552327 0.00993805 0.03480828 0.01656852 0.15866106 0.01044103
19.30096505 10.94118479 0.00035956 0.00042864 0.00032172 0.00758499 0.38337165 0.05242443 0.33403176 0.00655676 0.03618212 0.01538490 0.15398584 0.00936763
19.40097005 10.93357917 0.00036483 0.00043710 0.00022034 0.00584473 0.38391581 0.05816526 0.33237173 0.01003998 0.03564790 0.01282351 0.15362746 0.00654133
19.50097505 10.92700757 0.00053872 0.00041560 0.00045509 0.00855039 0.38495294 0.06177308 0.33140526 0.00655005 0.02926896 0.01491462 0.15195724 0.00921806
19.60098005 10.92300348 0.00034628 0.00044572 0.00018981 0.00210866 0.39239247 0.05787222 0.32404938 0.01171699 0.03342302 0.01473961 0.15168941 0.01102644
19.70098505 10.91756601 0.00032159 0.00041874 0.00015326 0.00209246 0.39614841 0.05362402 0.32167470 0.01313526 0.03268350 0.01815031 0.15107465 0.01052310
19.80099005 10.91076266 0.00053874 0.00043594 0.00039601 0.00699706 0.39804047 0.04762298 0.31457968 0.01217602 0.03290376 0.02678192 0.15004015 0.00948727
19.90099505 10.90502092 0.00044774 0.00046848 0.00028483 0.00758982 0.39144573 0.05154890 0.30856399 0.01423035 0.03045949 0.02717289 0.15906232 0.00872547
20.00100005 10.89529867 0.00050671 0.00050557 0.00043810 0.01037588 0.39172109 0.04960023 0.30878904 0.01083104 0.03253895 0.02295932 0.16244535 0.00928873
20.10100505 10.88890387 0.00065962 0.00048717 0.00055773 0.01171185 0.39697347 0.04650848 0.30920032 0.01127122 0.03097665 0.02035378 0.16236240 0.00893732
20.20101005 10.88073603 0.00072100 0.00045531 0.00044705 0.01277056 0.40158359 0.03856952 0.31256231 0.01573758 0.03412254 0.01865172 0.15927625 0.00510256
20.30101505 10.87761199 0.00049345 0.00044350 0.00026481 0.00717454 0.39740757 0.04373157 0.31844546 0.01422277 0.03543013 0.02059343 0.15627335 0.00551942
20.40102005 10.87035918 0.00056829 0.00044785 0.00045578 0.01056891 0.39448631 0.04310866 0.31961937 0.00994832 0.03748821 0.02113425 0.15395826 0.00821580
20.50102505 10.86372064 0.00056888 0.00044575 0.00045712 0.01061467 0.39236123 0.04841307 0.32076836 0.00995699 0.03590297 0.02128246 0.15052168 0.00870681
20.60103005 10.86381357 0.00040119 0.00041801 0.00024186 0.00533613 0.39461214 0.04828107 0.32499603 0.01068483 0.03372255 0.02204337 0.15025127 0.00901155
20.70103505 10.85819541 0.00037935 0.00045570 0.00025180 0.00529215 0.39674155 0.04680047 0.32205909 0.00889076 0.03532167 0.02381160 0.15342198 0.00657387
20.80104005 10.85229156 0.00037178 0.00046173 0.00022504 0.00335790 0.39516235 0.05041996 0.31672931 0.01098196 0.03323746 0.02603255 0.15640915 0.00661081
20.90104505 10.84515868 0.00037334 0.00046258 0.00034576 0.00360814 0.39249676 0.04379500 0.31843961 0.00951995 0.03617200 0.02491109 0.15642906 0.01344673
21.00105005 10.83969522 0.00036162 0.00049009 0.00031670 0.00538560 0.38979618 0.03885943 0.32035988 0.00871797 0.04042565 0.02622872 0.15492820 0.01412996
21.10105505 10.83540720 0.00044634 0.00045444 0.00048055 0.00844109 0.38697294 0.04075790 0.32121083 0.00666775 0.03932506 0.02665872 0.15403672 0.01454765
21.20106005 10.83147054 0.00047464 0.00044323 0.00042315 0.00971630 0.38782471 0.04186273 0.32317301 0.00699482 0.03859810 0.02503574 0.15196096 0.01349262
21.30106505 10.82324971 0.00048631 0.00043294 0.00035402 0.00737794 0.38429200 0.04331154 0.32413743 0.01041677 0.03654657 0.02639101 0.15459105 0.01166241
21.40107005 10.82006785 0.00054521 0.00042445 0.00044754 0.00984967 0.38259062 0.04217094 0.32626019 0.01032073 0.03310640 0.02906775 0.15561834 0.00959818
21.50107505 10.80906691 0.00062150 0.00048084 0.00039949 0.00904149 0.37604890 0.04508118 0.32476641 0.01487555 0.03583546 0.02985731 0.15486839 0.00812349
21.60108005 10.80761613 0.00038949 0.00047944 0.00023191 0.00401093 0.37752807 0.04055666 0.32857102 0.01376051 0.03764266 0.02911994 0.15977881 0.00793055
21.70108505 10.80357099 0.00063639 0.00047660 0.00052120 0.01252255 0.37305351 0.03710299 0.32823188 0.01250055 0.03634031 0.03184872 0.15589770 0.01086760
21.80109005 10.79802785 0.00076778 0.00047938 0.00063907 0.01628013 0.36905848 0.03201886 0.33005911 0.01447636 0.03801765 0.03021661 0.15838537 0.00960119
21.90109505 10.79416401 0.00033200 0.00047768 0.00026286 0.00526144 0.36979269 0.03459575 0.34144288 0.01191564 0.03352607 0.03119141 0.16076068 0.01044090
22.00110006 10.79158986 0.00053203 0.00045785 0.00039524 0.00709211 0.38150507 0.03152759 0.33344358 0.01433801 0.03064517 0.03426946 0.15594832 0.00984557
22.10110506 10.78873100 0.00043127 0.00046804 0.00034238 0.00525747 0.38290627 0.03007548 0.33487367 0.01200985 0.03460672 0.03507816 0.15314530 0.01080539
22.20111006 10.78715813 0.00038105 0.00044292 0.00039470 0.00594548 0.37887565 0.03295066 0.33472279 0.01229692 0.03600095 0.03053241 0.14995769 0.01749878
22.30111506 10.78954170 0.00026871 0.00043450 0.00029511 0.00205332 0.38158886 0.03680345 0.33789784 0.01022737 0.03250381 0.02808509 0.15357499 0.01626695
22.40112006 10.78452280 0.00037413 0.00042099 0.00031562 0.00354981 0.37898463 0.03470406 0.34154266 0.01219997 0.03216424 0.03178979 0.15088747 0.01306662
22.50112506 10.77969810 0.00033728 0.00043380 0.00025871 0.00362413 0.38289494 0.03732278 0.34388494 0.01054147 0.03191461 0.02843561 0.15087171 0.00948002
22.60113006 10.77642454 0.00030086 0.00044585 0.00022108 0.00190399 0.38518317 0.03981715 0.34121162 0.01039358 0.03039942 0.02678429 0.15275993 0.01057904
22.70113506 10.77271561 0.00026528 0.00041294 0.00015876 0.00029668 0.38510091 0.04177607 0.34185980 0.01037066 0.03006474 0.02578847 0.15256161 0.01134409
22.80114006 10.76355005 0.00024488 0.00040798 0.00019236 0.00190907 0.38118462 0.04510062 0.34743969 0.00528408 0.02799884 0.02708325 0.15296887 0.01018574
22.90114506 10.74970205 0.00041183 0.00043843 0.00038583 0.00912436 0.38027248 0.04376023 0.34666839 0.00522844 0.02782755 0.02317310 0.15279315 0.00991622
23.00115006 10.74265760 0.00030174 0.00045911 0.00020964 0.00382208 0.38244571 0.04617267 0.35102755 0.00578938 0.02670098 0.02319172 0.15336664 0.00651278
23.10115506 10.73821259 0.00043008 0.00043344 0.00027170 0.00748485 0.38594599 0.04351639 0.34586947 0.00928502 0.02678197 0.02279281 0.15096913 0.00621914
23.20116006 10.73331604 0.00050916 0.00045801 0.00030290 0.00551896 0.38770386 0.03705333 0.34815759 0.01203183 0.02739342 0.01868973 0.15428713 0.00789409
23.30116506 10.73119419 0.00051086 0.00044986 0.00032228 0.01000633 0.38438193 0.03183815 0.35263581 0.00982159 0.02594172 0.02191134 0.15659068 0.00558943
23.40117006 10.72564101 0.00048561 0.00044289 0.00032125 0.00732672 0.38266882 0.02977832 0.35236477 0.01236808 0.02699989 0.02416714 0.15752364 0.00555288
23.50117506 10.72190424 0.00025560 0.00041908 0.00016418 0.00197248 0.38269205 0.03464785 0.35589195 0.00966590 0.02531988 0.02370033 0.15767704 0.00759366
23.60118006 10.71552539 0.00036408 0.00039821 0.00022377 0.00362504 0.38161110 0.03692331 0.35233214 0.01294051 0.02541770 0.02422416 0.15424086 0.00769914
23.70118506 10.70874677 0.00037553 0.00040732 0.00031057 0.00376614 0.37836266 0.03645136 0.34766246 0.01282227 0.02907784 0.02512423 0.15248972 0.01314991
23.80119006 10.70288842 0.00032186 0.00042170 0.00015153 0.00025116 0.37862502 0.03577431 0.34866874 0.01682485 0.02678823 0.02716984 0.15349632 0.01150645
23.90119506 10.70038861 0.00025584 0.00041745 0.00015259 0.00021377 0.38104322 0.04173946 0.34891687 0.01345014 0.02664844 0.02140839 0.15497402 0.01077980
24.00120006 10.69206953 0.00036473 0.00043128 0.00024605 0.00382854 0.37999163 0.04126983 0.34661087 0.01242639 0.02636277 0.02569547 0.15460345 0.00816899
24.10120506 10.68805810 0.00042763 0.00038303 0.00032680 0.00931023 0.38394556 0.04223658 0.34301994 0.01194111 0.02144880 0.02756979 0.15120266 0.00818787
24.20121006 10.68078003 0.00050451 0.00040231 0.00036420 0.00699428 0.38137680 0.04415036 0.34394241 0.01231820 0.02382915 0.02748674 0.15044933 0.00818171
24.30121506 10.67257560 0.00052082 0.00044252 0.00037118 0.00698179 0.38748229 0.04431215 0.34628178 0.00929747 0.02626903 0.02070407 0.14952439 0.00781252
24.40122006 10.66584046 0.00044554 0.00038661 0.00033989 0.00547102 0.39812752 0.04312742 0.34511701 0.01061544 0.02079361 0.01479877 0.14957525 0.01120193
24.50122506 10.66083005 0.00067074 0.00034591 0.00046301 0.01290757 0.39749592 0.03785709 0.34616956 0.01458320 0.01665311 0.01550651 0.14733550 0.01001187
24.60123006 10.65589691 0.00051075 0.00040793 0.00042759 0.00707104 0.39318606 0.03985224 0.34566050 0.00962230 0.02438704 0.01822390 0.15035846 0.01029218
24.70123506 10.64852332 0.00030451 0.00045467 0.00020514 0.00173768 0.39185888 0.04180807 0.34501312 0.00948695 0.02762567 0.01891771 0.15304766 0.00953994
24.80124006 10.64575359 0.00018283 0.00040082 0.00017940 0.00020681 0.39334110 0.04136676 0.34658622 0.00850531 0.02462857 0.02146637 0.15104330 0.01209252
24.90124506 10.64192281 0.00016859 0.00040808 0.00014330 0.00015755 0.39088033 0.04158338 0.34568876 0.00788017 0.02670690 0.02257839 0.15231594 0.01148863
25.00125006 10.63861924 0.00025012 0.00038669 0.00026462 0.00400062 0.38972893 0.04165345 0.34166383 0.00625730 0.02867641 0.02358190 0.15154413 0.01199199
25.10125506 10.63294935 0.00045372 0.00039285 0.00042941 0.00702127 0.38853803 0.03648559 0.33994313 0.00920448 0.02755131 0.02493915 0.15157467 0.01346637
25.20126006 10.62883776 0.00031946 0.00040480 0.00024637 0.00588457 0.39390711 0.04408101 0.33506410 0.00828198 0.02801981 0.02050936 0.15060418 0.01267724
25.30126506 10.62235807 0.00034246 0.00041252 0.00027000 0.00371584 0.39234436 0.04411380 0.33517395 0.00692159 0.02383812 0.02744634 0.15423105 0.01118997
25.40127006 10.61771108 0.00028981 0.00043799 0.00017683 0.00405695 0.39837715 0.03921723 0.33520931 0.01048700 0.02392943 0.02480568 0.15404612 0.00896649
25.50127506 10.61271856 0.00039523 0.00048198 0.00014570 0.00206978 0.40324712 0.03741945 0.33075502 0.01620945 0.02310787 0.02053355 0.16040802 0.00522684
25.60128006 10.60858864 0.00035817 0.00045467 0.00014981 0.00180911 0.39965958 0.04064649 0.33011171 0.01352043 0.02762092 0.02427976 0.15615312 0.00523623
