0.00000000 6.00000000 0.00000000 0.00000000 0.00000000 0.00000000 0.00000000 0.00000000 0.00000000 1.00000000 0.00000000 0.00000000 0.00000000 0.00000000
0.10000500 6.00277323 0.02529018 0.00136196 0.00785441 0.09782264 0.10666475 0.14182174 0.01635719 0.42300202 0.04985077 0.08945629 0.01376534 0.02675272
0.20001000 6.00073653 0.00857616 0.00138506 0.00495790 0.05093929 0.13972506 0.21926827 0.05592413 0.23322852 0.06614424 0.14848425 0.03482151 0.03654561
0.30001500 5.99862082 0.00528908 0.00105668 0.00342979 0.03055574 0.14748095 0.23099471 0.07081934 0.16713021 0.06967198 0.18855996 0.04497104 0.04004052
0.40002000 5.99518236 0.00429802 0.00101592 0.00227433 0.02414475 0.15717769 0.21268866 0.07827570 0.15250900 0.07434577 0.20240218 0.05318494 0.03768307
0.50002500 5.99096556 0.00498671 0.00113889 0.00214622 0.01560469 0.16403455 0.18300038 0.08527912 0.14882033 0.08338162 0.20821572 0.06016582 0.04322595
0.60003000 5.98783581 0.00487089 0.00113507 0.00196380 0.01639097 0.17487555 0.16212514 0.08778644 0.13819756 0.09483851 0.21303141 0.06336444 0.04142023
0.70003500 5.98661845 0.00418945 0.00108115 0.00214793 0.01527988 0.19180470 0.14748837 0.09225036 0.11567670 0.10170731 0.21764191 0.06515648 0.04557575
0.80004000 5.98185903 0.00421224 0.00088764 0.00222247 0.02371267 0.19969854 0.13692313 0.09261818 0.10692503 0.09879604 0.21886695 0.06999960 0.04513751
0.90004500 5.97950323 0.00283221 0.00097482 0.00149699 0.00798094 0.20991989 0.13142120 0.09631031 0.09723468 0.10251439 0.22018651 0.07628058 0.05284746
1.00005000 5.97544556 0.00227139 0.00081132 0.00141839 0.00531788 0.22784437 0.12998158 0.10537911 0.08524403 0.09612580 0.21281566 0.07783940 0.05495107
1.10005500 5.97077112 0.00268312 0.00087623 0.00148080 0.01031584 0.23082702 0.13947354 0.11150085 0.08399379 0.09568450 0.19292756 0.08311140 0.04712535
1.20006000 5.96267776 0.00302897 0.00105802 0.00159144 0.01337118 0.24322620 0.14007291 0.11380483 0.08725451 0.09807259 0.16430634 0.08783836 0.04637465
1.30006500 5.95995779 0.00320901 0.00096229 0.00180699 0.01349477 0.25432455 0.15368053 0.12739598 0.08542185 0.09258440 0.14344779 0.08273279 0.04093906
1.40007000 5.95450789 0.00302826 0.00094285 0.00157135 0.00939247 0.27027318 0.16430003 0.13021168 0.08402373 0.09461699 0.11889170 0.08195529 0.04079247
1.50007500 5.95164913 0.00294280 0.00085975 0.00133013 0.01017772 0.27954941 0.17068153 0.13434848 0.08332547 0.09629383 0.10035264 0.08294853 0.03718972
1.60008000 5.94901022 0.00337616 0.00100302 0.00183441 0.01407959 0.29301583 0.16515826 0.14311987 0.07331170 0.09837183 0.08031082 0.09048944 0.03592906
1.70008500 5.94272034 0.00277162 0.00107855 0.00134192 0.00632505 0.30265578 0.15677244 0.14228335 0.07322768 0.10239980 0.07246724 0.09558251 0.04309405
1.80009000 5.94154766 0.00276367 0.00107801 0.00147104 0.01078306 0.31346178 0.15108273 0.14849930 0.06199858 0.10564951 0.06942592 0.09931139 0.03447500
1.90009500 5.93399369 0.00271742 0.00115567 0.00149498 0.01270173 0.32082197 0.14036233 0.15300326 0.05798944 0.10477374 0.06292021 0.10824536 0.03381389
2.00010001 5.92920612 0.00233540 0.00116344 0.00136203 0.01273262 0.33066293 0.13105911 0.16253015 0.04898620 0.10626228 0.06030081 0.10938120 0.03322384
2.10010501 5.92088879 0.00210497 0.00108250 0.00130563 0.01386731 0.33395497 0.12527395 0.16994990 0.04144341 0.09426232 0.07220271 0.11275031 0.03180203
2.20011001 5.91541861 0.00230716 0.00105936 0.00130446 0.00852663 0.33249908 0.11582518 0.17455199 0.04417472 0.09411614 0.07939247 0.11377342 0.03246939
2.30011501 5.90567971 0.00218564 0.00100645 0.00144134 0.01067252 0.33063746 0.10520639 0.18064119 0.04330499 0.09431297 0.08359469 0.11340194 0.03359443
2.40012001 5.89597844 0.00231014 0.00089911 0.00150045 0.01580766 0.33562134 0.11080712 0.18386681 0.03758079 0.08651167 0.08048483 0.11510106 0.02950901
2.50012501 5.89015247 0.00248564 0.00093038 0.00176848 0.01906881 0.33689941 0.10176865 0.18238971 0.04015759 0.08904092 0.08271386 0.11473957 0.02803697
2.60013001 5.88762726 0.00198946 0.00103859 0.00135945 0.01119499 0.33985363 0.10429203 0.18871479 0.03836172 0.08309785 0.07616891 0.12329514 0.03063345
2.70013501 5.88056874 0.00245476 0.00096791 0.00205895 0.02088353 0.34270762 0.10088323 0.19639050 0.03121169 0.08896448 0.06905847 0.11496950 0.02944937
2.80014001 5.87145260 0.00163613 0.00089806 0.00094792 0.00582839 0.34602237 0.11513328 0.19932372 0.03665610 0.08412359 0.06631942 0.11563226 0.02747877
2.90014501 5.86919017 0.00183632 0.00084301 0.00120921 0.00808012 0.34871850 0.11240595 0.20112013 0.03614068 0.07992206 0.06306143 0.11739630 0.02926628
3.00015001 5.86431007 0.00153992 0.00083266 0.00073203 0.00586251 0.35439417 0.10783366 0.20690395 0.03772391 0.07558179 0.06403013 0.12028744 0.02427785
3.10015501 5.86142784 0.00195927 0.00089821 0.00108712 0.00927530 0.35034904 0.10372366 0.20967340 0.03900117 0.08000216 0.05843982 0.12107718 0.02451365
3.20016001 5.85304482 0.00205729 0.00095120 0.00117644 0.01070083 0.35232544 0.10183007 0.21055479 0.03486186 0.08847859 0.05277439 0.11968998 0.02459912
3.30016501 5.84568794 0.00228887 0.00081823 0.00166078 0.01179203 0.36067933 0.10101646 0.20906569 0.03303504 0.08214172 0.04628003 0.12129502 0.02992678
3.40017001 5.83620561 0.00160934 0.00086642 0.00105246 0.00598039 0.35977501 0.10693369 0.21706392 0.02885714 0.07934242 0.04708539 0.12495224 0.02648159
3.50017501 5.83501089 0.00140364 0.00088581 0.00080496 0.00668368 0.36348026 0.10728192 0.22044787 0.02589199 0.07694754 0.04521532 0.12623852 0.02471850
3.60018001 5.83065202 0.00174041 0.00089060 0.00088142 0.01009901 0.36316417 0.10193181 0.22024266 0.02904331 0.07649228 0.04248357 0.12921028 0.02382046
3.70018501 5.82443109 0.00173393 0.00085025 0.00095498 0.00918693 0.36385989 0.10003863 0.22898616 0.02922537 0.06905031 0.04433588 0.12725338 0.02452427
3.80019001 5.82166155 0.00159680 0.00091823 0.00066913 0.00595837 0.36749523 0.08734638 0.23141655 0.03348628 0.07288653 0.04417128 0.13128346 0.02277176
3.90019501 5.81661619 0.00110024 0.00095159 0.00041693 0.00378713 0.37226143 0.08539350 0.23458075 0.02714743 0.06950738 0.04980364 0.13469885 0.02035113
4.00020001 5.81282479 0.00110837 0.00086107 0.00045857 0.00597036 0.37397780 0.07860649 0.23401254 0.02632575 0.06912320 0.05249402 0.13802539 0.01903645
4.10020501 5.80082491 0.00085230 0.00092395 0.00027116 0.00053523 0.37388565 0.07898132 0.24210389 0.02481942 0.07136248 0.04830382 0.13572403 0.02223675
4.20021001 5.79886302 0.00134441 0.00084984 0.00087245 0.00807985 0.37494977 0.07165520 0.24376794 0.02220170 0.07257788 0.04791223 0.13785456 0.01793417
4.30021501 5.79087003 0.00204605 0.00074361 0.00121065 0.01112412 0.37389038 0.06522064 0.24496661 0.03272105 0.06273367 0.04499894 0.13966573 0.02067855
4.40022001 5.78091034 0.00166347 0.00082625 0.00112002 0.01404655 0.37549796 0.07089936 0.24572831 0.02903710 0.05633693 0.04532224 0.14161055 0.01791125
4.50022501 5.77672919 0.00172366 0.00083771 0.00096690 0.00959354 0.38492338 0.06716207 0.24785440 0.03037147 0.05694799 0.04145775 0.14343652 0.01472461
4.60023001 5.77196396 0.00136249 0.00091771 0.00098381 0.00737292 0.38532651 0.06223201 0.24534399 0.02416769 0.06500193 0.04406677 0.14540987 0.01781431
4.70023501 5.76280022 0.00155015 0.00094271 0.00101241 0.00946535 0.38482592 0.05651326 0.25057910 0.02548659 0.05902388 0.04119525 0.15062838 0.01877700
4.80024001 5.75584818 0.00106124 0.00082757 0.00092798 0.00748089 0.38828989 0.05443694 0.25931249 0.02044177 0.05591017 0.03863507 0.14965988 0.02301610
4.90024501 5.74986636 0.00093022 0.00090804 0.00037295 0.00193901 0.38754911 0.05451971 0.26250114 0.02434562 0.05581036 0.04160158 0.15523136 0.01429091
5.00025001 5.74204602 0.00131044 0.00090462 0.00076549 0.00730540 0.38458197 0.04938168 0.26431823 0.02444590 0.05635789 0.03902423 0.15783728 0.01376686
5.10025501 5.73421600 0.00143173 0.00085276 0.00100986 0.01065776 0.38317916 0.04936178 0.26483780 0.02264250 0.05448144 0.03706661 0.15864884 0.01582977
5.20026001 5.72900306 0.00124216 0.00080824 0.00107966 0.00889246 0.38285296 0.05473244 0.26816249 0.02241164 0.04800106 0.03518282 0.15817525 0.01845882
5.30026501 5.72529393 0.00150038 0.00074703 0.00084711 0.00846429 0.38242903 0.05835983 0.26772008 0.02718697 0.04510095 0.03538585 0.15800292 0.01425557
5.40027001 5.72044855 0.00119634 0.00081851 0.00074012 0.00603128 0.38737549 0.06001496 0.27495962 0.02219464 0.04754081 0.03023472 0.15730556 0.01158795
5.50027501 5.71182605 0.00098721 0.00074143 0.00050565 0.00378807 0.38838914 0.05991881 0.27567829 0.02086478 0.04776800 0.03155237 0.15742313 0.01238311
5.60028001 5.70758513 0.00071286 0.00073607 0.00034119 0.00218814 0.39297448 0.05389048 0.27770645 0.02009269 0.05069471 0.02779112 0.15788829 0.01498353
5.70028501 5.69788811 0.00095630 0.00080337 0.00050673 0.00547706 0.39146744 0.05306351 0.27878451 0.01790983 0.04842571 0.02953887 0.16251898 0.01054771
5.80029001 5.68989259 0.00086949 0.00086409 0.00052758 0.00288659 0.39115150 0.04861289 0.27290882 0.01910138 0.04409855 0.03525584 0.17097705 0.01274623
5.90029501 5.68139233 0.00120833 0.00094409 0.00076862 0.00581901 0.38991854 0.04021586 0.27675046 0.02110346 0.04947358 0.03356685 0.16891333 0.01131787
6.00030002 5.67688815 0.00082703 0.00093894 0.00059004 0.00420639 0.38873690 0.03880295 0.27817714 0.01791259 0.05340334 0.03544346 0.16674368 0.01421753
6.10030502 5.66609231 0.00073019 0.00082461 0.00058280 0.00335046 0.39113823 0.04045270 0.27731301 0.01658727 0.05186748 0.03596820 0.16685667 0.01432837
6.20031002 5.65894349 0.00104354 0.00078550 0.00074481 0.00503643 0.38532421 0.04171359 0.27976509 0.01614091 0.05451210 0.03815083 0.16561309 0.01116990
6.30031502 5.64725046 0.00053371 0.00091547 0.00040654 0.00156998 0.38727582 0.03812502 0.28071798 0.01271437 0.05740751 0.03806736 0.16968322 0.01258302
6.40032002 5.63512144 0.00061630 0.00087093 0.00058958 0.00193039 0.39003310 0.04456984 0.27092843 0.01182564 0.05802647 0.03522020 0.17014107 0.01524805
6.50032502 5.62993042 0.00073022 0.00084093 0.00052784 0.00270222 0.38689835 0.04583782 0.27468592 0.01404686 0.05660836 0.03415528 0.17096643 0.01199975
6.60033002 5.62407961 0.00089154 0.00079074 0.00062542 0.00628308 0.38394137 0.04806964 0.27314864 0.01613288 0.05366444 0.03481530 0.16845480 0.01318215
6.70033502 5.62337312 0.00063816 0.00081378 0.00035199 0.00114616 0.38296068 0.05003656 0.27319727 0.01996964 0.05224005 0.03123469 0.17278823 0.01462280
6.80034002 5.61407384 0.00080093 0.00087041 0.00031265 0.00554873 0.38190127 0.04547253 0.28073330 0.02050069 0.05131838 0.02674652 0.17317663 0.01261794
6.90034502 5.60857787 0.00070579 0.00088002 0.00039113 0.00169567 0.38103078 0.04786136 0.28833954 0.01804712 0.05156131 0.02215109 0.17218835 0.01514784
7.00035002 5.60437141 0.00070492 0.00086304 0.00025178 0.00544665 0.38110076 0.04653912 0.28999739 0.01579485 0.05238411 0.02343434 0.17365471 0.00982834
7.10035502 5.59801843 0.00108955 0.00076668 0.00068903 0.00637039 0.38228903 0.04838519 0.28767460 0.01472591 0.05116602 0.02229222 0.17210367 0.01244770
7.20036002 5.58694717 0.00120036 0.00085728 0.00072258 0.00637887 0.37967352 0.04519597 0.28641940 0.01762074 0.04894526 0.02886394 0.17210455 0.01201755
7.30036502 5.58111496 0.00122244 0.00080270 0.00080125 0.00591274 0.38498972 0.04819205 0.28279730 0.01641657 0.04746556 0.02612558 0.17394472 0.01132936
7.40037002 5.56971270 0.00097721 0.00091828 0.00093207 0.00730040 0.38491755 0.04299363 0.28337419 0.01309881 0.04999345 0.02723722 0.17279652 0.01546067
7.50037502 5.55988315 0.00099636 0.00078761 0.00078074 0.00828586 0.38138269 0.04691766 0.28479968 0.01642483 0.04725112 0.02669131 0.16977890 0.01590324
7.60038002 5.55234543 0.00127710 0.00074022 0.00069773 0.00543379 0.37718191 0.05174233 0.28676836 0.01947064 0.04754234 0.03006187 0.16776717 0.01131654
7.70038502 5.53987587 0.00086089 0.00075972 0.00052148 0.00592467 0.38251396 0.04877306 0.28605584 0.01844970 0.04517093 0.03168257 0.16549956 0.01378763
7.80039002 5.53360502 0.00109196 0.00071306 0.00061059 0.00472987 0.37716292 0.04827654 0.28832819 0.02073551 0.04188732 0.03389536 0.16790851 0.01466017
7.90039502 5.52096005 0.00092815 0.00079522 0.00047160 0.00298997 0.37353936 0.05100840 0.29087653 0.02028564 0.04238708 0.03464816 0.16840181 0.01366809
8.00040002 5.51465804 0.00088880 0.00096843 0.00063592 0.00349729 0.37729896 0.04784279 0.29222113 0.01625115 0.04761034 0.02901242 0.17190114 0.01187163
8.10040502 5.50427304 0.00100091 0.00091476 0.00069884 0.00588589 0.37396912 0.04903759 0.29818078 0.01519958 0.04765917 0.02992700 0.16727617 0.01025018
8.20041002 5.49918743 0.00077138 0.00086172 0.00041575 0.00549013 0.37394937 0.04702761 0.30132778 0.01391153 0.04500307 0.02803243 0.17285805 0.01035117
8.30041502 5.49501110 0.00097603 0.00078794 0.00053554 0.00718394 0.37666317 0.04772672 0.29785913 0.01561149 0.04020678 0.02946758 0.17248298 0.01049869
8.40042002 5.48700714 0.00073741 0.00080729 0.00048185 0.00403276 0.38105303 0.04226603 0.29928513 0.01386505 0.04192099 0.03445173 0.16893357 0.01216518
8.50042502 5.47934860 0.00072184 0.00080378 0.00038322 0.00256588 0.38063609 0.04285034 0.30303201 0.01541810 0.03807469 0.03040689 0.17145343 0.01365372
8.60043002 5.46991031 0.00080990 0.00080949 0.00051990 0.00424061 0.37539960 0.04833434 0.30223779 0.01432483 0.03753044 0.03082441 0.17402268 0.01094602
8.70043502 5.46986631 0.00064787 0.00076387 0.00040024 0.00404489 0.37481961 0.04868257 0.30379924 0.01392913 0.03526890 0.03163213 0.17334838 0.01266318
8.80044002 5.46518712 0.00069277 0.00074721 0.00042597 0.00171118 0.37535150 0.04648736 0.30297518 0.01870511 0.03496462 0.03337554 0.16996149 0.01460208
8.90044502 5.46109771 0.00072485 0.00079303 0.00042752 0.00462183 0.37785804 0.04084378 0.30512704 0.01671322 0.03866644 0.02902337 0.17155545 0.01364543
9.00045002 5.44730401 0.00045771 0.00083431 0.00026153 0.00235385 0.37328041 0.04579370 0.30971012 0.01293393 0.04005152 0.03265762 0.17012364 0.01154166
9.10045502 5.43556450 0.00072870 0.00078279 0.00072218 0.00366649 0.37407064 0.04857354 0.30816330 0.01398259 0.03636087 0.02875909 0.16862240 0.01556741
9.20046002 5.43075649 0.00073346 0.00071603 0.00052000 0.00674889 0.37367892 0.04841626 0.30638718 0.01363982 0.03758677 0.03450810 0.16563111 0.01143348
9.30046502 5.41699925 0.00083311 0.00079039 0.00062774 0.00494275 0.37615093 0.04759077 0.30472798 0.01513461 0.04113759 0.02815147 0.16519312 0.01471955
9.40047002 5.41303541 0.00058989 0.00081909 0.00038813 0.00358687 0.37748845 0.04417555 0.30481034 0.01338749 0.04520395 0.02652639 0.16767818 0.01534568
9.50047502 5.39939495 0.00098810 0.00086302 0.00068195 0.00468281 0.37743642 0.03952004 0.31050269 0.01469181 0.04468491 0.02627846 0.16651295 0.01315684
9.60048002 5.39527251 0.00058458 0.00084322 0.00013868 0.00029485 0.38291408 0.04388090 0.31200513 0.01483215 0.04396531 0.02186471 0.16827226 0.01040413
9.70048502 5.39183730 0.00053615 0.00079681 0.00017828 0.00221296 0.38551129 0.04386604 0.30998757 0.01289504 0.04213955 0.02251379 0.16956478 0.00979774
9.80049002 5.38049923 0.00058953 0.00080323 0.00027480 0.00210523 0.38165226 0.04306313 0.31341630 0.01282262 0.04455351 0.02177742 0.16757470 0.01136725
9.90049502 5.37037240 0.00068085 0.00080890 0.00038414 0.00337896 0.38427896 0.03921640 0.31029728 0.01329622 0.04466959 0.02611471 0.16594526 0.01092870
10.00050003 5.36081065 0.00075433 0.00082465 0.00045013 0.00300877 0.38498756 0.03744922 0.30596310 0.01466203 0.04240456 0.03157696 0.16782013 0.01009856
10.10050503 5.35552824 0.00119771 0.00082179 0.00090030 0.00729805 0.38990171 0.03518975 0.30382167 0.01289748 0.04217688 0.02873291 0.16727796 0.00978381
10.20051003 5.34755469 0.00105147 0.00077043 0.00080863 0.00588497 0.39301276 0.03325358 0.30638215 0.01275176 0.04161483 0.03025083 0.16421983 0.00999875
10.30051503 5.33969928 0.00064950 0.00080148 0.00033679 0.00353328 0.39646350 0.03282509 0.30817564 0.01526495 0.03739413 0.02858337 0.16716525 0.00880703
10.40052003 5.32797620 0.00067177 0.00075049 0.00052622 0.00391257 0.39450986 0.03703064 0.30857246 0.01522237 0.03966064 0.02622332 0.16050655 0.01241311
10.50052503 5.32250137 0.00074484 0.00068578 0.00035083 0.00397732 0.39185008 0.04220574 0.30834031 0.01638023 0.03969818 0.02829497 0.15742566 0.01004607
10.60053003 5.30918288 0.00149708 0.00072619 0.00102212 0.00968871 0.38886894 0.04165759 0.30481376 0.02077144 0.04065304 0.02662256 0.15493807 0.00874051
10.70053503 5.30213085 0.00104448 0.00075957 0.00068072 0.00758890 0.39241847 0.03966685 0.30655917 0.01771745 0.04155618 0.02541952 0.15870662 0.00788208
10.80054003 5.28952934 0.00050422 0.00073401 0.00037072 0.00246935 0.38985041 0.04053485 0.30310215 0.01611759 0.04803017 0.02425940 0.16028326 0.01374387
10.90054503 5.28600161 0.00083516 0.00080377 0.00060355 0.00446159 0.39196352 0.03978630 0.30067054 0.01411119 0.05000962 0.02658952 0.16055255 0.00961270
11.00055003 5.28208436 0.00079994 0.00071559 0.00058413 0.00637713 0.39397880 0.03537695 0.30405577 0.01203007 0.04614118 0.03163811 0.15710866 0.01119366
11.10055503 5.27338046 0.00083564 0.00072882 0.00045707 0.00499288 0.39761800 0.02928383 0.30610506 0.01597840 0.04597171 0.03122817 0.15557640 0.01122401
11.20056003 5.26839909 0.00049453 0.00070202 0.00029878 0.00156035 0.39989850 0.03088634 0.30978295 0.01455717 0.04531786 0.03066344 0.15429866 0.01153938
11.30056503 5.25978338 0.00108796 0.00070143 0.00081706 0.00616411 0.40199597 0.02568281 0.30853508 0.01465125 0.04681770 0.03091767 0.15394981 0.00867915
11.40057003 5.25044991 0.00062441 0.00075237 0.00044012 0.00484885 0.40652703 0.02488961 0.30942448 0.01444493 0.04596803 0.03047640 0.15332809 0.00827569
11.50057503 5.24511727 0.00039683 0.00077163 0.00020465 0.00137011 0.40939743 0.02668884 0.30629967 0.01283247 0.04548461 0.03016837 0.16004666 0.00633873
11.60058003 5.23869187 0.00034167 0.00070862 0.00024219 0.00232623 0.40571008 0.02408059 0.30977354 0.01342308 0.04508159 0.03023305 0.15872617 0.00935317
11.70058503 5.23202556 0.00073729 0.00067703 0.00044087 0.00392480 0.40289753 0.02940453 0.30632007 0.01625456 0.04522812 0.02617368 0.15887725 0.00906428
11.80059003 5.21944842 0.00081797 0.00070109 0.00050508 0.00492628 0.40436527 0.02957750 0.30597114 0.01780762 0.04231232 0.02819089 0.15465019 0.01017466
11.90059503 5.20981552 0.00101794 0.00068132 0.00057583 0.00529765 0.39699307 0.03390618 0.30598666 0.02106948 0.04168372 0.02748774 0.15465524 0.01064518
12.00060003 5.20597258 0.00107241 0.00063049 0.00062759 0.00720808 0.39662660 0.03460172 0.30789205 0.02056713 0.03820536 0.02976912 0.15464549 0.00815395
12.10060503 5.20131225 0.00075281 0.00064202 0.00025156 0.00170059 0.39320522 0.03841974 0.30933236 0.02001895 0.04354478 0.03072147 0.15327562 0.00813488
12.20061003 5.19927571 0.00076794 0.00061704 0.00048567 0.00428871 0.39495918 0.03751184 0.30611898 0.01945570 0.04067882 0.02906604 0.15562598 0.01042410
12.30061503 5.19626207 0.00085158 0.00067599 0.00058238 0.00461862 0.40073115 0.03547860 0.30496502 0.01620530 0.03922936 0.03103699 0.15639848 0.00922654
12.40062003 5.19524596 0.00075861 0.00065056 0.00050339 0.00330420 0.40260846 0.03313759 0.30890101 0.01595635 0.03676742 0.03080553 0.15507255 0.01153432
12.50062503 5.18899332 0.00047337 0.00066536 0.00015143 0.00238378 0.40459896 0.03041761 0.31542204 0.01446053 0.03631991 0.03097445 0.15499374 0.00913884
12.60063003 5.18200387 0.00068492 0.00059598 0.00016119 0.00056285 0.40191666 0.02991405 0.31183690 0.02028384 0.03600664 0.03138081 0.15564381 0.01101233
12.70063503 5.17738072 0.00090392 0.00062097 0.00072503 0.00518999 0.40103470 0.03353626 0.31027079 0.01258924 0.03464971 0.03264787 0.15742383 0.01040769
12.80064003 5.16738938 0.00086150 0.00064528 0.00060171 0.00448432 0.39786920 0.03465517 0.30636892 0.01447589 0.03571712 0.03717359 0.15739948 0.00974782
12.90064503 5.16342475 0.00074556 0.00064836 0.00023020 0.00153028 0.39834745 0.03822757 0.30440115 0.01749985 0.03716905 0.03328822 0.15943399 0.00847832
13.00065003 5.15488003 0.00110584 0.00059076 0.00085577 0.00832708 0.39513364 0.03669893 0.30417815 0.01757043 0.03271618 0.03275906 0.15938128 0.01068290
13.10065503 5.14872227 0.00071443 0.00068846 0.00016514 0.00148966 0.39733220 0.03929665 0.30516919 0.01806540 0.03679562 0.03108087 0.16001452 0.00918785
13.20066003 5.14485292 0.00072336 0.00072659 0.00035584 0.00300547 0.39495363 0.04071680 0.30323120 0.01677759 0.03738113 0.03149829 0.16170745 0.00892265
13.30066503 5.13916409 0.00087036 0.00069810 0.00040996 0.00367557 0.39351061 0.04226409 0.30217069 0.01999191 0.03963101 0.02642007 0.16198959 0.00836804
13.40067003 5.13167222 0.00074890 0.00065521 0.00049354 0.00374734 0.39298049 0.04062165 0.29724831 0.01737927 0.03900696 0.03261359 0.16210904 0.01239572
13.50067503 5.12758216 0.00109689 0.00061349 0.00082128 0.00655906 0.39046046 0.04278875 0.29721189 0.01659702 0.03912082 0.03125168 0.16059334 0.01288533
13.60068003 5.12429992 0.00075793 0.00074591 0.00031019 0.00361187 0.39026336 0.04106199 0.29826407 0.01925062 0.04338926 0.03127193 0.16133740 0.00973547
13.70068503 5.11785237 0.00111584 0.00071436 0.00073516 0.00621655 0.39263748 0.03698646 0.30171317 0.01735548 0.04039850 0.02824316 0.16253648 0.01134735
13.80069003 5.11348769 0.00087143 0.00079448 0.00050674 0.00506801 0.39056953 0.03426939 0.30252638 0.01452140 0.04559249 0.02789356 0.16651712 0.01086946
13.90069503 5.11267791 0.00061289 0.00073420 0.00033859 0.00263240 0.39226302 0.03556517 0.30718218 0.01398196 0.04274323 0.02817652 0.16707737 0.00869247
14.00070004 5.11030930 0.00076642 0.00067105 0.00061171 0.00437940 0.39365370 0.03617029 0.30702613 0.01323399 0.03773802 0.02852312 0.16691111 0.01031507
14.10070504 5.10316147 0.00090032 0.00080783 0.00057205 0.00642047 0.39202684 0.03327795 0.30683652 0.01434221 0.04125367 0.02813742 0.16707513 0.00834958
14.20071004 5.09453423 0.00056212 0.00070674 0.00026603 0.00370282 0.39199188 0.03704636 0.30578784 0.01310165 0.04113034 0.03167853 0.16638320 0.00764249
14.30071504 5.08604914 0.00056195 0.00074002 0.00027866 0.00176217 0.39201594 0.03648710 0.30696604 0.01373836 0.04017162 0.02937314 0.17010638 0.00779861
14.40072004 5.08262778 0.00086294 0.00066763 0.00056744 0.00472892 0.38897764 0.03382882 0.30591621 0.01488794 0.04026054 0.03121014 0.17017797 0.00791380
14.50072504 5.07571059 0.00094864 0.00065312 0.00062307 0.00554841 0.38881125 0.03713462 0.30347574 0.01701547 0.03826657 0.02835845 0.17079333 0.00837133
14.60073004 5.07072940 0.00080545 0.00071138 0.00045685 0.00389410 0.38954791 0.03740954 0.30346490 0.01694051 0.04006143 0.02669572 0.17021437 0.00979782
14.70073504 5.06430700 0.00068081 0.00076108 0.00050526 0.00295939 0.38797701 0.03421411 0.30694110 0.01618721 0.03833956 0.02616888 0.17398124 0.01128435
14.80074004 5.05822477 0.00065508 0.00067943 0.00036177 0.00434240 0.38383491 0.03942997 0.30815425 0.01501395 0.04021032 0.02979357 0.16712109 0.01040327
14.90074504 5.05466948 0.00077714 0.00064277 0.00048131 0.00200591 0.38930870 0.03542142 0.30978665 0.01779368 0.03702640 0.02853845 0.16523548 0.01298209
15.00075004 5.04829482 0.00091237 0.00064587 0.00046173 0.00320810 0.39085173 0.03723368 0.30450343 0.01778469 0.03523166 0.03138281 0.16676730 0.01101662
15.10075504 5.04072033 0.00056287 0.00072987 0.00019851 0.00030533 0.39256996 0.03706771 0.30243202 0.01868391 0.03686093 0.02873107 0.17140722 0.01045060
15.20076004 5.03201024 0.00069428 0.00072934 0.00037764 0.00543183 0.38966849 0.03589104 0.30698069 0.01678571 0.03658220 0.02861144 0.16803928 0.01020807
15.30076504 5.01962313 0.00083769 0.00067967 0.00080774 0.00553927 0.38868110 0.03681579 0.30767108 0.01777624 0.03161628 0.02735781 0.16735186 0.01486546
15.40077004 5.00898232 0.00097409 0.00067648 0.00075093 0.00557471 0.38685258 0.03881730 0.30636922 0.01818735 0.03045062 0.03317613 0.16565110 0.01251949
15.50077504 5.00458759 0.00085180 0.00066485 0.00044758 0.00341137 0.38646446 0.04172879 0.31032923 0.01950653 0.03121101 0.03007429 0.16533045 0.00997964
15.60078004 5.00121613 0.00066039 0.00060947 0.00039523 0.00417254 0.38658975 0.04284130 0.30974654 0.01573412 0.02917601 0.03089017 0.16787823 0.01130624
15.70078504 4.99091772 0.00092388 0.00060955 0.00045960 0.00419101 0.38678136 0.04022598 0.30488731 0.02120093 0.03115569 0.03137672 0.16656608 0.01162187
15.80079004 4.98548964 0.00077683 0.00059729 0.00037382 0.00297045 0.38725963 0.04089023 0.30239625 0.02130206 0.03115085 0.03424797 0.16659597 0.01143865
15.90079504 4.98283303 0.00047418 0.00066494 0.00011286 0.00030959 0.39618854 0.03966301 0.30511777 0.01572695 0.03266944 0.03069730 0.16735931 0.01101612
16.00080004 4.97856304 0.00062062 0.00064574 0.00045130 0.00387054 0.39204497 0.03591077 0.30524363 0.01739143 0.03548760 0.02752953 0.16657806 0.01422582
16.10080504 4.97112425 0.00092168 0.00057664 0.00077063 0.00551253 0.38980958 0.03650315 0.30409691 0.01789723 0.02660659 0.03521007 0.16491028 0.01718472
16.20081004 4.96687678 0.00082394 0.00064984 0.00060925 0.00312405 0.39191439 0.03404908 0.30679788 0.01919277 0.03037334 0.03283748 0.16426455 0.01536344
16.30081504 4.96111652 0.00097368 0.00061832 0.00088010 0.00765020 0.39618387 0.03352544 0.31155015 0.01583734 0.02676038 0.02812278 0.16288728 0.01501046
16.40082004 4.95818070 0.00046210 0.00059507 0.00035265 0.00749515 0.39552798 0.03909072 0.31287272 0.01449371 0.02678389 0.02767261 0.16422033 0.01043306
16.50082504 4.94854436 0.00077277 0.00067492 0.00047108 0.00261754 0.39615638 0.03882444 0.31241810 0.01593858 0.02607545 0.02579655 0.16867516 0.01157904
16.60083004 4.94524700 0.00057012 0.00064350 0.00023263 0.00360608 0.39662168 0.03686695 0.31237240 0.01487346 0.02837953 0.02727508 0.16998289 0.00857568
16.70083504 4.93821744 0.00058812 0.00075138 0.00026148 0.00167761 0.39355050 0.03468779 0.31155846 0.01373657 0.03231144 0.02883745 0.17382822 0.00821099
16.80084004 4.93270202 0.00057010 0.00070782 0.00025606 0.00252544 0.39758253 0.02964923 0.31073235 0.01482905 0.03595439 0.02623004 0.17302292 0.00794009
16.90084504 4.93109694 0.00069053 0.00060459 0.00018025 0.00237029 0.39778087 0.03355594 0.30954562 0.01748602 0.03323948 0.02464338 0.17282944 0.00707358
17.00085004 4.92563613 0.00053437 0.00069784 0.00035182 0.00323655 0.39965565 0.03028087 0.31121132 0.01194720 0.03476977 0.02468598 0.17366542 0.00896322
17.10085504 4.92217348 0.00074794 0.00062109 0.00046611 0.00482181 0.39898598 0.03160717 0.31158685 0.01089532 0.03148652 0.02582598 0.17331957 0.00963568
17.20086004 4.91795895 0.00059105 0.00064774 0.00040093 0.00208758 0.39656194 0.03492828 0.30878845 0.01231541 0.03071687 0.02606034 0.17528499 0.01161640
17.30086504 4.91367352 0.00035452 0.00071142 0.00007976 0.00219150 0.39889408 0.03711354 0.31300185 0.01168734 0.02822571 0.02244849 0.17716695 0.00812484
17.40087004 4.90599718 0.00056187 0.00074832 0.00030928 0.00318244 0.40292250 0.02954466 0.31528695 0.01218869 0.03224662 0.01903419 0.17679561 0.00717887
17.50087504 4.90305372 0.00055764 0.00067038 0.00017993 0.00162855 0.41024329 0.02662832 0.31811006 0.01416023 0.03221909 0.01659443 0.17275718 0.00625091
17.60088004 4.89629629 0.00068125 0.00070688 0.00033573 0.00298017 0.41531380 0.02460773 0.31543440 0.01372355 0.03323626 0.01578306 0.17130867 0.00588850
17.70088504 4.88933631 0.00040356 0.00069957 0.00013624 0.00146210 0.41000399 0.02399827 0.31999411 0.01283623 0.03491417 0.01748033 0.17238815 0.00568327
17.80089004 4.88357182 0.00057133 0.00067158 0.00041317 0.00590891 0.40785323 0.02476748 0.31546770 0.01073285 0.03487328 0.01971500 0.17313421 0.00589128
17.90089504 4.87200134 0.00069831 0.00076758 0.00058045 0.00626915 0.40793474 0.02622800 0.31578426 0.00953972 0.03221410 0.01942836 0.17329932 0.00725602
18.00090005 4.86693386 0.00097567 0.00077689 0.00066851 0.00515901 0.40758232 0.02452353 0.31723280 0.01332730 0.02728854 0.01800089 0.17711945 0.00734509
18.10090505 4.86184870 0.00076246 0.00071276 0.00052918 0.00338015 0.40611769 0.03044820 0.31556787 0.01227693 0.03039226 0.01615940 0.17520943 0.00844368
18.20091005 4.85501278 0.00068781 0.00067212 0.00041442 0.00400564 0.40552299 0.03287765 0.31561077 0.01345393 0.03316313 0.01812570 0.16903099 0.00643485
18.30091505 4.84990478 0.00093906 0.00062710 0.00067173 0.00782452 0.40158264 0.03122422 0.31570527 0.01533986 0.03254484 0.01964126 0.16754015 0.00635935
18.40092005 4.84630245 0.00059093 0.00065681 0.00026932 0.00177399 0.40466920 0.03409868 0.31880891 0.01268572 0.03457427 0.01796929 0.16729081 0.00661208
18.50092505 4.84267233 0.00064331 0.00057527 0.00041858 0.00427285 0.40596308 0.03117997 0.31554520 0.01261093 0.03141620 0.02002601 0.17050025 0.00684835
18.60093005 4.83808474 0.00043816 0.00061930 0.00015285 0.00090752 0.40415580 0.02887675 0.31486868 0.01396133 0.03246394 0.02410499 0.17189228 0.00755841
18.70093505 4.82992823 0.00060181 0.00062025 0.00021017 0.00346204 0.40591756 0.02870067 0.31236280 0.01429962 0.03448410 0.02186432 0.17061528 0.00686136
18.80094005 4.82426931 0.00078042 0.00060801 0.00045798 0.00362578 0.40652536 0.02730863 0.30939397 0.01587190 0.03457162 0.02100996 0.17090105 0.00894533
18.90094505 4.81629386 0.00068669 0.00062534 0.00038207 0.00272900 0.40404503 0.03812446 0.31157059 0.01367925 0.03007181 0.02144376 0.16968722 0.00695477
19.00095005 4.80835764 0.00043455 0.00069568 0.00018598 0.00399851 0.40430196 0.03680430 0.31331413 0.01129605 0.03016564 0.02229033 0.16952258 0.00699029
19.10095505 4.79518414 0.00065237 0.00073753 0.00053247 0.00749322 0.40169967 0.03759344 0.31059940 0.01057873 0.02835428 0.02015690 0.17060911 0.01099287
19.20096005 4.79150570 0.00086481 0.00067380 0.00063620 0.00357821 0.40386505 0.04050185 0.30588198 0.01426169 0.03143405 0.01770653 0.16814512 0.01245071
19.30096505 4.78194004 0.00098830 0.00070432 0.00062696 0.00841926 0.40606952 0.03804175 0.30729071 0.01452937 0.03014494 0.01620689 0.16779051 0.00918747
19.40097005 4.77775159 0.00099671 0.00060427 0.00080638 0.00634503 0.40755253 0.03841485 0.30975436 0.01192655 0.02925909 0.01720670 0.16682976 0.01030378
19.50097505 4.77448898 0.00057841 0.00062376 0.00040932 0.00391833 0.41141602 0.03634330 0.31192330 0.01038252 0.03004173 0.02032555 0.16599519 0.00804257
19.60098005 4.76576259 0.00046104 0.00065025 0.00019476 0.00126487 0.41316255 0.03810415 0.31062632 0.01022521 0.02704321 0.02129322 0.16651766 0.01045675
19.70098505 4.75894448 0.00040323 0.00065914 0.00016194 0.00051352 0.40966213 0.03603064 0.31173351 0.01073437 0.02522380 0.02619877 0.16872141 0.00995753
19.80099005 4.75501702 0.00054765 0.00061888 0.00023725 0.00256119 0.40970916 0.03449459 0.31009029 0.01460979 0.02752290 0.02272295 0.16805877 0.00882657
19.90099505 4.74976842 0.00068250 0.00064247 0.00033321 0.00271992 0.41481532 0.03064846 0.30948405 0.01341629 0.02802879 0.02203232 0.16702936 0.01016729
20.00100005 4.73815634 0.00094731 0.00059407 0.00063547 0.00695877 0.40493010 0.02855788 0.31124167 0.01156768 0.02877114 0.02658184 0.16646302 0.01275107
20.10100505 4.73207368 0.00109003 0.00064166 0.00077760 0.00702439 0.40118265 0.03048612 0.30865892 0.01622487 0.02629008 0.02591282 0.17122669 0.01048417
20.20101005 4.72816852 0.00059471 0.00062566 0.00040338 0.00409017 0.39811941 0.03401356 0.31121442 0.01302459 0.02652921 0.02801395 0.17151130 0.01185964
20.30101505 4.72217143 0.00083845 0.00061855 0.00067157 0.00472225 0.40567721 0.03289081 0.30428438 0.01383887 0.02812546 0.02660459 0.16929440 0.01243346
20.40102005 4.71774377 0.00113799 0.00060813 0.00088061 0.00949042 0.40433350 0.03822422 0.30126327 0.01337823 0.03358155 0.02322475 0.16621355 0.00766377
20.50102505 4.71534900 0.00041771 0.00063586 0.00016858 0.00097721 0.41145333 0.03788112 0.30495753 0.01197298 0.03156709 0.02464418 0.16738619 0.00793821
20.60103005 4.70729343 0.00037036 0.00069232 0.00009464 0.00021752 0.40837368 0.03824461 0.30627449 0.01138316 0.03144680 0.02362476 0.17121271 0.00806495
20.70103505 4.70486483 0.00072328 0.00061060 0.00044825 0.00582753 0.41077674 0.03214253 0.30773633 0.01197698 0.02854702 0.02098326 0.17032932 0.00989817
20.80104005 4.69743715 0.00092538 0.00056725 0.00055747 0.00786851 0.40860686 0.03467775 0.30464023 0.01390385 0.02926759 0.02149396 0.16891807 0.00857309
20.90104505 4.69295817 0.00058363 0.00070050 0.00038037 0.00402654 0.40976148 0.03279432 0.30429514 0.01349427 0.03252706 0.01967086 0.17071582 0.01105002
21.00105005 4.68218177 0.00073370 0.00065206 0.00058629 0.00667750 0.40339505 0.03580289 0.30545692 0.01155240 0.03554765 0.02288882 0.16694833 0.00975840
21.10105505 4.67241098 0.00071919 0.00069901 0.00039144 0.00248108 0.40338558 0.03412676 0.30511287 0.01346891 0.03625406 0.01964443 0.17254848 0.01116818
21.20106005 4.66371790 0.00054497 0.00077773 0.00028710 0.00156517 0.39588581 0.03692483 0.31250807 0.01163332 0.04043013 0.01888336 0.17039826 0.01016126
21.30106505 4.65888251 0.00059284 0.00068257 0.00022509 0.00371153 0.40012560 0.03314252 0.31081457 0.01266354 0.03850233 0.01988448 0.17187493 0.00778001
21.40107005 4.65357862 0.00057656 0.00073105 0.00037477 0.00269295 0.39914811 0.03618652 0.30872338 0.01075850 0.04427355 0.01811797 0.17112391 0.00729273
21.50107505 4.64655208 0.00072518 0.00069734 0.00043601 0.00490764 0.39807022 0.03096896 0.31211356 0.01160494 0.04300916 0.01883937 0.17210971 0.00651790
21.60108005 4.64022279 0.00062931 0.00066685 0.00044239 0.00345644 0.40848760 0.02751048 0.31157208 0.01222098 0.03807282 0.01810770 0.16920066 0.00963270
21.70108505 4.63431245 0.00092752 0.00065216 0.00056812 0.00559544 0.41329573 0.02905680 0.30384339 0.01477542 0.03973375 0.01627959 0.16847496 0.00679710
21.80109005 4.62489355 0.00070765 0.00065668 0.00052499 0.00586218 0.41525501 0.03216982 0.30396947 0.00982135 0.03860984 0.01793898 0.16750900 0.00697502
21.90109505 4.62170228 0.00038689 0.00064616 0.00020275 0.00023698 0.41546387 0.03261648 0.30307733 0.01157514 0.03534002 0.01826998 0.16947263 0.01271178
22.00110006 4.61302641 0.00097893 0.00070840 0.00072384 0.00882957 0.41038652 0.02724664 0.29852585 0.01291121 0.04102563 0.02038204 0.16935359 0.00892776
22.10110506 4.60856739 0.00039610 0.00068304 0.00035639 0.00156295 0.41575386 0.03142918 0.30363473 0.00856027 0.03900461 0.02054867 0.16892377 0.00914644
22.20111006 4.60131735 0.00059952 0.00059625 0.00044033 0.00297066 0.41171924 0.03326428 0.30171129 0.01027478 0.03665071 0.02444071 0.16932251 0.00800972
22.30111506 4.59110956 0.00050943 0.00063100 0.00039031 0.00298965 0.41404433 0.03181664 0.29861018 0.00920056 0.03585272 0.02515132 0.17086177 0.00994209
22.40112006 4.58386481 0.00034051 0.00061325 0.00026943 0.00229646 0.41115555 0.02952214 0.29985256 0.00971031 0.03429896 0.02911189 0.17207967 0.01074926
22.50112506 4.57839529 0.00048412 0.00063128 0.00036783 0.00417648 0.41214811 0.02719358 0.30169228 0.01078077 0.03324555 0.02622339 0.17228278 0.01077384
22.60113006 4.56720360 0.00065539 0.00071848 0.00048880 0.00383078 0.40878197 0.02854363 0.30506772 0.01140588 0.03599233 0.02321896 0.17143950 0.00985655
22.70113506 4.55730167 0.00070235 0.00063518 0.00048514 0.00787352 0.40582994 0.03007525 0.30310239 0.01279264 0.03410443 0.02683623 0.16832806 0.00923487
22.80114006 4.55337981 0.00102383 0.00059421 0.00083161 0.00948046 0.40790062 0.03052812 0.30228827 0.01307006 0.02991940 0.02694246 0.16929750 0.00812345
22.90114506 4.54572253 0.00039046 0.00062225 0.00026273 0.00038334 0.41140147 0.03160405 0.30351833 0.01349124 0.03366159 0.02324431 0.16879636 0.01262387
23.00115006 4.54327552 0.00093668 0.00061284 0.00056293 0.00694903 0.41238762 0.02923075 0.30610687 0.01419221 0.03290421 0.01919888 0.16998846 0.00692952
23.10115506 4.53577662 0.00046560 0.00065742 0.00024761 0.00319916 0.40542680 0.02972144 0.30805603 0.01477016 0.03476739 0.02097227 0.17509237 0.00662376
23.20116006 4.52878769 0.00038585 0.00069490 0.00012849 0.00031219 0.41462867 0.02532468 0.30520320 0.01425341 0.03678543 0.01805554 0.17468780 0.00953985
23.30116506 4.52650011 0.00036331 0.00066549 0.00029310 0.00220963 0.41462528 0.02685507 0.30682198 0.01046754 0.03436694 0.01770980 0.17552030 0.01010155
23.40117006 4.51670249 0.00055835 0.00068371 0.00029687 0.00197794 0.41538780 0.02667815 0.31052643 0.01108084 0.03191641 0.01673522 0.17748564 0.00667263
23.50117506 4.51196519 0.00078318 0.00071668 0.00043131 0.00828393 0.41632840 0.02057845 0.30954905 0.01191960 0.03405857 0.01434727 0.17734730 0.00565626
23.60118006 4.49884724 0.00058669 0.00073144 0.00049065 0.00546030 0.41839587 0.02391553 0.31134557 0.00860718 0.03278476 0.01689123 0.17474236 0.00604842
23.70118506 4.49148207 0.00073261 0.00071743 0.00058895 0.00424352 0.41299930 0.02682364 0.30876095 0.01043744 0.03723620 0.01536774 0.17428613 0.00780609
23.80119006 4.48963483 0.00050206 0.00063748 0.00038227 0.00177475 0.41166043 0.02951987 0.31234183 0.01229927 0.03451673 0.01474945 0.17284353 0.00877234
23.90119506 4.48164128 0.00056719 0.00059151 0.00023594 0.00062488 0.41579700 0.02472221 0.31338223 0.01414576 0.03203076 0.01751539 0.17219850 0.00818863
24.00120006 4.47605340 0.00055688 0.00058481 0.00032628 0.00194868 0.41344758 0.02951238 0.31177142 0.01139777 0.02884561 0.02127765 0.17335058 0.00698036
24.10120506 4.47277087 0.00040597 0.00063976 0.00014794 0.00132757 0.41374377 0.02623310 0.31498751 0.01160595 0.03105818 0.01994582 0.17357078 0.00633364
24.20121006 4.46837773 0.00066415 0.00056893 0.00057397 0.00431828 0.41504262 0.02670774 0.31178314 0.00925907 0.02897432 0.02056152 0.17363098 0.00791528
24.30121506 4.46357627 0.00079029 0.00054209 0.00054207 0.00424409 0.41797478 0.02730188 0.30881768 0.01106395 0.02736271 0.02031275 0.17330273 0.00774497
24.40122006 4.45548824 0.00126228 0.00056955 0.00103267 0.00833826 0.41371582 0.03017573 0.30969459 0.01083301 0.02555923 0.01953041 0.17246081 0.00682764
24.50122506 4.44847003 0.00100168 0.00056951 0.00083251 0.00791621 0.40839065 0.03582749 0.30944438 0.01163497 0.02843463 0.01882911 0.17116082 0.00595803
24.60123006 4.44495820 0.00065841 0.00053880 0.00051495 0.00399289 0.40799679 0.03352832 0.31269093 0.01307806 0.02909738 0.01750295 0.16967610 0.01072443
24.70123506 4.43986051 0.00037443 0.00055712 0.00024634 0.00221294 0.41082187 0.03057171 0.31077772 0.01182498 0.03229235 0.01965894 0.16955095 0.01111066
24.80124006 4.43146128 0.00036523 0.00060723 0.00015819 0.00218805 0.40626636 0.03464485 0.31251352 0.01094020 0.03353028 0.01994302 0.17108261 0.00776047
24.90124506 4.42197789 0.00069379 0.00066113 0.00051262 0.00340460 0.40623695 0.02855807 0.31473270 0.01004388 0.03174254 0.02188955 0.17262668 0.00889748
25.00125006 4.41888490 0.00092740 0.00057801 0.00088826 0.00783756 0.41175466 0.02929235 0.30664748 0.01156051 0.03154358 0.01813076 0.17147626 0.00936314
25.10125506 4.41616011 0.00062100 0.00061481 0.00043107 0.00328519 0.41426454 0.03336765 0.31029895 0.01034920 0.03208630 0.01446211 0.17273540 0.00748378
25.20126006 4.40948369 0.00079604 0.00063198 0.00051859 0.00583071 0.40929170 0.03252011 0.30790446 0.01201834 0.03422701 0.01882296 0.16994484 0.00749326
25.30126506 4.40128189 0.00070818 0.00060622 0.00052296 0.00419803 0.41221299 0.03408831 0.31082167 0.00972266 0.03349477 0.01412904 0.17086436 0.00863081
25.40127006 4.39469972 0.00071638 0.00056893 0.00042946 0.00486664 0.41009919 0.03740879 0.31742102 0.00994144 0.02887566 0.01634749 0.16703521 0.00628980
25.50127506 4.38798086 0.00086915 0.00055204 0.00061994 0.00682152 0.40872508 0.03614718 0.31704328 0.01083818 0.02611773 0.01772098 0.16556188 0.00898305
25.60128006 4.38095320 0.00061241 0.00053789 0.00030933 0.00159236 0.41370328 0.03655403 0.31668607 0.01230808 0.02415086 0.01998944 0.16492191 0.00863435
25.70128506 4.37458843 0.00047470 0.00052910 0.00018939 0.00136029 0.41480778 0.03915727 0.31590241 0.01176719 0.02397447 0.01841397 0.16478624 0.00863718
