0.00000000 6.00000000 0.00000000 0.00000000 0.00000000 0.00000000 0.00000000 0.00000000 0.00000000 1.00000000 0.00000000 0.00000000 0.00000000 0.00000000
0.10000500 6.00198528 0.01687181 0.00072951 0.00467464 0.08412125 0.11649641 0.14957421 0.01428325 0.48752834 0.02774442 0.05922845 0.01274642 0.02600129
0.20001000 6.00165275 0.00668158 0.00088059 0.00401711 0.05498263 0.18342830 0.21639695 0.04905938 0.25486435 0.04824752 0.11517763 0.02238421 0.04387975
0.30001500 6.00020084 0.00339150 0.00064541 0.00190573 0.02847937 0.20429899 0.24307560 0.05958712 0.18139801 0.05088047 0.15273767 0.03058800 0.04301213
0.40002000 5.99880717 0.00325486 0.00074821 0.00162305 0.02625366 0.22323659 0.21906276 0.06650232 0.14163827 0.06281224 0.16735069 0.04470064 0.04281672
0.50002500 5.99785832 0.00275876 0.00074722 0.00126759 0.01601048 0.24002878 0.20263975 0.07394357 0.11670247 0.07169675 0.17480643 0.05358368 0.04581453
0.60003000 5.99474376 0.00300380 0.00069975 0.00154979 0.02470595 0.24535593 0.18622861 0.08679797 0.09978468 0.07915796 0.16771477 0.05998839 0.04501241
0.70003500 5.99102407 0.00351466 0.00062453 0.00192056 0.02320652 0.24634703 0.17638464 0.10490305 0.09910932 0.07356826 0.16181960 0.06655714 0.04204470
0.80004000 5.98559040 0.00347678 0.00062496 0.00206437 0.02886339 0.24646669 0.16647764 0.10776120 0.09335172 0.07382608 0.16510952 0.07132106 0.04065660
0.90004500 5.98423731 0.00252755 0.00064534 0.00157935 0.01751027 0.25018473 0.17960519 0.11858950 0.07512657 0.07247456 0.15960888 0.07610587 0.04604219
1.00005000 5.98005199 0.00201319 0.00064682 0.00116602 0.00746420 0.25714567 0.17847905 0.12221072 0.07103969 0.07378067 0.15552285 0.08221612 0.04831499
1.10005500 5.97646923 0.00232511 0.00069195 0.00149474 0.02071439 0.26285349 0.17788703 0.12778688 0.06131532 0.07606501 0.13969781 0.08860267 0.04056560
1.20006000 5.97273695 0.00222480 0.00068718 0.00128001 0.01406639 0.27242339 0.18642673 0.13117630 0.05807647 0.08089548 0.12130038 0.09081765 0.04062522
1.30006500 5.96846285 0.00219511 0.00061675 0.00108273 0.01668710 0.28741919 0.17983897 0.15009976 0.06155704 0.06999015 0.10650914 0.08787415 0.03612991
1.40007000 5.96414251 0.00270635 0.00070212 0.00172186 0.02565049 0.29645566 0.17243410 0.15296172 0.05917688 0.06888221 0.09301997 0.09099828 0.03529036
1.50007500 5.95914172 0.00234364 0.00071367 0.00156630 0.02260948 0.30570413 0.17048469 0.16388247 0.05105935 0.07127443 0.07791305 0.09442531 0.03802349
1.60008000 5.95630652 0.00196595 0.00069373 0.00116838 0.01461621 0.32189906 0.17076850 0.17564269 0.04721766 0.06629091 0.06995865 0.09547361 0.03430464
1.70008500 5.95303834 0.00225940 0.00068268 0.00155059 0.02185685 0.32324971 0.16317982 0.17550186 0.04320665 0.07120159 0.06920262 0.09336417 0.03474406
1.80009000 5.95032529 0.00223312 0.00062571 0.00147296 0.01955411 0.34072143 0.14846100 0.18130700 0.04017934 0.07126611 0.06845970 0.09407976 0.03163978
1.90009500 5.94803367 0.00150858 0.00059798 0.00091263 0.01186719 0.35191479 0.13713652 0.19071831 0.03737759 0.06962536 0.07130849 0.09514356 0.03188901
2.00010001 5.94348021 0.00168508 0.00062803 0.00097754 0.01201369 0.35941683 0.12682438 0.19741898 0.03531250 0.07293478 0.06586145 0.09760138 0.02932536
2.10010501 5.93806969 0.00115554 0.00063321 0.00081442 0.00823178 0.36021265 0.12775173 0.19550121 0.03000709 0.07732840 0.06132352 0.10432453 0.03271591
2.20011001 5.93125382 0.00154062 0.00061638 0.00094340 0.01041145 0.35523954 0.12985604 0.19540207 0.03316774 0.07670923 0.05940587 0.10803279 0.02867487
2.30011501 5.92624710 0.00110814 0.00064225 0.00059408 0.00610860 0.36217960 0.13117397 0.20148043 0.02711730 0.07634890 0.05568868 0.11134882 0.02620925
2.40012001 5.92335716 0.00111959 0.00057921 0.00059539 0.00505048 0.36688896 0.12679421 0.20511494 0.03047493 0.06709555 0.05417892 0.11632134 0.02578648
2.50012501 5.92016710 0.00128171 0.00063606 0.00066910 0.00736160 0.35987498 0.12966929 0.21492186 0.03180704 0.06071525 0.04503158 0.12385185 0.02417969
2.60013001 5.91732034 0.00133432 0.00063049 0.00069604 0.01083421 0.36467635 0.11387861 0.22423401 0.03181373 0.06298025 0.04315224 0.12347891 0.02229084
2.70013501 5.90714894 0.00114919 0.00059324 0.00067767 0.01145678 0.36525212 0.11900017 0.23048359 0.02848947 0.05673414 0.04217546 0.12293690 0.02105126
2.80014001 5.89473228 0.00145287 0.00066139 0.00095416 0.01227468 0.36821507 0.11364566 0.22504541 0.02733955 0.05820249 0.04078826 0.12787564 0.02354482
2.90014501 5.89209315 0.00143587 0.00059549 0.00104311 0.01269198 0.36799394 0.10877147 0.23031015 0.02741867 0.05999106 0.04034679 0.12510936 0.02429211
3.00015001 5.88923486 0.00097357 0.00055069 0.00060176 0.01006655 0.36811258 0.10859467 0.22826325 0.02503067 0.06444203 0.04398750 0.12463145 0.02474528
3.10015501 5.88715135 0.00136297 0.00054345 0.00081461 0.00982419 0.37331671 0.09818954 0.23267692 0.03152377 0.05841386 0.04295653 0.12704906 0.02332839
3.20016001 5.88180498 0.00133919 0.00053991 0.00087351 0.01252836 0.37665271 0.10076671 0.23671723 0.02623769 0.05306059 0.04287082 0.12702956 0.02138373
3.30016501 5.87830287 0.00087760 0.00053017 0.00039790 0.00390751 0.38658744 0.10078223 0.23582337 0.02513563 0.04841583 0.04746862 0.13064320 0.01943051
3.40017001 5.87370547 0.00110794 0.00050155 0.00074321 0.01151620 0.38459508 0.10152604 0.23748792 0.02028917 0.04907584 0.04658182 0.12833962 0.01823563
3.50017501 5.87164386 0.00128840 0.00047042 0.00088400 0.00839873 0.38294217 0.10141898 0.23573252 0.02636211 0.04573502 0.04460670 0.13111988 0.02104108
3.60018001 5.86744133 0.00083420 0.00043428 0.00058477 0.00611200 0.38023607 0.10206935 0.24890832 0.02324297 0.04033924 0.04029522 0.13208210 0.02486149
3.70018501 5.85871483 0.00120194 0.00046150 0.00094144 0.01185822 0.37707709 0.09457730 0.24763858 0.02204857 0.03946198 0.04631459 0.13336085 0.02505794
3.80019001 5.85231526 0.00125854 0.00056369 0.00091352 0.01114730 0.37837759 0.08880786 0.24957266 0.02233150 0.04137414 0.04666548 0.13611192 0.02287581
3.90019501 5.84826114 0.00122466 0.00045858 0.00082316 0.01167135 0.38072359 0.08756463 0.25618551 0.02344553 0.03582737 0.04556991 0.13680495 0.01970077
4.00020001 5.84636808 0.00114545 0.00051977 0.00079594 0.01034023 0.37927708 0.08286611 0.25745102 0.02068937 0.04094081 0.04280157 0.14381132 0.01936133
4.10020501 5.84492418 0.00064232 0.00055046 0.00041236 0.00403355 0.38568409 0.07622459 0.25615316 0.01723295 0.04477653 0.04643958 0.14683578 0.02101463
4.20021001 5.83825587 0.00082344 0.00049900 0.00035505 0.00368324 0.38586795 0.07264782 0.26259230 0.02450518 0.03779354 0.04875287 0.14724721 0.01523241
4.30021501 5.83580418 0.00071266 0.00045982 0.00035450 0.00363432 0.38589074 0.07734088 0.26357540 0.02148206 0.03410772 0.04581994 0.14996631 0.01665564
4.40022001 5.82999488 0.00078759 0.00045357 0.00041152 0.00791142 0.38566011 0.07234887 0.27602609 0.02116408 0.03065401 0.04178603 0.14720623 0.01559050
4.50022501 5.82710805 0.00101278 0.00040237 0.00053174 0.00671293 0.38704697 0.07287438 0.27859199 0.02432216 0.02871286 0.03714488 0.14724580 0.01540113
4.60023001 5.82535354 0.00088979 0.00040902 0.00041946 0.00593078 0.39324266 0.06568042 0.28092365 0.02681419 0.02348078 0.03405583 0.15194389 0.01620953
4.70023501 5.81930269 0.00110246 0.00039592 0.00066268 0.00714153 0.39258886 0.06472581 0.27836157 0.02647080 0.02196529 0.03662964 0.15268836 0.01726708
4.80024001 5.81650876 0.00109341 0.00037322 0.00058052 0.00660771 0.39427606 0.06110324 0.27959917 0.02727778 0.02179784 0.03843001 0.15395370 0.01490732
4.90024501 5.81389109 0.00082591 0.00041640 0.00034265 0.00367951 0.39715258 0.06388576 0.28169539 0.02556561 0.01811940 0.03406780 0.16061622 0.01363275
5.00025001 5.80995459 0.00059788 0.00043182 0.00022340 0.00174105 0.40018393 0.06314444 0.28271658 0.02135065 0.02011058 0.03674220 0.16055709 0.01220037
5.10025501 5.80529810 0.00075896 0.00040600 0.00022845 0.00227094 0.39839914 0.06039009 0.28192127 0.02613397 0.02177225 0.03519674 0.16150134 0.01102086
5.20026001 5.80433538 0.00083278 0.00041919 0.00031334 0.00609269 0.39688288 0.05879504 0.28146579 0.02426099 0.02388717 0.03361179 0.16334497 0.01009336
5.30026501 5.79744124 0.00070032 0.00045761 0.00036520 0.00350075 0.39942144 0.05762815 0.28195158 0.02169543 0.02498638 0.03078818 0.16518299 0.01332198
5.40027001 5.79032699 0.00074347 0.00044937 0.00036359 0.00356457 0.39936016 0.05421570 0.27908334 0.02108828 0.02615126 0.03494388 0.16695587 0.01308051
5.50027501 5.78043580 0.00089347 0.00049443 0.00061200 0.00872129 0.40154638 0.05678827 0.28162856 0.01221034 0.02800452 0.03015496 0.16832612 0.01061967
5.60028001 5.77661670 0.00081513 0.00054236 0.00050400 0.00662241 0.39767936 0.05660632 0.27474550 0.01335827 0.02960542 0.02932715 0.17742737 0.01276671
5.70028501 5.77482120 0.00067444 0.00048700 0.00028414 0.00446899 0.40135995 0.05952769 0.27471168 0.01506634 0.03031945 0.02505497 0.17512192 0.01292343
5.80029001 5.77049809 0.00071656 0.00056207 0.00047359 0.00494117 0.40144865 0.05401026 0.27148908 0.01482139 0.03902495 0.02664188 0.17347525 0.01239513
5.90029501 5.76716348 0.00052155 0.00047532 0.00040105 0.00533180 0.40798376 0.05327735 0.27740637 0.01034361 0.03542929 0.02324111 0.17270526 0.01288353
6.00030002 5.76284976 0.00057361 0.00044129 0.00043606 0.00770047 0.40620679 0.05406051 0.27733879 0.00807491 0.03253492 0.02834659 0.17347821 0.01080784
6.10030502 5.76169745 0.00041427 0.00046686 0.00011491 0.00231962 0.41130833 0.04786339 0.27929121 0.01336111 0.03619207 0.02553566 0.17274154 0.01039104
6.20031002 5.75921464 0.00064667 0.00047923 0.00038166 0.00539748 0.41056522 0.04716485 0.27992410 0.01189930 0.03660942 0.02305436 0.17442202 0.00945568
6.30031502 5.74963603 0.00060049 0.00046575 0.00035079 0.00402620 0.40270727 0.04956321 0.28374390 0.01358849 0.03204776 0.02251536 0.17503533 0.01535546
6.40032002 5.74551033 0.00095574 0.00042554 0.00077604 0.01211367 0.40447722 0.04266860 0.28726597 0.01242296 0.03005042 0.02496606 0.17178085 0.01209693
6.50032502 5.74286154 0.00047469 0.00047669 0.00022085 0.00189461 0.40188108 0.05072814 0.28700132 0.01428016 0.03217544 0.02455784 0.17646547 0.00984371
6.60033002 5.73834471 0.00061508 0.00045061 0.00041063 0.00728780 0.40193395 0.04725320 0.28626370 0.01356548 0.03062627 0.02490055 0.17672547 0.00996726
6.70033502 5.73509543 0.00058521 0.00046398 0.00032509 0.00593701 0.40293664 0.04389082 0.28768042 0.01431009 0.02884129 0.02356758 0.18207767 0.00938420
6.80034002 5.72734569 0.00057706 0.00043836 0.00034433 0.00554711 0.40708004 0.04749461 0.28558996 0.01397092 0.02693736 0.02450925 0.17795428 0.00955672
6.90034502 5.71638823 0.00050699 0.00047920 0.00031897 0.00583644 0.40480490 0.04841878 0.28610528 0.01109305 0.02866765 0.02533307 0.17794298 0.01049270
7.00035002 5.71220216 0.00046445 0.00045520 0.00023202 0.00378884 0.40482021 0.04708466 0.28947149 0.01218558 0.02505347 0.02913906 0.17619962 0.01110540
7.10035502 5.70772776 0.00061543 0.00043451 0.00035226 0.00605003 0.40214937 0.04980080 0.28168213 0.01681342 0.02773275 0.02745159 0.17400125 0.01291648
7.20036002 5.70434462 0.00055035 0.00040902 0.00017296 0.00044755 0.40399962 0.04980383 0.28354962 0.01880534 0.02732726 0.02969344 0.17271449 0.01252653
7.30036502 5.70167239 0.00038093 0.00042856 0.00012804 0.00031834 0.40613356 0.04979963 0.28221726 0.01384175 0.02708956 0.03299275 0.17613107 0.01053856
7.40037002 5.69746993 0.00040000 0.00044695 0.00024388 0.00205828 0.40500424 0.04786782 0.28191140 0.01319254 0.02888257 0.03234092 0.17575484 0.01189655
7.50037502 5.69420918 0.00035495 0.00045859 0.00016164 0.00232224 0.40383514 0.05028892 0.28416751 0.01367634 0.02703603 0.03053009 0.17650273 0.01066582
7.60038002 5.69021472 0.00052534 0.00044090 0.00034651 0.00374653 0.40525333 0.04774329 0.28562779 0.01382285 0.02685143 0.02603509 0.17782655 0.01178039
7.70038502 5.68590396 0.00054328 0.00042038 0.00036097 0.00366219 0.40708520 0.05208040 0.28319871 0.01153176 0.02891535 0.02467254 0.17638036 0.01114886
7.80039002 5.68157222 0.00045589 0.00043836 0.00025247 0.00398568 0.40688708 0.05412189 0.28357850 0.01038455 0.03068878 0.02228690 0.17640729 0.01051262
7.90039502 5.67925358 0.00058547 0.00043297 0.00033458 0.00331252 0.40813517 0.05510810 0.28022303 0.01138440 0.03182998 0.01678485 0.17937885 0.01249010
8.00040002 5.67315195 0.00074085 0.00045716 0.00052632 0.00719401 0.40665097 0.04836642 0.28629546 0.00927345 0.03480513 0.01838112 0.17779128 0.00951784
8.10040502 5.66685675 0.00060246 0.00045884 0.00044145 0.00387227 0.40365273 0.04773559 0.28618137 0.01449173 0.03103142 0.01615546 0.18067564 0.01470106
8.20041002 5.66118572 0.00062589 0.00049485 0.00032020 0.00342203 0.40680898 0.04238356 0.28629988 0.01692060 0.02823544 0.01895020 0.18416085 0.01137753
8.30041502 5.65203224 0.00069057 0.00051096 0.00048356 0.00556285 0.40344304 0.04300794 0.28619254 0.01432306 0.03481035 0.02228218 0.17704311 0.01164983
8.40042002 5.64931434 0.00046673 0.00047069 0.00032912 0.00388031 0.40710746 0.04766287 0.29019946 0.00851778 0.03607913 0.02039383 0.17414327 0.01074936
8.50042502 5.64602108 0.00039213 0.00042256 0.00030396 0.00380392 0.40741555 0.05033310 0.29247402 0.00761257 0.03333629 0.01958142 0.17235157 0.01197290
8.60043002 5.64159522 0.00032806 0.00050374 0.00020010 0.00182263 0.41167136 0.04458298 0.29434152 0.00708589 0.03865954 0.01842567 0.17282383 0.00955467
8.70043502 5.63787578 0.00039073 0.00047279 0.00027209 0.00380473 0.41736296 0.04175857 0.29330056 0.00664443 0.03787135 0.01957243 0.17099235 0.00755701
8.80044002 5.63473176 0.00050687 0.00045457 0.00026767 0.00323695 0.41383397 0.03766873 0.30087514 0.01088273 0.03240519 0.01906462 0.17443114 0.00637241
8.90044502 5.63346075 0.00044926 0.00045025 0.00034952 0.00315550 0.41176611 0.03774670 0.29913950 0.01011399 0.03655383 0.01612482 0.17409031 0.01006022
9.00045002 5.63012933 0.00039495 0.00042035 0.00029775 0.00375953 0.41439500 0.03803566 0.29627924 0.00950149 0.03584421 0.01602866 0.17306120 0.01198196
9.10045502 5.62579612 0.00054942 0.00042568 0.00047724 0.00902671 0.41535000 0.03989818 0.29482307 0.00829890 0.03088513 0.01482106 0.17451613 0.01092851
9.20046002 5.62165427 0.00070363 0.00043523 0.00061240 0.00824660 0.41826372 0.03674567 0.29657287 0.00873768 0.03091846 0.01498621 0.17180972 0.01196780
9.30046502 5.61524239 0.00047189 0.00043934 0.00044312 0.00429879 0.42390039 0.03418314 0.30208833 0.00883693 0.02704459 0.01363822 0.17252735 0.01212792
9.40047002 5.61048659 0.00045300 0.00044157 0.00035270 0.00538686 0.43087418 0.03072969 0.29998798 0.00934880 0.02430921 0.01498695 0.17238706 0.01074199
9.50047502 5.60338251 0.00062498 0.00041820 0.00045786 0.00537150 0.42991559 0.02681542 0.30211157 0.01327160 0.02368802 0.01435263 0.17186661 0.01110600
9.60048002 5.59742890 0.00064896 0.00043350 0.00054489 0.00859462 0.42474136 0.03404718 0.30275862 0.01118312 0.02580236 0.00850188 0.17226415 0.01047935
9.70048502 5.59264340 0.00052815 0.00040875 0.00047748 0.00521458 0.42515118 0.03377539 0.29999652 0.00959433 0.02505493 0.01760555 0.17138862 0.01080452
9.80049002 5.58775248 0.00056339 0.00042872 0.00040829 0.00714873 0.42053206 0.03721972 0.30143092 0.00963742 0.02638296 0.01512278 0.17322534 0.00789967
9.90049502 5.58569161 0.00040437 0.00042576 0.00016472 0.00187170 0.42633707 0.03409749 0.30602038 0.01353138 0.02672673 0.01414007 0.17049007 0.00579026
10.00050003 5.58024240 0.00062319 0.00039780 0.00041933 0.00846746 0.42649498 0.03250190 0.30775161 0.01032258 0.02520502 0.01569350 0.16615059 0.00597204
10.10050503 5.57794649 0.00028516 0.00043357 0.00011756 0.00150350 0.43421813 0.02807374 0.31418177 0.01028723 0.02387689 0.01431246 0.16728964 0.00542035
10.20051003 5.57553554 0.00024118 0.00041033 0.00012582 0.00160929 0.43257977 0.02474941 0.31455822 0.00711129 0.02744798 0.01887019 0.16700370 0.00529282
10.30051503 5.56381100 0.00044748 0.00041839 0.00032939 0.00691239 0.43439869 0.02365854 0.31161994 0.00738776 0.02350813 0.02052638 0.16605485 0.00473806
10.40052003 5.55258063 0.00030532 0.00048256 0.00026823 0.00379106 0.43422402 0.02401975 0.30880235 0.00567733 0.02299231 0.01959780 0.17349876 0.00634051
10.50052503 5.55085618 0.00026447 0.00044097 0.00017774 0.00153807 0.43566489 0.02083543 0.31080846 0.00725704 0.02557589 0.02001137 0.17150979 0.00591587
10.60053003 5.54429098 0.00031639 0.00044772 0.00017609 0.00392515 0.44093560 0.02332114 0.30631392 0.00696235 0.02793938 0.01702224 0.16836338 0.00427663
10.70053503 5.54365714 0.00036067 0.00040601 0.00022232 0.00160188 0.44687505 0.02068037 0.31020677 0.00741254 0.02406551 0.01588107 0.16644666 0.00584115
10.80054003 5.53883367 0.00036023 0.00041774 0.00013216 0.00211942 0.45030389 0.01728879 0.30850022 0.01087798 0.01834578 0.01844804 0.16843237 0.00477339
10.90054503 5.53852583 0.00028530 0.00036883 0.00007174 0.00214934 0.45180602 0.02076678 0.30714421 0.01021210 0.01839243 0.01705030 0.16828852 0.00346445
11.00055003 5.53797752 0.00031317 0.00034528 0.00012765 0.00174605 0.45242529 0.02301161 0.30614243 0.00949143 0.01680857 0.01731687 0.16827843 0.00399322
11.10055503 5.53326275 0.00028955 0.00033427 0.00005313 0.00029415 0.45233399 0.02025881 0.30797619 0.01149935 0.01670586 0.01971679 0.16664968 0.00388823
11.20056003 5.53226364 0.00038705 0.00035735 0.00030393 0.00356258 0.45193484 0.01710502 0.30692441 0.00783067 0.01700422 0.01952173 0.16977918 0.00528902
11.30056503 5.52691031 0.00034116 0.00039633 0.00029152 0.00344798 0.45502280 0.01705176 0.30536160 0.00676732 0.01878822 0.01891326 0.16843105 0.00518701
11.40057003 5.52329769 0.00034436 0.00040883 0.00021258 0.00299263 0.45485293 0.01796402 0.30970205 0.00783447 0.02250574 0.01381726 0.16653045 0.00283468
11.50057503 5.51535554 0.00047243 0.00040787 0.00037825 0.00576697 0.45409314 0.01848171 0.30864150 0.00665011 0.02376033 0.01119973 0.16509716 0.00505080
11.60058003 5.51327504 0.00018479 0.00036387 0.00009355 0.00021752 0.45565907 0.01879188 0.31282740 0.00636241 0.01997852 0.01507859 0.16517114 0.00527127
11.70058503 5.50864331 0.00054657 0.00033255 0.00039617 0.00666281 0.45177781 0.01754334 0.31654295 0.00840585 0.01769395 0.01173090 0.16365274 0.00471437
11.80059003 5.50399809 0.00015391 0.00036056 0.00011221 0.00011904 0.45094434 0.01975411 0.31771172 0.00630543 0.02123023 0.01389656 0.16375316 0.00565874
11.90059503 5.50030006 0.00023574 0.00037253 0.00015838 0.00152125 0.44927372 0.01810012 0.31665357 0.00974632 0.02062293 0.01318858 0.16507724 0.00504961
12.00060003 5.49589770 0.00024142 0.00036862 0.00006348 0.00023198 0.44849051 0.01843134 0.31491199 0.00913818 0.02190549 0.02053255 0.16232339 0.00336104
12.10060503 5.49214335 0.00034226 0.00032801 0.00016731 0.00377029 0.44776079 0.01885953 0.31576013 0.01032379 0.01805564 0.02078459 0.16009543 0.00375223
12.20061003 5.48878995 0.00028388 0.00031524 0.00012952 0.00546974 0.44815186 0.01770137 0.31732839 0.00947779 0.01758739 0.01902603 0.16061712 0.00391168
12.30061503 5.48120067 0.00045816 0.00035976 0.00023810 0.00327517 0.44021738 0.02176673 0.31357926 0.01254491 0.01962047 0.02193147 0.16222313 0.00378545
12.40062003 5.47836180 0.00035478 0.00034748 0.00009515 0.00024065 0.44108400 0.02148552 0.31382064 0.01537132 0.01802473 0.02039428 0.16272315 0.00605830
12.50062503 5.47669508 0.00035516 0.00037078 0.00017324 0.00153872 0.44048361 0.02025513 0.31295827 0.01125810 0.02325559 0.02196326 0.16293176 0.00445639
12.60063003 5.47031030 0.00032113 0.00034906 0.00017846 0.00338084 0.43821774 0.02028896 0.31643812 0.00962909 0.02059464 0.02159290 0.16440044 0.00460862
12.70063503 5.46744431 0.00025357 0.00038939 0.00012463 0.00167084 0.43797037 0.02011886 0.31557091 0.00835206 0.02423874 0.02282744 0.16383059 0.00465259
12.80064003 5.46393722 0.00062911 0.00035668 0.00042671 0.00630364 0.43087581 0.02295847 0.31520314 0.01147082 0.01959140 0.02176268 0.16597297 0.00444858
12.90064503 5.45690032 0.00037606 0.00037120 0.00028761 0.00543770 0.42514284 0.02794407 0.31398730 0.00794395 0.02052248 0.02592392 0.16597618 0.00608670
13.00065003 5.45316684 0.00043649 0.00038131 0.00028206 0.00348549 0.42699642 0.02645463 0.31250029 0.00959859 0.01841894 0.02678196 0.16770304 0.00696078
13.10065503 5.44990060 0.00039447 0.00035552 0.00025212 0.00349372 0.42815971 0.03132617 0.31118602 0.00949580 0.01722499 0.02353126 0.16707376 0.00750646
13.20066003 5.44410541 0.00058699 0.00037328 0.00037608 0.00526859 0.42552759 0.03085817 0.30954852 0.01253767 0.01945112 0.02257676 0.16509948 0.00779573
13.30066503 5.43938719 0.00038389 0.00037245 0.00028954 0.00157545 0.42497885 0.03252991 0.30746526 0.01185169 0.01921304 0.02274074 0.16797040 0.01062878
13.40067003 5.43458524 0.00033986 0.00045926 0.00023736 0.00181740 0.41651844 0.02961293 0.30923862 0.01228438 0.02796010 0.02438446 0.16782358 0.00932362
13.50067503 5.43206552 0.00043666 0.00037366 0.00030000 0.00164769 0.41653583 0.02980079 0.30757073 0.01130737 0.02345893 0.03017060 0.16806085 0.01033689
13.60068003 5.42840589 0.00035194 0.00041583 0.00011454 0.00028990 0.42156563 0.03139654 0.30593900 0.01191435 0.02707607 0.02688180 0.16700347 0.00705094
13.70068503 5.42485318 0.00044108 0.00040799 0.00027295 0.00340528 0.42095089 0.03020712 0.30524751 0.01043036 0.02540320 0.02527326 0.16999041 0.00796994
13.80069003 5.42022804 0.00032487 0.00045039 0.00023635 0.00189965 0.42600424 0.02836116 0.30433561 0.00840284 0.02820775 0.02319015 0.16900201 0.00958499
13.90069503 5.41851346 0.00043587 0.00043311 0.00034178 0.00349219 0.42641177 0.02853874 0.30274609 0.00916424 0.02628124 0.02096433 0.17212779 0.00906285
14.00070004 5.41152535 0.00041944 0.00040501 0.00018132 0.00443467 0.42388972 0.02494996 0.30186092 0.01421190 0.02406743 0.02766916 0.16977692 0.00813355
14.10070504 5.40618585 0.00073682 0.00042228 0.00055137 0.00911011 0.42341334 0.02603536 0.30120162 0.01267006 0.02423514 0.02428772 0.16872763 0.00860856
14.20071004 5.40068165 0.00048159 0.00042358 0.00043102 0.00612393 0.42895924 0.02857902 0.30886488 0.00798732 0.01933842 0.02232956 0.16641388 0.01006756
14.30071504 5.39791493 0.00068463 0.00036947 0.00060483 0.00682868 0.42261867 0.03605411 0.30825942 0.00798021 0.01824866 0.02297751 0.16650379 0.00887002
14.40072004 5.39502915 0.00058348 0.00037200 0.00048249 0.00644770 0.41876673 0.04090414 0.31117146 0.00795383 0.01832316 0.02049970 0.16736665 0.00712867
14.50072504 5.39046092 0.00050177 0.00037153 0.00040583 0.00702191 0.41565004 0.03519957 0.31829003 0.00917174 0.01499176 0.01957036 0.17069663 0.00812882
14.60073004 5.38643659 0.00062577 0.00040538 0.00036648 0.00545298 0.41003766 0.03740096 0.31694916 0.01209027 0.01659814 0.01780596 0.17600966 0.00625757
14.70073504 5.37900486 0.00040217 0.00041717 0.00024299 0.00312452 0.41481818 0.03441126 0.31573660 0.00790162 0.01918873 0.02320675 0.17383931 0.00671069
14.80074004 5.37924279 0.00064346 0.00037078 0.00051764 0.00624862 0.41890598 0.03130291 0.31700628 0.00778669 0.01544072 0.01867268 0.17427625 0.00882800
14.90074504 5.37489674 0.00054888 0.00039019 0.00051907 0.00473520 0.41608910 0.02763209 0.31935204 0.00844737 0.01871651 0.01844080 0.17145215 0.01367659
15.00075004 5.36841168 0.00039047 0.00040514 0.00037164 0.00373946 0.41924441 0.02672547 0.31569585 0.00664642 0.02183368 0.02139603 0.17282092 0.01073050
15.10075504 5.36438425 0.00027943 0.00041071 0.00027902 0.00153311 0.42352473 0.03134923 0.31065965 0.00537350 0.02473129 0.01997954 0.17267362 0.00920617
15.20076004 5.35957418 0.00057274 0.00035327 0.00048018 0.00498487 0.42172267 0.03083276 0.31066847 0.00949287 0.02207277 0.01750933 0.17118282 0.01012725
15.30076504 5.35747661 0.00043473 0.00035361 0.00034386 0.00339152 0.42106270 0.03300437 0.31256267 0.00907831 0.02044649 0.01588691 0.17357451 0.00986030
15.40077004 5.34977084 0.00040183 0.00040566 0.00034633 0.00504760 0.42079087 0.03763183 0.30429861 0.00765373 0.02246161 0.01687684 0.17404326 0.01004184
15.50077504 5.34360847 0.00076535 0.00042537 0.00063585 0.01022202 0.41790138 0.03495247 0.30589880 0.00869309 0.02432108 0.01449081 0.17345338 0.00824040
15.60078004 5.33970477 0.00059286 0.00041622 0.00042696 0.00771380 0.42740963 0.02824627 0.30655472 0.01210575 0.02408082 0.01522310 0.17153861 0.00569127
15.70078504 5.33035334 0.00040245 0.00048061 0.00012894 0.00210668 0.42535002 0.02875445 0.31185920 0.01228970 0.02742211 0.01397005 0.17288807 0.00434773
15.80079004 5.32611244 0.00052124 0.00044033 0.00023742 0.00344086 0.42981759 0.02846480 0.30772541 0.01378563 0.02381400 0.01146800 0.17620266 0.00408205
15.90079504 5.32370047 0.00044341 0.00043584 0.00019841 0.00199560 0.42455099 0.02617710 0.30797850 0.01325955 0.02636481 0.01190421 0.18066986 0.00602173
16.00080004 5.32019487 0.00036594 0.00049802 0.00030487 0.00505611 0.43432471 0.01904662 0.31431526 0.00603043 0.02659518 0.00761805 0.18026683 0.00557796
16.10080504 5.31401496 0.00025008 0.00047690 0.00026005 0.00153410 0.43203409 0.01794753 0.31798354 0.00521708 0.02730410 0.00974105 0.18020136 0.00705011
16.20081004 5.31140653 0.00045217 0.00044390 0.00044004 0.01066587 0.43181014 0.01568125 0.31293093 0.00430104 0.02583224 0.01115545 0.17898278 0.00730419
16.30081504 5.30214589 0.00047988 0.00048719 0.00046874 0.00702369 0.42974926 0.02177693 0.30897842 0.00361823 0.02723031 0.01565747 0.17955482 0.00497505
16.40082004 5.30004712 0.00024190 0.00046113 0.00021902 0.00185721 0.42615296 0.02171099 0.31377978 0.00411548 0.03058909 0.01500271 0.17901705 0.00685270
16.50082504 5.29708866 0.00023609 0.00046674 0.00016380 0.00177504 0.42589405 0.02203629 0.31564735 0.00413073 0.03211782 0.01332356 0.17987404 0.00433450
16.60083004 5.29488891 0.00036205 0.00043971 0.00028250 0.00511058 0.42824088 0.02206693 0.31161053 0.00431858 0.03413595 0.01169340 0.17757293 0.00416595
16.70083504 5.28677323 0.00019630 0.00044512 0.00011937 0.00219075 0.41899293 0.02880956 0.31474783 0.00567480 0.03175514 0.01088505 0.18005898 0.00612418
16.80084004 5.28272479 0.00027081 0.00045675 0.00024618 0.00314096 0.42363216 0.02266826 0.31661768 0.00335279 0.03181067 0.01013627 0.18148274 0.00618474
16.90084504 5.27997565 0.00031004 0.00042807 0.00027086 0.00308694 0.42462856 0.02528238 0.31785579 0.00326288 0.02869762 0.00827559 0.18238995 0.00551131
17.00085004 5.27649991 0.00025280 0.00043906 0.00025052 0.00287826 0.42472239 0.02216776 0.31768131 0.00359842 0.02727683 0.01208810 0.18188041 0.00676414
17.10085504 5.26877024 0.00031998 0.00045967 0.00025564 0.00327651 0.42614740 0.02088294 0.31648694 0.00477109 0.02423402 0.01239684 0.18467198 0.00609700
17.20086004 5.26608925 0.00023812 0.00046422 0.00016458 0.00186299 0.42568648 0.02493625 0.31669928 0.00345207 0.03035096 0.01353371 0.17879905 0.00381229
17.30086504 5.25997890 0.00021425 0.00045381 0.00013082 0.00186407 0.42367527 0.02089755 0.32289090 0.00389581 0.02937963 0.01276104 0.17960039 0.00423646
17.40087004 5.25521212 0.00012053 0.00045773 0.00003747 0.00007444 0.42756276 0.02016436 0.31805006 0.00425402 0.02826920 0.01550138 0.18166025 0.00384779
17.50087504 5.24949881 0.00042210 0.00040757 0.00035267 0.00464503 0.43317061 0.01572725 0.31924104 0.00471335 0.01826051 0.02047594 0.17892028 0.00366366
17.60088004 5.24513641 0.00038247 0.00039116 0.00027951 0.00352647 0.43148066 0.01364550 0.31633408 0.00846830 0.01924801 0.02437299 0.17454610 0.00732476
17.70088504 5.23970960 0.00049844 0.00038556 0.00025657 0.00322758 0.42801578 0.01673505 0.31749992 0.01237337 0.02201992 0.02156936 0.17207883 0.00533962
17.80089004 5.23842422 0.00034492 0.00039867 0.00013877 0.00181895 0.43199612 0.01547614 0.31984975 0.01158672 0.02382091 0.01906052 0.17193455 0.00357398
17.90089504 5.23599824 0.00028747 0.00034995 0.00010945 0.00203327 0.43231648 0.02073756 0.31819069 0.00955122 0.02474394 0.01581028 0.17239893 0.00347075
18.00090005 5.23007774 0.00046046 0.00037090 0.00024117 0.00568469 0.43041993 0.01566290 0.32349029 0.01089719 0.02553464 0.01209427 0.17218424 0.00295931
18.10090505 5.22688161 0.00057182 0.00036372 0.00049778 0.00888465 0.42492703 0.01539800 0.32096987 0.00737138 0.02527168 0.01822005 0.17246770 0.00505632
18.20091005 5.22430817 0.00033229 0.00036442 0.00031759 0.00338904 0.42057136 0.01723437 0.32497167 0.00672434 0.02493694 0.02058246 0.17315562 0.00741991
18.30091505 5.22176747 0.00025423 0.00037317 0.00010323 0.00025068 0.42118796 0.01787047 0.32649001 0.01003531 0.02294643 0.01996317 0.17500242 0.00552291
18.40092005 5.21822050 0.00028564 0.00035974 0.00027018 0.00150979 0.42099812 0.01600948 0.32388454 0.00761948 0.02133621 0.02689059 0.17342139 0.00741485
18.50092505 5.21588834 0.00045458 0.00042304 0.00024576 0.00317347 0.42723062 0.01680436 0.32460534 0.00944651 0.02544568 0.01455072 0.17429533 0.00332461
18.60093005 5.21355063 0.00040122 0.00040121 0.00032085 0.00380141 0.42833457 0.01285587 0.32795234 0.00969514 0.02164668 0.01250659 0.17566520 0.00641891
18.70093505 5.20703610 0.00021222 0.00040333 0.00009359 0.00210945 0.42962320 0.01528386 0.32632480 0.00967713 0.02188537 0.01280963 0.17576329 0.00581413
18.80094005 5.20216697 0.00036630 0.00041682 0.00016059 0.00199989 0.42930969 0.01608209 0.32267927 0.00965184 0.02610406 0.01537340 0.17549015 0.00236589
18.90094505 5.19780217 0.00026154 0.00042173 0.00022843 0.00477566 0.43103859 0.02246201 0.32113201 0.00336964 0.02324292 0.01019185 0.18016476 0.00271087
19.00095005 5.19391268 0.00034804 0.00036475 0.00028239 0.00520868 0.43201429 0.02385995 0.32092130 0.00311263 0.02482930 0.01004874 0.17587035 0.00313957
19.10095505 5.18790683 0.00037624 0.00039028 0.00026920 0.00290285 0.43491528 0.02189902 0.32031386 0.00578416 0.02296114 0.00933055 0.17541943 0.00543799
19.20096005 5.18141490 0.00035721 0.00035716 0.00022093 0.00573160 0.43299505 0.02390292 0.32085824 0.00544296 0.02121479 0.01264663 0.17257476 0.00369775
19.30096505 5.18143625 0.00029141 0.00038181 0.00014084 0.00178743 0.43473197 0.02604462 0.32306388 0.00568858 0.02131158 0.01029162 0.17251077 0.00375551
19.40097005 5.17962961 0.00014921 0.00038132 0.00008537 0.00209297 0.43335846 0.02340265 0.32241600 0.00437783 0.02357371 0.01172225 0.17227050 0.00616972
19.50097505 5.17616774 0.00032015 0.00041708 0.00019931 0.00350512 0.43284046 0.02488003 0.31982460 0.00633890 0.02216734 0.01040136 0.17475052 0.00435514
19.60098005 5.17193012 0.00035303 0.00040012 0.00022323 0.00312270 0.42973824 0.02779832 0.32134351 0.00585516 0.02546139 0.00805236 0.17305673 0.00459521
19.70098505 5.17093618 0.00023885 0.00040149 0.00012895 0.00170872 0.43055681 0.02698236 0.32063016 0.00411494 0.02314075 0.00807954 0.17927079 0.00474664
19.80099005 5.16937478 0.00026620 0.00036775 0.00015633 0.00372485 0.42979125 0.02490313 0.32200292 0.00414376 0.02239075 0.00797596 0.17744734 0.00682978
19.90099505 5.16494978 0.00035382 0.00036810 0.00022828 0.00340074 0.43145543 0.02449137 0.31860047 0.00429787 0.02283739 0.01242238 0.17473861 0.00680553
20.00100005 5.16200139 0.00013551 0.00036816 0.00008147 0.00010749 0.43193059 0.02438590 0.32118021 0.00378089 0.02470005 0.01562967 0.17182099 0.00587906
20.10100505 5.15814000 0.00036572 0.00034738 0.00031239 0.00477538 0.43025856 0.02511711 0.31839650 0.00444513 0.02274014 0.01716971 0.17025742 0.00581455
20.20101005 5.15310424 0.00038387 0.00034891 0.00033608 0.00645500 0.43108235 0.02333505 0.31933672 0.00433175 0.02078011 0.01950236 0.16845191 0.00565589
20.30101505 5.14583984 0.00036900 0.00035460 0.00029831 0.00347739 0.42700932 0.02681591 0.32087787 0.00600249 0.01874562 0.01942055 0.16901258 0.00761635
20.40102005 5.14224776 0.00047342 0.00039800 0.00037354 0.00538231 0.42414521 0.02775216 0.32291541 0.00454586 0.02093203 0.01793352 0.16960935 0.00553919
20.50102505 5.13656013 0.00068036 0.00033850 0.00053917 0.00863306 0.42027191 0.03148683 0.32667863 0.00635670 0.01539861 0.01649860 0.16731236 0.00580529
20.60103005 5.13298105 0.00049312 0.00034616 0.00023571 0.00346002 0.41585875 0.03418458 0.32579284 0.01064009 0.01560761 0.01700475 0.16839464 0.00798173
20.70103505 5.12787847 0.00045312 0.00037560 0.00024744 0.00334905 0.41330611 0.03207084 0.33361708 0.00976977 0.01570043 0.01457139 0.17100078 0.00553839
20.80104005 5.12203047 0.00047843 0.00041380 0.00023158 0.00355598 0.41114510 0.02894259 0.33743205 0.01051396 0.01814107 0.01134648 0.17286798 0.00493099
20.90104505 5.11255127 0.00057757 0.00039653 0.00035773 0.00451044 0.40750560 0.02920079 0.34407306 0.00943179 0.01624844 0.01304200 0.16977636 0.00487968
21.00105005 5.10711941 0.00046060 0.00040306 0.00030863 0.00487275 0.40803223 0.03173652 0.33879139 0.00747942 0.02006797 0.01202408 0.17070535 0.00511800
21.10105505 5.10120831 0.00056473 0.00040232 0.00034375 0.00455688 0.41250684 0.03046192 0.33116002 0.00956871 0.02187865 0.01136014 0.17005217 0.00714386
21.20106005 5.09819719 0.00028832 0.00036700 0.00013911 0.00208957 0.41342202 0.03175364 0.33365279 0.00832045 0.02116928 0.01283077 0.16938892 0.00657814
21.30106505 5.09254492 0.00050518 0.00032750 0.00035599 0.00719291 0.40538653 0.03250146 0.33738975 0.00966505 0.01860967 0.01461239 0.16628654 0.00716702
21.40107005 5.09048750 0.00048286 0.00036811 0.00026984 0.00333299 0.40722906 0.02740826 0.34003803 0.01060858 0.01843373 0.01711885 0.16993108 0.00477862
21.50107505 5.08549193 0.00037917 0.00035156 0.00016054 0.00195886 0.40383979 0.02903865 0.33985072 0.01103903 0.01742544 0.02003089 0.17053248 0.00539286
21.60108005 5.08024383 0.00052762 0.00039160 0.00036080 0.00525481 0.40050983 0.03327849 0.33798759 0.00927091 0.01422759 0.02148744 0.17088339 0.00581993
21.70108505 5.07665114 0.00057692 0.00038233 0.00038003 0.00461349 0.39983687 0.03342082 0.33761718 0.00901739 0.01263688 0.02168670 0.17352673 0.00630464
21.80109005 5.07282063 0.00036478 0.00037452 0.00017391 0.00194529 0.40247020 0.03428211 0.34144527 0.00914854 0.01321062 0.01869234 0.17249939 0.00539303
21.90109505 5.07128671 0.00028467 0.00032794 0.00006851 0.00021289 0.40645326 0.03238854 0.34108389 0.01031853 0.01277497 0.02121831 0.16935994 0.00550855
22.00110006 5.06803368 0.00047835 0.00031283 0.00030308 0.00529448 0.40866576 0.03110366 0.33779029 0.00907534 0.01253361 0.02193142 0.16669751 0.00581366
22.10110506 5.06293929 0.00050835 0.00030031 0.00038508 0.00494760 0.40592454 0.02950133 0.34246523 0.00958468 0.00918622 0.02482286 0.16412370 0.00825010
22.20111006 5.05844409 0.00040444 0.00030805 0.00015435 0.00210686 0.41061363 0.03359940 0.33470350 0.01238890 0.00881265 0.02275783 0.16556218 0.00858822
22.30111506 5.05444675 0.00032578 0.00035958 0.00017707 0.00163719 0.40808239 0.03292965 0.33652852 0.00940425 0.01250279 0.02083216 0.16852672 0.00869390
22.40112006 5.04945212 0.00040077 0.00030713 0.00029276 0.00317548 0.40371970 0.03627110 0.33575804 0.00820215 0.01210605 0.02290000 0.16810908 0.00875776
22.50112506 5.04503007 0.00027479 0.00029035 0.00015947 0.00028086 0.40473643 0.03920428 0.33529631 0.00896402 0.01187644 0.02061995 0.16780047 0.01049663
22.60113006 5.04161622 0.00026955 0.00031579 0.00010098 0.00020810 0.40351451 0.04465271 0.33180766 0.00890029 0.01382368 0.01957609 0.16653835 0.01029229
22.70113506 5.04063565 0.00047199 0.00029243 0.00034875 0.00503159 0.40337441 0.04022061 0.33389880 0.00887627 0.01179627 0.01954519 0.16663810 0.00950561
22.80114006 5.03674026 0.00041279 0.00030579 0.00033791 0.00331650 0.40660220 0.04220681 0.33396290 0.00808859 0.01003496 0.01727552 0.16709415 0.01036188
22.90114506 5.03618903 0.00021728 0.00031280 0.00013118 0.00017529 0.40983146 0.04076846 0.33593462 0.00686214 0.01208107 0.01697114 0.16784004 0.00887451
23.00115006 5.03031913 0.00041005 0.00030530 0.00037421 0.00347679 0.40369663 0.03611122 0.33815881 0.00688325 0.01204698 0.02050086 0.16779228 0.01024361
23.10115506 5.02735671 0.00033177 0.00034189 0.00023846 0.00199767 0.40110223 0.03443223 0.33891433 0.00711450 0.01393527 0.02140670 0.16970628 0.01047866
23.20116006 5.02070734 0.00054060 0.00032545 0.00042186 0.00532919 0.40087441 0.03608500 0.33796960 0.00770416 0.01356595 0.02037705 0.16726459 0.00954216
23.30116506 5.01726996 0.00036064 0.00030340 0.00018655 0.00187765 0.40442419 0.03842649 0.33897259 0.00805334 0.01272926 0.01966737 0.16757055 0.00742797
23.40117006 5.01374836 0.00024590 0.00029597 0.00013783 0.00020920 0.40186068 0.04108618 0.33900288 0.00785869 0.01241674 0.02176574 0.16642374 0.00869645
23.50117506 5.00908758 0.00031773 0.00030680 0.00014153 0.00218488 0.40030104 0.04261616 0.33749466 0.00913466 0.01436298 0.01991835 0.16553451 0.00768669
23.60118006 5.00411905 0.00055193 0.00030212 0.00031410 0.00537159 0.40104511 0.04199592 0.33664393 0.01067735 0.01253204 0.02010188 0.16347680 0.00698723
23.70118506 5.00037946 0.00038162 0.00030833 0.00015097 0.00174512 0.40445512 0.04413560 0.33431806 0.00939670 0.01450006 0.01889115 0.16441844 0.00729883
23.80119006 4.99723984 0.00048720 0.00033524 0.00021998 0.00385300 0.40800304 0.03669345 0.33543721 0.01054323 0.01424960 0.01544292 0.16797490 0.00676022
23.90119506 4.99055558 0.00052557 0.00036555 0.00033473 0.00482549 0.40268836 0.03694003 0.33538010 0.00860149 0.01632564 0.01791858 0.16924035 0.00685411
24.00120006 4.98766182 0.00068371 0.00034223 0.00048192 0.00589528 0.40444365 0.03797215 0.33506517 0.00625606 0.01628359 0.01774427 0.16786537 0.00696661
24.10120506 4.98450176 0.00033463 0.00034735 0.00016854 0.00157529 0.40385746 0.03705930 0.33801350 0.00725663 0.01451668 0.02069262 0.16926502 0.00691299
24.20121006 4.97922434 0.00037149 0.00033188 0.00010958 0.00026703 0.40351237 0.03524851 0.33311016 0.01284849 0.01661295 0.01804533 0.17043264 0.00910956
24.30121506 4.97503996 0.00056470 0.00037287 0.00033348 0.00488748 0.39975588 0.03085762 0.33533763 0.01129848 0.01860763 0.01710321 0.17392599 0.00695503
24.40122006 4.97332320 0.00029501 0.00035696 0.00020081 0.00165110 0.40259341 0.03254094 0.33815012 0.00835764 0.01519086 0.01885578 0.17370864 0.00809871
24.50122506 4.97055098 0.00047112 0.00034495 0.00028763 0.00343347 0.39969423 0.02972856 0.34144214 0.01121226 0.01496555 0.01770692 0.17155314 0.00916005
24.60123006 4.96572089 0.00033950 0.00034198 0.00015266 0.00132313 0.40472832 0.03323662 0.34442589 0.00864300 0.01159867 0.01806864 0.16890514 0.00823646
24.70123506 4.96550695 0.00042187 0.00031149 0.00029323 0.00322387 0.40153062 0.03742313 0.34127787 0.00898601 0.01134428 0.01647661 0.17153574 0.00717527
24.80124006 4.96082226 0.00044845 0.00034438 0.00030426 0.00335687 0.40147520 0.03466933 0.34266403 0.00988522 0.01191784 0.01560131 0.17159855 0.00773455
24.90124506 4.95701280 0.00050782 0.00038115 0.00027202 0.00321943 0.40235249 0.03122652 0.33617528 0.01160165 0.01200927 0.01921840 0.17508181 0.00795417
25.00125006 4.95522147 0.00043861 0.00037372 0.00030894 0.00323799 0.40335092 0.03200447 0.33253664 0.00973591 0.01951196 0.01833671 0.17022677 0.00993737
25.10125506 4.95261790 0.00051469 0.00033939 0.00041821 0.00731272 0.40429790 0.02780687 0.33483758 0.00846054 0.02021137 0.01690633 0.17031375 0.00858064
25.20126006 4.94682908 0.00023892 0.00038681 0.00013127 0.00018504 0.40209537 0.03477157 0.33075751 0.00768599 0.02282515 0.01992432 0.17393517 0.00706289
25.30126506 4.94406329 0.00042062 0.00034368 0.00033328 0.00320662 0.40183626 0.02981084 0.33199735 0.00847789 0.02198516 0.01950649 0.17383755 0.00824426
25.40127006 4.94369393 0.00036888 0.00033938 0.00017499 0.00184540 0.40535851 0.03026167 0.33305343 0.00949647 0.02041438 0.01962773 0.17283429 0.00622485
25.50127506 4.93984991 0.00036214 0.00035546 0.00023454 0.00316851 0.40706443 0.03267611 0.33077076 0.00715083 0.02076362 0.01998687 0.17104573 0.00642099
25.60128006 4.92905510 0.00037720 0.00036903 0.00030726 0.00301539 0.39876367 0.03752562 0.33725519 0.00643339 0.01963693 0.02004568 0.16797517 0.00829547
25.70128506 4.92407562 0.00079532 0.00033499 0.00051915 0.00791003 0.39663433 0.03567535 0.33365156 0.01242753 0.01674317 0.01982005 0.16863596 0.00685257
