0.00000000 5.00000000 0.00000000 0.00000000 0.00000000 0.00000000 0.00000000 0.00000000 0.00000000 1.00000000 0.00000000 0.00000000 0.00000000 0.00000000
0.10000500 5.00143977 0.01214489 0.00060933 0.00281347 0.07238810 0.09140375 0.12073100 0.01814571 0.55581258 0.05299925 0.05062623 0.00684195 0.01548373
0.20001000 5.00198472 0.00595219 0.00061099 0.00271568 0.06202625 0.13719468 0.20580158 0.04475764 0.32248637 0.06116363 0.09885732 0.02227307 0.03616062
0.30001500 5.00217074 0.00349456 0.00066671 0.00168829 0.03258585 0.15997571 0.23385834 0.06519913 0.21720414 0.08322110 0.12135549 0.03293736 0.04781334
0.40002000 5.00106776 0.00362610 0.00061449 0.00208356 0.04871695 0.17848080 0.22442816 0.06949854 0.15939653 0.08393883 0.14559488 0.04346735 0.04015383
0.50002500 5.00063991 0.00307052 0.00058654 0.00168508 0.03599198 0.19633632 0.22695267 0.07587876 0.12245983 0.08916609 0.15890176 0.04603228 0.04293816
0.60003000 4.99855330 0.00261985 0.00067115 0.00115424 0.02502180 0.19789279 0.21671270 0.09004698 0.10742549 0.10048122 0.15646337 0.05690787 0.04460255
0.70003500 4.99591110 0.00225959 0.00071364 0.00114221 0.02266630 0.20814206 0.21000116 0.10392125 0.08485576 0.10783614 0.14937637 0.06538690 0.04369861
0.80004000 4.99311730 0.00190838 0.00069068 0.00091493 0.01728442 0.22060906 0.20935206 0.11749530 0.07396362 0.11051706 0.13860113 0.06668790 0.04197545
0.90004500 4.99082415 0.00173748 0.00063519 0.00104764 0.02160932 0.23167996 0.21255208 0.12802147 0.05668455 0.10118197 0.13378030 0.07048141 0.04058862
1.00005000 4.98910432 0.00180208 0.00066861 0.00113846 0.02230305 0.24561402 0.19340433 0.13877230 0.05555738 0.09681793 0.12474015 0.07812715 0.04105454
1.10005500 4.98893052 0.00195088 0.00057789 0.00147125 0.02501051 0.25244428 0.18704435 0.14587785 0.04877538 0.09427143 0.11031127 0.07882855 0.05343636
1.20006000 4.98785615 0.00156947 0.00065512 0.00120447 0.01945926 0.26689843 0.17831091 0.15149232 0.04315425 0.09470057 0.10468947 0.08825356 0.04961217
1.30006500 4.98590969 0.00146984 0.00066578 0.00096057 0.01252348 0.27170586 0.17414124 0.16463915 0.04919755 0.08899676 0.09716820 0.09599245 0.04253912
1.40007000 4.98450107 0.00136948 0.00064031 0.00062046 0.00977174 0.27703179 0.17669752 0.17192608 0.05087538 0.09168140 0.08596891 0.09672042 0.03669651
1.50007500 4.98043705 0.00130717 0.00063023 0.00055296 0.00792010 0.28715203 0.17210298 0.17913825 0.04936725 0.09071770 0.08143100 0.09836180 0.03131854
1.60008000 4.97809904 0.00162145 0.00057377 0.00098003 0.01974603 0.29708175 0.16782859 0.18464575 0.04086441 0.08842283 0.07209054 0.09727590 0.02886895
1.70008500 4.97619876 0.00138386 0.00059286 0.00085873 0.01646677 0.31331552 0.16274963 0.19516062 0.03442063 0.08509450 0.05941188 0.09983650 0.03070849
1.80009000 4.97128755 0.00147346 0.00054789 0.00102553 0.02206351 0.32648099 0.14612241 0.20888961 0.03489379 0.07808193 0.05149677 0.09799958 0.03092453
1.90009500 4.96875772 0.00107867 0.00058024 0.00070555 0.01138161 0.33154188 0.15557192 0.21861402 0.02645615 0.07397105 0.04740527 0.10329281 0.02940084
2.00010001 4.96751611 0.00110173 0.00053918 0.00070270 0.01508588 0.33643696 0.14399637 0.21989788 0.02770223 0.07391478 0.04388067 0.10921120 0.02753042
2.10010501 4.96731920 0.00122560 0.00045332 0.00092943 0.01571808 0.33710004 0.14215832 0.22324360 0.02212034 0.06521736 0.04963993 0.11198568 0.03020831
2.20011001 4.96753467 0.00090660 0.00045723 0.00062105 0.00920471 0.34764602 0.13368571 0.23691808 0.01939717 0.05938871 0.05159327 0.11358996 0.02659149
2.30011501 4.96271238 0.00075871 0.00047688 0.00054829 0.00888116 0.35124414 0.13281596 0.23818900 0.01587221 0.05947618 0.04652019 0.11861380 0.02660348
2.40012001 4.96153394 0.00085643 0.00044107 0.00051407 0.01048199 0.35157995 0.12696698 0.24142049 0.02021718 0.05470785 0.04898414 0.12185064 0.02197921
2.50012501 4.95936833 0.00091307 0.00041883 0.00058652 0.01070603 0.35621316 0.11827228 0.24360435 0.02303068 0.05431170 0.04630000 0.12345196 0.02219141
2.60013001 4.95802958 0.00092319 0.00041324 0.00061643 0.01043106 0.36132754 0.11198261 0.24131477 0.02151502 0.05374115 0.04968000 0.12520331 0.02285169
2.70013501 4.95213618 0.00089117 0.00039352 0.00060789 0.01122668 0.36344468 0.10738288 0.24259140 0.02121511 0.05291628 0.04951102 0.12665413 0.02316524
2.80014001 4.94992411 0.00067863 0.00039970 0.00036601 0.00583484 0.36644776 0.11200032 0.24795709 0.02139386 0.05276721 0.04371929 0.12842825 0.02000705
2.90014501 4.94738940 0.00078887 0.00039189 0.00055369 0.00829693 0.37019410 0.10687759 0.24886300 0.02102149 0.05532736 0.03447604 0.13122366 0.02198538
3.00015001 4.94527976 0.00072511 0.00036011 0.00037950 0.00764400 0.37374652 0.11219777 0.25038057 0.01996201 0.05255112 0.03602549 0.12896168 0.01706612
3.10015501 4.94150260 0.00095445 0.00037594 0.00060662 0.01241002 0.37351935 0.10763809 0.25659226 0.02009423 0.04834525 0.02679589 0.13316720 0.01950071
3.20016001 4.93764525 0.00118840 0.00038945 0.00082372 0.01860300 0.38746887 0.08775276 0.25518036 0.02456121 0.04477135 0.03219707 0.13018997 0.01687385
3.30016501 4.93462852 0.00097370 0.00037956 0.00052941 0.00869504 0.38316382 0.09704458 0.26155038 0.02691965 0.04500536 0.02934115 0.12990087 0.01649646
3.40017001 4.93306928 0.00072970 0.00035450 0.00052517 0.00909464 0.39019786 0.08964700 0.26439717 0.02262390 0.04028193 0.02859195 0.13076854 0.02278764
3.50017501 4.93345043 0.00087229 0.00037626 0.00053537 0.01105792 0.38880210 0.08519190 0.27174806 0.02433573 0.03877599 0.02530226 0.13629759 0.01670452
3.60018001 4.93215206 0.00057430 0.00031929 0.00037884 0.00560388 0.39327762 0.08957753 0.27075160 0.01788430 0.03394354 0.03031351 0.13770794 0.01966765
3.70018501 4.93115283 0.00044141 0.00032264 0.00022199 0.00387667 0.39360893 0.08769729 0.27807098 0.01651464 0.03163324 0.03180066 0.14036421 0.01544734
3.80019001 4.92926401 0.00048646 0.00030754 0.00035643 0.00557584 0.39027142 0.08493056 0.28176225 0.01460168 0.02928718 0.02972782 0.14437161 0.01832121
3.90019501 4.93003362 0.00061557 0.00034941 0.00039747 0.00721695 0.39456684 0.07790555 0.28500546 0.01385813 0.02935111 0.02539154 0.15072718 0.01461478
4.00020001 4.92623912 0.00076954 0.00032020 0.00061016 0.01475150 0.39287754 0.07341385 0.28632066 0.01051539 0.03311222 0.02326972 0.15136938 0.01266985
4.10020501 4.92358185 0.00051199 0.00034244 0.00035833 0.00909149 0.39523463 0.06995405 0.29127368 0.00907257 0.03694167 0.02588754 0.15020758 0.01112403
4.20021001 4.92002854 0.00037628 0.00032760 0.00024516 0.00328195 0.39555762 0.06972482 0.29622202 0.00801719 0.02950646 0.02724081 0.15838629 0.01111379
4.30021501 4.91574438 0.00042326 0.00032451 0.00022211 0.00740958 0.39316608 0.06422215 0.30073609 0.01194663 0.03245946 0.02331707 0.15531385 0.01045920
4.40022001 4.91147974 0.00054831 0.00032952 0.00042760 0.00905673 0.39613310 0.05917883 0.29236238 0.00934028 0.02994475 0.02784440 0.16323026 0.01160385
4.50022501 4.90986250 0.00068590 0.00028972 0.00050999 0.01204901 0.39880505 0.06289755 0.29633631 0.00883246 0.02569430 0.02182253 0.16287462 0.00920256
4.60023001 4.90284512 0.00030635 0.00037795 0.00017365 0.00180254 0.40268286 0.06221506 0.30034497 0.00644834 0.02955759 0.02099504 0.16503663 0.01005902
4.70023501 4.89808803 0.00065027 0.00037904 0.00049527 0.01271273 0.39720593 0.05757902 0.29439516 0.00816061 0.03149985 0.01988472 0.16852002 0.00851738
4.80024001 4.89503353 0.00033704 0.00039622 0.00021788 0.00530513 0.39847355 0.05624369 0.29096248 0.00647190 0.03936556 0.02288911 0.16880219 0.01053524
4.90024501 4.89246159 0.00028098 0.00036391 0.00014084 0.00217044 0.40451066 0.05129247 0.29130520 0.00794932 0.03464836 0.02647721 0.17117187 0.00968874
5.00025001 4.88745882 0.00036433 0.00030971 0.00026187 0.00377802 0.40191840 0.05781087 0.29147001 0.00776687 0.03036640 0.02467889 0.16993548 0.01133914
5.10025501 4.88484776 0.00039105 0.00029232 0.00022691 0.00416106 0.40666422 0.05160878 0.29183889 0.01227057 0.02995149 0.02320395 0.16725309 0.01213769
5.20026001 4.88366678 0.00026037 0.00029531 0.00011295 0.00019225 0.41108282 0.05379430 0.29647482 0.00948721 0.02632291 0.02047488 0.16982414 0.01167804
5.30026501 4.88180532 0.00050498 0.00028681 0.00032191 0.00493317 0.41234299 0.04802571 0.29461468 0.01408251 0.02300452 0.01926462 0.17175100 0.01086710
5.40027001 4.87842345 0.00039651 0.00031660 0.00033208 0.00593525 0.42111763 0.04426209 0.29385034 0.01050745 0.02191579 0.01512968 0.17279963 0.01343695
5.50027501 4.87299988 0.00032669 0.00032786 0.00037248 0.00516613 0.42606784 0.04770322 0.28713450 0.00701661 0.02265540 0.01349639 0.17381440 0.01591848
5.60028001 4.87238016 0.00030269 0.00028274 0.00028577 0.00557671 0.42891434 0.04909688 0.28849862 0.00556263 0.02207769 0.01539132 0.17222661 0.01178400
5.70028501 4.87219535 0.00020015 0.00030968 0.00010112 0.00020372 0.42610177 0.04724588 0.29380386 0.00731154 0.02167569 0.01535117 0.17810900 0.00958641
5.80029001 4.87212312 0.00036421 0.00027044 0.00020816 0.00365089 0.42658341 0.04184344 0.29590450 0.01039654 0.01983001 0.01278399 0.17941164 0.00875279
5.90029501 4.86849878 0.00045012 0.00025025 0.00023699 0.00594412 0.42507353 0.04259274 0.29124250 0.01398842 0.01941042 0.01411314 0.17802330 0.00867447
6.00030002 4.86802365 0.00035272 0.00027208 0.00022765 0.00394155 0.42727452 0.04264585 0.29093865 0.01190468 0.01905815 0.01309562 0.18045661 0.00983193
6.10030502 4.86452906 0.00030715 0.00030817 0.00019986 0.00530244 0.42581595 0.04154773 0.29035137 0.00957708 0.02447725 0.01529649 0.17904725 0.00776924
6.20031002 4.86060134 0.00029911 0.00028653 0.00014659 0.00204072 0.42245883 0.04781835 0.28849210 0.01002781 0.02400083 0.01839703 0.17876172 0.00727039
6.30031502 4.85974450 0.00031859 0.00029883 0.00015438 0.00169487 0.43000999 0.04424663 0.28306994 0.01017793 0.02360856 0.01671636 0.18301268 0.00669123
6.40032002 4.85567280 0.00035260 0.00028019 0.00024311 0.00652246 0.43067092 0.03600365 0.28737698 0.00906412 0.02350550 0.01881100 0.18216640 0.00500305
6.50032502 4.85355857 0.00024829 0.00033615 0.00016682 0.00182137 0.43728378 0.03360900 0.28696906 0.00780023 0.02786009 0.01220769 0.18355092 0.00814661
6.60033002 4.85133639 0.00039568 0.00030397 0.00025453 0.00572372 0.43542780 0.02969046 0.29141349 0.00891883 0.02743576 0.01100363 0.18341898 0.00601316
6.70033502 4.84886159 0.00038837 0.00029243 0.00024744 0.00501572 0.43436761 0.03047552 0.28859866 0.00807844 0.02681373 0.01606428 0.18392757 0.00573021
6.80034002 4.84726064 0.00046573 0.00027573 0.00028944 0.00634501 0.43135447 0.02941260 0.28834132 0.00930452 0.02155828 0.02439546 0.18247020 0.00578724
6.90034502 4.84578808 0.00016030 0.00029648 0.00007874 0.00213126 0.43225459 0.03185958 0.28811068 0.00797158 0.02539726 0.02240409 0.18194099 0.00739444
7.00035002 4.84190153 0.00029130 0.00029539 0.00019832 0.00385494 0.43395573 0.02524517 0.28965662 0.00861331 0.02507496 0.02294003 0.18301730 0.00685694
7.10035502 4.83842807 0.00027941 0.00026325 0.00024452 0.00337704 0.43361288 0.03042279 0.28487722 0.00679299 0.02410323 0.02609723 0.18114343 0.00878603
7.20036002 4.83597487 0.00016775 0.00026424 0.00011741 0.00134425 0.43426809 0.03786300 0.28867692 0.00561397 0.02379748 0.01957083 0.18099327 0.00732279
7.30036502 4.83127917 0.00032617 0.00026092 0.00023897 0.00564864 0.43116081 0.04086386 0.28520814 0.00671296 0.02172472 0.01892089 0.18164541 0.00728852
7.40037002 4.82799228 0.00031049 0.00029602 0.00020573 0.00364438 0.43405375 0.03782491 0.29032739 0.00729372 0.01907316 0.01528179 0.18424968 0.00743898
7.50037502 4.82434926 0.00022751 0.00031863 0.00013350 0.00188134 0.43450299 0.04019335 0.29390753 0.00533220 0.02315477 0.01109501 0.18211607 0.00713708
7.60038002 4.82185761 0.00016592 0.00030250 0.00010692 0.00017147 0.43361623 0.03638911 0.29461128 0.00717493 0.02323948 0.01067126 0.18423052 0.00932041
7.70038502 4.82039207 0.00017356 0.00031098 0.00007961 0.00013216 0.43218688 0.03644489 0.29427184 0.00650874 0.02589704 0.01129448 0.18533326 0.00736657
7.80039002 4.81491595 0.00027397 0.00027714 0.00019057 0.00346274 0.43548370 0.03194220 0.29286156 0.00710184 0.02502932 0.01226287 0.18434828 0.00676582
7.90039502 4.80960822 0.00028012 0.00027494 0.00012640 0.00183198 0.43175547 0.03526082 0.29114262 0.01000470 0.02618215 0.01130493 0.18464482 0.00719105
8.00040002 4.80706099 0.00021106 0.00025959 0.00015066 0.00184201 0.43300655 0.03592371 0.29481494 0.00759294 0.02507078 0.00918432 0.18284815 0.00909529
8.10040502 4.80446626 0.00036397 0.00027337 0.00030756 0.00485202 0.43292773 0.03445110 0.29437320 0.00639309 0.02521729 0.00901695 0.18320841 0.00861531
8.20041002 4.80464542 0.00043107 0.00027753 0.00035564 0.00816402 0.43293032 0.03163377 0.29626325 0.00772290 0.02553064 0.00984741 0.18099826 0.00584518
8.30041502 4.80144124 0.00035101 0.00029688 0.00032080 0.00529305 0.43008869 0.03300855 0.29924611 0.00503489 0.02683928 0.00926162 0.18152904 0.00873008
8.40042002 4.80149079 0.00015756 0.00025278 0.00008112 0.00011557 0.43205812 0.03361146 0.30726333 0.00685944 0.02003449 0.01502314 0.17839128 0.00615171
8.50042502 4.80111426 0.00018119 0.00023988 0.00006467 0.00012810 0.43631350 0.03649565 0.30928101 0.00694031 0.01493622 0.01051921 0.17922938 0.00567087
8.60043002 4.80023216 0.00019677 0.00022262 0.00010177 0.00189000 0.43874181 0.03521826 0.31093761 0.00496013 0.01329583 0.01031806 0.17880213 0.00531501
8.70043502 4.79868345 0.00017884 0.00020914 0.00009556 0.00176498 0.43752868 0.03837059 0.31046529 0.00350033 0.01334671 0.01017121 0.17845018 0.00591850
8.80044002 4.79636975 0.00034940 0.00026436 0.00029615 0.00680141 0.43852570 0.03148321 0.30840525 0.00472645 0.01561397 0.00704667 0.17919072 0.00729670
8.90044502 4.79332697 0.00025700 0.00027778 0.00018425 0.00383171 0.43991232 0.03108880 0.30801161 0.00390447 0.01716757 0.00741233 0.18063073 0.00732144
9.00045002 4.79014014 0.00024260 0.00026162 0.00018672 0.00345330 0.44209201 0.03210949 0.30738229 0.00551527 0.01272381 0.00739289 0.18154027 0.00709973
9.10045502 4.78919054 0.00028624 0.00022511 0.00024625 0.00504969 0.44421555 0.03137311 0.30364166 0.00508451 0.01269187 0.00945436 0.18122581 0.00650585
9.20046002 4.78741583 0.00018535 0.00022322 0.00023052 0.00296499 0.44421256 0.03020766 0.30065264 0.00483119 0.01300626 0.01360639 0.17990532 0.00997390
9.30046502 4.78671404 0.00022765 0.00020457 0.00022004 0.00358420 0.44637256 0.03317568 0.29964038 0.00452190 0.01119468 0.01343921 0.17858780 0.00883132
9.40047002 4.78243004 0.00033727 0.00025712 0.00028976 0.00732861 0.44147088 0.03210983 0.30003652 0.00424439 0.01517673 0.01391498 0.17905874 0.00577517
9.50047502 4.77983049 0.00045111 0.00024453 0.00037829 0.00851164 0.44320506 0.03038809 0.30013401 0.00454687 0.01282820 0.01511522 0.17958821 0.00460879
9.60048002 4.77882209 0.00041936 0.00023526 0.00037802 0.00850574 0.44169353 0.02780822 0.30258211 0.00393085 0.01268298 0.01211870 0.18080612 0.00883911
9.70048502 4.77905033 0.00028816 0.00025033 0.00025756 0.00351462 0.44634673 0.02634903 0.30483470 0.00501934 0.01325459 0.01058215 0.17931366 0.00998915
9.80049002 4.77734107 0.00026415 0.00022900 0.00017883 0.00176029 0.44692902 0.02873294 0.30259653 0.00873260 0.01307124 0.01168412 0.17717422 0.00864706
9.90049502 4.77581377 0.00016904 0.00026806 0.00021444 0.00130518 0.44936609 0.02633447 0.29713536 0.00654743 0.01535297 0.01496433 0.17787752 0.01046510
10.00050003 4.77307594 0.00017148 0.00026870 0.00019159 0.00197394 0.45563222 0.02209113 0.30164848 0.00494511 0.01699615 0.01031156 0.17745445 0.00831517
10.10050503 4.77259521 0.00009639 0.00024258 0.00011351 0.00012085 0.45988828 0.02323639 0.30358285 0.00344374 0.01659352 0.00943190 0.17569277 0.00755723
10.20051003 4.77098627 0.00023449 0.00027012 0.00019628 0.00353167 0.45883737 0.01909600 0.30086487 0.00465145 0.02018142 0.01015587 0.17584622 0.00613425
10.30051503 4.76849214 0.00015588 0.00027076 0.00009427 0.00169284 0.46144638 0.02441236 0.30135445 0.00295584 0.02179880 0.00927332 0.17312961 0.00341549
10.40052003 4.76991145 0.00017715 0.00025668 0.00012595 0.00185368 0.46332830 0.02137739 0.30251346 0.00418358 0.02130205 0.00776831 0.17259951 0.00451394
10.50052503 4.76666548 0.00031954 0.00027448 0.00022126 0.00666752 0.46167036 0.02257414 0.29810382 0.00426400 0.02275667 0.00678945 0.17319467 0.00316409
10.60053003 4.76613431 0.00025982 0.00025363 0.00023028 0.00335244 0.46390549 0.01944178 0.29857912 0.00567516 0.02071432 0.00602374 0.17454743 0.00701678
10.70053503 4.76321629 0.00014519 0.00026349 0.00012453 0.00158580 0.46053757 0.02265167 0.30353543 0.00304816 0.02232467 0.00540637 0.17533884 0.00503829
10.80054003 4.76222270 0.00013326 0.00026916 0.00010939 0.00187804 0.46036902 0.02097681 0.30595790 0.00245175 0.01905657 0.00588073 0.17834734 0.00457001
10.90054503 4.76135548 0.00013461 0.00026881 0.00009429 0.00391007 0.46035510 0.02026081 0.30420506 0.00207932 0.01981786 0.00614163 0.17935317 0.00337927
11.00055003 4.75736956 0.00027549 0.00027584 0.00017885 0.00346487 0.45622850 0.01852338 0.30188214 0.00611999 0.02029504 0.00809338 0.17931848 0.00534405
11.10055503 4.75592969 0.00012991 0.00027948 0.00012445 0.00107984 0.45512386 0.01865989 0.30495546 0.00425906 0.01958986 0.01039826 0.18005134 0.00534859
11.20056003 4.75280477 0.00014315 0.00026932 0.00009725 0.00179379 0.45723384 0.02482724 0.30604482 0.00316096 0.01675674 0.00879741 0.17769528 0.00318021
11.30056503 4.75075263 0.00025971 0.00023732 0.00015423 0.00361476 0.45636743 0.02314414 0.30284355 0.00684264 0.01866352 0.00873560 0.17588818 0.00324892
11.40057003 4.74640562 0.00013236 0.00022320 0.00007372 0.00011482 0.45612778 0.02366360 0.30532445 0.00805949 0.01654246 0.01093586 0.17378211 0.00502016
11.50057503 4.74493369 0.00018942 0.00021442 0.00011552 0.00170429 0.45652583 0.02065196 0.30855865 0.00730029 0.01255837 0.01515032 0.17214273 0.00488821
11.60058003 4.74177268 0.00019830 0.00023430 0.00013730 0.00165204 0.46168263 0.02260577 0.30460433 0.00468455 0.01207993 0.01405648 0.17339882 0.00466555
11.70058503 4.73973911 0.00011060 0.00022083 0.00007726 0.00007655 0.46035653 0.02446874 0.30424233 0.00610487 0.01240031 0.01285759 0.17278000 0.00630439
11.80059003 4.73579565 0.00022732 0.00022455 0.00010176 0.00191030 0.45572175 0.02584474 0.30746025 0.00737861 0.01263144 0.01267220 0.17196202 0.00386507
11.90059503 4.73445977 0.00027569 0.00022684 0.00020050 0.00533350 0.45760805 0.02392519 0.30579899 0.00530824 0.01274285 0.01271770 0.17162327 0.00423918
12.00060003 4.73132934 0.00030737 0.00021966 0.00020350 0.00701985 0.45845723 0.02074922 0.30753786 0.00462419 0.01278603 0.01311862 0.17099922 0.00397723
12.10060503 4.72605517 0.00015958 0.00024624 0.00004665 0.00013822 0.45753164 0.02679210 0.30439136 0.00619867 0.01141998 0.01468413 0.17441078 0.00398065
12.20061003 4.72135596 0.00017290 0.00025407 0.00003483 0.00012941 0.45095620 0.02573933 0.30922349 0.00821834 0.01556069 0.01387733 0.17200555 0.00382785
12.30061503 4.71978751 0.00016056 0.00022622 0.00003949 0.00009567 0.45082517 0.02504511 0.31167666 0.00754089 0.01323488 0.01361136 0.17403708 0.00350693
12.40062003 4.71620684 0.00022377 0.00024371 0.00012622 0.00200194 0.44953447 0.02365265 0.30815655 0.00676367 0.01467936 0.01393452 0.17538591 0.00529723
12.50062503 4.71014829 0.00032981 0.00025707 0.00020875 0.00526613 0.45203286 0.02176892 0.30592517 0.00973797 0.01265023 0.01142415 0.17513467 0.00526428
12.60063003 4.70748714 0.00020357 0.00024325 0.00019789 0.00183446 0.45141225 0.02345166 0.30509727 0.00833727 0.01312669 0.01129656 0.17412054 0.01067859
12.70063503 4.70416250 0.00044638 0.00024561 0.00035206 0.01075445 0.44903562 0.02227952 0.30934468 0.00696932 0.01154912 0.01196587 0.17382496 0.00323241
12.80064003 4.70329882 0.00024156 0.00023002 0.00015874 0.00539826 0.45144736 0.02777895 0.30777371 0.00571212 0.01206886 0.01322042 0.17248005 0.00348994
12.90064503 4.70293627 0.00027318 0.00020200 0.00014131 0.00332982 0.45128561 0.03101461 0.31022597 0.00777771 0.01031641 0.00991083 0.17197001 0.00355255
13.00065003 4.70116868 0.00023372 0.00025771 0.00016027 0.00347786 0.45062799 0.02820099 0.31161550 0.00515662 0.01338404 0.00790757 0.17611476 0.00286298
13.10065503 4.69855168 0.00032528 0.00023710 0.00021778 0.00719021 0.45349993 0.02668812 0.30808055 0.00747090 0.01184096 0.00700972 0.17234146 0.00509799
13.20066003 4.69645184 0.00023046 0.00025508 0.00025508 0.00370958 0.45111129 0.02254251 0.30916570 0.00348170 0.01361697 0.01275471 0.17385096 0.00902596
13.30066503 4.69571614 0.00030455 0.00022728 0.00029657 0.00724977 0.45329582 0.01941331 0.30545808 0.00436998 0.01122312 0.01373845 0.17579570 0.00862737
13.40067003 4.69351884 0.00022449 0.00023239 0.00030209 0.00471326 0.44986181 0.01989629 0.30926965 0.00278688 0.01263770 0.01424517 0.17599845 0.00983183
13.50067503 4.69179832 0.00022196 0.00022704 0.00019077 0.00347389 0.44886113 0.01965581 0.31142908 0.00440603 0.01267082 0.01598151 0.17681193 0.00607002
13.60068003 4.69072831 0.00016055 0.00021360 0.00015751 0.00361120 0.45457300 0.02036779 0.31174627 0.00245778 0.01130998 0.01445614 0.17615714 0.00478902
13.70068503 4.68891343 0.00014666 0.00023829 0.00011981 0.00190250 0.45640573 0.02093908 0.31286713 0.00236023 0.01182889 0.01299206 0.17665996 0.00353965
13.80069003 4.68658295 0.00016743 0.00024687 0.00019374 0.00336633 0.45606465 0.01897499 0.31515705 0.00184221 0.01141756 0.00842277 0.17911386 0.00503253
13.90069503 4.68573670 0.00025625 0.00022798 0.00020351 0.00549409 0.46155296 0.01778723 0.31180452 0.00587775 0.00660304 0.00781602 0.17781151 0.00456515
14.00070004 4.68217621 0.00031350 0.00022791 0.00029373 0.00752624 0.46006330 0.02287429 0.30629311 0.00373539 0.00679323 0.00743897 0.17862245 0.00581788
14.10070504 4.67675945 0.00028358 0.00025259 0.00026040 0.00524858 0.45829233 0.02906152 0.30031617 0.00391842 0.01281921 0.00742060 0.17631970 0.00580691
14.20071004 4.67477238 0.00030140 0.00022725 0.00025988 0.00542284 0.45624171 0.03295058 0.29781591 0.00368812 0.01225593 0.00813547 0.17745920 0.00524172
14.30071504 4.67227032 0.00012040 0.00023685 0.00012647 0.00010116 0.45286226 0.03496315 0.30149478 0.00339871 0.01211585 0.00680603 0.17929026 0.00848408
14.40072004 4.67114810 0.00020838 0.00020593 0.00012730 0.00190829 0.45313633 0.03324102 0.30388967 0.00541550 0.01189944 0.00625034 0.17886863 0.00484916
14.50072504 4.67060480 0.00035109 0.00020356 0.00025883 0.00482960 0.45528682 0.02769902 0.30394372 0.00572560 0.01177539 0.00649221 0.17879050 0.00464366
14.60073004 4.66913437 0.00037059 0.00021674 0.00025802 0.00564119 0.45458739 0.02374377 0.30048511 0.00869671 0.01010945 0.00807094 0.18060132 0.00721878
14.70073504 4.66583757 0.00024819 0.00025081 0.00020140 0.00781133 0.45820474 0.01935724 0.29734956 0.00488626 0.01390527 0.01124142 0.18228962 0.00425416
14.80074004 4.66026061 0.00035572 0.00025908 0.00030580 0.00711354 0.45390439 0.01955699 0.29835525 0.00521436 0.01563865 0.01341686 0.18184263 0.00403673
14.90074504 4.65838978 0.00026144 0.00021884 0.00021168 0.00355261 0.45835289 0.02032301 0.29872355 0.00480836 0.01332188 0.01731211 0.17938283 0.00353078
15.00075004 4.65559734 0.00020742 0.00021088 0.00012806 0.00192524 0.45907626 0.01705439 0.30482662 0.00698782 0.01145336 0.01454087 0.17843288 0.00515620
15.10075504 4.64853458 0.00018749 0.00024173 0.00012779 0.00197144 0.45305079 0.01765365 0.30538875 0.00651549 0.01340278 0.01628842 0.17991595 0.00525571
15.20076004 4.64523007 0.00038355 0.00021312 0.00033749 0.00717879 0.44751904 0.01785983 0.30473461 0.00752985 0.01299319 0.01553188 0.17854004 0.00717861
15.30076504 4.64366211 0.00034695 0.00023599 0.00030871 0.00712790 0.44600537 0.01927848 0.30800914 0.00549380 0.00965427 0.01365959 0.18209523 0.00778458
15.40077004 4.64276049 0.00029008 0.00025735 0.00022170 0.00566919 0.44766685 0.02073533 0.30568765 0.00631703 0.01220248 0.01245155 0.18418567 0.00431513
15.50077504 4.63973559 0.00028272 0.00025581 0.00023750 0.00358981 0.44874374 0.01815206 0.30477977 0.00736816 0.01160656 0.01547314 0.18261411 0.00689661
15.60078004 4.63861931 0.00015325 0.00024181 0.00020308 0.00182266 0.44936943 0.02387732 0.30283033 0.00382755 0.01344319 0.01023226 0.18411524 0.00988389
15.70078504 4.63687438 0.00013141 0.00023815 0.00010789 0.00173233 0.45645415 0.02161560 0.30720804 0.00247823 0.01322422 0.00981663 0.18287545 0.00411790
15.80079004 4.63480405 0.00021354 0.00023626 0.00012890 0.00381746 0.45216905 0.02477299 0.30777226 0.00454190 0.01645619 0.00735478 0.17936624 0.00317042
15.90079504 4.63358807 0.00016193 0.00023635 0.00011871 0.00168914 0.45197848 0.02140942 0.30785297 0.00455817 0.01299623 0.01095403 0.18293597 0.00510860
16.00080004 4.63172591 0.00016032 0.00028002 0.00008047 0.00204815 0.45410640 0.01642162 0.30591755 0.00608746 0.01684242 0.01269431 0.18085361 0.00450767
16.10080504 4.62763629 0.00015597 0.00024522 0.00010389 0.00205784 0.45334111 0.01863806 0.30709819 0.00565867 0.01449186 0.01264985 0.18082363 0.00473572
16.20081004 4.62641590 0.00023051 0.00024888 0.00016451 0.00377213 0.45501809 0.01736800 0.30306384 0.00674783 0.01802291 0.00964028 0.18164628 0.00407674
16.30081504 4.62534596 0.00010556 0.00026890 0.00001984 0.00006456 0.46331006 0.01520236 0.30108404 0.00532193 0.01766268 0.00878529 0.18567431 0.00250046
16.40082004 4.62164229 0.00022651 0.00027029 0.00019515 0.00341912 0.45434914 0.01580177 0.30294371 0.00488707 0.01897822 0.00890964 0.18545864 0.00456074
16.50082504 4.61771974 0.00026606 0.00024241 0.00031157 0.00637206 0.45615746 0.01515545 0.30350018 0.00300835 0.01548919 0.00637165 0.18461076 0.00851486
16.60083004 4.61364700 0.00020204 0.00024809 0.00017682 0.00360761 0.45827721 0.01672653 0.30937571 0.00299494 0.01575987 0.00652159 0.18033912 0.00577047
16.70083504 4.61003515 0.00011199 0.00025368 0.00009920 0.00197978 0.45614370 0.01706215 0.31263949 0.00269299 0.01567795 0.00603920 0.18328519 0.00401469
16.80084004 4.60846421 0.00030567 0.00024717 0.00027033 0.00486390 0.45213726 0.01649909 0.31364346 0.00286259 0.01604296 0.00535658 0.18392915 0.00384183
16.90084504 4.60659812 0.00019492 0.00022950 0.00008935 0.00164315 0.45446653 0.01800571 0.31316150 0.00641558 0.01432939 0.00537445 0.18381308 0.00227683
17.00085004 4.60486210 0.00025224 0.00021912 0.00018407 0.00339616 0.45755736 0.01556849 0.31396909 0.00587524 0.01108945 0.00467510 0.18316498 0.00404870
17.10085504 4.60254689 0.00013229 0.00022266 0.00004020 0.00008429 0.46095191 0.01766793 0.31233095 0.00588752 0.01076950 0.00456622 0.18372499 0.00362156
17.20086004 4.60108773 0.00016699 0.00022200 0.00012552 0.00191663 0.46213088 0.01783163 0.31162980 0.00351411 0.01234606 0.00339935 0.18167126 0.00504577
17.30086504 4.59991510 0.00035459 0.00021688 0.00030498 0.00695175 0.45985694 0.01660341 0.30820381 0.00338241 0.01191484 0.00767119 0.18180752 0.00273166
17.40087004 4.59691977 0.00007660 0.00023347 0.00003216 0.00004773 0.46299934 0.01806227 0.30914891 0.00264338 0.01385282 0.00851904 0.18176546 0.00261883
17.50087504 4.59607608 0.00009376 0.00021952 0.00002679 0.00009186 0.46422802 0.01725641 0.30703990 0.00400263 0.01377636 0.00767223 0.18273621 0.00285632
17.60088004 4.59057852 0.00039267 0.00025902 0.00027638 0.00706089 0.46163924 0.01237156 0.30275800 0.00518560 0.01784535 0.00629044 0.18349838 0.00242246
17.70088504 4.58726586 0.00033087 0.00026176 0.00027292 0.00721445 0.46066290 0.01643638 0.29916975 0.00438621 0.01432957 0.00696064 0.18757602 0.00239853
17.80089004 4.58537239 0.00024175 0.00025525 0.00010372 0.00174954 0.46307108 0.01898547 0.29790273 0.00618471 0.01449662 0.00651709 0.18827432 0.00221773
17.90089504 4.58239714 0.00028602 0.00024321 0.00021706 0.00514602 0.45879760 0.02068011 0.30110202 0.00560604 0.01602995 0.00550375 0.18382722 0.00256099
18.00090005 4.57863727 0.00017679 0.00022596 0.00012674 0.00194075 0.46051974 0.02189288 0.30330897 0.00514512 0.01416692 0.00615764 0.18177841 0.00456008
18.10090505 4.57221100 0.00022214 0.00027733 0.00013048 0.00362677 0.45689106 0.01960270 0.30457633 0.00404057 0.01843923 0.00781428 0.17981606 0.00456306
18.20091005 4.56817654 0.00034160 0.00027217 0.00027706 0.00939327 0.46173027 0.01780112 0.29597654 0.00510010 0.01884087 0.01087965 0.17518015 0.00420720
18.30091505 4.56602721 0.00043722 0.00025985 0.00039205 0.00885780 0.45842348 0.01686715 0.30204830 0.00490318 0.01674198 0.00909024 0.17652639 0.00545235
18.40092005 4.56449146 0.00027619 0.00023263 0.00022982 0.00938119 0.45564901 0.01580925 0.30569129 0.00626756 0.01467090 0.01141893 0.17575617 0.00461705
18.50092505 4.56083286 0.00034687 0.00021389 0.00031689 0.00727858 0.45996975 0.01873038 0.30243934 0.00526909 0.01276851 0.01427813 0.17460851 0.00378006
18.60093005 4.55593337 0.00024077 0.00024688 0.00019451 0.00542800 0.46622679 0.02056875 0.29649332 0.00416105 0.01448546 0.01401517 0.17454754 0.00339175
18.70093505 4.55326893 0.00028831 0.00025635 0.00021083 0.00335074 0.46103939 0.01808527 0.30392837 0.00636106 0.01293072 0.01100956 0.17784517 0.00469423
18.80094005 4.55248163 0.00026624 0.00023330 0.00023456 0.00497752 0.46141259 0.01873926 0.30801526 0.00396504 0.01139067 0.00935812 0.17694818 0.00445927
18.90094505 4.55166885 0.00009363 0.00024258 0.00010882 0.00011409 0.45995152 0.01764056 0.30869272 0.00343228 0.01162592 0.01108735 0.17948726 0.00752327
19.00095005 4.54953123 0.00020166 0.00027660 0.00014229 0.00366167 0.45725064 0.01911276 0.30472107 0.00619471 0.01364037 0.00778298 0.18211132 0.00490392
19.10095505 4.54920279 0.00036318 0.00023563 0.00022798 0.00557824 0.45404676 0.01657706 0.30391104 0.00910538 0.01509739 0.01173498 0.18070918 0.00241317
19.20096005 4.54627712 0.00031915 0.00023049 0.00025444 0.00545388 0.45356306 0.01853787 0.30152407 0.00677875 0.01445739 0.01386164 0.18022499 0.00479428
19.30096505 4.54278003 0.00032899 0.00020584 0.00030008 0.00557501 0.45281835 0.02019859 0.29804091 0.00719497 0.01275614 0.01739637 0.17817877 0.00700600
19.40097005 4.54209052 0.00021356 0.00020504 0.00015705 0.00209551 0.45155138 0.02030132 0.29841540 0.00835601 0.01477225 0.01767133 0.17705594 0.00920521
19.50097505 4.53951665 0.00030847 0.00022956 0.00024527 0.00534624 0.45002567 0.02568234 0.29533060 0.00650039 0.01466330 0.01641544 0.17975087 0.00550184
19.60098005 4.53897757 0.00030398 0.00022825 0.00022532 0.00581207 0.45048876 0.02598771 0.29700409 0.00736974 0.01602992 0.01467830 0.17624898 0.00562289
19.70098505 4.53585742 0.00020160 0.00023406 0.00015968 0.00363350 0.44999196 0.02989441 0.29716711 0.00644993 0.01786126 0.01223901 0.17474561 0.00742187
19.80099005 4.53303219 0.00041319 0.00023297 0.00032901 0.00688113 0.45127762 0.02749805 0.29367616 0.00732876 0.01716696 0.01229666 0.17564629 0.00725321
19.90099505 4.52956982 0.00034611 0.00023396 0.00027717 0.00671265 0.45277933 0.03126313 0.29575218 0.00655847 0.01904512 0.00755594 0.17218941 0.00728652
20.00100005 4.52715554 0.00042406 0.00023393 0.00023510 0.00343418 0.45168613 0.02797082 0.29659573 0.01373964 0.01860133 0.00824463 0.17288289 0.00595156
20.10100505 4.52604436 0.00033241 0.00023821 0.00021927 0.00381695 0.45063573 0.02745312 0.29722021 0.01081313 0.01992742 0.00843352 0.17397843 0.00693160
20.20101005 4.52421323 0.00022181 0.00024093 0.00015957 0.00168662 0.44850202 0.02915299 0.30117293 0.00841530 0.01989663 0.00972947 0.17418749 0.00663424
20.30101505 4.52383281 0.00018885 0.00027980 0.00011931 0.00192547 0.44848376 0.02443607 0.30068576 0.00603056 0.02378467 0.01176917 0.17676601 0.00553058
20.40102005 4.52138247 0.00031935 0.00026806 0.00026615 0.00550528 0.44833182 0.02562210 0.29988758 0.00475428 0.02354499 0.01023621 0.17596754 0.00529664
20.50102505 4.52029327 0.00059384 0.00024758 0.00054714 0.01226142 0.44986704 0.02152854 0.29398505 0.00629965 0.02030012 0.01374457 0.17560021 0.00502485
20.60103005 4.51742215 0.00022516 0.00024783 0.00015703 0.00194733 0.45085556 0.02513268 0.29774877 0.00627802 0.02016605 0.01366280 0.17698179 0.00659699
20.70103505 4.51557538 0.00011318 0.00024217 0.00008590 0.00010801 0.45540236 0.02731904 0.29909249 0.00440472 0.01845566 0.01350995 0.17480732 0.00645920
20.80104005 4.51219745 0.00013474 0.00026152 0.00010842 0.00017242 0.45073842 0.02631553 0.29804100 0.00569178 0.02046808 0.01515887 0.17449097 0.00841823
20.90104505 4.50893183 0.00011139 0.00026428 0.00007520 0.00011611 0.45335241 0.02864669 0.29311555 0.00390051 0.02236159 0.01874961 0.17290617 0.00640048
21.00105005 4.50773101 0.00019391 0.00024167 0.00011792 0.00192568 0.45492331 0.03246796 0.28936019 0.00431187 0.02063102 0.01784949 0.17284381 0.00513317
21.10105505 4.50534620 0.00018685 0.00025127 0.00012881 0.00174349 0.45295139 0.03230766 0.28777026 0.00476173 0.02231745 0.01724178 0.17270962 0.00762968
21.20106005 4.50190383 0.00028304 0.00027755 0.00018982 0.00585160 0.45487307 0.02890830 0.28704839 0.00609629 0.02414827 0.01444192 0.17165273 0.00622903
21.30106505 4.49855554 0.00022300 0.00029042 0.00017476 0.00205666 0.45118434 0.03120672 0.28571805 0.00696512 0.02545809 0.01188026 0.17534909 0.00949349
21.40107005 4.49466987 0.00031746 0.00026427 0.00014956 0.00198490 0.44316938 0.03496301 0.28808310 0.01201769 0.02688047 0.01186426 0.17360279 0.00670312
21.50107505 4.49023357 0.00020992 0.00028000 0.00014873 0.00201687 0.44431386 0.03175789 0.29030458 0.00668562 0.02673790 0.01343536 0.17636366 0.00774560
21.60108005 4.48585454 0.00045144 0.00026405 0.00033136 0.00922772 0.44837870 0.03300998 0.28742981 0.00737332 0.02341830 0.01110312 0.17450915 0.00450305
21.70108505 4.48159025 0.00038702 0.00029502 0.00025046 0.00704227 0.45044689 0.03005571 0.28977754 0.01094609 0.02381081 0.00825472 0.17366975 0.00506373
21.80109005 4.47824376 0.00048322 0.00028910 0.00033166 0.00875849 0.44568139 0.03226760 0.28737908 0.01061467 0.02392342 0.01054649 0.17472700 0.00499787
21.90109505 4.47651281 0.00038964 0.00030211 0.00018111 0.00282341 0.44374699 0.03358223 0.28862302 0.01342988 0.02603033 0.01140031 0.17529755 0.00419342
22.00110006 4.47135765 0.00029235 0.00030746 0.00016882 0.00372862 0.44737338 0.03637447 0.29137133 0.00698045 0.02660711 0.01026356 0.17234072 0.00419174
22.10110506 4.46808073 0.00037936 0.00026078 0.00026355 0.00532940 0.43859177 0.03928433 0.29010539 0.00689761 0.02677798 0.01935486 0.16826407 0.00449090
22.20111006 4.46621481 0.00032839 0.00025121 0.00030413 0.00714879 0.43943377 0.03550852 0.29614392 0.00500978 0.02290447 0.01677541 0.16726662 0.00892498
22.30111506 4.46643105 0.00026035 0.00023670 0.00015710 0.00169781 0.44506476 0.03012295 0.30376865 0.00805303 0.01781313 0.01740016 0.16711676 0.00830861
22.40112006 4.46272054 0.00035678 0.00024827 0.00022299 0.00554523 0.44195177 0.03294292 0.30288799 0.00778321 0.01991188 0.01312112 0.16900008 0.00602774
22.50112506 4.46067908 0.00018447 0.00026378 0.00011230 0.00378157 0.44318313 0.03355793 0.30594661 0.00501167 0.01914048 0.01168585 0.17146600 0.00566621
22.60113006 4.45967804 0.00028848 0.00024321 0.00021832 0.00572205 0.43996612 0.03511590 0.30495206 0.00626465 0.01887709 0.01170134 0.16996152 0.00668926
22.70113506 4.45841908 0.00014904 0.00025684 0.00007125 0.00207551 0.44494435 0.03475047 0.30329556 0.00581197 0.01872928 0.01252890 0.17077397 0.00661285
22.80114006 4.45635118 0.00014061 0.00025555 0.00006963 0.00008425 0.44282900 0.03797799 0.30160645 0.00555162 0.01897203 0.01449662 0.17233696 0.00567928
22.90114506 4.45297658 0.00027495 0.00023985 0.00018978 0.00343974 0.44201054 0.03536686 0.30064745 0.00587519 0.01539381 0.01715681 0.17370835 0.00569668
23.00115006 4.45073954 0.00014526 0.00026033 0.00005831 0.00010278 0.44186908 0.03575753 0.29870446 0.00542885 0.01720776 0.01716845 0.17795838 0.00533882
23.10115506 4.44748249 0.00026644 0.00025514 0.00010225 0.00210962 0.43752634 0.03596408 0.29400379 0.00922601 0.01968417 0.02070155 0.17453055 0.00563006
23.20116006 4.44564739 0.00031356 0.00023327 0.00020555 0.00353134 0.43839375 0.03395508 0.29749272 0.00841323 0.01564991 0.01972697 0.17423035 0.00785426
23.30116506 4.44276815 0.00030656 0.00022746 0.00018027 0.00791858 0.44025478 0.03012408 0.29650650 0.00932162 0.01526607 0.01893455 0.17374519 0.00721435
23.40117006 4.44233285 0.00039144 0.00024972 0.00020366 0.00362746 0.44187520 0.02865737 0.29804263 0.01020895 0.01669643 0.01813551 0.17513603 0.00677561
23.50117506 4.43871700 0.00037418 0.00024354 0.00024117 0.00546590 0.44258517 0.02839571 0.30380808 0.00840089 0.01557275 0.01253095 0.17579045 0.00659119
23.60118006 4.43657021 0.00038865 0.00022907 0.00028253 0.00714575 0.43905288 0.03462413 0.30303394 0.00598086 0.01534059 0.01521945 0.17434352 0.00435864
23.70118506 4.43454017 0.00037353 0.00024990 0.00026216 0.00578837 0.43827019 0.03573151 0.30341489 0.00555300 0.01920590 0.01400261 0.17285912 0.00428881
23.80119006 4.43098798 0.00027945 0.00026549 0.00016885 0.00398707 0.44226035 0.03482220 0.29796697 0.00796541 0.02081330 0.01244304 0.17269389 0.00633398
23.90119506 4.43022353 0.00025399 0.00026605 0.00011275 0.00387930 0.44194295 0.03268266 0.29985216 0.00729764 0.02087961 0.01276408 0.17505921 0.00500956
24.00120006 4.42864150 0.00014243 0.00027323 0.00003335 0.00209829 0.44235305 0.03015471 0.30155652 0.00389426 0.02090458 0.01425243 0.17891262 0.00542452
24.10120506 4.42795031 0.00026197 0.00027166 0.00015137 0.00345800 0.44423740 0.02801336 0.29970547 0.00546351 0.02166628 0.01303303 0.17811919 0.00561876
24.20121006 4.42494711 0.00023424 0.00027900 0.00013813 0.00405245 0.44625742 0.02925067 0.29489205 0.00693691 0.01705918 0.01244987 0.18151236 0.00693773
24.30121506 4.42370210 0.00022651 0.00024811 0.00011018 0.00197788 0.44981527 0.02952690 0.29422357 0.00768700 0.01918235 0.01371335 0.17853070 0.00475819
24.40122006 4.41968822 0.00012671 0.00024765 0.00008118 0.00013624 0.44836859 0.02631192 0.30064355 0.00616117 0.01838143 0.01508416 0.17635879 0.00809861
24.50122506 4.41592293 0.00026929 0.00024512 0.00021782 0.00384990 0.44420416 0.02652970 0.29747719 0.00483801 0.01802774 0.02214710 0.17604580 0.00614818
24.60123006 4.41456643 0.00019168 0.00025079 0.00009641 0.00183781 0.44765828 0.02537635 0.29835461 0.00508143 0.01620840 0.02284787 0.17752793 0.00456846
24.70123506 4.40851185 0.00027679 0.00026018 0.00016471 0.00358972 0.44357082 0.02707438 0.29651092 0.00556702 0.01282373 0.02613127 0.17883436 0.00519610
24.80124006 4.40784146 0.00031793 0.00026177 0.00008838 0.00171391 0.44427662 0.02491928 0.29483070 0.01134758 0.01691120 0.02286675 0.17771972 0.00474617
24.90124506 4.40746837 0.00016323 0.00028084 0.00007496 0.00013795 0.45220437 0.02290114 0.29339261 0.00785884 0.01727701 0.01865231 0.18084518 0.00621157
25.00125006 4.40646254 0.00027109 0.00022237 0.00019328 0.00334679 0.45394428 0.02388302 0.29411234 0.00783021 0.01352923 0.01842943 0.17819178 0.00604619
25.10125506 4.40193178 0.00038168 0.00023922 0.00025137 0.00758336 0.44572392 0.02332389 0.29625894 0.00903960 0.01528365 0.01866889 0.17849427 0.00475120
25.20126006 4.39410707 0.00023704 0.00027944 0.00016308 0.00200859 0.44677776 0.02713311 0.29548596 0.00529155 0.01854774 0.01899569 0.17890909 0.00617094
25.30126506 4.39054694 0.00036703 0.00023319 0.00025099 0.00549919 0.44515740 0.02591718 0.28965484 0.00947740 0.01811900 0.02250397 0.17483557 0.00798425
25.40127006 4.38921671 0.00052315 0.00024285 0.00036110 0.00739048 0.44011428 0.02903576 0.29077411 0.01179430 0.01163585 0.02319873 0.17723291 0.00769648
25.50127506 4.38996513 0.00042801 0.00022480 0.00030484 0.00721916 0.44416714 0.03496865 0.29232839 0.00904232 0.01040882 0.02026123 0.17487084 0.00577579
25.60128006 4.38796054 0.00038958 0.00023124 0.00024952 0.00539745 0.44408673 0.03835132 0.29129681 0.01009874 0.01146570 0.01782573 0.17491952 0.00568767
25.70128506 4.38694992 0.00031744 0.00022033 0.00023581 0.00374118 0.44950131 0.03293810 0.29176475 0.00874440 0.01086075 0.01552161 0.17765286 0.00850146
