0.00000000 5.00000000 0.00000000 0.00000000 0.00000000 0.00000000 0.00000000 0.00000000 0.00000000 1.00000000 0.00000000 0.00000000 0.00000000 0.00000000
0.10000500 5.00300721 0.02748062 0.00164188 0.00942576 0.10669520 0.10241295 0.14604588 0.02447042 0.38916923 0.04833940 0.08033024 0.02513536 0.03885306
0.20001000 5.00195147 0.00844600 0.00130183 0.00577622 0.04252517 0.15088875 0.22724332 0.05785266 0.20509578 0.06055534 0.16248626 0.03140142 0.04642725
0.30001500 4.99978938 0.00607563 0.00091337 0.00426371 0.03367574 0.15997957 0.23089390 0.07055341 0.16015124 0.06335115 0.18881588 0.04120249 0.04012389
0.40002000 4.99856783 0.00453973 0.00096816 0.00185058 0.01659620 0.17549716 0.20541691 0.07830360 0.15876768 0.07510079 0.19592721 0.04613028 0.04090169
0.50002500 4.99511495 0.00555585 0.00094152 0.00251905 0.02023959 0.17614057 0.18251883 0.08028100 0.15409673 0.08443005 0.20459665 0.05020686 0.03847329
0.60003000 4.99254683 0.00575995 0.00106677 0.00305429 0.02512898 0.18245908 0.15727936 0.09373209 0.13753750 0.08547346 0.20141049 0.06726860 0.03982944
0.70003500 4.98653311 0.00541692 0.00094400 0.00293755 0.02387445 0.18783223 0.15047758 0.10049877 0.11835541 0.09330367 0.20072809 0.07142133 0.04421000
0.80004000 4.98468168 0.00399952 0.00108127 0.00243368 0.02033378 0.20315897 0.13670177 0.10553142 0.10006351 0.09695263 0.20688158 0.07727571 0.04558615
0.90004500 4.98107681 0.00363654 0.00104995 0.00236763 0.01855634 0.21089810 0.13438536 0.11172735 0.09057285 0.10107951 0.19758010 0.08124510 0.04690117
1.00005000 4.97902905 0.00262995 0.00089695 0.00164131 0.01092645 0.21110239 0.14676379 0.11555991 0.08184032 0.09569281 0.19961236 0.08474793 0.04858582
1.10005500 4.97425242 0.00303262 0.00094119 0.00164933 0.00993344 0.21844955 0.14447849 0.12408962 0.08607640 0.08786349 0.17990437 0.09265616 0.05092533
1.20006000 4.96597225 0.00385344 0.00102221 0.00228577 0.01878753 0.22589206 0.14299091 0.12375837 0.08685733 0.08851347 0.16692890 0.09481389 0.04429612
1.30006500 4.96112017 0.00355735 0.00107746 0.00196747 0.01645719 0.24204322 0.14877110 0.13341498 0.08482842 0.09332363 0.14173591 0.09014072 0.04268255
1.40007000 4.95260080 0.00355526 0.00098029 0.00207082 0.01688000 0.26221931 0.15331317 0.14057713 0.08095086 0.09198630 0.12243814 0.08423697 0.04079175
1.50007500 4.95167255 0.00371015 0.00087350 0.00216214 0.01997047 0.26351282 0.15122449 0.14756846 0.08166437 0.08911458 0.11060496 0.08693065 0.04266342
1.60008000 4.94998095 0.00304731 0.00091308 0.00120009 0.00810761 0.26687100 0.16644003 0.16302538 0.07914510 0.08752069 0.10101168 0.08766984 0.03504818
1.70008500 4.94530872 0.00293599 0.00093966 0.00118455 0.01413842 0.27414336 0.15661176 0.16496692 0.07304764 0.08639008 0.09765603 0.09355998 0.03442562
1.80009000 4.93961188 0.00409047 0.00097702 0.00234036 0.01869202 0.27458066 0.14737620 0.16550358 0.07391864 0.09182412 0.09196513 0.09311463 0.03561718
1.90009500 4.93597685 0.00312704 0.00097537 0.00161418 0.01076713 0.28468320 0.14976350 0.17122142 0.06876372 0.08629723 0.08645092 0.09882278 0.03751350
2.00010001 4.93211334 0.00326923 0.00090517 0.00173017 0.01592594 0.29277589 0.14359722 0.18293654 0.06207084 0.08695031 0.07967731 0.09643209 0.03372929
2.10010501 4.92888115 0.00284481 0.00101949 0.00193312 0.01430710 0.29732618 0.12211781 0.18560281 0.05487071 0.09342059 0.08050780 0.10463093 0.04141863
2.20011001 4.92696760 0.00239926 0.00099772 0.00122498 0.00715546 0.30759415 0.11521470 0.19552339 0.05218001 0.09142141 0.08026422 0.10846333 0.03756138
2.30011501 4.92069014 0.00241400 0.00086439 0.00146852 0.00893802 0.31406332 0.11008327 0.19878570 0.04724614 0.08452799 0.08692889 0.10775860 0.03692115
2.40012001 4.91687303 0.00155643 0.00100089 0.00117931 0.00641041 0.32100451 0.10557738 0.19761822 0.03900792 0.08923329 0.08937622 0.11314310 0.03489232
2.50012501 4.91393447 0.00164711 0.00087042 0.00090544 0.00510801 0.32655072 0.10699533 0.19980311 0.04134115 0.08265013 0.08705844 0.11612562 0.03094452
2.60013001 4.91147565 0.00236465 0.00082042 0.00160970 0.01188463 0.33227229 0.10214922 0.20558356 0.04077432 0.07841361 0.07984982 0.11691012 0.02736765
2.70013501 4.90769115 0.00160827 0.00074255 0.00117636 0.00792168 0.32908482 0.11153277 0.20845820 0.03926141 0.07074891 0.07603808 0.11696552 0.03646143
2.80014001 4.90206446 0.00201726 0.00093244 0.00129745 0.01121094 0.33510936 0.10855796 0.21030161 0.03662892 0.07694859 0.06791514 0.11870800 0.03037234
2.90014501 4.89692886 0.00178328 0.00086201 0.00090362 0.00675180 0.33371744 0.11464943 0.21390789 0.03933440 0.07839461 0.06391589 0.11711805 0.02866157
3.00015001 4.88967884 0.00186081 0.00099305 0.00074814 0.00501000 0.34359769 0.09857858 0.22347400 0.03918511 0.08326346 0.05788974 0.12067180 0.02472762
3.10015501 4.88387110 0.00185221 0.00081080 0.00086237 0.00554418 0.34823173 0.09807129 0.22868324 0.03888113 0.07107291 0.05489899 0.12320134 0.02788983
3.20016001 4.88060307 0.00173831 0.00078296 0.00078730 0.00465310 0.35311739 0.09452741 0.23164605 0.03922053 0.06973760 0.05600334 0.12271599 0.02507000
3.30016501 4.87513528 0.00180406 0.00092699 0.00107158 0.00777111 0.37363057 0.08459790 0.23011619 0.03231417 0.07245203 0.04798493 0.12687422 0.02045626
3.40017001 4.87014370 0.00170773 0.00096174 0.00076350 0.00840642 0.37345123 0.08504071 0.22542612 0.03544432 0.07517479 0.04592192 0.12898612 0.01871539
3.50017501 4.86103677 0.00220954 0.00087408 0.00139754 0.01461108 0.36882114 0.08138212 0.22865441 0.03157794 0.07513178 0.04765895 0.12851859 0.01916283
3.60018001 4.85233035 0.00190529 0.00091357 0.00106448 0.00833985 0.36779104 0.07233996 0.23945757 0.03573427 0.07330572 0.04908669 0.13053209 0.01952946
3.70018501 4.84976205 0.00161167 0.00079804 0.00110968 0.00602114 0.36891274 0.06954021 0.24330237 0.03237002 0.07215847 0.04909652 0.13282838 0.02225077
3.80019001 4.84868772 0.00142826 0.00087985 0.00093004 0.00702944 0.37640939 0.06406131 0.24176778 0.02928869 0.07242785 0.04858976 0.13651512 0.02067250
3.90019501 4.84189566 0.00135555 0.00089212 0.00077687 0.00432709 0.37501162 0.06460508 0.24502583 0.02822559 0.07706698 0.04459691 0.14000346 0.01811290
4.00020001 4.83586679 0.00155623 0.00089057 0.00086253 0.00730440 0.38010057 0.06448001 0.24425552 0.02877822 0.07511721 0.03836232 0.14163612 0.01665630
4.10020501 4.82861242 0.00140510 0.00091253 0.00099167 0.00738082 0.37507811 0.06082782 0.24990458 0.02348868 0.07479061 0.04405611 0.14531417 0.01584980
4.20021001 4.81690200 0.00148487 0.00096959 0.00124408 0.00862799 0.36928861 0.05885558 0.24984324 0.02124360 0.07757829 0.04193112 0.14832027 0.02061275
4.30021501 4.81080581 0.00093538 0.00098495 0.00051293 0.00204674 0.37701704 0.06913019 0.25058949 0.02117253 0.07597531 0.03317212 0.15143321 0.01703010
4.40022001 4.80444548 0.00130520 0.00091318 0.00089857 0.00580375 0.38054655 0.06702331 0.24855630 0.02335404 0.07258624 0.03140033 0.14939772 0.01821480
4.50022501 4.79841095 0.00147160 0.00084710 0.00104577 0.00676016 0.38128057 0.07125257 0.25056710 0.01817241 0.06827990 0.03441832 0.14702533 0.01887918
4.60023001 4.79140827 0.00112297 0.00089516 0.00058674 0.00365369 0.38353777 0.07190200 0.25107525 0.01895389 0.07048173 0.03488285 0.14601009 0.01689786
4.70023501 4.78550413 0.00123127 0.00087086 0.00067291 0.00756424 0.38189122 0.06477049 0.25235381 0.02305359 0.06744236 0.03784252 0.14544174 0.01686498
4.80024001 4.78624697 0.00130525 0.00079899 0.00071426 0.00455947 0.38427141 0.05958588 0.25799834 0.02129915 0.05989552 0.04418776 0.14903574 0.01634824
4.90024501 4.78198127 0.00082796 0.00077989 0.00027058 0.00455681 0.38659666 0.05844378 0.25628471 0.02247014 0.05663509 0.04215084 0.15370364 0.01727988
5.00025001 4.77774617 0.00116598 0.00082136 0.00075895 0.00596315 0.38125926 0.06232704 0.26016286 0.02032024 0.05598427 0.03944529 0.15577224 0.01601936
5.10025501 4.77148573 0.00147537 0.00078677 0.00099238 0.01013730 0.38050900 0.06019335 0.26070875 0.02232222 0.05459799 0.03680149 0.15539750 0.01607788
5.20026001 4.76873899 0.00105634 0.00091606 0.00062999 0.00677481 0.37642302 0.05884160 0.26773094 0.02127879 0.05942815 0.03376970 0.15750182 0.01564877
5.30026501 4.75843322 0.00139448 0.00089446 0.00090461 0.00806917 0.37145706 0.05514997 0.26797343 0.02173618 0.05897711 0.03653858 0.16069793 0.01620701
5.40027001 4.75553398 0.00092704 0.00095094 0.00037613 0.00352046 0.37149037 0.05495666 0.26833650 0.02197355 0.06037015 0.03619009 0.16685204 0.01405608
5.50027501 4.74264596 0.00120196 0.00088999 0.00081846 0.00799105 0.37030241 0.05668101 0.27121641 0.01827610 0.05833142 0.03585452 0.16325977 0.01517690
5.60028001 4.73154975 0.00117827 0.00090159 0.00075588 0.00746356 0.37138110 0.06011160 0.26644276 0.01753789 0.06007315 0.03468709 0.16520140 0.01426571
5.70028501 4.72751760 0.00102457 0.00083833 0.00057847 0.00308174 0.37824923 0.06128482 0.26971810 0.01818418 0.05475943 0.03719117 0.16043490 0.01465504
5.80029001 4.72425808 0.00101116 0.00094855 0.00044934 0.00190645 0.38064180 0.04831789 0.26972165 0.02146464 0.05919594 0.03456965 0.16549206 0.01628087
5.90029501 4.72142436 0.00070416 0.00087870 0.00055573 0.00231711 0.38350408 0.04882426 0.27152712 0.01577765 0.05491039 0.03424501 0.16917971 0.01757607
6.00030002 4.71673418 0.00070684 0.00088903 0.00043389 0.00198105 0.39289619 0.05033283 0.26850716 0.01363091 0.05536070 0.03451242 0.16834692 0.01240205
6.10030502 4.70858186 0.00087596 0.00082986 0.00047397 0.00502071 0.38606119 0.05098225 0.27521559 0.01592427 0.04763252 0.03591122 0.16826084 0.01281162
6.20031002 4.70167081 0.00078302 0.00083875 0.00040955 0.00275469 0.38410131 0.05224642 0.27875147 0.01592651 0.04323199 0.03628042 0.17107648 0.01359940
6.30031502 4.69943556 0.00076004 0.00080877 0.00046582 0.00348462 0.38176822 0.05349665 0.27630480 0.01611098 0.04315720 0.03484001 0.17396100 0.01484187
6.40032002 4.69144747 0.00070386 0.00081594 0.00032844 0.00214918 0.37966349 0.05788305 0.27783307 0.01484230 0.04354978 0.03382692 0.17413773 0.01426625
6.50032502 4.68554915 0.00076377 0.00082395 0.00046069 0.00274723 0.38369932 0.05348541 0.28571197 0.01341539 0.04588819 0.02896167 0.17187657 0.01216583
6.60033002 4.67956096 0.00046689 0.00092574 0.00011475 0.00026677 0.38437460 0.04731357 0.28996656 0.01311734 0.05035436 0.02719809 0.17437874 0.01152259
6.70033502 4.67463255 0.00093926 0.00073909 0.00051827 0.00517609 0.38066956 0.04525785 0.28938099 0.01707071 0.04388188 0.02833529 0.17532848 0.01270253
6.80034002 4.66146790 0.00091197 0.00084126 0.00039919 0.00282194 0.37567070 0.04162149 0.29689706 0.01805678 0.04842490 0.02670825 0.17616609 0.01148038
6.90034502 4.65331628 0.00135466 0.00085334 0.00097454 0.00769983 0.37620385 0.03641752 0.29522094 0.01827271 0.04795703 0.02508027 0.17576484 0.01420047
7.00035002 4.63940825 0.00073210 0.00085388 0.00065807 0.00208869 0.37307989 0.04073061 0.29807070 0.01447208 0.04678708 0.02883488 0.17720845 0.01648357
7.10035502 4.63624976 0.00077968 0.00080011 0.00055145 0.00192186 0.37004698 0.04356474 0.29821582 0.01707964 0.04676905 0.03195888 0.17416803 0.01414375
7.20036002 4.63126788 0.00121862 0.00072619 0.00073292 0.00526577 0.36918407 0.04484638 0.29356411 0.02261249 0.04617656 0.03179728 0.17234907 0.01152654
7.30036502 4.62772721 0.00107533 0.00077317 0.00071916 0.00701729 0.36691771 0.04726450 0.29719561 0.01928781 0.04781743 0.03013650 0.17129608 0.01049940
7.40037002 4.62213799 0.00090131 0.00074455 0.00030369 0.00385375 0.36859689 0.04915328 0.30511614 0.02061209 0.04219839 0.02486743 0.17134403 0.01230845
7.50037502 4.61707713 0.00077790 0.00074329 0.00036583 0.00249644 0.36673270 0.04764511 0.30477745 0.01795308 0.04185383 0.02588944 0.17589274 0.01487220
7.60038002 4.60628566 0.00102383 0.00075892 0.00053764 0.00315036 0.36627185 0.04592137 0.30065952 0.01813755 0.04393186 0.03250031 0.17437784 0.01272893
7.70038502 4.59657923 0.00096237 0.00088423 0.00054895 0.00429416 0.36050077 0.04470871 0.30237490 0.01980170 0.04334466 0.02914188 0.17689544 0.01654223
7.80039002 4.58687691 0.00132746 0.00075163 0.00074569 0.00540746 0.35805866 0.05112370 0.30222793 0.01994362 0.04071998 0.03535323 0.17224181 0.01209884
7.90039502 4.58073370 0.00104035 0.00077832 0.00069169 0.01016055 0.36300608 0.04805007 0.29719386 0.01592251 0.04117616 0.03808298 0.17184558 0.01205185
8.00040002 4.57369636 0.00088863 0.00085889 0.00075751 0.00424635 0.36287378 0.04442172 0.29689883 0.01725838 0.04348428 0.03532778 0.17588421 0.01709963
8.10040502 4.56613525 0.00135689 0.00078108 0.00107859 0.00768856 0.36325935 0.04711149 0.29282601 0.01515775 0.04203535 0.03698599 0.17509820 0.01662073
8.20041002 4.56210326 0.00098766 0.00071501 0.00047496 0.00207096 0.36386821 0.05044241 0.29456047 0.02104100 0.04159472 0.03408280 0.17326159 0.01690022
8.30041502 4.55508742 0.00105075 0.00073491 0.00077147 0.00529303 0.36355236 0.04684947 0.29667613 0.02004454 0.04311764 0.03429406 0.16991897 0.01769667
8.40042002 4.55162659 0.00125387 0.00075438 0.00120066 0.00751880 0.36687539 0.04494586 0.30022157 0.01824241 0.04237613 0.02902403 0.16977253 0.01781436
8.50042502 4.54732784 0.00076601 0.00082211 0.00060893 0.00221375 0.36952145 0.04741860 0.30466043 0.01716442 0.04216372 0.02871344 0.17083229 0.01511485
8.60043002 4.54228828 0.00094303 0.00077831 0.00040221 0.00200214 0.36737376 0.04713897 0.30728632 0.02030618 0.03639562 0.03098180 0.17216599 0.01422567
8.70043502 4.53883412 0.00079709 0.00076779 0.00054788 0.00508061 0.37296602 0.04167513 0.30835262 0.01759993 0.03751202 0.03000260 0.17040154 0.01429676
8.80044002 4.52654702 0.00045964 0.00083010 0.00027487 0.00047843 0.37615933 0.04220636 0.31269579 0.01393456 0.03665412 0.03303561 0.16966066 0.01361053
8.90044502 4.51743969 0.00086167 0.00079076 0.00054005 0.00750090 0.37311695 0.04435793 0.31050271 0.01431420 0.03882443 0.02792654 0.17076515 0.01049870
9.00045002 4.51074523 0.00051298 0.00079471 0.00015491 0.00033377 0.37990010 0.04842894 0.31213151 0.01455539 0.03486263 0.02754969 0.17031105 0.01046431
9.10045502 4.50613795 0.00064504 0.00082791 0.00016182 0.00424760 0.37298135 0.04478069 0.30913042 0.01705110 0.03976095 0.02658775 0.17329937 0.01052601
9.20046002 4.50224443 0.00098741 0.00071587 0.00064862 0.00794699 0.37259011 0.04271239 0.30873072 0.01669933 0.03980845 0.02426487 0.17215485 0.01274041
9.30046502 4.50001679 0.00089423 0.00070300 0.00041138 0.00306425 0.38047961 0.04136586 0.31097350 0.01765765 0.03706247 0.02372245 0.17278142 0.01088417
9.40047002 4.49229200 0.00086434 0.00079971 0.00060250 0.00415748 0.37657864 0.03876545 0.31469414 0.01555340 0.03752969 0.02438334 0.17439782 0.01167348
9.50047502 4.48906203 0.00088973 0.00072015 0.00058480 0.00410282 0.37558390 0.03989585 0.31543776 0.01664550 0.03820691 0.02521478 0.17205127 0.01066652
9.60048002 4.48382156 0.00086227 0.00068276 0.00054356 0.00472501 0.37784656 0.04413850 0.31743231 0.01606647 0.03361670 0.02360881 0.16842168 0.01205538
9.70048502 4.47839233 0.00054549 0.00069714 0.00029694 0.00165422 0.38267053 0.04019575 0.32196628 0.01441719 0.03038142 0.02703531 0.16828463 0.01185511
9.80049002 4.46277854 0.00077531 0.00084582 0.00044623 0.00205091 0.37992288 0.04071408 0.32414275 0.01464824 0.03629537 0.02326953 0.16679318 0.01009571
9.90049502 4.45026219 0.00071533 0.00073377 0.00051107 0.00194411 0.38229817 0.03913484 0.32533888 0.01422641 0.03528694 0.02555417 0.16234225 0.01191407
10.00050003 4.44608643 0.00083726 0.00064905 0.00077232 0.00465448 0.38413067 0.03736335 0.32519291 0.01232847 0.03256009 0.02599281 0.16146728 0.01405132
10.10050503 4.44014475 0.00072802 0.00070235 0.00037238 0.00277789 0.38765985 0.04224801 0.32403965 0.01294724 0.03613193 0.02260228 0.16146622 0.00832418
10.20051003 4.43273161 0.00112265 0.00077974 0.00086772 0.00899439 0.38040239 0.04123440 0.32667669 0.01221201 0.03587092 0.01915195 0.16427026 0.00841688
10.30051503 4.42855504 0.00074636 0.00073552 0.00031194 0.00480888 0.38334543 0.03649301 0.33166222 0.01451044 0.03278978 0.01704779 0.16946705 0.00808158
10.40052003 4.42667964 0.00058011 0.00071716 0.00038165 0.00270781 0.38798839 0.03262526 0.33404924 0.01342099 0.03174508 0.01702439 0.16950014 0.00925980
10.50052503 4.42243986 0.00041142 0.00069433 0.00027614 0.00207928 0.38817901 0.02922117 0.33691942 0.01064041 0.03566284 0.01653778 0.16854441 0.01083381
10.60053003 4.41654136 0.00076604 0.00074730 0.00061738 0.00408921 0.38550075 0.02976109 0.33566581 0.01044424 0.03538304 0.01867125 0.17070310 0.00765079
10.70053503 4.40925738 0.00044238 0.00080893 0.00025478 0.00340788 0.39181611 0.02625173 0.33535013 0.01015295 0.03980770 0.01781726 0.16621713 0.00767302
10.80054003 4.39801306 0.00057494 0.00077048 0.00032735 0.00262153 0.39722726 0.02418600 0.33166130 0.01081094 0.04235635 0.01586024 0.16598461 0.00761900
10.90054503 4.39038209 0.00062578 0.00070611 0.00042925 0.00644809 0.39471533 0.02135022 0.32871928 0.01020605 0.04494675 0.01810971 0.16491253 0.00883091
11.00055003 4.37785700 0.00109703 0.00070960 0.00078769 0.00659097 0.39402981 0.02221013 0.32312589 0.01243071 0.04071609 0.02646654 0.16541860 0.00641692
11.10055503 4.37050543 0.00108994 0.00073030 0.00101587 0.01053007 0.39889140 0.01890793 0.32560816 0.00994125 0.03936781 0.02275984 0.16340232 0.00775510
11.20056003 4.36445353 0.00102863 0.00070997 0.00091230 0.00850402 0.40121493 0.02033673 0.32924103 0.01079108 0.03896282 0.02059629 0.15987126 0.00783095
11.30056503 4.36141982 0.00056203 0.00072159 0.00043763 0.00273825 0.40492368 0.02298006 0.32554825 0.01101221 0.03942914 0.02101422 0.16137734 0.00925560
11.40057003 4.35402739 0.00096267 0.00080256 0.00064453 0.00719900 0.40495375 0.02300416 0.31965246 0.01189498 0.03926174 0.02090823 0.16332948 0.00738642
11.50057503 4.34954412 0.00061993 0.00075641 0.00053712 0.00277839 0.40669377 0.02868636 0.31788946 0.00921660 0.03880529 0.01991068 0.16585507 0.00825092
11.60058003 4.34184106 0.00052591 0.00067180 0.00041946 0.00399410 0.40908782 0.02956898 0.31701914 0.00936909 0.03711240 0.02079170 0.16210885 0.00933075
11.70058503 4.33936397 0.00107714 0.00068770 0.00068878 0.00469051 0.40635586 0.02581100 0.32133160 0.01475708 0.03787469 0.01663082 0.16175016 0.00834467
11.80059003 4.33142484 0.00062634 0.00068179 0.00053230 0.00383909 0.40624279 0.02465330 0.32438312 0.01246877 0.03585875 0.01696068 0.16483356 0.00891952
11.90059503 4.32863412 0.00057411 0.00066998 0.00040530 0.00444885 0.40339011 0.02820603 0.33203472 0.01022509 0.03424592 0.01420078 0.16565927 0.00593985
12.00060003 4.32233075 0.00042037 0.00065060 0.00040508 0.00153285 0.40519566 0.02814290 0.33062779 0.00925990 0.03441492 0.01573262 0.16511103 0.00850628
12.10060503 4.31972144 0.00069007 0.00072202 0.00057287 0.00493018 0.40510481 0.02985097 0.32569368 0.01015027 0.03399731 0.01494741 0.16648218 0.00685822
12.20061003 4.31484321 0.00074527 0.00070808 0.00058819 0.00551208 0.40336959 0.03033809 0.32689847 0.00861054 0.03660233 0.01623783 0.16242153 0.00796801
12.30061503 4.30723868 0.00055907 0.00065805 0.00021951 0.00241095 0.40410957 0.03085926 0.33150255 0.01139450 0.03538332 0.01442987 0.16034651 0.00812684
12.40062003 4.29969837 0.00070835 0.00067890 0.00053027 0.00432947 0.40399215 0.02615759 0.32862658 0.01000937 0.03651546 0.01665844 0.16418691 0.00760651
12.50062503 4.29171493 0.00078374 0.00063967 0.00059312 0.00618021 0.40451352 0.02515006 0.32455886 0.01110602 0.03578835 0.01771849 0.16449960 0.00846836
12.60063003 4.28732096 0.00079214 0.00062609 0.00052873 0.00646625 0.40597825 0.02566090 0.32325523 0.00998790 0.03417296 0.02062857 0.16396746 0.00793551
12.70063503 4.28170726 0.00060202 0.00066645 0.00045578 0.00350992 0.40820986 0.02704508 0.32330356 0.00944635 0.03514556 0.02017035 0.16267457 0.00877051
12.80064003 4.27813069 0.00043367 0.00066047 0.00026922 0.00318029 0.40876346 0.02875295 0.32568485 0.00836555 0.03155760 0.02030653 0.16533363 0.00669179
12.90064503 4.27052283 0.00083284 0.00062841 0.00059508 0.00688886 0.40385422 0.02944526 0.32486930 0.01289908 0.03148986 0.01797644 0.16315821 0.00736243
13.00065003 4.26584112 0.00132780 0.00065867 0.00115534 0.00888855 0.39992955 0.02604299 0.32673647 0.01076496 0.03523755 0.01874932 0.16143775 0.00907104
13.10065503 4.26458366 0.00038539 0.00065587 0.00029810 0.00144207 0.41309856 0.02551781 0.32748222 0.00897403 0.03403310 0.01610559 0.16273024 0.00927702
13.20066003 4.26110682 0.00075007 0.00060472 0.00042615 0.00651105 0.41242766 0.02254636 0.32482537 0.01148495 0.03400892 0.01450999 0.16613333 0.00577143
13.30066503 4.25368403 0.00077143 0.00064522 0.00059479 0.00473611 0.41043431 0.02163173 0.32392542 0.00961294 0.03428889 0.01804177 0.16870616 0.00661124
13.40067003 4.24317719 0.00097187 0.00065493 0.00081619 0.00746170 0.40237671 0.02350702 0.32708552 0.00917255 0.03148059 0.02185564 0.16640225 0.00821502
13.50067503 4.23756201 0.00082631 0.00066835 0.00066810 0.00413881 0.40010080 0.02443698 0.32520469 0.01051949 0.03172006 0.02523854 0.16830610 0.00817178
13.60068003 4.23323685 0.00060305 0.00066265 0.00049568 0.00274210 0.40143409 0.02329404 0.32801195 0.01189897 0.03328910 0.02365176 0.16460223 0.00931440
13.70068503 4.22304695 0.00087929 0.00071071 0.00059108 0.00439642 0.40050472 0.02317989 0.32576336 0.01499373 0.03322599 0.02497640 0.16379522 0.00698320
13.80069003 4.21856681 0.00068701 0.00065813 0.00026228 0.00273543 0.40090186 0.02182166 0.33081952 0.01648240 0.03128457 0.02382833 0.16433591 0.00618290
13.90069503 4.21627475 0.00052155 0.00066433 0.00039220 0.00465862 0.40223749 0.02520329 0.32837202 0.01187118 0.02952392 0.02124950 0.16720224 0.00810367
14.00070004 4.21147303 0.00039383 0.00062572 0.00008150 0.00026645 0.39847544 0.03243798 0.33158326 0.01146830 0.02919948 0.01922530 0.17011610 0.00612664
14.10070504 4.20647383 0.00059280 0.00066324 0.00031685 0.00536132 0.39943903 0.02646782 0.33045008 0.01285021 0.02830130 0.01612482 0.17114635 0.00828618
14.20071004 4.19617724 0.00075996 0.00065733 0.00059952 0.00779524 0.40550149 0.02561445 0.33450185 0.01035781 0.02318429 0.01509783 0.16615504 0.00977520
14.30071504 4.19006489 0.00050215 0.00070112 0.00051162 0.00206977 0.41082173 0.02899341 0.33042689 0.00948237 0.02514402 0.01405710 0.16690624 0.01038357
14.40072004 4.18546593 0.00072794 0.00059770 0.00066523 0.00507113 0.40720920 0.03165727 0.32823080 0.00945730 0.02533291 0.01579261 0.16662939 0.00862851
14.50072504 4.17798423 0.00059472 0.00062707 0.00036542 0.00325882 0.40927906 0.02892716 0.33230624 0.00939553 0.02357493 0.01703857 0.16821270 0.00641978
14.60073004 4.17483588 0.00077921 0.00059179 0.00056667 0.00487394 0.41178612 0.02477373 0.33074347 0.01029709 0.02434275 0.01483391 0.16853587 0.00787545
14.70073504 4.17311697 0.00034269 0.00056882 0.00012627 0.00215344 0.41288668 0.02697097 0.33085968 0.00965863 0.02266693 0.01731420 0.16901790 0.00743380
14.80074004 4.16815251 0.00044235 0.00060568 0.00026450 0.00141142 0.40936801 0.02803313 0.32946845 0.00987914 0.02427120 0.01744927 0.17028666 0.00852019
14.90074504 4.15566514 0.00095157 0.00060284 0.00082003 0.00448563 0.40100313 0.02815463 0.32986483 0.01098778 0.02530412 0.01752836 0.17122508 0.00907199
15.00075004 4.14919428 0.00046990 0.00060949 0.00039754 0.00342255 0.39921952 0.03040115 0.33142448 0.00870300 0.02308793 0.01833487 0.17365857 0.01027100
15.10075504 4.14865015 0.00062974 0.00056246 0.00049495 0.00671445 0.40101708 0.02846959 0.32939686 0.00875436 0.02299345 0.01852789 0.17403016 0.00840902
15.20076004 4.14398837 0.00052437 0.00060231 0.00050537 0.00283394 0.40499646 0.02691337 0.33055224 0.00703883 0.02493067 0.01712930 0.17491831 0.00905482
15.30076504 4.14042202 0.00075996 0.00065370 0.00048904 0.00302234 0.40443795 0.02265383 0.33327082 0.00966926 0.02464141 0.01569649 0.17699612 0.00770909
15.40077004 4.13323704 0.00073031 0.00065000 0.00063585 0.00655702 0.40286078 0.02413402 0.32629118 0.00776586 0.02660127 0.01776401 0.17759677 0.00841293
15.50077504 4.13094990 0.00063239 0.00067821 0.00036116 0.00205432 0.40371491 0.02229388 0.32875286 0.01154827 0.02832494 0.01552828 0.17852909 0.00758170
15.60078004 4.12505425 0.00046097 0.00063082 0.00025647 0.00148722 0.40209991 0.02690880 0.32901776 0.00910305 0.03004602 0.01764160 0.17620549 0.00614191
15.70078504 4.11275184 0.00055467 0.00060141 0.00028346 0.00390405 0.40096586 0.02240375 0.32891840 0.01015854 0.02967048 0.02284042 0.17384385 0.00585511
15.80079004 4.10834672 0.00047836 0.00066796 0.00026618 0.00177481 0.40234661 0.02274329 0.33066268 0.00907433 0.02952197 0.02154264 0.17480078 0.00612039
15.90079504 4.10336983 0.00048761 0.00074266 0.00028789 0.00264626 0.40273219 0.01934692 0.32941651 0.00995447 0.03163970 0.02002273 0.17746894 0.00525412
16.00080004 4.09608264 0.00043173 0.00067206 0.00028433 0.00146735 0.40254237 0.01929145 0.33500756 0.01053125 0.03082337 0.01710020 0.17495464 0.00689369
16.10080504 4.09284544 0.00043150 0.00060778 0.00020442 0.00150188 0.40329009 0.01904657 0.33442622 0.01152572 0.02938008 0.01752874 0.17629582 0.00576117
16.20081004 4.09024322 0.00073008 0.00063509 0.00048438 0.00294715 0.40336847 0.02019816 0.33235123 0.01135902 0.02980656 0.01415690 0.17783865 0.00612431
16.30081504 4.08600986 0.00072660 0.00057860 0.00064451 0.00436661 0.40267090 0.01779666 0.33050238 0.01020716 0.02733934 0.01694567 0.17890877 0.00931280
16.40082004 4.08070971 0.00052064 0.00063492 0.00065454 0.00316851 0.40037170 0.01789876 0.33153549 0.00929476 0.02851613 0.01590072 0.18094177 0.01056208
16.50082504 4.07330427 0.00056990 0.00062096 0.00078982 0.00555329 0.39715873 0.01991022 0.33310808 0.00891775 0.02866737 0.01668841 0.17844485 0.00957062
16.60083004 4.06540435 0.00093412 0.00062956 0.00093506 0.00613484 0.40121974 0.01931402 0.32684894 0.01145017 0.02862780 0.01776920 0.17867396 0.00746259
16.70083504 4.06144093 0.00069676 0.00062125 0.00057123 0.00543558 0.39894074 0.02670760 0.32731403 0.01101145 0.02925088 0.01639790 0.17787311 0.00517948
16.80084004 4.05647832 0.00102489 0.00068197 0.00075977 0.00656393 0.39525375 0.02537049 0.32569501 0.01153245 0.03134977 0.01609493 0.17901950 0.00665354
16.90084504 4.04659843 0.00068523 0.00062935 0.00056330 0.00385327 0.39720377 0.02735626 0.32017635 0.01204872 0.02947429 0.02021735 0.17851624 0.00927588
17.00085004 4.03939416 0.00065364 0.00066810 0.00056329 0.00549196 0.38604405 0.02844970 0.32946450 0.01129179 0.03057844 0.01985449 0.17924491 0.00769513
17.10085504 4.03750620 0.00067577 0.00060145 0.00038022 0.00464629 0.38721179 0.02838342 0.32668273 0.01138117 0.03190395 0.02315797 0.17760007 0.00737516
17.20086004 4.03394787 0.00070605 0.00068174 0.00055613 0.00361350 0.38845868 0.02637631 0.32653191 0.01237928 0.03583537 0.02137142 0.17649230 0.00699731
17.30086504 4.03022585 0.00068561 0.00061949 0.00053257 0.00486286 0.39278375 0.02464462 0.32643927 0.01044335 0.03425029 0.02091297 0.17590722 0.00791803
17.40087004 4.02319974 0.00058475 0.00063462 0.00044140 0.00286895 0.39105340 0.02388439 0.32817402 0.01008812 0.03093078 0.02860100 0.17520717 0.00753140
17.50087504 4.01094727 0.00079828 0.00063144 0.00067504 0.00447920 0.38462119 0.03062395 0.32617148 0.01040657 0.02940544 0.02969965 0.17317044 0.00931731
17.60088004 4.00726885 0.00054202 0.00058649 0.00033433 0.00159007 0.37986208 0.03460855 0.33105616 0.01107582 0.02920415 0.02866251 0.17329112 0.00918670
17.70088504 4.00395727 0.00064879 0.00056034 0.00042888 0.00230227 0.38068233 0.03447681 0.32643359 0.01258928 0.02775717 0.03037248 0.17456658 0.00918149
17.80089004 3.99688095 0.00068539 0.00055303 0.00049846 0.00294005 0.37804733 0.03555462 0.32737535 0.01341032 0.02574635 0.02957150 0.17427794 0.01133965
17.90089504 3.98788531 0.00099463 0.00064046 0.00086711 0.00645878 0.38793523 0.03021047 0.32597130 0.01223786 0.02734254 0.02380991 0.17411047 0.00942124
18.00090005 3.97891433 0.00082828 0.00071352 0.00050832 0.00713993 0.38396749 0.03235061 0.32628584 0.01062141 0.02903855 0.02701093 0.17399460 0.00754052
18.10090505 3.97260233 0.00089123 0.00062700 0.00057071 0.00391143 0.38097392 0.03949668 0.32449395 0.01381590 0.03226772 0.02536083 0.16963741 0.00795322
18.20091005 3.97256753 0.00047200 0.00063953 0.00034552 0.00051065 0.38107666 0.03601473 0.32861747 0.01353808 0.03034512 0.02147239 0.17332122 0.01364663
18.30091505 3.96866855 0.00065223 0.00056340 0.00030818 0.00156137 0.38009346 0.03800824 0.32833251 0.01442901 0.02840102 0.02350882 0.17460962 0.00953215
18.40092005 3.96432773 0.00083076 0.00055124 0.00052702 0.00310652 0.37819015 0.04322592 0.32832110 0.01372267 0.02682346 0.02165388 0.17411405 0.00893323
18.50092505 3.96289361 0.00071425 0.00060951 0.00046652 0.00403544 0.38203654 0.03946988 0.32775507 0.01173076 0.02791698 0.02061575 0.17568190 0.00896739
18.60093005 3.95517418 0.00081683 0.00062387 0.00051958 0.00540953 0.38109969 0.03722884 0.32930398 0.01224994 0.03151978 0.01868440 0.17345267 0.00909088
18.70093505 3.94958138 0.00052583 0.00069691 0.00037756 0.00358076 0.38134136 0.03422383 0.32986942 0.00954451 0.03459184 0.02193642 0.17350047 0.00981109
18.80094005 3.94224989 0.00080240 0.00061818 0.00055209 0.00597439 0.37740915 0.03247173 0.33262812 0.01236282 0.03539513 0.02183483 0.16994942 0.01000174
18.90094505 3.93879306 0.00059695 0.00063634 0.00034725 0.00172601 0.37921972 0.03352216 0.33663116 0.01059945 0.03350237 0.02255616 0.17201041 0.00865202
19.00095005 3.93045640 0.00035443 0.00070392 0.00012736 0.00032957 0.37928274 0.03249240 0.33400898 0.00831114 0.03702018 0.02593782 0.17298417 0.00844727
19.10095505 3.92656053 0.00067704 0.00060019 0.00038040 0.00286425 0.38212513 0.03364048 0.33438248 0.01113581 0.03296755 0.02258639 0.16992466 0.00871563
19.20096005 3.92283882 0.00064232 0.00068911 0.00027588 0.00171651 0.38071918 0.03330388 0.33134207 0.01168077 0.03367442 0.02357479 0.17357522 0.00880586
19.30096505 3.91470665 0.00060895 0.00064324 0.00030356 0.00170459 0.38199276 0.03464753 0.33047975 0.01385847 0.02909056 0.02615215 0.16979369 0.01072475
19.40097005 3.90661446 0.00057468 0.00065645 0.00022396 0.00350449 0.38184094 0.03261966 0.33583731 0.01408371 0.02774803 0.02613520 0.16791727 0.00885830
19.50097505 3.89814280 0.00051899 0.00077356 0.00032851 0.00264341 0.38392219 0.03128847 0.33494662 0.01303435 0.03180218 0.02179062 0.16855546 0.01039565
19.60098005 3.89324613 0.00064942 0.00064512 0.00054038 0.00421787 0.38292177 0.03032788 0.33581811 0.01163201 0.03179845 0.02286329 0.16881654 0.00976916
19.70098505 3.88932597 0.00065323 0.00059849 0.00045462 0.00359826 0.38845860 0.03508801 0.33389766 0.01028329 0.02778026 0.02133256 0.16926500 0.00859004
19.80099005 3.88382643 0.00066913 0.00073297 0.00045909 0.00308623 0.38375224 0.03620364 0.33165602 0.00982789 0.03016494 0.02146663 0.17369384 0.00828738
19.90099505 3.87832879 0.00047620 0.00065381 0.00018954 0.00206236 0.38478967 0.03789339 0.33156163 0.01056862 0.03049463 0.02053407 0.17250025 0.00827582
20.00100005 3.87209944 0.00094607 0.00066663 0.00056340 0.00420287 0.38520444 0.03026727 0.33277742 0.01347925 0.03167217 0.01891189 0.17367934 0.00762926
20.10100505 3.87033411 0.00074643 0.00063119 0.00037552 0.00342157 0.38678141 0.03334172 0.33615235 0.01394775 0.02986946 0.01648864 0.17056559 0.00767837
20.20101005 3.86695397 0.00091629 0.00063509 0.00070552 0.00430831 0.39103150 0.02894103 0.33457420 0.01095154 0.03214215 0.01694793 0.16961707 0.00922937
20.30101505 3.86108432 0.00088160 0.00060660 0.00066748 0.00540052 0.39345693 0.02783016 0.33657530 0.00922363 0.02986429 0.01751783 0.17149688 0.00647878
20.40102005 3.85269826 0.00039884 0.00063671 0.00011102 0.00032182 0.39397118 0.02638329 0.33598745 0.00858015 0.02950500 0.02573019 0.17189966 0.00647470
20.50102505 3.84219966 0.00069841 0.00063722 0.00054318 0.00520283 0.39096940 0.02270773 0.33296279 0.00821806 0.03347137 0.02609899 0.16995922 0.00853080
20.60103005 3.83694970 0.00058764 0.00063207 0.00037014 0.00166519 0.39384816 0.01817655 0.33234444 0.01311441 0.03523603 0.02504160 0.16993930 0.00904448
20.70103505 3.83222655 0.00043662 0.00069283 0.00018796 0.00129376 0.39847660 0.01958581 0.33040068 0.01329328 0.03534456 0.02320478 0.17108533 0.00599779
20.80104005 3.82841404 0.00061152 0.00064767 0.00046677 0.00386441 0.39734387 0.02287338 0.32992035 0.01101284 0.03675504 0.01974705 0.17133307 0.00542403
20.90104505 3.82060938 0.00061473 0.00067738 0.00044075 0.00442445 0.40207855 0.02324354 0.33129843 0.00978298 0.03711125 0.01685542 0.16883439 0.00463812
21.00105005 3.81790973 0.00050619 0.00060391 0.00038046 0.00274621 0.40382892 0.02410517 0.33191247 0.00903404 0.03359697 0.01823705 0.16805773 0.00699089
21.10105505 3.81307372 0.00049588 0.00061044 0.00043934 0.00652220 0.39766981 0.02168706 0.33343992 0.00801668 0.03497335 0.01763881 0.16730648 0.01120004
21.20106005 3.80869906 0.00055376 0.00062029 0.00055378 0.00277646 0.39786032 0.02515120 0.33249770 0.00868290 0.03646582 0.01526635 0.16855588 0.01101557
21.30106505 3.80704152 0.00064709 0.00058507 0.00033242 0.00164176 0.40188410 0.02608119 0.33237359 0.01241821 0.03120937 0.01558953 0.16994787 0.00728980
21.40107005 3.80305834 0.00036383 0.00060176 0.00039126 0.00146783 0.40261887 0.02585660 0.33181282 0.01026300 0.03260073 0.01437555 0.17036583 0.00928194
21.50107505 3.79672180 0.00046451 0.00062485 0.00037941 0.00506416 0.40006265 0.02688704 0.33342172 0.00846329 0.03604002 0.01253405 0.16985075 0.00620754
21.60108005 3.78912450 0.00056306 0.00063847 0.00062525 0.00317275 0.40283682 0.02721962 0.33274094 0.00624033 0.03408184 0.01323535 0.16970193 0.00894365
21.70108505 3.77491946 0.00085549 0.00063479 0.00090605 0.00767953 0.39661327 0.02656389 0.33855850 0.00618540 0.03093349 0.01411888 0.16725995 0.00969076
21.80109005 3.76591633 0.00073031 0.00069489 0.00075409 0.00514367 0.38970762 0.03026644 0.34005127 0.00493767 0.03038552 0.01769354 0.16916071 0.01047429
21.90109505 3.76298536 0.00072853 0.00068849 0.00065458 0.00685658 0.39155231 0.02850751 0.34147236 0.00668530 0.02978790 0.01719764 0.16849894 0.00736986
22.00110006 3.75669186 0.00088823 0.00060050 0.00043187 0.00346684 0.39158336 0.03147803 0.33769906 0.01104686 0.03077601 0.01755646 0.16734107 0.00713170
22.10110506 3.74953901 0.00035742 0.00068729 0.00016634 0.00336188 0.39294404 0.02986426 0.34086241 0.00702697 0.02868962 0.01654868 0.17281663 0.00667446
22.20111006 3.74232568 0.00047425 0.00065405 0.00023392 0.00151703 0.39341197 0.02788593 0.34066100 0.00796071 0.03259970 0.01688538 0.17067328 0.00704277
22.30111506 3.73153703 0.00056445 0.00071511 0.00043259 0.00480009 0.39543792 0.02811885 0.33798152 0.00786120 0.03436382 0.01398264 0.16750163 0.00824018
22.40112006 3.72705531 0.00079513 0.00072433 0.00055623 0.00449748 0.39480657 0.02485866 0.34011011 0.00962247 0.03545381 0.01275229 0.16890518 0.00691775
22.50112506 3.72284773 0.00073265 0.00061386 0.00060407 0.00524568 0.39233671 0.02865489 0.33840341 0.00934634 0.03548146 0.01276163 0.16916456 0.00665473
22.60113006 3.71566384 0.00112328 0.00062639 0.00075717 0.00844775 0.39259066 0.02829134 0.33388679 0.01076328 0.03545199 0.01262561 0.16944418 0.00599156
22.70113506 3.70998152 0.00081971 0.00059180 0.00051703 0.00504641 0.38734697 0.03549626 0.33704800 0.01074848 0.03367024 0.01359093 0.16934298 0.00578118
22.80114006 3.70198121 0.00074907 0.00058635 0.00049902 0.00373255 0.38703505 0.03883662 0.32699620 0.01159079 0.03677411 0.01713864 0.16860829 0.00745331
22.90114506 3.69609701 0.00080208 0.00052703 0.00052080 0.00456227 0.38628332 0.03577544 0.32687265 0.01277861 0.03521549 0.01935359 0.16710151 0.01020722
23.00115006 3.69132755 0.00057293 0.00052495 0.00029851 0.00206296 0.38836607 0.03544169 0.32644803 0.01432521 0.03322517 0.02249004 0.16543577 0.01080865
23.10115506 3.68108690 0.00061353 0.00069475 0.00043578 0.00401449 0.38263396 0.03536329 0.33055952 0.01295582 0.03492113 0.02182770 0.16519065 0.01078939
23.20116006 3.67509611 0.00061180 0.00066688 0.00039339 0.00290685 0.39386781 0.03680349 0.32732785 0.01115676 0.03361943 0.02086518 0.16451803 0.00726252
23.30116506 3.67074988 0.00040846 0.00066928 0.00015573 0.00210952 0.39154489 0.03486062 0.32922034 0.01016510 0.03532534 0.02092977 0.16724015 0.00737079
23.40117006 3.66819925 0.00051926 0.00072740 0.00012473 0.00229263 0.39024224 0.02959192 0.32942016 0.01266430 0.03963812 0.01917965 0.16797208 0.00762752
23.50117506 3.66489435 0.00047655 0.00068319 0.00006982 0.00038741 0.38901422 0.02753914 0.33088200 0.01286318 0.04377963 0.01879092 0.16764095 0.00787298
23.60118006 3.66080296 0.00054586 0.00060221 0.00034129 0.00200278 0.38732612 0.02660634 0.33754477 0.00991822 0.03894407 0.01770417 0.16958283 0.00888135
23.70118506 3.65614624 0.00093643 0.00056019 0.00094243 0.00672968 0.38795057 0.02367202 0.33556994 0.01018179 0.03817914 0.01823443 0.16774017 0.00930321
23.80119006 3.65547848 0.00064150 0.00056789 0.00054893 0.00650713 0.38774077 0.02649453 0.34071664 0.00909827 0.03685738 0.01562635 0.16811732 0.00708329
23.90119506 3.65353570 0.00070185 0.00057352 0.00062233 0.00419186 0.38503996 0.02621021 0.34204586 0.00866388 0.03506104 0.01747298 0.17127963 0.00813687
24.00120006 3.64789843 0.00045079 0.00065694 0.00018454 0.00360553 0.38276528 0.02447477 0.33595837 0.00987626 0.03436705 0.02339712 0.17825236 0.00601099
24.10120506 3.64010120 0.00047483 0.00069738 0.00035116 0.00353281 0.37722002 0.03017880 0.33244682 0.01010726 0.03286289 0.02720893 0.17677290 0.00814621
24.20121006 3.63552453 0.00036350 0.00066398 0.00014656 0.00216558 0.37991994 0.03339785 0.33295816 0.00990868 0.03385590 0.02343764 0.17460201 0.00858019
24.30121506 3.62753796 0.00137563 0.00062807 0.00114215 0.01008991 0.37623527 0.03198688 0.33315744 0.01079902 0.03245541 0.02244105 0.17152380 0.00816536
24.40122006 3.62484907 0.00061651 0.00059072 0.00017818 0.00047224 0.38291761 0.03452899 0.33547532 0.01432219 0.02757134 0.02249596 0.16944501 0.01138593
24.50122506 3.61903536 0.00092578 0.00057431 0.00057131 0.00463370 0.37823372 0.03394834 0.33575062 0.01528281 0.02948901 0.02305958 0.16795233 0.00957848
24.60123006 3.61209701 0.00087757 0.00058359 0.00068931 0.00636518 0.37246880 0.03478326 0.33640969 0.01354464 0.02803317 0.02522371 0.17050475 0.01051634
24.70123506 3.60527941 0.00088691 0.00064117 0.00041397 0.00359576 0.37612462 0.03545616 0.33365336 0.01618475 0.02664990 0.02725628 0.17093094 0.00820618
24.80124006 3.60408437 0.00067346 0.00064020 0.00042389 0.00219327 0.37741518 0.03719064 0.33144293 0.01501653 0.02555620 0.02555314 0.17294550 0.01094907
24.90124506 3.59773153 0.00097263 0.00063823 0.00089634 0.00630157 0.38602129 0.03013874 0.33267869 0.00969223 0.02686211 0.02116278 0.17179968 0.01283571
25.00125006 3.59158853 0.00066688 0.00061772 0.00044685 0.00180412 0.39105448 0.02982523 0.33160916 0.01263557 0.02839890 0.02142233 0.17031974 0.01119902
25.10125506 3.58491578 0.00047423 0.00056750 0.00032106 0.00056435 0.38639694 0.03162813 0.33321068 0.01110592 0.02777983 0.02601750 0.17004505 0.01188881
25.20126006 3.57772656 0.00036106 0.00060747 0.00027480 0.00213049 0.38410072 0.03671283 0.33616998 0.00864562 0.02949955 0.02224042 0.16962227 0.00963477
25.30126506 3.57191898 0.00103015 0.00055288 0.00094075 0.00895310 0.38506425 0.03524569 0.33249196 0.00850617 0.02764287 0.02027436 0.17024803 0.00904978
25.40127006 3.56548173 0.00046753 0.00065520 0.00021859 0.00210052 0.38153261 0.03066668 0.34120449 0.00943012 0.03045847 0.02154223 0.17214924 0.00957432
25.50127506 3.55915229 0.00055753 0.00058962 0.00031865 0.00168076 0.37909452 0.03532360 0.34101657 0.00900450 0.02994111 0.02119005 0.17335819 0.00792491
25.60128006 3.55440329 0.00061511 0.00060747 0.00042115 0.00363473 0.38062520 0.03304100 0.33589816 0.00955770 0.03353903 0.01896325 0.17333013 0.00976706
25.70128506 3.55264227 0.00074402 0.00062248 0.00046394 0.00305163 0.37992693 0.03300107 0.33288797 0.01073588 0.03341585 0.01975989 0.17714678 0.00824357
