0.00000000 11.00000000 0.00000000 0.00000000 0.00000000 0.00000000 0.00000000 0.00000000 0.00000000 1.00000000 0.00000000 0.00000000 0.00000000 0.00000000
0.10000500 11.00222419 0.01274663 0.00061418 0.00387121 0.10753626 0.08942483 0.09811693 0.01222177 0.53650587 0.05694873 0.05565602 0.00879049 0.01756708
0.20001000 11.00147642 0.00607883 0.00078371 0.00261842 0.06380289 0.14325712 0.17738424 0.03341834 0.33007728 0.08809593 0.09919780 0.02844489 0.02684053
0.30001500 11.00033836 0.00346920 0.00069015 0.00161014 0.02785430 0.15814427 0.20811012 0.05871761 0.22831070 0.09452289 0.12869691 0.04592508 0.04394863
0.40002000 10.99814923 0.00316323 0.00059135 0.00151511 0.02962945 0.19029765 0.19842258 0.06575642 0.17137504 0.09408231 0.15582801 0.04527226 0.04406659
0.50002500 10.99574543 0.00276325 0.00065525 0.00123870 0.02207151 0.21012057 0.19313076 0.06548508 0.13546645 0.10362224 0.17778836 0.05011686 0.03754097
0.60003000 10.99452858 0.00296571 0.00070443 0.00149357 0.03127100 0.21183937 0.17696727 0.08234327 0.12110973 0.10168116 0.17288797 0.05743177 0.03930476
0.70003500 10.99233717 0.00278564 0.00073168 0.00148869 0.03235993 0.22696760 0.17056543 0.10038247 0.10065043 0.10042724 0.15820035 0.06349101 0.04194952
0.80004000 10.98527570 0.00223841 0.00077286 0.00123656 0.02192972 0.23871332 0.16810441 0.12206285 0.07551051 0.10448233 0.15610603 0.06996863 0.03887435
0.90004500 10.97801621 0.00181707 0.00075090 0.00115017 0.02218460 0.25016335 0.16817906 0.12660821 0.06609245 0.09905314 0.14369396 0.07542440 0.04488269
1.00005000 10.97415466 0.00170893 0.00070764 0.00129374 0.01833438 0.25196897 0.16869491 0.13564846 0.05687674 0.10040388 0.13969151 0.07527105 0.04939978
1.10005500 10.96734449 0.00163613 0.00070692 0.00121226 0.01635505 0.26852490 0.15788088 0.14967125 0.05302268 0.10187244 0.12794292 0.07522449 0.04595007
1.20006000 10.96117523 0.00143857 0.00066629 0.00117567 0.01703286 0.26859603 0.16414776 0.15624684 0.04464911 0.09082802 0.12375735 0.08166282 0.04979870
1.30006500 10.95613281 0.00154138 0.00066925 0.00119318 0.01641772 0.28177542 0.16426104 0.16254526 0.04387205 0.08543817 0.11474643 0.08357190 0.04396820
1.40007000 10.95047816 0.00143894 0.00063754 0.00093084 0.01650122 0.28976155 0.16684422 0.16975797 0.04449977 0.08260561 0.10594865 0.08523733 0.03583636
1.50007500 10.94708828 0.00125955 0.00063502 0.00076937 0.01053296 0.29793324 0.17183470 0.16932301 0.04394257 0.08000474 0.10682856 0.08410398 0.03283230
1.60008000 10.94136279 0.00145650 0.00060281 0.00083381 0.01268440 0.30544109 0.17390257 0.17064154 0.04379924 0.07631063 0.09445238 0.08900393 0.03087110
1.70008500 10.93565602 0.00148408 0.00062063 0.00093578 0.01996663 0.31560071 0.16495357 0.17541305 0.03928102 0.07685437 0.08487237 0.08951123 0.03050654
1.80009000 10.92861570 0.00125715 0.00064320 0.00072639 0.01074853 0.32809189 0.16253244 0.17659393 0.04003691 0.08031067 0.07618749 0.09236031 0.03051111
1.90009500 10.92271089 0.00153204 0.00061988 0.00089321 0.02004949 0.33072109 0.15429017 0.17951211 0.03982415 0.08172624 0.06713774 0.09742068 0.02627320
2.00010001 10.92039774 0.00122982 0.00062170 0.00064059 0.01345823 0.34258797 0.15004711 0.18594302 0.03768995 0.07838192 0.05878644 0.10246539 0.02814786
2.10010501 10.91454023 0.00154418 0.00056581 0.00099060 0.02056898 0.35021247 0.15247208 0.18757156 0.03488614 0.07233515 0.05084199 0.10131501 0.02669601
2.20011001 10.90944387 0.00119689 0.00061915 0.00078506 0.01631664 0.35008715 0.14834695 0.19062147 0.02828869 0.07783940 0.05349388 0.10283282 0.02957189
2.30011501 10.90541563 0.00108134 0.00059550 0.00060028 0.00720237 0.35146279 0.14491660 0.19599433 0.03311069 0.07889959 0.05126593 0.10704779 0.02782278
2.40012001 10.90348870 0.00070476 0.00060132 0.00030081 0.00051628 0.36276748 0.14499139 0.20084525 0.02751861 0.07763870 0.04949608 0.10814724 0.02647207
2.50012501 10.90099875 0.00080567 0.00056649 0.00048702 0.00563307 0.36773126 0.14490182 0.20337367 0.02082973 0.07034303 0.04642050 0.11398555 0.02492219
2.60013001 10.89388964 0.00072431 0.00057573 0.00041731 0.00395976 0.37688598 0.13836075 0.20972661 0.02050701 0.06836612 0.04413582 0.11244556 0.02389504
2.70013501 10.89395526 0.00089515 0.00057001 0.00056906 0.01289362 0.38063426 0.13073809 0.21774345 0.02046547 0.06736180 0.03565327 0.10969048 0.02278533
2.80014001 10.88685647 0.00128844 0.00049776 0.00100413 0.01898814 0.37628566 0.12718089 0.22355350 0.02256890 0.05847063 0.03754854 0.10719246 0.02542095
2.90014501 10.88344527 0.00097243 0.00051096 0.00059833 0.01087386 0.37878955 0.12904384 0.23226977 0.02724685 0.04929825 0.03795459 0.10913148 0.02331010
3.00015001 10.88121756 0.00092688 0.00046840 0.00058165 0.01083990 0.38293232 0.12831827 0.23601679 0.02382772 0.04727004 0.03908951 0.10931245 0.02041607
3.10015501 10.87596827 0.00097658 0.00047626 0.00066883 0.01293444 0.38057658 0.12407907 0.24307586 0.02115583 0.04381304 0.04432077 0.11005825 0.01786448
3.20016001 10.86845965 0.00099355 0.00047356 0.00070926 0.01414402 0.38270515 0.11378789 0.24022363 0.02353345 0.04722446 0.04364200 0.11137320 0.02118983
3.30016501 10.86355716 0.00105841 0.00044506 0.00078201 0.01202939 0.38651369 0.12178913 0.23553741 0.01753853 0.04182583 0.04396425 0.11567800 0.02283830
3.40017001 10.85697874 0.00090486 0.00043193 0.00061936 0.01401293 0.40442079 0.11175048 0.23218752 0.01968533 0.03832121 0.04394108 0.11463855 0.01908596
3.50017501 10.85400149 0.00079959 0.00052707 0.00069447 0.01245905 0.41507214 0.10325894 0.23286337 0.01345878 0.04647121 0.03617214 0.11706621 0.02115702
3.60018001 10.84739883 0.00074888 0.00047153 0.00050122 0.00949206 0.40960221 0.09515388 0.23675699 0.02253490 0.04862894 0.03633824 0.11654033 0.02323082
3.70018501 10.84465276 0.00079340 0.00047287 0.00060549 0.01149651 0.41260385 0.09552992 0.24065508 0.01933982 0.04224706 0.03553296 0.12402114 0.01670190
3.80019001 10.83814319 0.00074384 0.00047043 0.00053677 0.01050684 0.41535058 0.08846828 0.24175230 0.02005787 0.04528565 0.02970940 0.12714104 0.01997700
3.90019501 10.83088019 0.00079919 0.00050332 0.00059983 0.01253794 0.40854289 0.09043750 0.25167892 0.01356126 0.04841534 0.02918787 0.12885953 0.01487642
4.00020001 10.82823357 0.00072422 0.00050058 0.00056229 0.01070942 0.41744027 0.07926944 0.25251748 0.01272083 0.05198734 0.02697862 0.12955433 0.01703518
4.10020501 10.82150795 0.00070043 0.00047407 0.00052601 0.01089395 0.42041982 0.07638530 0.25461747 0.01417012 0.04906116 0.02902101 0.12942748 0.01430320
4.20021001 10.81336236 0.00041273 0.00047792 0.00030374 0.00212164 0.42950121 0.07434817 0.26389610 0.01331127 0.03785523 0.02801967 0.13026954 0.01948278
4.30021501 10.80934146 0.00049018 0.00042583 0.00044101 0.00765867 0.43216068 0.07460096 0.26014190 0.00974296 0.03411212 0.03184342 0.12915948 0.01922280
4.40022001 10.80378429 0.00051347 0.00041567 0.00042555 0.01164030 0.43432640 0.07289974 0.26091071 0.01086611 0.03212382 0.03147964 0.12622340 0.01817518
4.50022501 10.79806981 0.00067883 0.00041830 0.00059730 0.01042798 0.43381077 0.06747066 0.25970406 0.01335260 0.02889245 0.03420741 0.13117442 0.01926523
4.60023001 10.79547582 0.00058173 0.00044089 0.00047193 0.00719469 0.42866080 0.07027495 0.25591836 0.01301201 0.03062531 0.03585018 0.13835463 0.01861453
4.70023501 10.78968204 0.00047979 0.00045270 0.00029409 0.00405127 0.42396040 0.07122412 0.26043311 0.01400110 0.03044128 0.03356150 0.14471250 0.01638813
4.80024001 10.78809023 0.00052154 0.00042089 0.00047936 0.00903706 0.42057806 0.07290768 0.26213422 0.00997160 0.02829731 0.02892970 0.14856952 0.01815305
4.90024501 10.78347576 0.00048341 0.00041776 0.00042851 0.00538531 0.41831770 0.07813164 0.26564054 0.00860041 0.02866870 0.02751519 0.14895529 0.01745554
5.00025001 10.78160619 0.00056349 0.00044064 0.00048659 0.01059737 0.42073191 0.07447311 0.26808102 0.00788497 0.02885041 0.02184019 0.15189602 0.01415429
5.10025501 10.77711651 0.00068752 0.00043642 0.00060107 0.01084654 0.41915088 0.07894708 0.26744600 0.00905840 0.02697659 0.02231653 0.14799011 0.01554287
5.20026001 10.76931286 0.00050628 0.00043395 0.00030703 0.00365031 0.41825080 0.07680622 0.26745339 0.01659659 0.03014861 0.02595271 0.14371325 0.01618087
5.30026501 10.76600616 0.00055986 0.00043338 0.00039357 0.00727393 0.41808919 0.07677663 0.26586150 0.01267982 0.03351896 0.02826143 0.14409696 0.01205478
5.40027001 10.75867706 0.00077106 0.00041310 0.00056869 0.01605424 0.41419266 0.06967431 0.26810560 0.01607733 0.03096473 0.02786045 0.14232391 0.01299392
5.50027501 10.75283391 0.00071338 0.00043699 0.00053822 0.01085999 0.41643195 0.06707897 0.27082027 0.01378793 0.03576183 0.02593182 0.14454897 0.01308970
5.60028001 10.74565032 0.00058937 0.00041471 0.00050880 0.00890496 0.42880781 0.06848154 0.26337095 0.01034287 0.03596529 0.02398885 0.14544123 0.01318361
5.70028501 10.74174817 0.00054326 0.00042534 0.00034389 0.00528113 0.42666396 0.06892972 0.26055223 0.01416669 0.03523115 0.02411476 0.15112733 0.01262055
5.80029001 10.73292297 0.00069388 0.00042729 0.00050791 0.01207730 0.42335020 0.06716461 0.25844143 0.01332263 0.03148995 0.02941848 0.15429113 0.00881518
5.90029501 10.72443656 0.00071099 0.00042882 0.00056463 0.01095973 0.41844710 0.06842914 0.26060562 0.01441977 0.03172979 0.02611328 0.15278867 0.01480247
6.00030002 10.72187315 0.00048342 0.00049582 0.00033250 0.00359138 0.42688621 0.06691110 0.25814850 0.01455836 0.03029897 0.02415630 0.16017050 0.01396694
6.10030502 10.71726685 0.00072209 0.00050036 0.00053965 0.01040768 0.42647933 0.06235472 0.25994080 0.01690938 0.03098374 0.01885646 0.15809578 0.01421001
6.20031002 10.71130804 0.00037499 0.00052724 0.00019218 0.00215860 0.42275700 0.06472359 0.25734111 0.01433233 0.03749355 0.02719588 0.16188111 0.01102242
6.30031502 10.70105728 0.00041165 0.00050259 0.00030433 0.00765409 0.41200301 0.06537393 0.25370607 0.01196667 0.04086433 0.03366195 0.16092401 0.01262738
6.40032002 10.69724164 0.00036764 0.00046223 0.00022097 0.00403484 0.41771546 0.06137671 0.26036425 0.01201537 0.03995710 0.02849637 0.16350097 0.01148810
6.50032502 10.68980788 0.00036577 0.00044305 0.00024364 0.00400775 0.42675059 0.06224988 0.25919375 0.01119532 0.03528422 0.02600894 0.16032839 0.01392871
6.60033002 10.69019134 0.00064502 0.00049821 0.00042076 0.00731255 0.43052287 0.05802743 0.25693376 0.01521319 0.03979350 0.02004785 0.15825166 0.01233319
6.70033502 10.68479226 0.00046797 0.00049500 0.00030137 0.00758153 0.43362833 0.05966123 0.26484585 0.00976506 0.03184167 0.01913092 0.16118915 0.01109192
6.80034002 10.67256667 0.00057448 0.00046757 0.00049791 0.00867311 0.43079210 0.05746355 0.26545558 0.01090673 0.02573627 0.02540044 0.16154849 0.01248378
6.90034502 10.66892651 0.00036998 0.00049465 0.00022563 0.00543249 0.43480542 0.05475316 0.26516929 0.01225532 0.02819371 0.02542095 0.16533694 0.00754246
7.00035002 10.66373728 0.00066554 0.00045767 0.00049929 0.01048745 0.42800320 0.04899577 0.26877091 0.01277927 0.03063517 0.02767581 0.16213306 0.00889687
7.10035502 10.66118715 0.00052151 0.00045983 0.00041548 0.00907951 0.42907985 0.05051221 0.26737518 0.01083113 0.02866179 0.02463535 0.16642336 0.01200480
7.20036002 10.65621540 0.00064519 0.00047196 0.00060801 0.01256278 0.42970356 0.04601731 0.26546000 0.00999639 0.02946656 0.02331267 0.16689792 0.01485766
7.30036502 10.65161155 0.00062776 0.00042023 0.00057212 0.01259210 0.42683206 0.04754349 0.26791268 0.00994624 0.02708624 0.02840277 0.16374878 0.01431552
7.40037002 10.64054495 0.00073357 0.00044511 0.00049366 0.01267572 0.42440820 0.04644118 0.27058166 0.01341686 0.02893490 0.03295334 0.15963012 0.00928567
7.50037502 10.63180809 0.00065960 0.00048271 0.00050449 0.01211329 0.42523388 0.04555829 0.27392068 0.01006108 0.03070069 0.03148124 0.16166203 0.00762201
7.60038002 10.62459523 0.00042618 0.00046551 0.00024714 0.00551753 0.41845327 0.05023787 0.27656586 0.01126497 0.03242671 0.03105519 0.16608865 0.00725113
7.70038502 10.61287827 0.00037882 0.00047197 0.00022438 0.00364502 0.42189478 0.04621602 0.27862670 0.01092493 0.03127030 0.03526471 0.16373625 0.00734613
7.80039002 10.61025633 0.00056492 0.00046038 0.00045682 0.01074920 0.42700845 0.04752712 0.27196601 0.00880813 0.02991064 0.02855439 0.16465452 0.00933943
7.90039502 10.60357935 0.00056859 0.00050782 0.00050863 0.01464141 0.43046959 0.04078433 0.26588565 0.00974301 0.03399694 0.02916545 0.16114000 0.01258858
8.00040002 10.59914790 0.00042596 0.00047051 0.00031699 0.00539446 0.42765698 0.05330721 0.26358108 0.00957414 0.03441770 0.03206951 0.16187374 0.01091174
8.10040502 10.59410631 0.00067449 0.00044256 0.00044315 0.00828236 0.42645511 0.05296736 0.26142208 0.01818775 0.03082876 0.02680479 0.16485149 0.00864010
8.20041002 10.58612964 0.00058760 0.00044764 0.00043254 0.01155063 0.42872155 0.04659515 0.26426335 0.01586100 0.02734198 0.02779355 0.16322548 0.01317953
8.30041502 10.57829092 0.00051870 0.00046066 0.00035529 0.00532931 0.43282895 0.04594553 0.26758884 0.01732948 0.03165582 0.02609325 0.15946572 0.01242844
8.40042002 10.57558093 0.00058946 0.00046593 0.00041950 0.00751082 0.42903021 0.04103262 0.27260282 0.01682514 0.03513835 0.02365119 0.16076270 0.01197126
8.50042502 10.57028010 0.00041314 0.00045616 0.00035103 0.00378147 0.43128646 0.04248429 0.27460722 0.01314298 0.03317551 0.02676616 0.16047466 0.01306093
8.60043002 10.56784776 0.00050973 0.00045730 0.00041147 0.00721290 0.43256132 0.04002789 0.27262878 0.01036593 0.03496757 0.02776778 0.16338502 0.00970428
8.70043502 10.56239667 0.00042222 0.00045040 0.00031430 0.00725533 0.43512170 0.04232605 0.27622738 0.00982441 0.03134986 0.02412109 0.16285066 0.00973661
8.80044002 10.55598218 0.00086623 0.00042456 0.00076417 0.01669347 0.43213361 0.04139938 0.27214116 0.01106237 0.02924415 0.02237266 0.16205652 0.01084172
8.90044502 10.54628854 0.00054654 0.00049000 0.00044435 0.00880644 0.43814586 0.04355457 0.26899715 0.01070253 0.02802432 0.02423648 0.16634268 0.00970908
9.00045002 10.54150349 0.00025203 0.00048997 0.00022972 0.00171344 0.43774589 0.04538584 0.27834192 0.00750853 0.02767644 0.02493149 0.16574578 0.00997894
9.10045502 10.53763359 0.00019773 0.00042662 0.00018605 0.00016378 0.43626267 0.05021766 0.27832949 0.00744844 0.02632723 0.02401473 0.16465399 0.01177161
9.20046002 10.53275993 0.00029784 0.00043113 0.00018221 0.00399971 0.43697874 0.04569291 0.27652545 0.00911584 0.03014900 0.02185214 0.16591568 0.00885934
9.30046502 10.52863617 0.00056253 0.00042910 0.00050519 0.01017337 0.43676601 0.04241214 0.27704416 0.00982729 0.02708135 0.01927399 0.16467938 0.01124548
9.40047002 10.52246489 0.00048244 0.00045062 0.00033031 0.00379778 0.42964343 0.03896167 0.28335513 0.01438001 0.03070011 0.02106995 0.16385071 0.01297784
9.50047502 10.52104866 0.00028018 0.00046372 0.00023771 0.00364318 0.44196568 0.04122020 0.28185679 0.00596108 0.03624299 0.01673457 0.16147082 0.00992308
9.60048002 10.51142576 0.00038683 0.00049258 0.00039556 0.00693592 0.43812010 0.03964782 0.28343151 0.00542258 0.03207228 0.01461199 0.16788352 0.01059928
9.70048502 10.50417092 0.00043380 0.00046005 0.00033266 0.00702394 0.44148303 0.03850281 0.28144509 0.00867160 0.03372226 0.01355646 0.16688956 0.00747875
9.80049002 10.49773022 0.00054225 0.00045721 0.00052467 0.01238273 0.44107884 0.04324883 0.27517941 0.00615414 0.02874819 0.01450148 0.16853635 0.00864591
9.90049502 10.49074968 0.00055844 0.00046368 0.00036543 0.00725242 0.43621913 0.03909301 0.27876766 0.01628794 0.02885645 0.01297308 0.16969307 0.00946968
10.00050003 10.48839034 0.00046984 0.00044402 0.00039119 0.00885588 0.44183286 0.04071171 0.27693235 0.01038268 0.02704731 0.01405476 0.16774345 0.01113394
10.10050503 10.48365046 0.00045395 0.00047098 0.00040653 0.00607310 0.43963812 0.03655187 0.27707113 0.01190067 0.03055629 0.01516181 0.16826348 0.01345206
10.20051003 10.47905103 0.00045124 0.00045207 0.00035919 0.00751515 0.43787976 0.04111122 0.27992125 0.00961911 0.03226110 0.01409295 0.16748582 0.00885114
10.30051503 10.47867874 0.00044958 0.00042822 0.00035283 0.00712118 0.43820143 0.04117353 0.28120370 0.00722853 0.03148060 0.02293859 0.16268604 0.00673576
10.40052003 10.47239027 0.00057864 0.00042503 0.00043996 0.00785048 0.43372919 0.03659289 0.28540636 0.01274355 0.03123942 0.02369865 0.15920000 0.00809583
10.50052503 10.46771844 0.00040509 0.00044290 0.00024971 0.00775423 0.43630588 0.04187672 0.28100469 0.01189752 0.02916898 0.02551471 0.15907754 0.00630203
10.60053003 10.46349062 0.00035512 0.00046085 0.00021569 0.00193802 0.43867584 0.03865468 0.27843456 0.01330668 0.03099948 0.02531085 0.16142928 0.01021897
10.70053503 10.45744552 0.00036855 0.00041103 0.00020448 0.00269129 0.44183789 0.03643702 0.27859551 0.01175064 0.03039950 0.02866519 0.15875608 0.00988283
10.80054003 10.44871112 0.00050653 0.00039418 0.00041857 0.00740058 0.43435112 0.04015459 0.27970053 0.01430366 0.02680259 0.03011595 0.15275158 0.01310012
10.90054503 10.43763268 0.00048836 0.00042416 0.00047073 0.00893354 0.43114654 0.03862923 0.27594030 0.00976353 0.03007009 0.03256177 0.15641891 0.01515285
11.00055003 10.43376568 0.00047816 0.00045506 0.00036921 0.00910997 0.43330358 0.04078859 0.27611402 0.00796153 0.03605845 0.03328717 0.15406888 0.00800537
11.10055503 10.42531559 0.00040338 0.00042091 0.00036301 0.00672290 0.43824046 0.04302225 0.27661918 0.00818276 0.03138940 0.02815602 0.15533005 0.01114969
11.20056003 10.41799779 0.00026241 0.00041935 0.00013845 0.00225793 0.43750210 0.04541354 0.28264721 0.01116139 0.02913452 0.02458295 0.15629682 0.01018333
11.30056503 10.41366436 0.00033232 0.00039903 0.00018480 0.00418682 0.43509203 0.04554541 0.28072582 0.01117073 0.02754255 0.02992708 0.15624056 0.00865284
11.40057003 10.40694795 0.00060793 0.00040307 0.00052838 0.01049441 0.43858622 0.04890414 0.28190311 0.00593757 0.02796922 0.02264853 0.15313838 0.00887905
11.50057503 10.40230311 0.00066030 0.00037314 0.00052183 0.01037344 0.44035445 0.05166097 0.27741164 0.00997282 0.02479065 0.02311117 0.14907013 0.01169948
11.60058003 10.39719116 0.00052097 0.00042417 0.00049660 0.00988693 0.44341966 0.04677778 0.27383308 0.00710050 0.03049261 0.02083848 0.15183048 0.01437874
11.70058503 10.38735455 0.00036978 0.00044420 0.00032838 0.00353283 0.44255994 0.04434812 0.27459780 0.01041736 0.02888633 0.02344523 0.15551172 0.01555830
11.80059003 10.37859904 0.00045372 0.00039104 0.00041048 0.00891234 0.43879773 0.04350733 0.27747597 0.00817984 0.02652493 0.02766865 0.15281033 0.01486764
11.90059503 10.37427973 0.00041799 0.00043273 0.00030833 0.00352339 0.43749867 0.04529212 0.28147245 0.01117153 0.03190323 0.02137033 0.15469291 0.01191632
12.00060003 10.36874741 0.00050668 0.00040685 0.00037247 0.00717400 0.44095677 0.03965713 0.28541115 0.01429131 0.02455369 0.02081585 0.15667153 0.00918256
12.10060503 10.36935590 0.00036979 0.00041684 0.00029376 0.00737734 0.44487492 0.03918937 0.28948548 0.00912964 0.02728155 0.01775496 0.15594121 0.00788513
12.20061003 10.36389160 0.00039053 0.00039457 0.00020936 0.00398148 0.44584660 0.03885156 0.28729994 0.01230091 0.02506821 0.02485748 0.15539068 0.00540869
12.30061503 10.35773904 0.00057262 0.00041494 0.00037832 0.00913115 0.44548805 0.03617349 0.28324978 0.01324533 0.02874352 0.02320715 0.15410370 0.00529194
12.40062003 10.35465509 0.00040039 0.00040079 0.00034924 0.00527037 0.44990081 0.03297741 0.28588869 0.01078174 0.02535692 0.02382591 0.15445279 0.01039494
12.50062503 10.34966383 0.00044125 0.00038616 0.00037017 0.00682380 0.45346205 0.03344260 0.28783384 0.00955069 0.02410970 0.02052505 0.15420824 0.00884645
12.60063003 10.34829975 0.00043195 0.00038502 0.00035741 0.00932122 0.44986605 0.03706974 0.29003694 0.00919746 0.02058506 0.01664138 0.15712693 0.00898083
12.70063503 10.34661123 0.00039115 0.00041402 0.00020046 0.00341705 0.44395121 0.04405283 0.29383865 0.01008124 0.02372867 0.01430775 0.16006746 0.00554953
12.80064003 10.34301484 0.00029163 0.00037377 0.00021488 0.00444253 0.44067452 0.04091337 0.29750530 0.00756272 0.02396440 0.01685133 0.15748201 0.00972354
12.90064503 10.33579012 0.00023043 0.00040366 0.00015054 0.00214305 0.43997313 0.03757532 0.29385387 0.00692563 0.02372327 0.02476901 0.16204607 0.00820603
13.00065003 10.33405520 0.00029578 0.00038239 0.00014457 0.00392868 0.43847619 0.03644078 0.29546975 0.00853098 0.02367519 0.02993267 0.15599648 0.00672653
13.10065503 10.33061236 0.00048046 0.00040249 0.00033288 0.00872578 0.43686543 0.03090841 0.29105238 0.01231035 0.02700954 0.03059394 0.15267016 0.00864818
13.20066003 10.32763987 0.00068597 0.00036902 0.00058311 0.01347409 0.43035891 0.03216552 0.29834846 0.01059300 0.02280834 0.03173466 0.15011526 0.00876365
13.30066503 10.32401995 0.00047022 0.00036072 0.00037613 0.00914924 0.43104471 0.03701580 0.29810418 0.00958996 0.02254099 0.03301209 0.14994940 0.00838655
13.40067003 10.32130559 0.00035877 0.00038795 0.00023541 0.00791914 0.43082401 0.03926347 0.29475467 0.01079190 0.02674319 0.02990664 0.15129017 0.00752467
13.50067503 10.31760409 0.00030200 0.00038710 0.00027346 0.00397028 0.43193546 0.03891429 0.29406745 0.00915164 0.02809247 0.02870976 0.15151752 0.01267858
13.60068003 10.31273877 0.00034370 0.00035964 0.00024953 0.00355176 0.44045275 0.03947872 0.29531823 0.01008358 0.02500236 0.02636929 0.14886702 0.00992343
13.70068503 10.30765309 0.00032445 0.00035804 0.00023899 0.00378431 0.44260635 0.04125378 0.29014533 0.00934845 0.02410812 0.02628102 0.15078216 0.01076899
13.80069003 10.30484707 0.00060683 0.00039295 0.00047915 0.01049340 0.44291366 0.03837407 0.28773817 0.00973898 0.02268415 0.02178963 0.15627106 0.00851795
13.90069503 10.29873820 0.00049903 0.00037463 0.00038596 0.00920288 0.44942138 0.04408734 0.28278711 0.00851069 0.02256653 0.01919604 0.15485036 0.00811805
14.00070004 10.29555429 0.00050606 0.00037026 0.00032948 0.00725942 0.45242598 0.04463249 0.28192535 0.01036238 0.02010176 0.02302390 0.15117665 0.00788627
14.10070504 10.28871768 0.00070123 0.00041960 0.00046957 0.01064054 0.44919276 0.03848438 0.28007462 0.01593288 0.02297713 0.02302753 0.15133589 0.00674386
14.20071004 10.28112245 0.00067497 0.00033557 0.00038108 0.00808803 0.44529793 0.04363096 0.27457112 0.01919714 0.02271486 0.02989972 0.14908053 0.00612810
14.30071504 10.27700432 0.00057625 0.00037476 0.00049584 0.00888434 0.44443921 0.04162167 0.27335281 0.01427314 0.02625410 0.02533790 0.15357912 0.01081086
14.40072004 10.27307793 0.00034256 0.00039134 0.00027899 0.00552230 0.44081249 0.04236447 0.27936605 0.00944558 0.02943112 0.02570353 0.15599900 0.01034256
14.50072504 10.26262651 0.00046296 0.00044218 0.00033435 0.00721911 0.43895695 0.04126530 0.27515548 0.00927385 0.03252833 0.02635632 0.15891706 0.00908811
14.60073004 10.26087154 0.00063851 0.00042164 0.00054316 0.01185234 0.43864056 0.03921930 0.27122669 0.00995408 0.03069034 0.02837962 0.15902076 0.00941299
14.70073504 10.25529666 0.00067727 0.00046139 0.00043854 0.01102810 0.43865926 0.04270425 0.26647724 0.01437642 0.03289072 0.02619115 0.15951139 0.00658427
14.80074004 10.25170253 0.00078592 0.00045680 0.00051852 0.01245122 0.43449226 0.03709918 0.27242177 0.02084812 0.03501527 0.01987396 0.15761390 0.00842307
14.90074504 10.24398456 0.00055024 0.00042633 0.00045107 0.01313149 0.43403907 0.04712465 0.26786110 0.01283450 0.03313264 0.02451580 0.15654085 0.00939225
15.00075004 10.23869540 0.00055330 0.00046198 0.00040971 0.01088979 0.43746842 0.04909110 0.26259459 0.01262014 0.03671848 0.02175117 0.15875653 0.00868479
15.10075504 10.23809306 0.00048756 0.00041795 0.00035380 0.00705760 0.43583128 0.05168868 0.27660653 0.01231537 0.03226326 0.02117060 0.15288098 0.00892640
15.20076004 10.23245891 0.00063619 0.00036858 0.00050531 0.01108285 0.43356583 0.05245257 0.28158451 0.01130023 0.02710293 0.01918394 0.14937816 0.01283892
15.30076504 10.23218604 0.00074871 0.00037545 0.00053187 0.01435513 0.43204527 0.04347802 0.28761618 0.01371422 0.02371916 0.02545206 0.14824394 0.00972000
15.40077004 10.23042066 0.00051195 0.00042077 0.00033317 0.00758060 0.43585702 0.03962793 0.28783080 0.01417076 0.02784100 0.02620151 0.14805040 0.01157408
15.50077504 10.22788374 0.00025839 0.00044852 0.00015669 0.00017732 0.43585686 0.04447971 0.29285111 0.01076897 0.03021747 0.02161003 0.15062604 0.01254888
15.60078004 10.22142224 0.00026159 0.00044253 0.00018261 0.00202287 0.43539374 0.04557949 0.28742864 0.00925104 0.03377708 0.02108328 0.15495801 0.00961913
15.70078504 10.20910835 0.00050325 0.00040565 0.00040199 0.01095272 0.43024393 0.04432715 0.28833391 0.00994415 0.02939973 0.02133352 0.15561678 0.00853721
15.80079004 10.20234552 0.00057983 0.00040028 0.00044042 0.01507128 0.42827481 0.04129029 0.29307824 0.00897373 0.03024192 0.02122997 0.15400476 0.00641448
15.90079504 10.19821967 0.00057295 0.00044467 0.00040195 0.01060813 0.42769280 0.03906366 0.28712625 0.01415612 0.03220614 0.02522928 0.15653014 0.00596791
16.00080004 10.19372483 0.00066883 0.00041926 0.00038422 0.00872930 0.42991435 0.04133428 0.28185392 0.01713915 0.02940421 0.02544415 0.15840825 0.00630008
16.10080504 10.18691804 0.00052644 0.00041665 0.00035887 0.00888037 0.43210023 0.04458587 0.28351208 0.01377388 0.02895972 0.02123678 0.15701132 0.00863779
16.20081004 10.18057377 0.00059149 0.00039701 0.00053881 0.01153515 0.43502747 0.04130061 0.27645623 0.01319872 0.02718107 0.02264514 0.15893823 0.01219009
16.30081504 10.17209381 0.00063109 0.00040434 0.00050199 0.01262769 0.43532574 0.03709403 0.27482291 0.01473888 0.02871290 0.02375478 0.16073411 0.01065155
16.40082004 10.16444483 0.00049281 0.00040704 0.00040495 0.00929606 0.43023878 0.04508669 0.27705915 0.00873472 0.02755252 0.03059313 0.16074251 0.00939165
16.50082504 10.15656753 0.00068075 0.00039962 0.00049056 0.00890482 0.42381909 0.03922716 0.28243229 0.01503562 0.02659183 0.03284021 0.15875718 0.01082088
16.60083004 10.15099640 0.00075522 0.00038160 0.00058634 0.01280772 0.42332379 0.04080476 0.28046130 0.01627970 0.02312072 0.03235445 0.15671259 0.01241181
16.70083504 10.14651030 0.00066599 0.00043455 0.00039574 0.00942541 0.42524004 0.04073192 0.28059042 0.01760618 0.02662343 0.03231608 0.15511157 0.01085868
16.80084004 10.14605448 0.00049682 0.00043475 0.00039877 0.00715946 0.43052799 0.05021882 0.27896713 0.01087326 0.02300443 0.02946362 0.15906569 0.00938925
16.90084504 10.14701270 0.00028784 0.00039739 0.00012064 0.00215634 0.43157057 0.05408744 0.28301752 0.01338114 0.02383619 0.02505923 0.15917833 0.00690736
17.00085004 10.14764420 0.00043499 0.00037568 0.00027458 0.00368476 0.44292489 0.04658689 0.28260538 0.01269251 0.02141767 0.02230948 0.15867638 0.00801677
17.10085504 10.14101545 0.00056000 0.00040598 0.00044893 0.00924787 0.43445012 0.04493810 0.28368158 0.01096521 0.02213835 0.02040802 0.16332398 0.00943187
17.20086004 10.13734353 0.00049467 0.00040775 0.00032213 0.00760707 0.43176462 0.04193844 0.28608492 0.01431937 0.02576798 0.01726479 0.16397473 0.01005353
17.30086504 10.12907541 0.00025129 0.00041304 0.00018983 0.00413115 0.43926684 0.04648477 0.28217742 0.00931603 0.02386493 0.01781823 0.16427777 0.01180869
17.40087004 10.12134244 0.00052428 0.00042582 0.00046580 0.00894959 0.42579599 0.04356128 0.28566678 0.00898367 0.02797990 0.02276267 0.16213151 0.01275271
17.50087504 10.11209994 0.00044492 0.00042718 0.00033982 0.00756859 0.42653630 0.04687748 0.28462423 0.00880176 0.02404975 0.02661098 0.16236254 0.01135645
17.60088004 10.10703438 0.00044397 0.00041905 0.00034546 0.00537526 0.43250778 0.04493746 0.28472650 0.01013063 0.02534354 0.02015428 0.16300313 0.01261293
17.70088504 10.10538255 0.00045522 0.00036102 0.00032852 0.00775173 0.43115615 0.05037803 0.28640683 0.01234604 0.02300593 0.01799297 0.15907006 0.01074749
17.80089004 10.10324363 0.00055098 0.00035351 0.00055196 0.01104855 0.42937026 0.05339330 0.28314377 0.00959744 0.02285156 0.01656558 0.16028090 0.01229219
17.90089504 10.10003224 0.00046978 0.00035357 0.00043533 0.00653858 0.43116044 0.05698354 0.28765150 0.01039003 0.02016413 0.01532778 0.15867036 0.01185495
18.00090005 10.09784215 0.00024031 0.00040865 0.00006785 0.00013074 0.43863070 0.05671955 0.28865106 0.00938987 0.02415841 0.01465140 0.16015118 0.00680028
18.10090505 10.08990012 0.00030445 0.00038449 0.00017098 0.00192224 0.43554518 0.05779910 0.28227650 0.00699309 0.02096615 0.02330835 0.16082768 0.00950179
18.20091005 10.08298849 0.00033935 0.00037213 0.00019056 0.00393527 0.43006626 0.05727100 0.29066241 0.00665930 0.01933057 0.02355324 0.15756863 0.01005129
18.30091505 10.07910339 0.00029316 0.00037840 0.00018731 0.00198215 0.42774478 0.05859404 0.28793556 0.00628838 0.02135620 0.02598047 0.15658506 0.01267449
18.40092005 10.07631851 0.00024492 0.00032018 0.00013366 0.00016813 0.43112380 0.05681981 0.28729426 0.00866359 0.01691180 0.02959589 0.15634996 0.01237400
18.50092505 10.07119896 0.00037656 0.00031215 0.00039572 0.00520807 0.42600184 0.06232764 0.28177666 0.00637460 0.01463478 0.02865635 0.15927457 0.01466106
18.60093005 10.06932616 0.00023603 0.00032297 0.00021658 0.00025331 0.42343531 0.06149845 0.28564744 0.00785769 0.01972059 0.02912481 0.15687369 0.01481313
18.70093505 10.06432520 0.00044713 0.00036302 0.00038520 0.00532064 0.42756996 0.05575185 0.27940228 0.01011191 0.01891420 0.02673299 0.15975053 0.01525028
18.80094005 10.06062137 0.00042652 0.00037531 0.00039726 0.00519845 0.42930320 0.05181584 0.28527024 0.00812769 0.02067850 0.02479164 0.15837275 0.01524258
18.90094505 10.05787613 0.00041341 0.00038991 0.00029487 0.00583276 0.43114918 0.04855096 0.28138099 0.01094075 0.02029422 0.02273153 0.16478570 0.01323572
19.00095005 10.04447469 0.00047958 0.00038983 0.00043428 0.00751514 0.43175416 0.05185370 0.28086881 0.01179099 0.02025053 0.01829878 0.15873666 0.01762753
19.10095505 10.04349213 0.00035619 0.00038930 0.00028766 0.00360483 0.43698332 0.05397598 0.28688095 0.00996969 0.01863430 0.01734321 0.15911214 0.01246244
19.20096005 10.04109409 0.00050565 0.00039310 0.00042102 0.00877248 0.43623910 0.04434043 0.28986351 0.01155353 0.02104529 0.01541559 0.16045899 0.01099130
19.30096505 10.03698928 0.00037546 0.00038064 0.00029426 0.00363551 0.43333143 0.04899170 0.29771873 0.00812356 0.01960015 0.01706202 0.16096905 0.00951749
19.40097005 10.02893980 0.00036078 0.00038773 0.00023517 0.00248883 0.42871322 0.05357763 0.29178469 0.00805081 0.01966995 0.02644425 0.15944441 0.00884254
19.50097505 10.02636106 0.00044798 0.00040520 0.00030789 0.00633324 0.42708586 0.04971083 0.29388123 0.00787940 0.01805634 0.02101019 0.16657137 0.00831047
19.60098005 10.01503289 0.00067964 0.00042098 0.00048048 0.00983352 0.42529558 0.03827956 0.29353979 0.01570513 0.02008097 0.02189416 0.16466269 0.00912750
19.70098505 10.01255880 0.00045582 0.00041171 0.00032363 0.00508936 0.42626077 0.03652428 0.29693267 0.01430355 0.02222640 0.02537016 0.16216845 0.00993320
19.80099005 10.00557451 0.00033410 0.00042017 0.00024025 0.00364845 0.42674770 0.04239864 0.29788185 0.01200004 0.02416021 0.02182202 0.16279007 0.00755649
19.90099505 10.00237553 0.00065037 0.00037443 0.00051805 0.01065310 0.42582039 0.03951558 0.29934140 0.01143237 0.02348079 0.02052584 0.16098299 0.00670469
20.00100005 10.00010328 0.00068386 0.00039770 0.00054583 0.01371468 0.42460523 0.03266740 0.29784334 0.01272313 0.02903381 0.02145496 0.15811992 0.00821014
20.10100505 9.99570605 0.00056719 0.00040927 0.00042134 0.00884691 0.43046736 0.03420656 0.29442366 0.01291476 0.02716966 0.02022964 0.15953005 0.01081359
20.20101005 9.98946238 0.00050836 0.00037484 0.00033078 0.00732750 0.42698110 0.04050961 0.29932563 0.01337597 0.02472762 0.01992326 0.15659081 0.01002451
20.30101505 9.98402072 0.00035790 0.00040494 0.00021259 0.00368306 0.42872790 0.03748128 0.30259365 0.01043793 0.02631725 0.02325433 0.15795626 0.00857292
20.40102005 9.98181286 0.00043619 0.00041239 0.00038753 0.00729890 0.43189163 0.03305069 0.30318609 0.00823031 0.02656465 0.01830171 0.15994525 0.01029467
20.50102505 9.97576881 0.00063869 0.00039107 0.00049334 0.01100479 0.43033585 0.03765459 0.29680834 0.01225664 0.02308768 0.02304578 0.15737706 0.00690617
20.60103005 9.96865206 0.00030222 0.00041772 0.00029128 0.00356419 0.42983068 0.04069417 0.29890350 0.00805892 0.02372241 0.02556570 0.15912568 0.00952351
20.70103505 9.96521602 0.00036910 0.00035885 0.00033127 0.00513975 0.42704259 0.04228201 0.29931952 0.00811784 0.02005469 0.03041615 0.15722435 0.00934389
20.80104005 9.96412243 0.00043563 0.00032464 0.00031517 0.00821989 0.42788812 0.04584245 0.29775197 0.00720173 0.01969663 0.02891309 0.15633864 0.00707205
20.90104505 9.96072565 0.00034093 0.00031739 0.00016760 0.00171329 0.42957008 0.05070773 0.30164966 0.00925048 0.01742566 0.02708242 0.15503721 0.00673756
21.00105005 9.95375810 0.00075486 0.00034364 0.00055904 0.01404907 0.42419420 0.04554128 0.29906410 0.01181338 0.01745023 0.02615299 0.15094784 0.00912940
21.10105505 9.94911736 0.00036387 0.00045264 0.00027660 0.00342411 0.42434052 0.04731259 0.29751236 0.01002770 0.02882809 0.01999953 0.15486638 0.01259561
21.20106005 9.94688392 0.00034998 0.00040054 0.00020623 0.00351045 0.42460729 0.04745954 0.30068163 0.00975583 0.02768930 0.02193281 0.15462124 0.00878515
21.30106505 9.94229725 0.00044332 0.00039231 0.00044867 0.00862531 0.42950787 0.03915978 0.29979947 0.00750298 0.02871999 0.01792937 0.15558036 0.01189056
21.40107005 9.93513990 0.00027813 0.00037595 0.00030137 0.00380500 0.42915327 0.03960517 0.30371153 0.00673895 0.02528820 0.02205100 0.15547106 0.01322038
21.50107505 9.92785015 0.00036209 0.00038574 0.00027854 0.00363620 0.42455584 0.03729735 0.30804216 0.01149441 0.02572091 0.02225376 0.15529536 0.01067765
21.60108005 9.92538537 0.00034551 0.00037909 0.00027813 0.00326328 0.42549592 0.03411143 0.30770854 0.01198920 0.02439540 0.02556701 0.15202105 0.01444545
21.70108505 9.91981420 0.00067356 0.00039186 0.00056487 0.01616097 0.42525310 0.03117354 0.30854865 0.01081105 0.02472672 0.02173024 0.15107967 0.00888576
21.80109005 9.91358199 0.00040600 0.00039063 0.00042916 0.00538572 0.42782943 0.03505304 0.30940330 0.00993608 0.02516944 0.02024467 0.15120721 0.01454532
21.90109505 9.91425764 0.00029602 0.00043643 0.00020827 0.00180829 0.42467419 0.03914345 0.30823977 0.01102603 0.02886380 0.01719560 0.15778581 0.01032234
22.00110006 9.90702641 0.00037235 0.00043725 0.00027688 0.00530822 0.42637322 0.04229688 0.30367022 0.00758125 0.03206921 0.01609790 0.15745011 0.00806653
22.10110506 9.89658841 0.00062875 0.00039621 0.00058274 0.01389503 0.42531798 0.03958972 0.29254006 0.00901547 0.02940215 0.01919972 0.16034360 0.00908857
22.20111006 9.89719697 0.00047475 0.00040306 0.00036013 0.00730935 0.43291285 0.03246160 0.29694590 0.01024199 0.02841527 0.02169770 0.16132293 0.00745447
22.30111506 9.89369706 0.00064759 0.00040031 0.00054001 0.01397256 0.43407012 0.03373539 0.29744013 0.00863675 0.02276559 0.02069866 0.15932384 0.00776903
22.40112006 9.89158024 0.00050562 0.00042788 0.00037424 0.00698414 0.43769104 0.03438872 0.29809595 0.00607766 0.02877199 0.02441857 0.15701314 0.00525105
22.50112506 9.88570332 0.00040379 0.00043730 0.00031988 0.01222429 0.43886651 0.03060661 0.29373333 0.00695559 0.02483705 0.02445482 0.16212580 0.00503502
22.60113006 9.88040766 0.00041738 0.00041717 0.00033888 0.00681376 0.43457252 0.03180695 0.29985607 0.00548602 0.02642214 0.02482252 0.16073211 0.00831451
22.70113506 9.87498107 0.00049494 0.00040858 0.00032150 0.00906942 0.43004515 0.03155413 0.29842315 0.01090350 0.02491413 0.02137376 0.16420899 0.00828275
22.80114006 9.87282326 0.00063497 0.00040735 0.00057437 0.01255045 0.43082868 0.03482525 0.29878593 0.00954127 0.02370162 0.01477202 0.16227642 0.01110167
22.90114506 9.86946653 0.00060660 0.00041276 0.00064689 0.01392017 0.43254908 0.03370744 0.29816549 0.00436038 0.02606529 0.02115571 0.15880738 0.00960280
23.00115006 9.86604359 0.00034133 0.00042738 0.00027593 0.00514567 0.43666569 0.03309308 0.30308796 0.00450631 0.02962444 0.02162704 0.15819453 0.00701064
23.10115506 9.86032887 0.00041228 0.00041167 0.00039382 0.01011112 0.43408963 0.02335931 0.30079623 0.00603635 0.03321625 0.02380216 0.15748622 0.00988495
23.20116006 9.85501289 0.00054206 0.00041911 0.00054908 0.01288994 0.43330564 0.01950925 0.30500924 0.00581035 0.02962511 0.02397479 0.15964091 0.00872453
23.30116506 9.85120022 0.00044476 0.00037510 0.00030226 0.00923980 0.43449625 0.02588167 0.30690218 0.01089909 0.02551468 0.02096149 0.15871178 0.00627093
23.40117006 9.84698661 0.00045558 0.00036355 0.00033584 0.00929288 0.43329542 0.03984495 0.30004009 0.00795126 0.02524698 0.02051390 0.15705396 0.00560559
23.50117506 9.84376477 0.00036958 0.00036480 0.00024405 0.00571392 0.43522444 0.03770968 0.30568091 0.01046566 0.01989298 0.02246392 0.15683687 0.00503318
23.60118006 9.83448599 0.00030040 0.00038991 0.00016464 0.00385668 0.42601334 0.03601724 0.30919476 0.01039190 0.02189553 0.02801730 0.15850646 0.00525184
23.70118506 9.82544862 0.00043190 0.00048338 0.00032577 0.00748011 0.42084452 0.03174763 0.31334376 0.00702652 0.03166938 0.02222008 0.15965896 0.00476799
23.80119006 9.82051589 0.00049886 0.00041025 0.00040367 0.01091756 0.41687380 0.03361876 0.31669168 0.00661583 0.02984327 0.02300487 0.15618101 0.00494045
23.90119506 9.81508860 0.00048858 0.00042737 0.00040739 0.00868693 0.42240860 0.02932580 0.31416204 0.00806669 0.02512577 0.01982360 0.16387622 0.00720101
24.00120006 9.81120502 0.00032932 0.00042744 0.00025876 0.00583637 0.41891304 0.03260479 0.31595250 0.00696631 0.02379072 0.01933608 0.16691630 0.00866837
24.10120506 9.80557252 0.00041989 0.00040211 0.00036036 0.00678147 0.41815801 0.02909417 0.32075772 0.00314296 0.02358620 0.02722313 0.16309598 0.00697802
24.20121006 9.80177624 0.00030985 0.00041092 0.00018953 0.00376511 0.42028826 0.03302237 0.31951688 0.00723927 0.02293692 0.02248693 0.16484702 0.00498695
24.30121506 9.79895563 0.00024355 0.00044125 0.00011789 0.00189885 0.41767721 0.03231229 0.31759661 0.00874163 0.02754631 0.02154816 0.16673863 0.00513763
24.40122006 9.79112258 0.00036615 0.00041699 0.00029131 0.00704140 0.41262543 0.03098244 0.32370335 0.00657602 0.02255219 0.02123079 0.16870204 0.00551189
24.50122506 9.78523259 0.00026076 0.00042493 0.00021791 0.00386560 0.41503616 0.03168032 0.32015498 0.00526045 0.02269784 0.02360647 0.16968608 0.00710849
24.60123006 9.78032231 0.00041208 0.00039882 0.00035304 0.00889955 0.40875136 0.02978048 0.32208151 0.00550796 0.02022414 0.02587273 0.16854416 0.00917417
24.70123506 9.78080962 0.00036665 0.00040051 0.00030750 0.00613460 0.41285065 0.02665316 0.32096350 0.00748185 0.01889514 0.02196369 0.17089020 0.01309254
24.80124006 9.77600771 0.00038110 0.00036376 0.00032842 0.00601715 0.41243269 0.02889094 0.32225721 0.01135471 0.01398307 0.02359270 0.16696327 0.01343498
24.90124506 9.77343484 0.00039625 0.00036877 0.00026439 0.00371917 0.41913906 0.02828823 0.32008380 0.01428600 0.01405786 0.02439637 0.16435053 0.01064959
25.00125006 9.76928165 0.00031407 0.00035426 0.00020242 0.00599646 0.41685611 0.02991156 0.32278884 0.01116804 0.01423984 0.02743686 0.16176095 0.00897060
25.10125506 9.76248761 0.00033801 0.00036075 0.00033628 0.00524187 0.41600999 0.02894197 0.32506872 0.01092148 0.01338967 0.02808443 0.15917087 0.01213595
25.20126006 9.75651809 0.00054615 0.00034223 0.00041456 0.00892274 0.41281319 0.03041485 0.31702955 0.01302390 0.01241902 0.03489105 0.15939601 0.00978675
25.30126506 9.75137927 0.00037944 0.00036881 0.00027943 0.00369874 0.41668169 0.03525772 0.31731157 0.01181407 0.01182878 0.02802155 0.16380915 0.01054905
25.40127006 9.75106830 0.00033940 0.00034517 0.00027251 0.00552197 0.41531361 0.03841957 0.32234956 0.00978299 0.00993207 0.02231641 0.16405960 0.01134716
25.50127506 9.74875834 0.00036129 0.00040826 0.00024590 0.00369527 0.41682034 0.03789273 0.31745063 0.00836276 0.01995128 0.02354773 0.16336949 0.00789431
25.60128006 9.74580058 0.00047398 0.00038110 0.00027955 0.00553386 0.41785905 0.03663710 0.31380902 0.01322831 0.02303576 0.02246222 0.16091507 0.00538497
