0.00000000 10.00000000 0.00000000 0.00000000 0.00000000 0.00000000 0.00000000 0.00000000 0.00000000 1.00000000 0.00000000 0.00000000 0.00000000 0.00000000
0.10000500 10.00242025 0.01680820 0.00100089 0.00576275 0.10446369 0.10681255 0.16016599 0.01822928 0.44607984 0.04514850 0.04904613 0.02280878 0.02367341
0.20001000 10.00069861 0.00678471 0.00099351 0.00346922 0.04436291 0.14725194 0.22613170 0.04719652 0.26677227 0.06624485 0.11855257 0.03431318 0.03792663
0.30001500 9.99840681 0.00408663 0.00077405 0.00205166 0.02702804 0.16071417 0.25034468 0.07380427 0.18843164 0.06696872 0.14640577 0.03973879 0.03965158
0.40002000 9.99419838 0.00360937 0.00073242 0.00181884 0.02970575 0.17255809 0.24056360 0.08008516 0.14922799 0.06540078 0.16734340 0.05122355 0.03773105
0.50002500 9.98885617 0.00375920 0.00086559 0.00180784 0.02310160 0.18096467 0.22116909 0.08569752 0.13271945 0.08071579 0.16961600 0.05775643 0.04182682
0.60003000 9.98542083 0.00301361 0.00089064 0.00167359 0.01376057 0.19986387 0.21154856 0.09220922 0.10443342 0.08374654 0.17315777 0.06128974 0.05441248
0.70003500 9.97942072 0.00340107 0.00081468 0.00178962 0.02200003 0.20018572 0.18904080 0.10250980 0.10106485 0.08455528 0.17662051 0.06793453 0.05008312
0.80004000 9.97203675 0.00317114 0.00084191 0.00191088 0.02468494 0.21974515 0.18786038 0.10934730 0.08412503 0.08266148 0.16475302 0.07740415 0.04349460
0.90004500 9.97080012 0.00263834 0.00072018 0.00182191 0.02134063 0.23045216 0.19493271 0.11553742 0.07059764 0.07809784 0.16102275 0.07519240 0.04764602
1.00005000 9.96585154 0.00238717 0.00076005 0.00176631 0.01967050 0.23740843 0.19541415 0.12985988 0.06111402 0.07358262 0.14966584 0.07838902 0.04998201
1.10005500 9.96436633 0.00206447 0.00075016 0.00115988 0.01426696 0.24185935 0.20011785 0.13774996 0.06122842 0.07790898 0.13926200 0.07973155 0.04390042
1.20006000 9.95869066 0.00204513 0.00071738 0.00097477 0.01141131 0.25113206 0.19996405 0.13848618 0.06699321 0.08098268 0.12238955 0.08068169 0.04422196
1.30006500 9.95506110 0.00181393 0.00075351 0.00071779 0.00813483 0.26545669 0.19828193 0.14532899 0.06164135 0.07702300 0.11480492 0.08343781 0.04260525
1.40007000 9.94660217 0.00201593 0.00074676 0.00106179 0.01407804 0.27641052 0.18999565 0.15411049 0.05365336 0.08159076 0.09991001 0.08514147 0.04128522
1.50007500 9.93622518 0.00209898 0.00071487 0.00104196 0.01686565 0.28290814 0.18405277 0.16038855 0.05740689 0.08230067 0.08646970 0.08768778 0.03806405
1.60008000 9.92709608 0.00223900 0.00081619 0.00124045 0.01716558 0.29183907 0.17633469 0.17198475 0.05519807 0.07828326 0.07203778 0.09507672 0.03778443
1.70008500 9.91919275 0.00200249 0.00075502 0.00132394 0.01593513 0.30380826 0.16563728 0.18134977 0.05134972 0.07513615 0.06674272 0.09495080 0.04100873
1.80009000 9.91680419 0.00253107 0.00073589 0.00161417 0.02342186 0.31311478 0.15761892 0.19058985 0.05421308 0.07511134 0.05422091 0.09444814 0.03238000
1.90009500 9.91387191 0.00195346 0.00075124 0.00095917 0.01072717 0.32588392 0.15885021 0.19638534 0.05460455 0.06775813 0.05015544 0.09922137 0.03275001
2.00010001 9.90586453 0.00155791 0.00075580 0.00088581 0.01429064 0.33219393 0.14600080 0.20345552 0.04474823 0.06724688 0.04996792 0.10234786 0.03654869
2.10010501 9.89790076 0.00177752 0.00068468 0.00121208 0.01287854 0.34260335 0.13859285 0.20023926 0.04074283 0.06063857 0.06149808 0.10183414 0.03729811
2.20011001 9.89410098 0.00162874 0.00071353 0.00111532 0.01340025 0.35078922 0.12737484 0.20412507 0.03493579 0.06275200 0.06385245 0.10762019 0.03169261
2.30011501 9.88988431 0.00157020 0.00068084 0.00106041 0.01215340 0.35792202 0.12499679 0.20642017 0.03324890 0.06444182 0.06487245 0.10253515 0.03009785
2.40012001 9.88721634 0.00122093 0.00062421 0.00075969 0.00864400 0.36349128 0.12138543 0.20833378 0.03147208 0.06376040 0.06468369 0.10779033 0.02783419
2.50012501 9.87567647 0.00157616 0.00066342 0.00138512 0.01667325 0.35706521 0.11786304 0.21588220 0.02771520 0.06005637 0.05908377 0.11233279 0.02970346
2.60013001 9.86739208 0.00110575 0.00072524 0.00081476 0.01638412 0.36117303 0.11673316 0.21612901 0.02571783 0.06649287 0.05591373 0.11347986 0.02533065
2.70013501 9.86378236 0.00139960 0.00071661 0.00089098 0.01017707 0.35992910 0.11984542 0.22125944 0.02729276 0.06570606 0.04691799 0.12038879 0.02547618
2.80014001 9.85823585 0.00105064 0.00064991 0.00086953 0.00752060 0.36417767 0.11696249 0.22460172 0.02167693 0.06537057 0.04887372 0.11920013 0.02904610
2.90014501 9.84721062 0.00119102 0.00068667 0.00088640 0.01392527 0.37335034 0.10497294 0.23731717 0.02055291 0.06522546 0.04008675 0.11542036 0.02638470
3.00015001 9.84121046 0.00156045 0.00066542 0.00115903 0.01904572 0.38175526 0.10251654 0.23445492 0.02266257 0.06501012 0.03825899 0.11211428 0.02079671
3.10015501 9.83178920 0.00081222 0.00081952 0.00060463 0.00397827 0.37527079 0.09899143 0.24697907 0.01894009 0.07632324 0.03817109 0.11260737 0.02650227
3.20016001 9.82620308 0.00096906 0.00064584 0.00073449 0.00750769 0.38053327 0.09824686 0.24853040 0.01944858 0.06350661 0.04016377 0.11478387 0.02492955
3.30016501 9.82104223 0.00145547 0.00063046 0.00122423 0.01665649 0.39219310 0.08401722 0.24939246 0.01978340 0.05597490 0.04025333 0.11580907 0.02260985
3.40017001 9.81269770 0.00099599 0.00063394 0.00073057 0.01050070 0.38612977 0.09002277 0.25525885 0.01829701 0.05430010 0.04416111 0.11767733 0.02129185
3.50017501 9.80965974 0.00108953 0.00065969 0.00062000 0.00875278 0.38568390 0.08612261 0.25715263 0.02392137 0.05316610 0.04486764 0.11933767 0.01862607
3.60018001 9.80401542 0.00092067 0.00062413 0.00049132 0.00910661 0.39296107 0.09150458 0.25825782 0.02128527 0.04820093 0.03773026 0.12195606 0.01696129
3.70018501 9.79422756 0.00091200 0.00065710 0.00049082 0.00550873 0.39840404 0.08629076 0.25677833 0.02360869 0.05042647 0.03626552 0.12373405 0.01692348
3.80019001 9.78607502 0.00106674 0.00059507 0.00061950 0.00706081 0.39592058 0.08166948 0.25832237 0.02533106 0.04919345 0.03873097 0.12396853 0.01752145
3.90019501 9.78067082 0.00088438 0.00067195 0.00054053 0.00846940 0.39776242 0.07721960 0.25612525 0.02069671 0.04799618 0.03968120 0.13344420 0.01650818
4.00020001 9.77864739 0.00087853 0.00062941 0.00057503 0.00800000 0.39903202 0.07977719 0.25701630 0.02006782 0.04038150 0.03783136 0.13894078 0.01687008
4.10020501 9.77477964 0.00098938 0.00058058 0.00055997 0.00900007 0.39768142 0.08358604 0.26080883 0.02133569 0.03773400 0.03673204 0.13519517 0.01579682
4.20021001 9.76499940 0.00066790 0.00063619 0.00041884 0.00527172 0.39620908 0.07984622 0.26161237 0.01631302 0.04228741 0.04301787 0.13725494 0.01646442
4.30021501 9.75917284 0.00087421 0.00057951 0.00068752 0.01082829 0.40179311 0.06924685 0.26192734 0.01596085 0.04076378 0.04361247 0.13293626 0.02078981
4.40022001 9.75915129 0.00085713 0.00051374 0.00048188 0.00527750 0.40275144 0.07029476 0.26677051 0.02023841 0.03834654 0.04378198 0.13361777 0.01706834
4.50022501 9.75365077 0.00074878 0.00058303 0.00041997 0.00539858 0.40419930 0.06683204 0.26279870 0.02311784 0.04208257 0.04001985 0.13633641 0.01746295
4.60023001 9.74900735 0.00106453 0.00056971 0.00070621 0.01044248 0.40518858 0.06929511 0.26589199 0.01949732 0.03988039 0.03665512 0.13646933 0.01433923
4.70023501 9.74902022 0.00067423 0.00057760 0.00037387 0.00179359 0.40955740 0.06902569 0.26521423 0.01988382 0.04169716 0.03881430 0.13695361 0.01543449
4.80024001 9.73942296 0.00057360 0.00056266 0.00032130 0.00378491 0.40751306 0.06547896 0.26928666 0.01875827 0.04445556 0.03693937 0.13818206 0.01414360
4.90024501 9.72767780 0.00065467 0.00064048 0.00027528 0.00203665 0.41869636 0.06314904 0.26385208 0.01921334 0.04363147 0.03043177 0.14517961 0.01223926
5.00025001 9.72196504 0.00098439 0.00055334 0.00070910 0.00992033 0.41015338 0.06785208 0.26367259 0.01716827 0.03957523 0.03121011 0.14404546 0.01415572
5.10025501 9.71263823 0.00073275 0.00063983 0.00044958 0.00686958 0.41914283 0.06991817 0.26366148 0.01463006 0.04543693 0.02358954 0.14311893 0.01181033
5.20026001 9.70965968 0.00089743 0.00057019 0.00058320 0.00927695 0.41644137 0.06411816 0.26170731 0.01623431 0.04311697 0.02881332 0.14616415 0.01207661
5.30026501 9.70256708 0.00085379 0.00058584 0.00044553 0.00484629 0.41197420 0.06471570 0.26727200 0.01749428 0.04068284 0.02940849 0.14948512 0.01223592
5.40027001 9.69657131 0.00060345 0.00064832 0.00025085 0.00232868 0.41864228 0.06474623 0.26043497 0.01804275 0.04283755 0.02595379 0.15343689 0.01207425
5.50027501 9.69351804 0.00078381 0.00066823 0.00037023 0.00734805 0.41192830 0.06119417 0.26502791 0.02054925 0.03759770 0.02681754 0.15677786 0.01093694
5.60028001 9.68331146 0.00130024 0.00069270 0.00107871 0.02109811 0.40762710 0.05488935 0.26184705 0.01326131 0.03855475 0.03110390 0.15927840 0.00926838
5.70028501 9.67532606 0.00076543 0.00064636 0.00059689 0.00539976 0.40905364 0.05598254 0.26263934 0.01736470 0.03630716 0.03294794 0.16135351 0.01694273
5.80029001 9.66240822 0.00127201 0.00060325 0.00093508 0.01298421 0.39638665 0.05678200 0.26443832 0.02253375 0.03421138 0.03708900 0.15836040 0.01440395
5.90029501 9.65414216 0.00088820 0.00061284 0.00076916 0.00803039 0.39501664 0.05740664 0.26769616 0.01742307 0.03354324 0.04438721 0.15713112 0.01709535
6.00030002 9.64823314 0.00070905 0.00068846 0.00050600 0.00888250 0.39654265 0.05420747 0.26874490 0.01488877 0.03622124 0.04481207 0.16180274 0.01199414
6.10030502 9.64636639 0.00062095 0.00062140 0.00037746 0.00299783 0.40492029 0.05820465 0.27060887 0.01367146 0.03462193 0.04009189 0.16122751 0.01203577
6.20031002 9.63998384 0.00052162 0.00058814 0.00025951 0.00167331 0.41038274 0.05539701 0.27451271 0.01625261 0.03413843 0.03632074 0.15637799 0.01357521
6.30031502 9.63014230 0.00058673 0.00065314 0.00033230 0.00352140 0.40651462 0.05498627 0.27598975 0.01475660 0.03656563 0.03304155 0.16027686 0.01277515
6.40032002 9.62398099 0.00060039 0.00058063 0.00039360 0.00760505 0.41063656 0.05664683 0.27608131 0.01365931 0.03314537 0.02953088 0.15755612 0.01356394
6.50032502 9.61489261 0.00072041 0.00060843 0.00059696 0.00762579 0.40488927 0.05442461 0.28085412 0.01212614 0.03354167 0.03531395 0.15610651 0.01319214
6.60033002 9.60621013 0.00058271 0.00061016 0.00039136 0.00398139 0.40464001 0.05566292 0.28306821 0.01330108 0.03359228 0.03309896 0.15808934 0.01298159
6.70033502 9.59307054 0.00077883 0.00063061 0.00066002 0.01001498 0.40729844 0.05175087 0.28144856 0.01316005 0.03076735 0.03080275 0.15785503 0.01483250
6.80034002 9.58335077 0.00089982 0.00061533 0.00063799 0.01385543 0.40799327 0.04888833 0.28675380 0.01321775 0.02882283 0.02901853 0.15781477 0.01148215
6.90034502 9.57820034 0.00075954 0.00057970 0.00054740 0.00819768 0.41001264 0.05102599 0.29225984 0.01142438 0.03051724 0.02690427 0.15863059 0.00914074
7.00035002 9.57603863 0.00068364 0.00061312 0.00040252 0.01011551 0.41478521 0.04825560 0.28397327 0.01202038 0.03098250 0.02740762 0.16164589 0.00911473
7.10035502 9.56735426 0.00042002 0.00061171 0.00020648 0.00233316 0.41488109 0.05033448 0.29007749 0.01518210 0.02820769 0.02440074 0.16222203 0.01112302
7.20036002 9.55194324 0.00070148 0.00055065 0.00053578 0.01012275 0.40928924 0.05030159 0.29607246 0.01200347 0.02700438 0.02275313 0.15908328 0.01158180
7.30036502 9.54970800 0.00064190 0.00056361 0.00042843 0.00699665 0.41339570 0.05028591 0.29289909 0.00824706 0.03222841 0.02291511 0.16091320 0.01048495
7.40037002 9.53766283 0.00063427 0.00056960 0.00057361 0.01069434 0.40699065 0.04652922 0.29354058 0.00883938 0.02998010 0.02292988 0.16491907 0.01379932
7.50037502 9.52916458 0.00074652 0.00061557 0.00057828 0.00654241 0.40551970 0.04753638 0.29449071 0.01233685 0.03177358 0.02542402 0.16360043 0.01083556
7.60038002 9.52041133 0.00066890 0.00057859 0.00042951 0.00722086 0.40648204 0.04731384 0.29382457 0.01316597 0.03011132 0.02712806 0.16300347 0.01007285
7.70038502 9.51650735 0.00037707 0.00056015 0.00018434 0.00370761 0.41340159 0.05083761 0.29478596 0.01006967 0.02781123 0.02540010 0.16344107 0.00942360
7.80039002 9.50918369 0.00093320 0.00051485 0.00066097 0.00951357 0.41062921 0.04775666 0.29443587 0.01173670 0.02796795 0.02271943 0.16245212 0.01067947
7.90039502 9.50445696 0.00049041 0.00056920 0.00026754 0.00352902 0.41721773 0.04858842 0.29182969 0.01225284 0.02967792 0.01907089 0.16670545 0.00980088
8.00040002 9.50360101 0.00063694 0.00053071 0.00040115 0.00532863 0.41599565 0.04916308 0.29482918 0.01399993 0.02481520 0.01769362 0.16582926 0.01077666
8.10040502 9.49667082 0.00045798 0.00054381 0.00029690 0.00402649 0.41877339 0.04705729 0.29178059 0.01066838 0.02518236 0.02383895 0.16571985 0.01165402
8.20041002 9.48645866 0.00047199 0.00058525 0.00039636 0.00545948 0.42181630 0.04444106 0.29250174 0.01019892 0.02812640 0.02064162 0.16297031 0.01239058
8.30041502 9.48217009 0.00107098 0.00056173 0.00083165 0.01038778 0.40969375 0.04361903 0.29581753 0.01655001 0.02952041 0.02086572 0.16040658 0.01067483
8.40042002 9.47209374 0.00076703 0.00056242 0.00058310 0.00714589 0.40483923 0.04238948 0.29992175 0.01371972 0.03123739 0.02242020 0.16143922 0.01497459
8.50042502 9.46278912 0.00057831 0.00058819 0.00044771 0.00507856 0.40276945 0.04478906 0.30091376 0.01180895 0.03080294 0.02782568 0.16292565 0.01147173
8.60043002 9.45746932 0.00080821 0.00058360 0.00068642 0.01051553 0.40817488 0.03744648 0.29774325 0.01280620 0.03441881 0.02445353 0.15907946 0.01328362
8.70043502 9.44018390 0.00088652 0.00061317 0.00079490 0.01293595 0.41135624 0.03527242 0.29556138 0.01125146 0.03927847 0.02717555 0.15319074 0.01168319
8.80044002 9.43219329 0.00087649 0.00057621 0.00065724 0.00618553 0.41111136 0.04102132 0.29129351 0.01509357 0.03495118 0.02916202 0.15806774 0.01100382
8.90044502 9.42093215 0.00040764 0.00059750 0.00028627 0.00167543 0.41077545 0.04530367 0.29140339 0.01271299 0.03836056 0.02905382 0.15886310 0.01056017
9.00045002 9.41747882 0.00085483 0.00055104 0.00060654 0.00788899 0.40864598 0.04643250 0.28950364 0.01589074 0.03429979 0.02900977 0.15699955 0.00931664
9.10045502 9.41172003 0.00076707 0.00057883 0.00056889 0.00692177 0.40965199 0.04496338 0.28914634 0.01599460 0.03849217 0.02497229 0.15613067 0.01181198
9.20046002 9.40790411 0.00077339 0.00057972 0.00052676 0.00517432 0.41577532 0.04284668 0.28908614 0.01632441 0.03773710 0.02387264 0.15482172 0.01248180
9.30046502 9.40127089 0.00073375 0.00059971 0.00058474 0.00863331 0.41298287 0.04095849 0.28860778 0.01361571 0.04156978 0.02127067 0.15623986 0.01420332
9.40047002 9.39772562 0.00068355 0.00058451 0.00058896 0.00917741 0.41459925 0.03467392 0.29056385 0.01210227 0.04155420 0.02473712 0.15869820 0.01203677
9.50047502 9.38713515 0.00075358 0.00059270 0.00053255 0.00812789 0.41501974 0.03558155 0.29102461 0.01520039 0.03747834 0.02940551 0.15588461 0.01039853
9.60048002 9.38061051 0.00082533 0.00055586 0.00058333 0.00872448 0.41744412 0.03578033 0.28850696 0.01667269 0.03722140 0.03035680 0.15427166 0.00905703
9.70048502 9.36006520 0.00086461 0.00062834 0.00063375 0.01045619 0.41900349 0.03646239 0.28351892 0.01634840 0.04043960 0.02944496 0.15240964 0.00978971
9.80049002 9.35313556 0.00087305 0.00065672 0.00066248 0.00824711 0.41846959 0.03579340 0.28088091 0.01496323 0.04169270 0.03434244 0.15230007 0.01111829
9.90049502 9.34615062 0.00094191 0.00064362 0.00070986 0.00943984 0.41751762 0.03728687 0.28270500 0.01501113 0.04136415 0.03275718 0.15176961 0.00985321
10.00050003 9.33745573 0.00090086 0.00064365 0.00072720 0.01337969 0.41203304 0.03665343 0.28308658 0.01325530 0.04544826 0.03145906 0.15278846 0.00962446
10.10050503 9.33361383 0.00063901 0.00068673 0.00044439 0.00833123 0.41330907 0.03702108 0.28582219 0.01192913 0.04212152 0.03039065 0.16206049 0.00724451
10.20051003 9.33084923 0.00077617 0.00062610 0.00046738 0.00621335 0.41191845 0.03355095 0.28328427 0.01794148 0.04380554 0.02971171 0.16436564 0.00733896
10.30051503 9.32240097 0.00109266 0.00067719 0.00088154 0.01306967 0.40673543 0.03135420 0.28056098 0.01618190 0.04783484 0.03069024 0.16019155 0.01072978
10.40052003 9.32073585 0.00061871 0.00066007 0.00054983 0.00543442 0.41320698 0.03535686 0.28430221 0.01162644 0.04693739 0.02851763 0.15889336 0.01389610
10.50052503 9.31524615 0.00087057 0.00064885 0.00057042 0.00915327 0.41229589 0.03113137 0.28817350 0.01685445 0.05022297 0.02504294 0.15665879 0.00837699
10.60053003 9.30666150 0.00101877 0.00058076 0.00080845 0.01171419 0.40583527 0.03992877 0.28645247 0.01436643 0.04562395 0.02674822 0.15750754 0.00941518
10.70053503 9.29050986 0.00086407 0.00063028 0.00071950 0.01238069 0.39610132 0.04884348 0.28851569 0.01347680 0.04539911 0.02540466 0.15735360 0.01031081
10.80054003 9.28276570 0.00101198 0.00060069 0.00071631 0.00923726 0.39962430 0.04949787 0.28753252 0.01805945 0.04032241 0.02721848 0.15392008 0.01225864
10.90054503 9.27404811 0.00090659 0.00065337 0.00054464 0.00757007 0.40353482 0.05326185 0.27903378 0.01966764 0.04509165 0.02732782 0.14968637 0.01272139
11.00055003 9.26424858 0.00062778 0.00065405 0.00048770 0.00349867 0.40237608 0.05637478 0.27991714 0.01444852 0.04715222 0.03017997 0.14790050 0.01638257
11.10055503 9.26052874 0.00084526 0.00054912 0.00047733 0.01080586 0.39665977 0.05723767 0.28250635 0.01638710 0.04237793 0.03359263 0.14590682 0.01265414
11.20056003 9.25203456 0.00073633 0.00060844 0.00049743 0.00698342 0.40448297 0.04783606 0.28808355 0.01655050 0.04269156 0.03167538 0.14613347 0.01372089
11.30056503 9.24593864 0.00065418 0.00061026 0.00044307 0.00521453 0.40285744 0.04954841 0.28300288 0.01594182 0.04308989 0.03282486 0.15043953 0.01537312
11.40057003 9.23809000 0.00084100 0.00057161 0.00060193 0.01120878 0.40164784 0.05232045 0.28268896 0.01409741 0.04092380 0.03170259 0.15016779 0.01322784
11.50057503 9.23286652 0.00070041 0.00061372 0.00045060 0.00770217 0.39982955 0.05375049 0.28150849 0.01690147 0.03765684 0.03010726 0.15639140 0.01438759
11.60058003 9.22842293 0.00064126 0.00055678 0.00046636 0.00469655 0.40342977 0.05476114 0.28602846 0.01751040 0.03195471 0.03513622 0.15203028 0.01278807
11.70058503 9.21661282 0.00096176 0.00053898 0.00070000 0.00805131 0.39214302 0.06035971 0.29056980 0.01826385 0.03006584 0.03489537 0.15068236 0.01276800
11.80059003 9.21225343 0.00114849 0.00052675 0.00087197 0.01119801 0.39752040 0.05679834 0.29247785 0.01850636 0.02640925 0.03197638 0.14906575 0.01350045
11.90059503 9.20767169 0.00064509 0.00053011 0.00053081 0.00604046 0.39945217 0.05463345 0.29836171 0.01325397 0.02798892 0.03530990 0.14966709 0.01358633
12.00060003 9.20065037 0.00100100 0.00050917 0.00066935 0.01364970 0.39971931 0.04992357 0.30223539 0.01400213 0.02546697 0.03265815 0.15006915 0.01009610
12.10060503 9.19778277 0.00062323 0.00053390 0.00038599 0.00209594 0.40125371 0.04761932 0.29903007 0.01730010 0.02746689 0.03630966 0.15171544 0.01566577
12.20061003 9.18954390 0.00067259 0.00052562 0.00049524 0.00672210 0.40214112 0.04820967 0.29761870 0.01632016 0.02889194 0.03215815 0.15082262 0.01542208
12.30061503 9.18454562 0.00082707 0.00055029 0.00061638 0.00628833 0.40730019 0.04247187 0.29592256 0.01748730 0.03464527 0.02789057 0.14958169 0.01641849
12.40062003 9.18422585 0.00071224 0.00054615 0.00057455 0.00763153 0.41167106 0.04865814 0.29465943 0.01458131 0.03437366 0.02549563 0.14874969 0.01234660
12.50062503 9.18230976 0.00053184 0.00049369 0.00049283 0.00320544 0.41879763 0.04955757 0.29267933 0.01393112 0.02971505 0.02555399 0.14631430 0.01872721
12.60063003 9.17616388 0.00086331 0.00051374 0.00073954 0.01073095 0.41295933 0.05139713 0.29849582 0.01354168 0.02907464 0.02172838 0.14695647 0.01299901
12.70063503 9.17089368 0.00059148 0.00052630 0.00033612 0.00321082 0.40685799 0.05686291 0.30319029 0.01535499 0.03050112 0.02174986 0.15092431 0.00989382
12.80064003 9.16660041 0.00077032 0.00048770 0.00044558 0.00886786 0.41074505 0.05227238 0.30100642 0.01362578 0.03173155 0.02215913 0.14802927 0.00985895
12.90064503 9.16467616 0.00069030 0.00052622 0.00043343 0.00886217 0.40791115 0.04728660 0.30083513 0.01470355 0.02978181 0.02485307 0.15294568 0.01117089
13.00065003 9.15409498 0.00064974 0.00055189 0.00050187 0.00553001 0.41163988 0.04475148 0.30019998 0.01341126 0.02954676 0.02765227 0.15206149 0.01350337
13.10065503 9.15208032 0.00057226 0.00062413 0.00042961 0.00495065 0.41461409 0.04216942 0.30070066 0.01130561 0.03084853 0.02853378 0.15521259 0.01003867
13.20066003 9.14828880 0.00049686 0.00064043 0.00031117 0.00374291 0.41411747 0.04040566 0.30148651 0.01051250 0.03526858 0.02570404 0.15848701 0.00882686
13.30066503 9.14322273 0.00043687 0.00062567 0.00019835 0.00211202 0.40980466 0.03999702 0.30662110 0.01270231 0.03577251 0.02598741 0.15917606 0.00656602
13.40067003 9.13671988 0.00042152 0.00055726 0.00023292 0.00366316 0.41065771 0.03841901 0.30684066 0.01001810 0.03334333 0.02835879 0.15860104 0.00888650
13.50067503 9.13289767 0.00058581 0.00057279 0.00042511 0.00819325 0.40750065 0.03370424 0.30620447 0.01287820 0.03505516 0.02583785 0.16066693 0.00837555
13.60068003 9.12633110 0.00068510 0.00057526 0.00036643 0.00635750 0.40739720 0.03139395 0.31489317 0.01930921 0.03510831 0.02001151 0.15802607 0.00587630
13.70068503 9.11572931 0.00051601 0.00060346 0.00020628 0.00375644 0.41039960 0.03648205 0.31310363 0.01581121 0.03211407 0.02192685 0.15977925 0.00530116
13.80069003 9.10544993 0.00080815 0.00057430 0.00058731 0.01190550 0.40857828 0.03498544 0.30979083 0.01469858 0.03091942 0.02485041 0.15613717 0.00616460
13.90069503 9.09889445 0.00056246 0.00057728 0.00050962 0.00500816 0.40832679 0.04144879 0.31141444 0.01153254 0.02983825 0.02510970 0.15384324 0.01182872
14.00070004 9.09795365 0.00058738 0.00054708 0.00034742 0.00553763 0.41175501 0.04625091 0.30914083 0.01407165 0.03189350 0.01961367 0.15066358 0.00959133
14.10070504 9.08913803 0.00052026 0.00055964 0.00039605 0.00317480 0.41376201 0.04432678 0.31198557 0.01182228 0.03001846 0.02186246 0.15167432 0.00989737
14.20071004 9.08423392 0.00035481 0.00052642 0.00013692 0.00226684 0.41559622 0.04024727 0.31433793 0.01245117 0.02856060 0.02313713 0.15297884 0.00940585
14.30071504 9.07780835 0.00057315 0.00055409 0.00046238 0.01052058 0.41380934 0.03564517 0.31227783 0.00751994 0.03323455 0.02577127 0.15012419 0.00950750
14.40072004 9.06972781 0.00070140 0.00049233 0.00048793 0.00649244 0.41701145 0.04098109 0.31411882 0.00975044 0.02523578 0.02469236 0.15114162 0.00889434
14.50072504 9.06871113 0.00073678 0.00051915 0.00054224 0.01034025 0.41213608 0.03792057 0.31807894 0.01040632 0.02424461 0.02431242 0.15302122 0.00774142
14.60073004 9.05886256 0.00041206 0.00056106 0.00024072 0.00189882 0.41127692 0.04195503 0.31034730 0.01283878 0.02482909 0.02882659 0.15698564 0.00982800
14.70073504 9.04876591 0.00049513 0.00056788 0.00028275 0.00332753 0.41820729 0.04160009 0.30852645 0.01145321 0.02121771 0.02533189 0.15948067 0.00950939
14.80074004 9.04280648 0.00081464 0.00054581 0.00059762 0.00890234 0.41081245 0.03904448 0.31490501 0.01392392 0.02298035 0.02047629 0.15675638 0.01024071
14.90074504 9.03883682 0.00055403 0.00056672 0.00033760 0.00315595 0.40942590 0.03993925 0.31438403 0.01599587 0.02533735 0.01939257 0.16028600 0.01062472
15.00075004 9.02970252 0.00085283 0.00054898 0.00066807 0.01210140 0.40498470 0.03602234 0.31656335 0.01342751 0.02572041 0.01964441 0.15818256 0.01128343
15.10075504 9.01689713 0.00085210 0.00062369 0.00048171 0.00583917 0.41104769 0.03411109 0.31534829 0.01578581 0.03493490 0.01908019 0.15404544 0.00784993
15.20076004 9.00202203 0.00077011 0.00060796 0.00074201 0.00935370 0.40434379 0.03615076 0.31626617 0.00852429 0.03495398 0.02049327 0.15582810 0.01196585
15.30076504 8.99626955 0.00056066 0.00055705 0.00053911 0.01028959 0.40795150 0.03481933 0.31409967 0.00767717 0.03454599 0.02423664 0.15484579 0.00987749
15.40077004 8.98812977 0.00088668 0.00053543 0.00064883 0.00797750 0.39923983 0.03259025 0.31942370 0.01429423 0.03589798 0.02549198 0.15290306 0.01011053
15.50077504 8.98018975 0.00035980 0.00064415 0.00014490 0.00219095 0.40431309 0.02712562 0.32554282 0.01162788 0.03964953 0.02408680 0.15585041 0.00846405
15.60078004 8.96759147 0.00053940 0.00066044 0.00043709 0.00673595 0.39240807 0.03602482 0.32485336 0.00887825 0.03801261 0.02335421 0.16006552 0.00803030
15.70078504 8.96179369 0.00056138 0.00062824 0.00046257 0.00653331 0.39899220 0.04061762 0.32353938 0.00779073 0.03983242 0.01678487 0.15900775 0.00524952
15.80079004 8.95772483 0.00032697 0.00062529 0.00008218 0.00020717 0.40677857 0.04135678 0.31917133 0.01108965 0.03843712 0.01787354 0.15898768 0.00506371
15.90079504 8.95303871 0.00038484 0.00060342 0.00020125 0.00179131 0.40387994 0.04061650 0.31776175 0.01018035 0.04002168 0.01665231 0.15973320 0.00817343
16.00080004 8.94590122 0.00046250 0.00067899 0.00023764 0.00397237 0.40178392 0.03377977 0.31838614 0.01325598 0.04747579 0.01321703 0.15767517 0.00907470
16.10080504 8.94506295 0.00035502 0.00063226 0.00020094 0.00183351 0.40572480 0.03776503 0.32282670 0.00882079 0.04217481 0.01356491 0.15864143 0.00745980
16.20081004 8.92787156 0.00041014 0.00061686 0.00031985 0.00363228 0.40495550 0.03424088 0.32492561 0.00927420 0.03863867 0.01952200 0.15486335 0.00860065
16.30081504 8.92342724 0.00029154 0.00055271 0.00021244 0.00029752 0.40542475 0.03527393 0.32686461 0.01038286 0.03552738 0.02034316 0.15363056 0.01119856
16.40082004 8.91553410 0.00041689 0.00057314 0.00034033 0.00514607 0.40398099 0.03241759 0.32517075 0.00956575 0.03410676 0.02376975 0.15416836 0.01034362
16.50082504 8.90384605 0.00052493 0.00053362 0.00047367 0.00683537 0.40179324 0.02828023 0.32775625 0.00872840 0.03015218 0.03008171 0.15376471 0.01107569
16.60083004 8.90012381 0.00052323 0.00055466 0.00039857 0.00535646 0.39806988 0.02343503 0.33056248 0.00864027 0.03134666 0.03559977 0.15746631 0.00804666
16.70083504 8.89210321 0.00025026 0.00055861 0.00012662 0.00021886 0.39574527 0.02988311 0.32892898 0.00890765 0.03244589 0.03635941 0.15832124 0.00825410
16.80084004 8.87822309 0.00072498 0.00056479 0.00058084 0.00657118 0.38796331 0.02505198 0.32831911 0.01250121 0.03225660 0.03926158 0.15689619 0.00930822
16.90084504 8.87043003 0.00035776 0.00054076 0.00024510 0.00372318 0.39338781 0.02976951 0.32816808 0.01215439 0.02715833 0.03627274 0.15874501 0.00947732
17.00085004 8.86853615 0.00044061 0.00052318 0.00032216 0.00195625 0.39105472 0.03362674 0.32498607 0.01383312 0.02952398 0.03799299 0.15591205 0.00982811
17.10085504 8.86242047 0.00052651 0.00050670 0.00035408 0.00191808 0.38939009 0.03547686 0.32188112 0.01706534 0.02891090 0.03604614 0.15531119 0.01261299
17.20086004 8.85529002 0.00073350 0.00048703 0.00047261 0.00475509 0.38843970 0.03479831 0.32069606 0.01874515 0.02835025 0.03668190 0.15402696 0.01181345
17.30086504 8.84636187 0.00057481 0.00055328 0.00039741 0.00330422 0.38423909 0.03928693 0.32344279 0.01608113 0.03009914 0.03475812 0.15766569 0.00959738
17.40087004 8.83877333 0.00091300 0.00056625 0.00079428 0.01385012 0.38172489 0.04295598 0.32351965 0.01351102 0.02680761 0.02720102 0.15738160 0.01077458
17.50087504 8.83100658 0.00069493 0.00052597 0.00056065 0.00489705 0.38640283 0.03838559 0.32727349 0.01689950 0.02701744 0.02392660 0.15678027 0.01663569
17.60088004 8.82357942 0.00057510 0.00055097 0.00055047 0.00765869 0.38419608 0.03966687 0.33034644 0.01139003 0.02763981 0.02615002 0.15726670 0.01400882
17.70088504 8.81351629 0.00098136 0.00056510 0.00090340 0.01370409 0.37455495 0.03563488 0.33340553 0.01161695 0.02673906 0.02762990 0.15873537 0.01552942
17.80089004 8.80689005 0.00077539 0.00058073 0.00054145 0.00813628 0.37660482 0.04013659 0.33914492 0.01295304 0.02898982 0.02536263 0.15667972 0.01009462
17.90089504 8.80550030 0.00067083 0.00053870 0.00039562 0.00504870 0.37568228 0.04218068 0.34113479 0.01543488 0.02760612 0.02496520 0.15703812 0.00930410
18.00090005 8.79188733 0.00042329 0.00059142 0.00037430 0.00562310 0.36600868 0.04535054 0.34491640 0.01039133 0.03314377 0.02546245 0.15533972 0.01237500
18.10090505 8.78229046 0.00072488 0.00063302 0.00039041 0.00349498 0.36727345 0.03941476 0.33753259 0.01923066 0.03863186 0.02238856 0.15992908 0.01035575
18.20091005 8.76861975 0.00090030 0.00060824 0.00071631 0.00866461 0.36179838 0.03976258 0.33823318 0.01561379 0.03762893 0.02259855 0.15973127 0.01374385
18.30091505 8.76184852 0.00066521 0.00059856 0.00047323 0.00524649 0.36283463 0.04443409 0.33132175 0.01256692 0.03502558 0.03639548 0.16021948 0.01021857
18.40092005 8.75206884 0.00074842 0.00058394 0.00054580 0.00735448 0.35936189 0.04727724 0.33565524 0.01140041 0.03248507 0.03664010 0.15791386 0.01003356
18.50092505 8.74325784 0.00057833 0.00062177 0.00033151 0.00362680 0.36213551 0.04352021 0.34008567 0.01332312 0.03650585 0.03351981 0.15465121 0.01110023
18.60093005 8.73837629 0.00054892 0.00063140 0.00037631 0.00693187 0.36210063 0.04082763 0.33716713 0.01317594 0.04207629 0.03387241 0.15402456 0.00826692
18.70093505 8.73482816 0.00056939 0.00051803 0.00032363 0.00334706 0.36415337 0.04349183 0.33619600 0.01662418 0.03530581 0.03712898 0.15182679 0.01051493
18.80094005 8.72967102 0.00080951 0.00056890 0.00051174 0.00823597 0.35764782 0.04614286 0.33212685 0.01738858 0.03864926 0.03176783 0.15700717 0.00914350
18.90094505 8.72718730 0.00058266 0.00057246 0.00039379 0.00696455 0.35671516 0.04902756 0.33611606 0.01184828 0.04156188 0.02886390 0.15703444 0.01031926
19.00095005 8.72291627 0.00061410 0.00057756 0.00037502 0.00502325 0.35829469 0.04825485 0.33797836 0.01200501 0.03892024 0.03036378 0.15822914 0.00936398
19.10095505 8.71541597 0.00063587 0.00058667 0.00036624 0.00693204 0.36418630 0.04808518 0.33584115 0.01482693 0.03727128 0.02931877 0.15411461 0.00783497
19.20096005 8.71224202 0.00078626 0.00055831 0.00049468 0.00583008 0.36453408 0.04352128 0.32954720 0.01855071 0.03551224 0.03202026 0.15584818 0.01279673
19.30096505 8.70608935 0.00068459 0.00061052 0.00046516 0.00352449 0.35922367 0.04170527 0.33167061 0.01660962 0.03746596 0.03458480 0.16102924 0.01242606
19.40097005 8.69768550 0.00076150 0.00059937 0.00066818 0.00674224 0.34928816 0.04928111 0.33157986 0.01445339 0.03951752 0.03004905 0.16301508 0.01404452
19.50097505 8.68899360 0.00068487 0.00072305 0.00044034 0.00513658 0.34968351 0.04263643 0.33546377 0.01662121 0.04186913 0.02668008 0.16826054 0.01180048
19.60098005 8.68052881 0.00067862 0.00069203 0.00046159 0.00655359 0.35569379 0.03981929 0.33674915 0.01515203 0.04252880 0.02592980 0.16633623 0.00940508
19.70098505 8.67338123 0.00059110 0.00063787 0.00039892 0.00356002 0.36118947 0.04118420 0.33405183 0.01548959 0.04491459 0.02286771 0.16320623 0.01190846
19.80099005 8.66831927 0.00051768 0.00062436 0.00030792 0.00351841 0.36363723 0.04657228 0.32982764 0.01219528 0.04633541 0.02700098 0.15957536 0.00988745
19.90099505 8.66241832 0.00048080 0.00066763 0.00029054 0.00365658 0.36299690 0.04415475 0.33031291 0.01188596 0.04409284 0.03031728 0.15992972 0.01121409
20.00100005 8.65899098 0.00046031 0.00070584 0.00030165 0.00510163 0.36169962 0.04194243 0.33697724 0.00957621 0.04932959 0.02454641 0.15928771 0.01007137
20.10100505 8.64927729 0.00083457 0.00069330 0.00063184 0.00932527 0.36141544 0.03991239 0.33461560 0.01281800 0.04685836 0.01969518 0.16041729 0.01278275
20.20101005 8.63930315 0.00056894 0.00067412 0.00049272 0.00484844 0.36435956 0.03972366 0.33154112 0.01091865 0.04605413 0.02762262 0.16137106 0.01182496
20.30101505 8.63282350 0.00049872 0.00061232 0.00039806 0.00332772 0.36335119 0.04215340 0.32638090 0.00978305 0.04681435 0.03812655 0.15684125 0.01171250
20.40102005 8.62721153 0.00074644 0.00063459 0.00046235 0.00505615 0.36475233 0.04697567 0.32541411 0.01519419 0.04785100 0.02706843 0.15534797 0.01049677
20.50102505 8.61463453 0.00107569 0.00062371 0.00079021 0.01155982 0.36709458 0.04234368 0.32523128 0.01695440 0.04384825 0.02608666 0.15320218 0.01118953
20.60103005 8.60485160 0.00095590 0.00058544 0.00078681 0.01343984 0.36730001 0.04576529 0.32491079 0.01709917 0.04364438 0.02786266 0.14755938 0.01009033
20.70103505 8.60236293 0.00075822 0.00055940 0.00040391 0.00445600 0.36532737 0.05546261 0.32911618 0.01736560 0.04179226 0.02547484 0.14920479 0.01007881
20.80104005 8.59823876 0.00042435 0.00059646 0.00021695 0.00360322 0.37122436 0.05342428 0.32506535 0.01344494 0.04206740 0.02447611 0.15504644 0.01041014
20.90104505 8.59071476 0.00081189 0.00066921 0.00053506 0.00825922 0.36991141 0.04641542 0.32452879 0.01566783 0.04589737 0.02226996 0.15699322 0.00804062
21.00105005 8.58546876 0.00072903 0.00063487 0.00047827 0.00624538 0.37511361 0.04499377 0.32425763 0.01458574 0.04749029 0.02167823 0.15650360 0.00728958
21.10105505 8.57901563 0.00071381 0.00058380 0.00042428 0.00526753 0.37869562 0.04332245 0.32216316 0.01586740 0.04720302 0.02170273 0.15535441 0.00870180
21.20106005 8.57374790 0.00064408 0.00056291 0.00044023 0.00512150 0.37762486 0.04358594 0.32174551 0.01404994 0.04811887 0.02314897 0.15394785 0.01100935
21.30106505 8.56882362 0.00059213 0.00056675 0.00028728 0.00342626 0.37856937 0.04577318 0.32232587 0.01373959 0.04800501 0.02516539 0.15253300 0.00901617
21.40107005 8.56629399 0.00069943 0.00056771 0.00043469 0.00948189 0.37971625 0.04259824 0.32153982 0.01326381 0.04788239 0.02133838 0.15229383 0.01018356
21.50107505 8.55694181 0.00069853 0.00059585 0.00055562 0.00591253 0.37881744 0.04319364 0.32267777 0.01303019 0.04743513 0.02264101 0.15247381 0.01196848
21.60108005 8.55207867 0.00064587 0.00059361 0.00047969 0.00546007 0.38986986 0.04103255 0.32076641 0.01272069 0.03932214 0.02250613 0.15344799 0.01315500
21.70108505 8.54395205 0.00066182 0.00059575 0.00038904 0.00528406 0.38712516 0.04661344 0.31828536 0.01417365 0.04329960 0.02169856 0.15269412 0.00917944
21.80109005 8.53703585 0.00066199 0.00055479 0.00050302 0.00690897 0.38502102 0.04559005 0.31951064 0.01386315 0.04125801 0.02088110 0.15365555 0.01159173
21.90109505 8.53086415 0.00090736 0.00055743 0.00078723 0.00793005 0.38404302 0.03910425 0.32497118 0.01361571 0.03945835 0.02126720 0.15297002 0.01438820
22.00110006 8.52613504 0.00051424 0.00057377 0.00043467 0.00424833 0.38632874 0.03963356 0.33085877 0.01441439 0.03153125 0.02457007 0.15270748 0.01418475
22.10110506 8.52045655 0.00081615 0.00055876 0.00076000 0.00847632 0.38237595 0.04141171 0.32969604 0.01087891 0.03253761 0.02577949 0.15283163 0.01387742
22.20111006 8.51224714 0.00089893 0.00053914 0.00062039 0.00814411 0.37818415 0.03851899 0.33046944 0.01536490 0.03612520 0.02773947 0.15268208 0.01071321
22.30111506 8.51027974 0.00078186 0.00054244 0.00052235 0.00685827 0.38208784 0.03860740 0.32791124 0.01465227 0.03892716 0.02994163 0.15053133 0.00863622
22.40112006 8.50671029 0.00057938 0.00051986 0.00049202 0.00686465 0.38011935 0.03434426 0.33068833 0.01302668 0.03849666 0.03117472 0.15017580 0.01351829
22.50112506 8.49870688 0.00082808 0.00052279 0.00063182 0.00913216 0.37522758 0.03220496 0.33355336 0.01268027 0.03758429 0.03616913 0.15111197 0.01035359
22.60113006 8.49834624 0.00047065 0.00050263 0.00031286 0.00192896 0.37593174 0.03236983 0.33685253 0.01494294 0.03563374 0.03652299 0.15307936 0.01145176
22.70113506 8.49266056 0.00067426 0.00050421 0.00045237 0.00711691 0.38606304 0.03195863 0.33143280 0.01350030 0.03396286 0.03401420 0.15203709 0.00828333
22.80114006 8.48241093 0.00063809 0.00058309 0.00045346 0.01441830 0.38369756 0.03190718 0.32626860 0.01418352 0.03730693 0.03131831 0.15214383 0.00708115
22.90114506 8.47301437 0.00070440 0.00059090 0.00052644 0.00697336 0.39035941 0.03556419 0.32329235 0.01267153 0.03770498 0.02967706 0.15405236 0.00788303
23.00115006 8.46308817 0.00042083 0.00064749 0.00028720 0.00223214 0.39176766 0.03476386 0.31886456 0.01169613 0.04546172 0.03107813 0.15525857 0.00752171
23.10115506 8.45380785 0.00079872 0.00056863 0.00040102 0.00730934 0.38931094 0.03300104 0.32212370 0.01971517 0.04102253 0.02932871 0.14897420 0.00744601
23.20116006 8.44676409 0.00066025 0.00056502 0.00031421 0.00415376 0.38808033 0.03572650 0.32495893 0.01562276 0.04566279 0.02773814 0.14873293 0.00778437
23.30116506 8.43309867 0.00039795 0.00061344 0.00020243 0.00184570 0.38542950 0.03074502 0.33310529 0.01322513 0.04949976 0.02531655 0.15135201 0.00826723
23.40117006 8.42578772 0.00034687 0.00062283 0.00017424 0.00035448 0.38189028 0.03166638 0.33028604 0.01274399 0.05034767 0.02761615 0.15485318 0.00909789
23.50117506 8.41970109 0.00048346 0.00055001 0.00040789 0.00391574 0.38299697 0.03086533 0.33008325 0.01064345 0.04223558 0.03238907 0.15413419 0.01129507
23.60118006 8.40901707 0.00057359 0.00055753 0.00057783 0.00460174 0.38073042 0.03434553 0.33348127 0.00986957 0.04089422 0.02846292 0.15233656 0.01356882
23.70118506 8.40398004 0.00061191 0.00063141 0.00046931 0.00621200 0.38635396 0.03472540 0.32764010 0.01157585 0.04339697 0.02336556 0.15597756 0.00903997
23.80119006 8.39647856 0.00073017 0.00060163 0.00068849 0.01080729 0.38856385 0.02880166 0.32790508 0.00935315 0.04216447 0.02345699 0.15676497 0.01016225
23.90119506 8.38718798 0.00070639 0.00060208 0.00047457 0.00742695 0.38975503 0.03274339 0.33246533 0.01530568 0.03377407 0.02209416 0.15540349 0.00924887
24.00120006 8.38283342 0.00062269 0.00053067 0.00062016 0.00806784 0.39542657 0.03599773 0.33329940 0.01131884 0.02920295 0.01674827 0.15354040 0.01462447
24.10120506 8.37313503 0.00088860 0.00053988 0.00078366 0.01245082 0.39312407 0.03634230 0.33720592 0.01165701 0.02898973 0.01105101 0.15614040 0.01082660
24.20121006 8.36999568 0.00071319 0.00054364 0.00044062 0.00481971 0.39535113 0.04170816 0.33572003 0.01360737 0.02814223 0.01275954 0.15824298 0.00795142
24.30121506 8.36078305 0.00073245 0.00052248 0.00048680 0.00725934 0.39432931 0.03882781 0.33538531 0.01598639 0.02717795 0.01633407 0.15258494 0.01037313
24.40122006 8.35228671 0.00053804 0.00057906 0.00030791 0.00320328 0.39363087 0.04003135 0.33229573 0.01416556 0.03112946 0.02023110 0.15436487 0.00952276
24.50122506 8.34604654 0.00048446 0.00056897 0.00030408 0.00342843 0.38862376 0.03757308 0.33266366 0.01246016 0.03482699 0.02377050 0.15731663 0.00797930
24.60123006 8.34270434 0.00050815 0.00055794 0.00021925 0.00377436 0.38588212 0.03412765 0.33721182 0.01365539 0.03272352 0.02613846 0.15762460 0.00757674
24.70123506 8.33732933 0.00062841 0.00044636 0.00042289 0.00471331 0.38655091 0.03808578 0.33476503 0.01479243 0.02725173 0.02808592 0.15498596 0.00927127
24.80124006 8.33287621 0.00043989 0.00043370 0.00022286 0.00212155 0.38415941 0.03836779 0.33702615 0.01485562 0.02503715 0.03102672 0.15734358 0.00896557
24.90124506 8.32830055 0.00045667 0.00049582 0.00021687 0.00166236 0.38479874 0.03990889 0.33669696 0.01606639 0.02857891 0.02574947 0.15742957 0.00793935
25.00125006 8.32283038 0.00031071 0.00052510 0.00011288 0.00023505 0.39096315 0.04082431 0.33567832 0.01216155 0.02887428 0.02352220 0.15995915 0.00683330
25.10125506 8.31499632 0.00061085 0.00051422 0.00045191 0.00668501 0.39128813 0.03583867 0.33909229 0.01055199 0.02847462 0.02147849 0.15863075 0.00638307
25.20126006 8.30901211 0.00054254 0.00053576 0.00037937 0.00299601 0.38612450 0.04095143 0.33777683 0.01171926 0.02646407 0.01932695 0.16309883 0.01008444
25.30126506 8.30354609 0.00052173 0.00050459 0.00044006 0.00368630 0.38282204 0.04153191 0.34388263 0.00928924 0.02856544 0.01688164 0.16222530 0.00964911
25.40127006 8.28983545 0.00061257 0.00055567 0.00046545 0.00618128 0.38137767 0.03719414 0.34256087 0.01227633 0.03243801 0.01568055 0.16106777 0.00958968
25.50127506 8.28288901 0.00097278 0.00056155 0.00067026 0.00997619 0.38037046 0.03095709 0.34218782 0.01572352 0.03433967 0.01832233 0.15854049 0.00737782
25.60128006 8.27176677 0.00076929 0.00057879 0.00056028 0.00885665 0.37689379 0.04031625 0.34198758 0.01370629 0.03258804 0.01814248 0.15795180 0.00764877
25.70128506 8.26602021 0.00044250 0.00062089 0.00028455 0.00350081 0.37609415 0.04070158 0.34625799 0.01028711 0.03688637 0.01980613 0.15814060 0.00697730
