0.00000000 14.00000000 0.00000000 0.00000000 0.00000000 0.00000000 0.00000000 0.00000000 0.00000000 1.00000000 0.00000000 0.00000000 0.00000000 0.00000000
0.10000500 13.97672628 0.02445429 0.00146563 0.00749856 0.08413405 0.09644586 0.15948859 0.03416323 0.41871626 0.05029724 0.07388887 0.01562803 0.03381938
0.20001000 13.96085274 0.00785569 0.00127673 0.00495349 0.04185293 0.12592494 0.24768665 0.05674417 0.22065550 0.06991911 0.15228189 0.02613505 0.04471385
0.30001500 13.94619531 0.00435042 0.00098051 0.00285199 0.02354900 0.13675962 0.26406146 0.07281179 0.15557413 0.06941879 0.17998124 0.04202929 0.04763176
0.40002000 13.93097046 0.00479040 0.00105425 0.00239792 0.01760839 0.15731143 0.22861241 0.08417335 0.14813083 0.07617515 0.18488252 0.04728582 0.04757753
0.50002500 13.91232991 0.00594438 0.00117711 0.00341499 0.03319635 0.16841656 0.20179994 0.08951029 0.12879877 0.08088147 0.18367396 0.05601457 0.04717161
0.60003000 13.89145369 0.00515809 0.00126734 0.00283432 0.02517957 0.18006095 0.17799667 0.09595913 0.11326388 0.09410452 0.19485741 0.06060806 0.04871006
0.70003500 13.87833277 0.00481637 0.00108013 0.00307526 0.02446914 0.19423305 0.16035208 0.10153515 0.09717417 0.09102389 0.20090622 0.07212778 0.04920676
0.80004000 13.86552907 0.00368042 0.00114318 0.00210130 0.01795300 0.20430381 0.15679770 0.11592709 0.08238501 0.09102546 0.20002593 0.07960046 0.04505664
0.90004500 13.85143591 0.00347194 0.00121327 0.00236828 0.02427030 0.21386280 0.14627623 0.12331242 0.07318455 0.09000193 0.18869217 0.08760958 0.04573653
1.00005000 13.84207349 0.00367580 0.00112783 0.00230966 0.02155259 0.22616520 0.14592522 0.13246559 0.07380467 0.09072807 0.17638518 0.08151331 0.04434689
1.10005500 13.82945174 0.00333061 0.00123534 0.00215271 0.02376121 0.22816202 0.14628672 0.14258950 0.06811321 0.09867907 0.16269362 0.07933406 0.04366191
1.20006000 13.81439045 0.00256798 0.00118268 0.00132786 0.01083640 0.23445208 0.15472887 0.14264352 0.07318791 0.10236152 0.14456989 0.08336020 0.04878108
1.30006500 13.79885752 0.00334572 0.00130194 0.00163437 0.01518504 0.23952162 0.14632419 0.15259057 0.07606546 0.10086751 0.13051511 0.09171836 0.04093012
1.40007000 13.78795353 0.00276018 0.00124545 0.00123203 0.00646178 0.25007617 0.15339948 0.16319047 0.07310886 0.10006146 0.11364281 0.09342646 0.04139487
1.50007500 13.77769836 0.00280524 0.00126171 0.00147918 0.01579979 0.26319954 0.14856120 0.16929145 0.06742913 0.10142219 0.09836242 0.09282511 0.03756305
1.60008000 13.76070742 0.00279850 0.00129785 0.00135037 0.01143502 0.27388231 0.15033738 0.17283563 0.07069068 0.10828532 0.08776997 0.08769889 0.03161808
1.70008500 13.73707228 0.00335678 0.00128030 0.00229166 0.02026575 0.27691376 0.13855547 0.17748859 0.06338218 0.11450100 0.07721646 0.08581636 0.03893171
1.80009000 13.72220691 0.00291081 0.00139142 0.00199845 0.01938744 0.28645144 0.13345530 0.18151005 0.04978971 0.11802989 0.07106451 0.09461720 0.03939377
1.90009500 13.70072557 0.00298222 0.00133374 0.00190370 0.01595556 0.28595860 0.12500855 0.18431574 0.05569982 0.11743959 0.07384513 0.09695233 0.03860502
2.00010001 13.68417803 0.00295468 0.00137900 0.00133508 0.01060684 0.29319801 0.12005213 0.19050948 0.06021670 0.11489924 0.07294339 0.10001427 0.03189119
2.10010501 13.66968228 0.00355691 0.00127124 0.00257819 0.01963355 0.29449388 0.11537432 0.19863459 0.04933506 0.11108185 0.07232354 0.09651843 0.03519843
2.20011001 13.65891756 0.00310793 0.00111896 0.00234063 0.02407455 0.29901664 0.11163556 0.20685377 0.04550689 0.10372816 0.07557379 0.09528248 0.03176064
2.30011501 13.65063513 0.00203870 0.00134676 0.00113154 0.00654741 0.30628796 0.11522930 0.22044013 0.04305820 0.10576838 0.06899171 0.10215677 0.02700315
2.40012001 13.63560017 0.00210357 0.00129334 0.00131421 0.01184775 0.30959978 0.10573303 0.22564906 0.04131909 0.10588909 0.06540116 0.10356873 0.02628119
2.50012501 13.61881622 0.00246343 0.00138512 0.00168546 0.01600201 0.31703926 0.09442294 0.22768247 0.03566641 0.10472115 0.06834825 0.10717200 0.02341151
2.60013001 13.60557896 0.00223198 0.00140915 0.00120428 0.01259974 0.32124760 0.08327932 0.23913979 0.03481772 0.10240451 0.06586708 0.11379894 0.02199989
2.70013501 13.59695713 0.00216892 0.00143985 0.00120715 0.01185655 0.31963569 0.07859009 0.23808376 0.03538196 0.10339217 0.06466778 0.12144853 0.02212755
2.80014001 13.58439967 0.00137451 0.00131277 0.00069695 0.00355953 0.32988161 0.08099075 0.24317238 0.03335544 0.09402354 0.06728154 0.11760970 0.02674128
2.90014501 13.57079235 0.00160018 0.00132268 0.00096176 0.01093343 0.33593369 0.07728736 0.24654164 0.03255684 0.09479037 0.06031650 0.11541162 0.02234394
3.00015001 13.54796461 0.00166784 0.00132214 0.00152594 0.01182141 0.33337137 0.07138028 0.24832909 0.02903058 0.09517859 0.05894845 0.11779882 0.02962549
3.10015501 13.53178684 0.00224081 0.00120489 0.00215455 0.01668970 0.33463465 0.07463605 0.25688785 0.02518689 0.09225502 0.05139510 0.11701760 0.02569691
3.20016001 13.51584597 0.00194084 0.00123894 0.00150194 0.01180464 0.33560581 0.08028468 0.26363839 0.02839148 0.08650437 0.04689686 0.11901248 0.02317955
3.30016501 13.50070845 0.00183355 0.00137970 0.00124058 0.01226000 0.33613620 0.07424201 0.26440512 0.03224543 0.08836053 0.04731481 0.11971846 0.02086362
3.40017001 13.49461762 0.00205439 0.00125996 0.00132047 0.01433702 0.34036720 0.07271761 0.27199827 0.02845773 0.08446753 0.04908823 0.11790704 0.01602456
3.50017501 13.47123147 0.00256867 0.00123394 0.00173238 0.02016869 0.33571876 0.06594278 0.27507177 0.03500858 0.07964270 0.05083621 0.11633282 0.01574270
3.60018001 13.45978944 0.00225840 0.00109312 0.00142893 0.01587709 0.33471708 0.06991710 0.28002946 0.03724717 0.07164695 0.05626853 0.11251339 0.01700279
3.70018501 13.45508130 0.00178635 0.00120131 0.00139992 0.01409638 0.34278021 0.07006149 0.28461420 0.02893515 0.06919545 0.05183700 0.11020883 0.02388371
3.80019001 13.43961851 0.00152940 0.00126020 0.00104593 0.00536271 0.34548291 0.07014692 0.28942959 0.03048357 0.07590980 0.04646138 0.10791750 0.02497008
3.90019501 13.43129123 0.00149575 0.00121347 0.00116285 0.00805152 0.34548351 0.07342676 0.28711159 0.02396230 0.07279529 0.05299749 0.11139614 0.02090332
4.00020001 13.42076621 0.00153027 0.00119775 0.00097677 0.00969828 0.35112008 0.06760933 0.28794120 0.02592071 0.07057637 0.05028290 0.11516460 0.01798174
4.10020501 13.39576624 0.00153735 0.00128607 0.00089746 0.00916976 0.33740900 0.07135637 0.28341219 0.02679882 0.07456489 0.05170349 0.12532785 0.01653674
4.20021001 13.37596398 0.00157038 0.00127546 0.00113477 0.00823561 0.34440925 0.06789242 0.27883201 0.02799334 0.06985243 0.04729215 0.13163084 0.01988133
4.30021501 13.36972143 0.00157297 0.00121273 0.00123087 0.00891641 0.35058573 0.06541318 0.27570306 0.02700799 0.07200798 0.04488373 0.12849050 0.02297485
4.40022001 13.36068011 0.00108072 0.00114390 0.00096515 0.00865789 0.35937934 0.06324998 0.28286223 0.02308430 0.07215584 0.04036865 0.12445870 0.02259332
4.50022501 13.34618268 0.00109878 0.00117372 0.00088716 0.00345993 0.36746741 0.06954293 0.28172226 0.01980671 0.07478016 0.03995709 0.12085646 0.01924739
4.60023001 13.33919085 0.00143974 0.00118939 0.00097964 0.00762867 0.36504244 0.06667463 0.28589021 0.02303102 0.07123683 0.03803041 0.12264114 0.01621589
4.70023501 13.31755373 0.00125148 0.00128480 0.00070703 0.00731800 0.35775119 0.06753428 0.29125216 0.02207195 0.07211470 0.03939546 0.12559715 0.01372179
4.80024001 13.30234170 0.00218187 0.00133028 0.00162454 0.01514800 0.34879512 0.05980366 0.29406495 0.02387578 0.07056833 0.03503765 0.12924131 0.01832850
4.90024501 13.28104109 0.00193818 0.00123544 0.00139804 0.01424538 0.34164454 0.05817842 0.29076945 0.03042307 0.06738937 0.03793214 0.13496120 0.01988476
5.00025001 13.26175929 0.00197538 0.00115866 0.00123515 0.01114677 0.33957606 0.06627093 0.29322421 0.03074989 0.06401378 0.03853937 0.13402730 0.01808251
5.10025501 13.25022666 0.00116397 0.00118927 0.00082445 0.00496150 0.35271357 0.06406881 0.29528341 0.02265875 0.06771206 0.04111597 0.12510169 0.02320654
5.20026001 13.23922317 0.00069045 0.00116908 0.00071506 0.00246510 0.35792850 0.06406371 0.29638358 0.01909524 0.06664161 0.04329673 0.12587722 0.02167371
5.30026501 13.22894954 0.00127062 0.00108328 0.00091135 0.00474492 0.35295734 0.06609786 0.29603891 0.02187230 0.06453047 0.05011016 0.12139000 0.01899280
5.40027001 13.21435650 0.00101484 0.00120775 0.00064427 0.00576271 0.34848679 0.06482743 0.29472597 0.02041849 0.07018411 0.04541278 0.12539540 0.02191950
5.50027501 13.20770014 0.00115676 0.00117903 0.00055544 0.00493108 0.34747671 0.05862593 0.29503394 0.02425799 0.06970113 0.04686040 0.13060920 0.01961239
5.60028001 13.19557810 0.00144860 0.00127206 0.00113508 0.01018309 0.33995965 0.05601315 0.29468508 0.02277969 0.07044540 0.04604691 0.13363782 0.02239347
5.70028501 13.18256776 0.00119488 0.00130749 0.00072465 0.00484451 0.34537906 0.06195903 0.29077103 0.02352995 0.07424165 0.04424084 0.13430078 0.01750614
5.80029001 13.17434609 0.00103066 0.00116481 0.00088365 0.00620748 0.35315276 0.06109437 0.29365837 0.02073923 0.06823379 0.03775125 0.13579028 0.02029336
5.90029501 13.15240683 0.00132478 0.00128406 0.00100317 0.01152778 0.35237546 0.05438531 0.29632554 0.02177144 0.07460586 0.03270320 0.13740908 0.01528432
6.00030002 13.13386339 0.00151343 0.00127503 0.00109293 0.01243893 0.35372200 0.05410641 0.30406693 0.02001510 0.07286705 0.03226620 0.13406898 0.01256700
6.10030502 13.12133797 0.00096984 0.00131354 0.00057446 0.00601482 0.35511616 0.05933395 0.30515095 0.02102147 0.06368039 0.03630991 0.13673896 0.01377555
6.20031002 13.09317978 0.00120803 0.00131965 0.00095119 0.00478498 0.34244929 0.06277877 0.30395186 0.01971981 0.06460922 0.04093441 0.13966998 0.01762281
6.30031502 13.07748420 0.00177899 0.00131742 0.00151164 0.01135554 0.33807030 0.05486546 0.30165845 0.02295218 0.06024875 0.03950268 0.14670508 0.02003351
6.40032002 13.06312511 0.00199302 0.00122846 0.00148761 0.01285176 0.33469214 0.05048700 0.30736507 0.02564047 0.06604832 0.04121297 0.14066602 0.01632716
6.50032502 13.04392310 0.00150144 0.00122186 0.00103308 0.01169782 0.33180612 0.05682462 0.31334877 0.02820833 0.06688515 0.03830946 0.13473811 0.01442525
6.60033002 13.03054594 0.00125358 0.00119190 0.00098251 0.00925309 0.34102744 0.06121433 0.31083707 0.02362259 0.06551392 0.03526098 0.13342967 0.01641291
6.70033502 13.01017745 0.00168105 0.00117215 0.00118771 0.00980217 0.34483949 0.05783661 0.31084794 0.02765015 0.06517119 0.03551304 0.12796923 0.01632927
6.80034002 13.00284696 0.00156293 0.00125958 0.00101090 0.00969463 0.34706697 0.05324790 0.31010328 0.02343978 0.06774998 0.03795100 0.13182019 0.01509286
6.90034502 12.99022944 0.00147717 0.00130273 0.00105419 0.01290207 0.34628261 0.05392974 0.30263778 0.02140102 0.06327895 0.03797287 0.14049791 0.01726294
7.00035002 12.97393409 0.00170499 0.00143441 0.00131067 0.01234972 0.33680553 0.04950637 0.30757195 0.01950428 0.06778109 0.03894162 0.14840702 0.01468235
7.10035502 12.95592281 0.00107424 0.00135580 0.00065162 0.00509967 0.33574387 0.05415934 0.31335791 0.01898233 0.06848493 0.03906980 0.14905748 0.01296300
7.20036002 12.94376810 0.00086488 0.00124302 0.00051146 0.00719713 0.33763213 0.05560465 0.32122417 0.01869753 0.06464360 0.03527447 0.14525708 0.01184989
7.30036502 12.92805626 0.00116315 0.00132824 0.00081882 0.00633834 0.33743316 0.05499716 0.32564551 0.01936895 0.07130741 0.03061382 0.14028567 0.01069976
7.40037002 12.90939335 0.00109418 0.00131088 0.00069369 0.00785424 0.32944946 0.06048095 0.33124167 0.01812228 0.06966910 0.03054811 0.13832889 0.01120655
7.50037502 12.89571300 0.00153211 0.00129992 0.00131857 0.01034255 0.32760795 0.05288574 0.31873378 0.02107078 0.06996734 0.03945343 0.13639101 0.01939683
7.60038002 12.87915740 0.00132149 0.00132501 0.00109550 0.00487973 0.32068270 0.05696040 0.30958674 0.02226107 0.07238360 0.04279913 0.14402195 0.02268270
7.70038502 12.86895243 0.00106449 0.00123339 0.00062551 0.00389581 0.31937857 0.05433126 0.31815390 0.02292660 0.07020289 0.04370312 0.14503124 0.01945322
7.80039002 12.85395303 0.00119563 0.00124060 0.00104446 0.00670968 0.31707575 0.05519765 0.31994245 0.01945356 0.07100574 0.04190423 0.14673546 0.01849477
7.90039502 12.84281194 0.00123858 0.00128234 0.00095343 0.00490799 0.31747236 0.05301868 0.32001528 0.02293526 0.07593084 0.03855369 0.14329918 0.02039237
8.00040002 12.82852043 0.00158944 0.00129440 0.00127591 0.01258825 0.32257624 0.05842357 0.31846407 0.02176842 0.07020387 0.03858813 0.13746141 0.01576628
8.10040502 12.80755599 0.00186693 0.00132604 0.00167670 0.01787345 0.32585878 0.05597029 0.31693314 0.02190435 0.06794336 0.03633493 0.13793868 0.01437335
8.20041002 12.79183627 0.00199933 0.00120813 0.00147220 0.01454225 0.32426252 0.05994898 0.31633895 0.02772391 0.06654878 0.03852006 0.13164162 0.01579327
8.30041502 12.78368387 0.00156132 0.00126717 0.00106012 0.01050333 0.32598624 0.05906395 0.31180710 0.02457581 0.06624387 0.04353864 0.13869561 0.01569682
8.40042002 12.77415170 0.00141084 0.00135002 0.00103816 0.00699954 0.32866945 0.05738211 0.31578538 0.02082698 0.06155865 0.03972381 0.14663650 0.01861855
8.50042502 12.76663711 0.00105798 0.00136105 0.00062846 0.00696983 0.32333170 0.05253410 0.31963010 0.02227023 0.06865666 0.03772917 0.14702050 0.01881022
8.60043002 12.74409951 0.00106245 0.00138025 0.00065084 0.00310737 0.33025768 0.05164614 0.31653281 0.02549698 0.07042847 0.03769120 0.14740079 0.01434502
8.70043502 12.73399331 0.00131100 0.00117218 0.00088612 0.00586796 0.33662664 0.05048125 0.32037877 0.02355944 0.06763184 0.03786600 0.14219057 0.01202823
8.80044002 12.71217350 0.00090607 0.00127808 0.00044334 0.00222729 0.33756514 0.05556261 0.32207790 0.02064451 0.07381890 0.04090665 0.13325997 0.01130952
8.90044502 12.70228640 0.00094792 0.00121215 0.00066590 0.00436259 0.33674748 0.05066147 0.32452066 0.01860273 0.07284217 0.04004416 0.13267754 0.01671525
9.00045002 12.68275919 0.00094617 0.00129464 0.00064606 0.00344813 0.32765931 0.04839813 0.32186694 0.02151948 0.07410531 0.04082556 0.13907379 0.02021648
9.10045502 12.67106914 0.00161241 0.00128772 0.00107040 0.01142284 0.32458806 0.04726127 0.31448080 0.02405142 0.07785478 0.03589974 0.14378864 0.01668193
9.20046002 12.65665521 0.00107413 0.00142926 0.00078783 0.00632492 0.32640578 0.05339540 0.31382707 0.01945980 0.07977514 0.03335629 0.15056275 0.01360163
9.30046502 12.64782091 0.00077821 0.00121013 0.00070408 0.00200004 0.33026900 0.05455365 0.31665639 0.01881898 0.07528718 0.03756352 0.14457730 0.01758152
9.40047002 12.63052863 0.00137480 0.00121144 0.00106767 0.00793016 0.32939923 0.05526173 0.32174147 0.02324866 0.06780234 0.03544670 0.13984552 0.01567028
9.50047502 12.61660328 0.00125081 0.00125763 0.00080923 0.00770599 0.33327882 0.05567119 0.31949702 0.02209290 0.06729763 0.03665136 0.14066891 0.01381853
9.60048002 12.60613155 0.00078456 0.00131778 0.00045145 0.00591890 0.33868318 0.05461256 0.32562674 0.01855080 0.06537460 0.03462188 0.14099770 0.01305985
9.70048502 12.59271169 0.00140961 0.00135491 0.00088485 0.00749334 0.34161999 0.04347416 0.32239097 0.02470941 0.06777935 0.03421229 0.13885477 0.01581633
9.80049002 12.58522540 0.00133496 0.00136552 0.00121800 0.00786990 0.33891498 0.04392709 0.32111173 0.01696449 0.06367929 0.03394803 0.14892849 0.02073753
9.90049502 12.56783497 0.00125847 0.00137128 0.00107439 0.00784139 0.33674633 0.04503719 0.32979557 0.01873344 0.06184544 0.03360205 0.14824138 0.01445308
10.00050003 12.55039457 0.00128442 0.00121577 0.00115584 0.00850445 0.34315591 0.04175194 0.33154346 0.01751339 0.06019648 0.03317174 0.14388837 0.01661822
10.10050503 12.53792336 0.00100746 0.00116304 0.00066439 0.00499424 0.34532437 0.04193385 0.34032424 0.01996097 0.05980705 0.03231939 0.13938130 0.01311969
10.20051003 12.52331195 0.00067507 0.00116214 0.00037464 0.00233525 0.35602130 0.03994299 0.34489777 0.01730093 0.06119551 0.03089086 0.13272328 0.01248026
10.30051503 12.50570610 0.00083760 0.00118139 0.00062493 0.00595687 0.36220204 0.04100363 0.34035602 0.01612336 0.06026856 0.02523888 0.13399200 0.01221474
10.40052003 12.49134588 0.00110673 0.00137458 0.00087389 0.00666546 0.36334749 0.03477622 0.34117253 0.01667535 0.05425093 0.02388494 0.14185447 0.01401741
10.50052503 12.46913305 0.00150026 0.00125222 0.00136440 0.01728339 0.36089711 0.03505276 0.33098726 0.01622050 0.05146411 0.02376163 0.14339930 0.01681705
10.60053003 12.45764258 0.00125547 0.00134253 0.00110507 0.00823216 0.35832719 0.03531575 0.33398152 0.01446076 0.05950567 0.02662939 0.14684309 0.01300141
10.70053503 12.44300982 0.00111697 0.00117354 0.00088284 0.00522537 0.36066469 0.03821519 0.32881450 0.01726524 0.05902528 0.02793534 0.14632198 0.01335904
10.80054003 12.43518621 0.00094864 0.00110196 0.00081801 0.00564525 0.35647177 0.03730026 0.34062842 0.01541545 0.05427074 0.03463941 0.14152711 0.01123298
10.90054503 12.41991561 0.00093800 0.00111519 0.00094780 0.01384122 0.35346718 0.03939232 0.34131116 0.01272424 0.05581186 0.03241469 0.13629462 0.01174174
11.00055003 12.40955389 0.00076051 0.00121945 0.00064227 0.00529703 0.35269297 0.03731461 0.34089080 0.01586467 0.05828863 0.03262601 0.13890815 0.01549491
11.10055503 12.39706197 0.00093139 0.00128447 0.00084114 0.00738018 0.35340898 0.03550412 0.33652828 0.01640127 0.05620749 0.03488653 0.14457078 0.01205537
11.20056003 12.37859557 0.00074711 0.00132369 0.00051060 0.00272060 0.34828641 0.04578852 0.32964076 0.01585068 0.05830072 0.03547309 0.15044841 0.01090940
11.30056503 12.36392338 0.00117253 0.00126143 0.00074390 0.00762474 0.34352470 0.04094278 0.32480319 0.02212277 0.05728156 0.03405928 0.15312913 0.01333400
11.40057003 12.35550565 0.00130849 0.00114222 0.00105250 0.00622327 0.34935522 0.04346848 0.32999740 0.01934708 0.05512934 0.03163096 0.14437583 0.01696922
11.50057503 12.34844925 0.00106091 0.00109350 0.00074409 0.00590369 0.35836038 0.04222341 0.33183301 0.02135971 0.05211839 0.03135645 0.13859473 0.01535172
11.60058003 12.33454570 0.00083324 0.00105865 0.00072667 0.00552432 0.35954720 0.04653842 0.33476309 0.01947923 0.04826861 0.03862957 0.13036245 0.01426855
11.70058503 12.31592756 0.00092531 0.00119360 0.00071753 0.00809019 0.36341274 0.04544433 0.33066923 0.01867853 0.05003872 0.03537982 0.13268571 0.01276430
11.80059003 12.30716198 0.00083514 0.00118662 0.00056073 0.00514575 0.36138791 0.05179222 0.32748860 0.01776028 0.05135312 0.03436119 0.13458374 0.01354469
11.90059503 12.29681826 0.00111708 0.00113648 0.00073829 0.00509097 0.35330260 0.05184442 0.32666122 0.01926013 0.04979130 0.03657043 0.13910841 0.01537868
12.00060003 12.28275556 0.00073558 0.00132889 0.00038310 0.00416943 0.35104706 0.05060024 0.32423959 0.01646857 0.06240132 0.03278650 0.14298314 0.01285657
12.10060503 12.27016622 0.00105743 0.00117433 0.00092822 0.00930949 0.34728345 0.04886682 0.32371879 0.01603243 0.05701759 0.03404897 0.14480585 0.01575665
12.20061003 12.26090409 0.00165369 0.00104502 0.00135411 0.01136849 0.34667522 0.05140095 0.33270191 0.01874622 0.05614048 0.02815724 0.13743737 0.01331930
12.30061503 12.24792796 0.00191000 0.00108386 0.00151653 0.01539983 0.35135101 0.04693066 0.33454909 0.01886663 0.06194341 0.02704430 0.12907264 0.01033204
12.40062003 12.23385191 0.00094721 0.00112677 0.00071332 0.00627804 0.35404992 0.05827992 0.32694645 0.01817007 0.06669938 0.02639056 0.12717749 0.01322087
12.50062503 12.22626711 0.00089386 0.00123608 0.00050726 0.00510293 0.36094891 0.05391602 0.31680101 0.01852257 0.06598207 0.03067797 0.13303194 0.01237939
12.60063003 12.21655716 0.00128341 0.00127325 0.00088762 0.00672873 0.35883292 0.04918759 0.31711641 0.01707186 0.06732360 0.03102137 0.13745381 0.01181942
12.70063503 12.20581192 0.00093750 0.00119508 0.00057672 0.00543462 0.35608861 0.04854242 0.31719393 0.01627034 0.06544141 0.03069255 0.14408097 0.01354585
12.80064003 12.18422230 0.00150177 0.00113076 0.00126177 0.01286548 0.35243122 0.05088986 0.31343431 0.01512917 0.06204682 0.02831729 0.14495690 0.01603467
12.90064503 12.17190705 0.00159412 0.00113882 0.00117026 0.01030967 0.35623263 0.05193528 0.30944390 0.02079866 0.05939691 0.03468701 0.13978775 0.01350500
13.00065003 12.15759063 0.00148881 0.00106376 0.00121032 0.00976399 0.36624380 0.05607025 0.31341265 0.01576892 0.05481098 0.03754682 0.13046881 0.01215089
13.10065503 12.14736442 0.00095510 0.00125110 0.00057026 0.00454466 0.36735146 0.05430234 0.31944574 0.01844438 0.05347814 0.03349830 0.13447356 0.01168496
13.20066003 12.13408256 0.00138433 0.00122228 0.00094365 0.01002590 0.36975813 0.04818567 0.32043090 0.01566746 0.05473682 0.02983997 0.13585186 0.01195301
13.30066503 12.12221577 0.00104129 0.00135647 0.00067231 0.00545812 0.36640107 0.04702655 0.31267187 0.01656203 0.05848217 0.02933965 0.14708842 0.01390004
13.40067003 12.11003570 0.00074875 0.00133238 0.00052746 0.00449068 0.36351067 0.05050563 0.31902774 0.01448704 0.05637951 0.02697642 0.14974971 0.01226402
13.50067503 12.09650060 0.00115891 0.00124576 0.00089967 0.01016159 0.36065544 0.04889347 0.31281412 0.01494524 0.05664669 0.02952677 0.14863799 0.01441434
13.60068003 12.08398631 0.00128712 0.00115727 0.00089308 0.01091812 0.36332124 0.04850630 0.31453381 0.01621422 0.05837049 0.02577895 0.14661719 0.01240220
13.70068503 12.07552776 0.00144124 0.00118034 0.00117290 0.00782487 0.36309297 0.04455702 0.32254015 0.01859552 0.05720649 0.02533701 0.13998005 0.01707144
13.80069003 12.06668568 0.00094524 0.00116507 0.00085788 0.00565922 0.36556458 0.04781744 0.31879768 0.01757681 0.05568976 0.02319874 0.14278292 0.01994465
13.90069503 12.05117035 0.00103769 0.00122898 0.00093497 0.00754227 0.36438451 0.05095167 0.31930479 0.01452660 0.05491428 0.02771238 0.14216745 0.01529443
14.00070004 12.02958069 0.00105551 0.00127768 0.00082469 0.00651081 0.35348928 0.04725409 0.31839873 0.01926859 0.06067268 0.02668128 0.15016163 0.01440503
14.10070504 12.00645050 0.00132500 0.00132871 0.00095029 0.01114636 0.34541110 0.04723590 0.32267976 0.01669968 0.05548075 0.02862645 0.15309968 0.01601633
14.20071004 11.99097144 0.00093689 0.00123614 0.00080388 0.00220478 0.34945890 0.04742913 0.31104403 0.01749643 0.06173996 0.03574183 0.15052098 0.02138705
14.30071504 11.98020245 0.00099315 0.00123459 0.00073642 0.00838369 0.34970606 0.04444280 0.31302867 0.01729704 0.05729170 0.03953541 0.15273898 0.01461150
14.40072004 11.96275691 0.00124221 0.00119565 0.00098724 0.01073570 0.35484812 0.03922105 0.31418386 0.01983736 0.05801205 0.04022754 0.14376032 0.01574891
14.50072504 11.94793186 0.00161025 0.00116598 0.00121950 0.00858095 0.35607257 0.04421607 0.31943293 0.02645358 0.05838499 0.03169760 0.13494353 0.01622204
14.60073004 11.92905825 0.00125174 0.00117079 0.00089628 0.00745602 0.35694091 0.05030326 0.31822023 0.02236142 0.06114970 0.03377633 0.13451837 0.01195496
14.70073504 11.91312015 0.00136822 0.00118906 0.00114800 0.00884923 0.35075952 0.05968644 0.31613950 0.01744890 0.05628449 0.03250447 0.13962744 0.01499475
14.80074004 11.89852634 0.00118529 0.00124979 0.00067806 0.00542213 0.34224971 0.05555454 0.31935707 0.02166498 0.05196001 0.03757749 0.14918342 0.01391752
14.90074504 11.88687129 0.00129411 0.00127417 0.00087134 0.00668134 0.33597260 0.06209092 0.31577429 0.01879057 0.05752396 0.03438365 0.15145499 0.01388808
15.00075004 11.87171719 0.00106976 0.00130475 0.00056754 0.00503944 0.33830308 0.06000019 0.31295279 0.02348506 0.05721092 0.03200227 0.15422846 0.01383573
15.10075504 11.85841051 0.00087571 0.00116669 0.00031566 0.00417605 0.34696202 0.06222694 0.31288000 0.02347709 0.05619299 0.03079857 0.14679830 0.01412999
15.20076004 11.84454245 0.00122590 0.00108921 0.00084169 0.00694685 0.36563361 0.05868270 0.30913728 0.01932410 0.05285596 0.03113916 0.14128394 0.01183960
15.30076504 11.82776273 0.00086246 0.00124631 0.00054311 0.00599933 0.36496495 0.05623555 0.31007863 0.01712795 0.05398502 0.03020426 0.14372509 0.01502734
15.40077004 11.81862824 0.00134766 0.00118787 0.00065627 0.00926644 0.36372524 0.05325784 0.31006047 0.02217641 0.05262294 0.02608562 0.14640348 0.01320975
15.50077504 11.80518265 0.00134886 0.00133696 0.00091220 0.00761175 0.36041182 0.05504484 0.30484538 0.01658687 0.05549393 0.02889344 0.15391191 0.01360203
15.60078004 11.78731777 0.00150486 0.00122450 0.00102401 0.01323416 0.35945086 0.04946300 0.30371800 0.01883458 0.05092630 0.03526103 0.15268035 0.01267836
15.70078504 11.77715584 0.00136171 0.00113343 0.00086859 0.00856238 0.36414570 0.04893566 0.30289136 0.02300326 0.04541426 0.03740636 0.14841526 0.01786204
15.80079004 11.76181266 0.00156903 0.00110612 0.00131010 0.01400536 0.36686593 0.05000172 0.30700129 0.02263320 0.04201559 0.03758961 0.13901108 0.01689098
15.90079504 11.74562262 0.00159996 0.00111642 0.00135915 0.01856512 0.36110860 0.05281506 0.30825220 0.02284048 0.04405586 0.04310770 0.13146692 0.01371253
16.00080004 11.73511950 0.00167759 0.00113425 0.00149753 0.01203723 0.36148262 0.05911878 0.30889340 0.02138130 0.04681885 0.03607762 0.13367088 0.01620995
16.10080504 11.72590444 0.00129735 0.00110781 0.00083907 0.00735662 0.36489456 0.05589178 0.31026048 0.02325259 0.04590832 0.03627850 0.13782883 0.01508408
16.20081004 11.71046051 0.00144090 0.00124750 0.00096600 0.00693632 0.35961695 0.05060973 0.30592584 0.02480000 0.05091202 0.03193433 0.14629769 0.01931272
16.30081504 11.69969593 0.00096541 0.00118025 0.00047050 0.00471802 0.35964140 0.04765320 0.30740213 0.02315902 0.05045440 0.03567306 0.15132181 0.01736079
16.40082004 11.68687981 0.00131276 0.00113432 0.00090457 0.00714139 0.35652346 0.04551800 0.31132961 0.02222987 0.05316205 0.03918785 0.14985056 0.01170555
16.50082504 11.68000656 0.00071796 0.00104121 0.00028361 0.00419853 0.36137827 0.05055736 0.31025903 0.01941449 0.05356465 0.03956346 0.14775684 0.01126460
16.60083004 11.66500995 0.00129688 0.00104673 0.00084915 0.01001045 0.36072576 0.04694919 0.31472751 0.02103841 0.05573504 0.03786801 0.13976496 0.00998790
16.70083504 11.65026050 0.00123670 0.00118027 0.00106681 0.00807805 0.35918453 0.04219106 0.31137526 0.01951181 0.05920077 0.03937940 0.14305918 0.01453617
16.80084004 11.63374340 0.00134335 0.00119153 0.00114121 0.01083555 0.35090376 0.04174128 0.31357831 0.02155015 0.05387401 0.04093295 0.14645238 0.01645551
16.90084504 11.62252158 0.00145794 0.00131175 0.00105103 0.01008478 0.35738034 0.04252424 0.30597152 0.01809112 0.05842712 0.04005340 0.15090927 0.01273749
17.00085004 11.61528334 0.00088363 0.00131128 0.00055934 0.00660923 0.35861995 0.04358424 0.30417099 0.01808799 0.06198938 0.03733176 0.15390841 0.01294381
17.10085504 11.60137389 0.00122759 0.00125128 0.00091557 0.00689902 0.35968590 0.03875047 0.30889914 0.01798379 0.05974980 0.03400090 0.15641389 0.01422267
17.20086004 11.58735612 0.00140049 0.00119912 0.00066340 0.00685738 0.36236088 0.03920623 0.30954585 0.02513108 0.05924514 0.03124227 0.15364902 0.00949915
17.30086504 11.56974198 0.00093855 0.00133418 0.00076869 0.00633574 0.36764572 0.04045273 0.31897919 0.01716283 0.05812990 0.02715822 0.14991102 0.01118325
17.40087004 11.55201620 0.00118624 0.00122504 0.00075345 0.00729706 0.35981524 0.04702117 0.31705362 0.02018041 0.05555830 0.03652516 0.14234780 0.01103651
17.50087504 11.53573531 0.00137069 0.00123631 0.00106418 0.01184644 0.36138613 0.04279318 0.31079599 0.02279692 0.05311990 0.03622177 0.14346167 0.01390682
17.60088004 11.52194148 0.00132117 0.00130540 0.00082032 0.00740198 0.36293543 0.04399723 0.30958357 0.02283519 0.05620246 0.03532065 0.14597315 0.01230345
17.70088504 11.51020576 0.00104926 0.00125562 0.00046357 0.00513357 0.36363013 0.03839224 0.30907344 0.02214007 0.05983681 0.03876424 0.14820399 0.01205706
17.80089004 11.49843142 0.00101939 0.00114937 0.00074849 0.00901459 0.36417336 0.03986846 0.30222550 0.01957245 0.06023600 0.04132484 0.14821578 0.01245179
17.90089504 11.48865295 0.00078355 0.00107811 0.00045922 0.00189715 0.36936797 0.04188426 0.30784532 0.02075583 0.05711173 0.04111836 0.14459688 0.01310163
18.00090005 11.47179444 0.00131606 0.00108005 0.00102903 0.00773402 0.37597294 0.04208529 0.30693662 0.01990601 0.05307256 0.03612391 0.14293783 0.01180567
18.10090505 11.45563644 0.00098076 0.00121011 0.00063105 0.00553997 0.37818310 0.04427960 0.30449264 0.01929694 0.05486481 0.03671682 0.14324934 0.01055486
18.20091005 11.43083461 0.00144299 0.00126784 0.00114154 0.00868951 0.37635269 0.04534860 0.30230903 0.01800895 0.05549936 0.03478037 0.14257108 0.01258805
18.30091505 11.41374882 0.00135334 0.00124112 0.00111808 0.01298572 0.37312418 0.04341557 0.30429537 0.01640556 0.05527720 0.03431843 0.14406213 0.01240330
18.40092005 11.40307414 0.00105656 0.00129956 0.00048215 0.00326941 0.36627781 0.04336017 0.30554107 0.02009577 0.06146704 0.03013587 0.15541452 0.01160006
18.50092505 11.39138208 0.00085338 0.00119682 0.00049553 0.00307372 0.36861749 0.04123601 0.30299176 0.01754230 0.06172037 0.03327469 0.15747356 0.01152438
18.60093005 11.37896949 0.00081868 0.00115850 0.00051471 0.00439808 0.37351600 0.03758621 0.30619393 0.01717619 0.06029961 0.03381381 0.15283196 0.01169233
18.70093505 11.36773556 0.00092570 0.00116999 0.00053375 0.00617831 0.37608661 0.03907912 0.30932106 0.01890074 0.06045961 0.03386469 0.14496273 0.00851769
18.80094005 11.35319015 0.00127033 0.00113620 0.00091897 0.00882352 0.38341999 0.04388670 0.30576295 0.01941764 0.05705838 0.03138033 0.13662247 0.01030252
18.90094505 11.33776325 0.00111500 0.00119598 0.00082963 0.00556628 0.38554745 0.04392450 0.30318399 0.02015396 0.05777750 0.02914715 0.13629508 0.01526349
19.00095005 11.31630137 0.00167963 0.00111037 0.00124923 0.01800083 0.37727468 0.05120358 0.29479272 0.02109255 0.05318026 0.02860535 0.14164196 0.01016883
19.10095505 11.30162587 0.00133412 0.00118950 0.00099810 0.00727554 0.37445088 0.04731236 0.28543023 0.02621617 0.05467615 0.03571002 0.15025324 0.01515369
19.20096005 11.29001549 0.00137447 0.00123701 0.00088995 0.01140705 0.38005020 0.04159323 0.28536829 0.02455858 0.05829907 0.03537803 0.15104542 0.00879870
19.30096505 11.28296663 0.00146210 0.00118787 0.00071490 0.00775226 0.38602487 0.03538642 0.28658001 0.02682873 0.05440472 0.03852651 0.15180253 0.00932907
19.40097005 11.26511831 0.00113060 0.00112896 0.00088009 0.00525659 0.38824094 0.04031078 0.28857391 0.02116033 0.05422290 0.04439410 0.14183329 0.01286751
19.50097505 11.25785617 0.00083279 0.00115944 0.00046007 0.00307460 0.39336096 0.04141162 0.29294998 0.02087258 0.05561041 0.04079839 0.13891921 0.01054994
19.60098005 11.24251630 0.00077683 0.00119631 0.00044396 0.00606032 0.39329604 0.03616280 0.29638913 0.01960081 0.05849525 0.03797391 0.13862327 0.01098138
19.70098505 11.22932286 0.00126059 0.00119722 0.00083022 0.00600724 0.39155190 0.03162797 0.29982488 0.02053577 0.05904076 0.03468869 0.14238525 0.01104952
19.80099005 11.21877105 0.00079918 0.00126792 0.00046599 0.00391642 0.39112048 0.03530136 0.29475716 0.01691055 0.06026363 0.03658358 0.14859080 0.01002292
19.90099505 11.20198873 0.00110330 0.00127143 0.00083654 0.00690972 0.38001220 0.04046527 0.29475062 0.01536594 0.06666818 0.03328664 0.14929758 0.01003259
20.00100005 11.18345748 0.00122356 0.00117989 0.00095426 0.00591281 0.37766409 0.04369703 0.29240685 0.01865550 0.06144997 0.03154690 0.15129920 0.01400994
20.10100505 11.16590275 0.00081968 0.00114115 0.00051820 0.00729742 0.37409381 0.04655890 0.30386379 0.01632359 0.05747355 0.03198316 0.14942770 0.01049904
20.20101005 11.15157470 0.00170934 0.00111397 0.00138128 0.01035469 0.38181720 0.04191958 0.30018540 0.01951856 0.05573903 0.03773545 0.13714439 0.01138110
20.30101505 11.13522033 0.00095543 0.00130814 0.00041010 0.00395106 0.38787759 0.03627786 0.30099700 0.02337590 0.05799075 0.03559057 0.13782652 0.01343907
20.40102005 11.11687640 0.00110760 0.00123927 0.00059395 0.00700617 0.38113538 0.04242040 0.30176909 0.02082109 0.06099391 0.03512108 0.13686235 0.01092971
20.50102505 11.10372023 0.00126675 0.00123080 0.00076836 0.00567853 0.37417638 0.04138693 0.30133469 0.02426267 0.05764916 0.03724447 0.14160897 0.01339227
20.60103005 11.09351210 0.00076288 0.00110949 0.00050520 0.00203805 0.37238027 0.04847133 0.29567986 0.02317250 0.05595666 0.03795599 0.14487372 0.01709406
20.70103505 11.07446504 0.00153437 0.00108180 0.00119432 0.01076281 0.36963112 0.04848585 0.29556824 0.02279781 0.05396909 0.04025453 0.14174975 0.01297031
20.80104005 11.06504888 0.00130430 0.00108127 0.00098540 0.00689136 0.37367939 0.05293978 0.30016322 0.02093418 0.05632623 0.03741335 0.13274988 0.01553163
20.90104505 11.05612824 0.00106312 0.00111845 0.00101835 0.00632427 0.37610968 0.05240302 0.29866818 0.01789233 0.05877418 0.03674522 0.13332950 0.01655367
21.00105005 11.03854156 0.00096883 0.00106419 0.00073020 0.00430797 0.37838607 0.05483104 0.29850963 0.01803424 0.05949660 0.04001589 0.13054350 0.01311182
21.10105505 11.02527654 0.00106831 0.00124741 0.00052773 0.00355778 0.38391482 0.04478066 0.29879300 0.02069378 0.06092351 0.03617228 0.13712125 0.01119945
21.20106005 11.00762015 0.00101989 0.00126313 0.00026374 0.00373587 0.37458745 0.03755550 0.30265741 0.02439257 0.06488249 0.03778823 0.14060952 0.01124420
21.30106505 11.00034238 0.00107907 0.00115966 0.00077358 0.00571931 0.37714080 0.03817244 0.30084310 0.01706905 0.06491909 0.03625031 0.14393735 0.01293623
21.40107005 10.99492784 0.00064547 0.00114524 0.00033782 0.00266639 0.37541019 0.04020939 0.30303466 0.01636566 0.07000988 0.03389755 0.14640004 0.00987774
21.50107505 10.97976733 0.00072512 0.00104533 0.00044259 0.00327927 0.38188514 0.04536421 0.29773726 0.01710753 0.06696092 0.03092081 0.14237135 0.01216048
21.60108005 10.97091406 0.00121537 0.00101548 0.00077534 0.00568349 0.38138868 0.04745089 0.29700913 0.02102308 0.06182305 0.03009712 0.13876366 0.01375471
21.70108505 10.95682040 0.00125681 0.00108715 0.00090160 0.00932656 0.37821876 0.05046450 0.29229326 0.02075449 0.06463354 0.03042402 0.13576729 0.01487201
21.80109005 10.94479627 0.00157535 0.00111014 0.00125336 0.01433409 0.37562597 0.04997964 0.28628888 0.01923867 0.06465982 0.03480310 0.13631518 0.01481579
21.90109505 10.93549434 0.00121339 0.00121204 0.00077968 0.00515085 0.36955085 0.05661364 0.28500043 0.02054457 0.06736350 0.03387056 0.14287318 0.01582731
22.00110006 10.92802493 0.00128369 0.00121355 0.00101828 0.00920776 0.37372533 0.04969091 0.29215616 0.01894615 0.06262119 0.02817327 0.14828377 0.01367994
22.10110506 10.90913080 0.00172054 0.00114734 0.00126119 0.01085094 0.37078523 0.04896864 0.28804032 0.02347834 0.06567172 0.03255665 0.14435540 0.01116369
22.20111006 10.89554687 0.00140099 0.00109463 0.00102923 0.01178721 0.37811013 0.04726832 0.28663516 0.01870080 0.05704830 0.04168558 0.14311178 0.01212786
22.30111506 10.88796183 0.00145404 0.00101545 0.00119798 0.01185645 0.38287782 0.04179203 0.29079351 0.02119980 0.05554171 0.04221766 0.13577151 0.01428204
22.40112006 10.87754552 0.00067964 0.00107932 0.00038634 0.00179354 0.38548902 0.04242348 0.29462375 0.02017799 0.05593196 0.04487670 0.13487595 0.01766231
22.50112506 10.86297832 0.00111848 0.00110463 0.00061103 0.00457292 0.37904542 0.04702791 0.30537896 0.02096461 0.05757597 0.03850336 0.13289502 0.01120170
22.60113006 10.84882598 0.00130896 0.00108949 0.00086872 0.00619047 0.37200846 0.04177874 0.30286530 0.02142148 0.05698915 0.04367424 0.13904760 0.01275738
22.70113506 10.83591846 0.00096050 0.00112930 0.00053094 0.00401948 0.37551120 0.04767494 0.29475386 0.02333530 0.05540784 0.03905993 0.14519781 0.01241892
22.80114006 10.82812960 0.00091129 0.00106417 0.00061009 0.00440211 0.37733403 0.04904210 0.28737427 0.02097534 0.05918572 0.04153192 0.14504180 0.01252716
22.90114506 10.81966462 0.00075699 0.00114062 0.00053827 0.00193673 0.37728097 0.05282311 0.28971559 0.01957798 0.05319481 0.04114313 0.14866802 0.01322379
23.00115006 10.80893484 0.00071965 0.00110445 0.00030000 0.00352441 0.38203706 0.05262424 0.28603033 0.02130152 0.05772990 0.03962832 0.14309826 0.01190187
23.10115506 10.80207230 0.00083630 0.00098213 0.00058593 0.00324699 0.38848242 0.05496056 0.28721125 0.01790032 0.05445436 0.03660266 0.13886985 0.01586724
23.20116006 10.78998130 0.00113371 0.00105112 0.00072128 0.00691860 0.38727228 0.04546879 0.28782143 0.02104009 0.05299020 0.03467978 0.14486497 0.01603776
23.30116506 10.77435462 0.00129095 0.00113320 0.00078655 0.00574717 0.38313268 0.04830896 0.28287719 0.01896736 0.05541530 0.03704022 0.14744163 0.01785879
23.40117006 10.76394437 0.00137397 0.00119230 0.00110306 0.00998959 0.37760728 0.04648696 0.28927520 0.01836594 0.05630832 0.03026823 0.15361690 0.01441225
23.50117506 10.74702826 0.00091864 0.00120280 0.00076290 0.00650838 0.38300632 0.04549994 0.29025444 0.01853389 0.05259567 0.03277436 0.15094078 0.01700189
23.60118006 10.74115637 0.00115696 0.00118168 0.00096314 0.00777484 0.38309981 0.04224625 0.29396831 0.01924521 0.05789176 0.03252680 0.14585844 0.01408681
23.70118506 10.73581128 0.00088932 0.00111671 0.00056704 0.00355122 0.39947569 0.04197288 0.29401688 0.02117119 0.05457902 0.03088550 0.13881170 0.01296284
23.80119006 10.71628350 0.00135182 0.00126431 0.00095406 0.00816497 0.38823097 0.03999334 0.29316136 0.02178074 0.05917433 0.03443422 0.14216903 0.00932085
23.90119506 10.70895524 0.00092508 0.00114456 0.00066653 0.00840004 0.39848845 0.04160178 0.28924978 0.01812833 0.05535648 0.02948992 0.14376074 0.01278832
24.00120006 10.68734712 0.00115484 0.00117137 0.00093151 0.00879709 0.39216404 0.04685709 0.28390811 0.01604245 0.05501949 0.03374114 0.14773698 0.01247587
24.10120506 10.68322056 0.00126611 0.00113240 0.00069417 0.01001005 0.38275029 0.04569357 0.28399916 0.01824365 0.05736638 0.03276548 0.15475177 0.01132696
24.20121006 10.66938735 0.00110705 0.00114300 0.00094288 0.00807344 0.38092551 0.04320972 0.28391158 0.01883523 0.05834357 0.03538425 0.14967634 0.01844743
24.30121506 10.66396656 0.00101979 0.00107507 0.00097959 0.00785952 0.38350350 0.04422416 0.28638648 0.01709215 0.05946801 0.03538799 0.14756694 0.01543681
24.40122006 10.64186165 0.00089019 0.00108659 0.00060455 0.00495529 0.38540373 0.04843640 0.28830284 0.01742064 0.05932475 0.03816700 0.14388208 0.01152593
24.50122506 10.63267337 0.00123469 0.00102743 0.00090689 0.00807675 0.38556376 0.04742795 0.29104650 0.01856011 0.05695030 0.03370108 0.14341201 0.01209253
24.60123006 10.60773840 0.00157821 0.00119478 0.00113790 0.01268348 0.37769482 0.05093440 0.28256821 0.02184823 0.05516007 0.03670374 0.14738212 0.01111404
24.70123506 10.59552343 0.00152682 0.00117973 0.00089624 0.00749987 0.37575088 0.04960436 0.28640731 0.02237566 0.05525665 0.03444910 0.14940543 0.01564796
24.80124006 10.58779953 0.00118397 0.00125365 0.00071657 0.00531288 0.37270445 0.05448270 0.28508069 0.02200336 0.05717852 0.03510382 0.15178269 0.01319669
24.90124506 10.57821269 0.00116357 0.00114315 0.00058268 0.00443238 0.37013715 0.05359373 0.28811720 0.02253340 0.06033579 0.03448588 0.14826671 0.01520836
25.00125006 10.56459381 0.00130265 0.00109857 0.00079504 0.01029702 0.36998685 0.05035537 0.29254432 0.02227629 0.05842872 0.03659509 0.14394155 0.01237854
25.10125506 10.54795872 0.00166626 0.00110665 0.00152094 0.01316698 0.37706668 0.04788015 0.29451376 0.02029176 0.05497271 0.02905435 0.14034020 0.01841956
25.20126006 10.54170273 0.00124362 0.00102316 0.00090096 0.00704348 0.37294166 0.05359195 0.30276002 0.02163835 0.05467684 0.02990838 0.13859832 0.01567326
25.30126506 10.52715175 0.00117337 0.00116312 0.00063794 0.00474637 0.37137050 0.05190206 0.29972954 0.02134450 0.06123008 0.03152818 0.14250676 0.01266759
25.40127006 10.50845412 0.00122503 0.00126886 0.00077313 0.00750539 0.36431206 0.04995100 0.29408720 0.01847841 0.06471163 0.03448070 0.14962025 0.01358635
25.50127506 10.50074720 0.00095163 0.00127443 0.00074729 0.00625437 0.36458126 0.04799070 0.29238683 0.01559113 0.06217453 0.03406455 0.15758295 0.01640034
25.60128006 10.48715141 0.00142590 0.00127407 0.00117231 0.01311336 0.35745192 0.04577125 0.29262409 0.01568092 0.05870668 0.03606590 0.16194324 0.01477037
