0.00000000 4.00000000 0.00000000 0.00000000 0.00000000 0.00000000 0.00000000 0.00000000 0.00000000 1.00000000 0.00000000 0.00000000 0.00000000 0.00000000
0.10000500 4.00203262 0.02155220 0.00124028 0.00728703 0.09976492 0.10274893 0.14499901 0.02031533 0.42938051 0.05809395 0.07072800 0.01560152 0.02828831
0.20001000 4.00152609 0.00740294 0.00104390 0.00429940 0.04656658 0.15415773 0.22330703 0.04963222 0.24548688 0.06477829 0.13513621 0.02838786 0.03980097
0.30001500 4.00018774 0.00385757 0.00083821 0.00202828 0.01928019 0.17793481 0.23365011 0.06626225 0.17773727 0.06941569 0.17219484 0.03554904 0.04125174
0.40002000 3.99775698 0.00420801 0.00077728 0.00204446 0.02376888 0.17660524 0.21334761 0.07239049 0.15270386 0.08091079 0.19573580 0.04131620 0.03619139
0.50002500 3.99649651 0.00404307 0.00091173 0.00171294 0.02075208 0.18287974 0.19660318 0.08157102 0.13679537 0.08904245 0.19429488 0.05359505 0.03779848
0.60003000 3.99619403 0.00371244 0.00091023 0.00166172 0.01418000 0.19431585 0.18344692 0.09947187 0.11990755 0.08820582 0.18884816 0.06509623 0.04024320
0.70003500 3.99380593 0.00374232 0.00095449 0.00228204 0.02144733 0.19626860 0.15953915 0.11409493 0.10417977 0.09518256 0.18447757 0.06949943 0.04833183
0.80004000 3.99214854 0.00312641 0.00083170 0.00163980 0.01418647 0.21106659 0.15841576 0.12136336 0.08749885 0.09456050 0.19216608 0.07217784 0.04296662
0.90004500 3.99263164 0.00273275 0.00075659 0.00141573 0.01577176 0.21292566 0.15291685 0.12527839 0.07820592 0.09834611 0.19327636 0.07669324 0.04168064
1.00005000 3.98854967 0.00264118 0.00073447 0.00135391 0.01340221 0.22047951 0.16155766 0.13220649 0.07310197 0.09480673 0.17592287 0.08177279 0.04202021
1.10005500 3.98663226 0.00320342 0.00070234 0.00227642 0.02510084 0.24101178 0.17037285 0.13553952 0.06069385 0.08977434 0.14833648 0.08297202 0.04001614
1.20006000 3.98465911 0.00255321 0.00072749 0.00153666 0.01541561 0.24696546 0.17006957 0.14960221 0.06572985 0.08132735 0.13290121 0.08737749 0.04579389
1.30006500 3.98501663 0.00291555 0.00080817 0.00173982 0.01564498 0.25113121 0.17152200 0.15258899 0.06151491 0.08166712 0.12155308 0.09380451 0.04510968
1.40007000 3.98331806 0.00256940 0.00068022 0.00133630 0.01491045 0.26360433 0.17693511 0.14965414 0.06623978 0.08007476 0.11294893 0.08998654 0.04106003
1.50007500 3.98260577 0.00236322 0.00070470 0.00125987 0.00889158 0.27048082 0.18476103 0.15019491 0.06538365 0.08134224 0.09667034 0.09527733 0.04267030
1.60008000 3.97840930 0.00270052 0.00084851 0.00169204 0.01509304 0.27501995 0.18278392 0.16290669 0.05701682 0.08526748 0.07594352 0.09595737 0.04477014
1.70008500 3.97241200 0.00301114 0.00082509 0.00148155 0.01584918 0.28046383 0.17080011 0.16928955 0.06190202 0.08542920 0.07316908 0.09999234 0.03778692
1.80009000 3.96991673 0.00293727 0.00068086 0.00150037 0.01756061 0.28622703 0.16917764 0.17085393 0.05677523 0.08121406 0.07408481 0.10302413 0.03596407
1.90009500 3.96400248 0.00226027 0.00075181 0.00124917 0.01219852 0.28712226 0.16141959 0.18698714 0.04966902 0.08864090 0.06865709 0.10649788 0.03454634
2.00010001 3.96239107 0.00170619 0.00077659 0.00065891 0.00735075 0.29412445 0.15602119 0.18962735 0.04630915 0.09218292 0.07092672 0.10328869 0.03702710
2.10010501 3.95693539 0.00211075 0.00081452 0.00118944 0.01045039 0.29934523 0.14463866 0.19404205 0.04284797 0.08847338 0.07279812 0.10732482 0.03596468
2.20011001 3.95211135 0.00179878 0.00078906 0.00107111 0.00933457 0.31476507 0.14142959 0.19782481 0.03466656 0.08419883 0.06718112 0.11242222 0.03451828
2.30011501 3.94950371 0.00192467 0.00067811 0.00130050 0.01307653 0.31868626 0.12675140 0.20910595 0.03379347 0.07460707 0.07420124 0.11092260 0.03495218
2.40012001 3.94439358 0.00225246 0.00072521 0.00161412 0.01937561 0.32166233 0.12444655 0.20771508 0.03550507 0.07062695 0.06829292 0.11527044 0.03251327
2.50012501 3.94204832 0.00151847 0.00074202 0.00119823 0.01389039 0.32947053 0.12490356 0.21244217 0.02849909 0.06639262 0.06694050 0.11695265 0.03704976
2.60013001 3.94107079 0.00153011 0.00070898 0.00112368 0.01177252 0.34065960 0.12721343 0.21225696 0.02808807 0.07137646 0.05726202 0.11699799 0.03101016
2.70013501 3.93891259 0.00158619 0.00063302 0.00092518 0.00966860 0.34799558 0.12339627 0.21752148 0.02925164 0.05964524 0.05800566 0.12420468 0.02716645
2.80014001 3.93576947 0.00175728 0.00058945 0.00083446 0.00937751 0.35236638 0.11420268 0.22228016 0.03660007 0.05772042 0.05107110 0.12904359 0.02415689
2.90014501 3.93187646 0.00130800 0.00063445 0.00064822 0.00671389 0.36332538 0.11000574 0.22594037 0.02996878 0.05636899 0.04987046 0.12973080 0.02548492
3.00015001 3.92921433 0.00116907 0.00065040 0.00047064 0.00415703 0.36418449 0.11270349 0.22854810 0.02922844 0.05893814 0.04632323 0.12967888 0.02394810
3.10015501 3.92441697 0.00140143 0.00058891 0.00073657 0.00553850 0.36277769 0.10592298 0.23764588 0.03006402 0.05630805 0.04091482 0.13067947 0.02742168
3.20016001 3.92075725 0.00130449 0.00051186 0.00085217 0.00576495 0.36619902 0.10825761 0.23836587 0.02754130 0.05244174 0.03821708 0.13048151 0.03006241
3.30016501 3.91542186 0.00161904 0.00059591 0.00086670 0.01152175 0.36696538 0.10004632 0.23179695 0.03733670 0.05083085 0.03788171 0.13381092 0.02672778
3.40017001 3.91326105 0.00158742 0.00064123 0.00104137 0.00976937 0.37461612 0.10369099 0.23215738 0.02633378 0.05130040 0.04238209 0.13528487 0.02119498
3.50017501 3.90902628 0.00155573 0.00058794 0.00092945 0.00917343 0.37456100 0.09374338 0.23824339 0.02842752 0.05573954 0.04129169 0.13486813 0.02087880
3.60018001 3.90586798 0.00119383 0.00053321 0.00074858 0.00531757 0.37804411 0.08965661 0.24277811 0.02710873 0.05229426 0.04371077 0.13435032 0.02426391
3.70018501 3.90159650 0.00125336 0.00051225 0.00088431 0.00650839 0.37970921 0.08581780 0.24633930 0.02294326 0.05145809 0.04305849 0.13598116 0.02553439
3.80019001 3.89558652 0.00142687 0.00057210 0.00098974 0.00833383 0.38236718 0.08334516 0.24369665 0.02458391 0.04942708 0.04016479 0.14193699 0.02315571
3.90019501 3.88985998 0.00156635 0.00060853 0.00121366 0.01390973 0.37546535 0.07517023 0.25082202 0.02259999 0.05113838 0.03956024 0.14396572 0.02397981
4.00020001 3.88889762 0.00102076 0.00056754 0.00061871 0.00686052 0.37838882 0.07693682 0.26032462 0.02212748 0.05100501 0.03647820 0.14771401 0.01795752
4.10020501 3.88819959 0.00108291 0.00048475 0.00086201 0.00848421 0.38112662 0.07714013 0.26620613 0.01697452 0.04393574 0.03784531 0.14624675 0.01961090
4.20021001 3.88678737 0.00117367 0.00050754 0.00081387 0.00936991 0.38289354 0.06845964 0.26754797 0.01951421 0.04259420 0.03838742 0.14845676 0.02028128
4.30021501 3.88368054 0.00143300 0.00050227 0.00110824 0.01735034 0.38023193 0.06695824 0.26709019 0.01688913 0.04144093 0.04025744 0.15073468 0.01600361
4.40022001 3.87808412 0.00112133 0.00057320 0.00057654 0.00583910 0.38246458 0.06747593 0.27324939 0.02244731 0.03718452 0.03632680 0.15652832 0.01621299
4.50022501 3.87310925 0.00130063 0.00054148 0.00093542 0.00938159 0.39160271 0.06018226 0.27322520 0.01904521 0.03749063 0.03652736 0.15313998 0.01662752
4.60023001 3.87143209 0.00086150 0.00057749 0.00063047 0.00595439 0.39102818 0.06032009 0.28191167 0.01606045 0.03956899 0.03220129 0.15491368 0.01597182
4.70023501 3.86700260 0.00084669 0.00054300 0.00036164 0.00349755 0.39326157 0.05448877 0.27881748 0.02033771 0.04100265 0.03551892 0.15837530 0.01294873
4.80024001 3.86326275 0.00093069 0.00050008 0.00040637 0.00372563 0.39462268 0.05309702 0.27510115 0.02378827 0.04369498 0.03251167 0.16008112 0.01154035
4.90024501 3.85845086 0.00064129 0.00049170 0.00019388 0.00051706 0.39714885 0.05539147 0.27853357 0.02157435 0.04126722 0.02910868 0.16255866 0.01257326
5.00025001 3.85607114 0.00054204 0.00055919 0.00027271 0.00242175 0.39721849 0.04438421 0.27737572 0.02171351 0.04151932 0.03061385 0.16932728 0.01405193
5.10025501 3.85056846 0.00070270 0.00053041 0.00045248 0.00377800 0.39240096 0.04913984 0.27761034 0.01945835 0.04087731 0.03243817 0.16858097 0.01403045
5.20026001 3.84429705 0.00083573 0.00059915 0.00062843 0.00476815 0.38980652 0.04432398 0.28017364 0.01873779 0.04372936 0.03095968 0.16969132 0.01574624
5.30026501 3.83803834 0.00092155 0.00056157 0.00042341 0.00538429 0.38617849 0.05446481 0.28677364 0.01861777 0.04183709 0.02411490 0.17064921 0.01007326
5.40027001 3.83591290 0.00111274 0.00056066 0.00079766 0.00837477 0.38933483 0.04763650 0.28626267 0.01567572 0.03827540 0.02245975 0.17556644 0.01394286
5.50027501 3.82859709 0.00048934 0.00059397 0.00018400 0.00233693 0.39548441 0.04899869 0.29255955 0.01291573 0.03828919 0.02283203 0.17507288 0.01024328
5.60028001 3.82379645 0.00070143 0.00048334 0.00037934 0.00387836 0.39625681 0.05159636 0.29286364 0.01550001 0.03608707 0.02029354 0.17230913 0.00965097
5.70028501 3.82280587 0.00055606 0.00050376 0.00027735 0.00283625 0.40200834 0.05269000 0.29226977 0.01228278 0.03649673 0.01764322 0.17272139 0.00971434
5.80029001 3.81879369 0.00056336 0.00054414 0.00029272 0.00183096 0.40213021 0.04454892 0.29165061 0.01199226 0.03667326 0.02157865 0.17700178 0.01119314
5.90029501 3.81601942 0.00058530 0.00056518 0.00028780 0.00341481 0.40758560 0.04264951 0.28931774 0.01258502 0.03698401 0.01614311 0.18154748 0.00833445
6.00030002 3.81243681 0.00053875 0.00059599 0.00028387 0.00296164 0.41295500 0.03376306 0.28770412 0.01096858 0.03690464 0.01959428 0.18584025 0.00788983
6.10030502 3.80431673 0.00048680 0.00054319 0.00039508 0.00592165 0.41127422 0.03325697 0.28615155 0.00725303 0.03546295 0.02233991 0.18656810 0.01034656
6.20031002 3.79792708 0.00050181 0.00051268 0.00046004 0.00393472 0.41025312 0.03353155 0.28520525 0.00806379 0.03436520 0.02426872 0.18566373 0.01323936
6.30031502 3.78949911 0.00053274 0.00054378 0.00041475 0.00456989 0.40981546 0.03182820 0.28722060 0.00890819 0.03613694 0.02650808 0.18428322 0.00923816
6.40032002 3.78575321 0.00045616 0.00050151 0.00026540 0.00241921 0.41267292 0.03157983 0.29347555 0.00920476 0.03424994 0.02568030 0.18110007 0.00839434
6.50032502 3.78167072 0.00046472 0.00048346 0.00022479 0.00150383 0.41578827 0.03395527 0.29306820 0.01066622 0.03243710 0.02143104 0.18222296 0.00775413
6.60033002 3.77166075 0.00060963 0.00050479 0.00046852 0.00652492 0.41349999 0.03291907 0.28973484 0.01211990 0.03415933 0.02147822 0.18010105 0.00787973
6.70033502 3.77017872 0.00042293 0.00052830 0.00017721 0.00242229 0.41153723 0.03187985 0.29551760 0.01281098 0.03353869 0.01813895 0.18487818 0.00814778
6.80034002 3.76566328 0.00043194 0.00053697 0.00023074 0.00170345 0.41381484 0.03278775 0.29446793 0.01060473 0.02950499 0.01999231 0.18767526 0.00824907
6.90034502 3.75834831 0.00060078 0.00047049 0.00036906 0.00732249 0.41293345 0.02893270 0.29483872 0.01313284 0.02803514 0.02039720 0.18572220 0.00724492
7.00035002 3.74533512 0.00077311 0.00050429 0.00051437 0.00672913 0.40685357 0.03426808 0.29464713 0.01276903 0.03202789 0.02262638 0.18196712 0.00631989
7.10035502 3.74040857 0.00068741 0.00049593 0.00053672 0.00676594 0.40872369 0.03064195 0.29964414 0.01146364 0.02315599 0.02355562 0.18598025 0.00834871
7.20036002 3.72938765 0.00059785 0.00051529 0.00045811 0.00533544 0.40137913 0.03127657 0.30097516 0.01227040 0.03006650 0.02777206 0.17906392 0.01028955
7.30036502 3.72118720 0.00068110 0.00045765 0.00047887 0.00513214 0.40624557 0.03686966 0.29876604 0.01426546 0.02876992 0.01987821 0.17776082 0.01069455
7.40037002 3.71580166 0.00065201 0.00045722 0.00053340 0.00298597 0.40399351 0.03986028 0.29686893 0.01214860 0.02739327 0.02230263 0.18128707 0.01151710
7.50037502 3.71212694 0.00048612 0.00043275 0.00040363 0.00555527 0.40559531 0.03844239 0.29601668 0.01061397 0.02573277 0.02410324 0.18022250 0.01239538
7.60038002 3.70259877 0.00104444 0.00042952 0.00092028 0.01018579 0.40566224 0.03329356 0.29267190 0.01251322 0.02459716 0.02705589 0.17863918 0.01298682
7.70038502 3.70098409 0.00037129 0.00045756 0.00030649 0.00034136 0.41064521 0.03598344 0.29669367 0.01046110 0.02523986 0.02735404 0.17896369 0.01318228
7.80039002 3.69654668 0.00059443 0.00051234 0.00057394 0.00505504 0.41508590 0.03416249 0.29603694 0.00902122 0.02822738 0.02155656 0.17813745 0.01103633
7.90039502 3.68917520 0.00060951 0.00055046 0.00034262 0.00385361 0.41668701 0.03001645 0.30069364 0.01355519 0.02530341 0.02094743 0.18076549 0.00667520
8.00040002 3.68475310 0.00065415 0.00045491 0.00032761 0.00333654 0.41207947 0.03076449 0.30794661 0.01355035 0.02507951 0.02284311 0.17643951 0.00652375
8.10040502 3.67962592 0.00030764 0.00044251 0.00013120 0.00017306 0.41072503 0.03281156 0.31576421 0.01004059 0.02447423 0.02045429 0.17659402 0.00808166
8.20041002 3.67482384 0.00049005 0.00043672 0.00021770 0.00345008 0.41078984 0.03103074 0.30818627 0.01383991 0.02238508 0.02094810 0.18020210 0.00802342
8.30041502 3.67037804 0.00056610 0.00046908 0.00038773 0.00566660 0.41496913 0.02436089 0.30958494 0.01122220 0.02606543 0.01976465 0.17891142 0.00803184
8.40042002 3.66209238 0.00029107 0.00057646 0.00011917 0.00026747 0.41684120 0.02246540 0.31269828 0.01069080 0.02937216 0.02127105 0.17851190 0.00689503
8.50042502 3.65550178 0.00046334 0.00046950 0.00032895 0.00364117 0.41443189 0.02532934 0.31176076 0.00940968 0.02877920 0.02116050 0.17855865 0.00566702
8.60043002 3.65233135 0.00049468 0.00045745 0.00019967 0.00207886 0.41483826 0.02684083 0.31250979 0.01309818 0.02834563 0.01813344 0.17784888 0.00515434
8.70043502 3.64836253 0.00079664 0.00045992 0.00054915 0.00899594 0.41302579 0.02518858 0.31361174 0.00947076 0.03110849 0.01449409 0.17779406 0.00450483
8.80044002 3.64644569 0.00055221 0.00044634 0.00045434 0.00435431 0.41360301 0.02696684 0.31312206 0.00840072 0.03066872 0.01612523 0.17815988 0.00714635
8.90044502 3.64522146 0.00051203 0.00043233 0.00039148 0.00348797 0.41345959 0.02797555 0.31234249 0.00680041 0.02686058 0.02026570 0.18090501 0.00656685
9.00045002 3.64004400 0.00071591 0.00045528 0.00056033 0.00596543 0.41347758 0.02784057 0.31041939 0.00798570 0.02544985 0.02019037 0.18019790 0.00674169
9.10045502 3.63684437 0.00048877 0.00046845 0.00046932 0.00310856 0.41840376 0.02985415 0.30617211 0.00732957 0.02579744 0.01896121 0.17915824 0.00978842
9.20046002 3.63536114 0.00026361 0.00044739 0.00023274 0.00209294 0.42305388 0.03116332 0.30549153 0.00745393 0.02168062 0.01963128 0.17732658 0.01116219
9.30046502 3.63420646 0.00033135 0.00044984 0.00031457 0.00168044 0.42952001 0.02768688 0.30546066 0.00728819 0.02164161 0.01721201 0.17892788 0.00948656
9.40047002 3.62802150 0.00049468 0.00039667 0.00038550 0.00527324 0.42654337 0.02444974 0.30959218 0.00904183 0.02158135 0.01730452 0.17588644 0.00905050
9.50047502 3.62638790 0.00039348 0.00041046 0.00019704 0.00155729 0.43359014 0.02652052 0.31100417 0.01161718 0.01827186 0.01375599 0.17472338 0.00795849
9.60048002 3.62070201 0.00070237 0.00039782 0.00040498 0.00371778 0.43009931 0.02886754 0.30878533 0.01298225 0.01845359 0.01419106 0.17226396 0.00913403
9.70048502 3.61654159 0.00056618 0.00041309 0.00050867 0.00351938 0.43350594 0.02925963 0.30909350 0.01044934 0.01692147 0.01023836 0.17206600 0.01345843
9.80049002 3.61382190 0.00046977 0.00042069 0.00029172 0.00341889 0.43655294 0.02618599 0.31115712 0.01030579 0.01854937 0.01180802 0.17331989 0.00751981
9.90049502 3.61414177 0.00041072 0.00041923 0.00034535 0.00583547 0.44053945 0.02410871 0.30797897 0.00958746 0.02069804 0.01123085 0.17236431 0.00648144
10.00050003 3.61210869 0.00069856 0.00039533 0.00062055 0.00549758 0.44041987 0.02475245 0.30481934 0.00845918 0.02039469 0.01025496 0.17397076 0.00971671
10.10050503 3.60453473 0.00061779 0.00045274 0.00058018 0.00463321 0.43980220 0.02587258 0.30256188 0.00763708 0.02505553 0.01210773 0.17212766 0.00855143
10.20051003 3.60398299 0.00037410 0.00039314 0.00028582 0.00331099 0.43924504 0.02603420 0.30437596 0.00703644 0.02590422 0.01200842 0.17408165 0.00695004
10.30051503 3.59747977 0.00042331 0.00042002 0.00025537 0.00165700 0.43843061 0.02320973 0.30417694 0.00598426 0.02494092 0.01961019 0.17603151 0.00486014
10.40052003 3.59320072 0.00038669 0.00037079 0.00022957 0.00214877 0.44043031 0.02290104 0.30315651 0.00899933 0.02283369 0.01919745 0.17320871 0.00613715
10.50052503 3.58954035 0.00034942 0.00041340 0.00014208 0.00027510 0.44071019 0.02199804 0.30145018 0.01024440 0.02251327 0.02174976 0.17291296 0.00724119
10.60053003 3.58823339 0.00051354 0.00036769 0.00032609 0.00546719 0.44084288 0.01865492 0.30093573 0.01142496 0.02248908 0.02172729 0.17136462 0.00588601
10.70053503 3.58405227 0.00040173 0.00041810 0.00036523 0.00309065 0.43954989 0.02049880 0.30591190 0.00757961 0.02273929 0.02176877 0.17138082 0.00629520
10.80054003 3.58263054 0.00045653 0.00044024 0.00025063 0.00219996 0.44230608 0.01819436 0.30604290 0.01210580 0.02123544 0.01824709 0.17197535 0.00654562
10.90054503 3.57980255 0.00024091 0.00046987 0.00016165 0.00022760 0.44189192 0.01991329 0.30610915 0.01131781 0.02330563 0.01343038 0.17622344 0.00670836
11.00055003 3.57722982 0.00040776 0.00048312 0.00021035 0.00176692 0.44740772 0.01883922 0.30782762 0.00712976 0.02169299 0.01275066 0.17858855 0.00289533
11.10055503 3.57524287 0.00056854 0.00044242 0.00051248 0.00725860 0.44389771 0.01276206 0.31183572 0.00767916 0.02332411 0.01202242 0.17450005 0.00519675
11.20056003 3.57125761 0.00070081 0.00035618 0.00068890 0.00518679 0.44335465 0.02187782 0.30771644 0.00646837 0.01959451 0.01494611 0.17097822 0.00813120
11.30056503 3.56438848 0.00033729 0.00045006 0.00021395 0.00140942 0.43757925 0.02181529 0.31085796 0.00921262 0.02500487 0.01483853 0.17210786 0.00617291
11.40057003 3.56024148 0.00049626 0.00036267 0.00029034 0.00577326 0.44267513 0.02299290 0.30787840 0.00853707 0.02076414 0.01444365 0.16831966 0.00746652
11.50057503 3.55513007 0.00051975 0.00038425 0.00031066 0.00531061 0.43710642 0.02544829 0.30867301 0.00929998 0.02050475 0.01619856 0.17133157 0.00491215
11.60058003 3.55015371 0.00088124 0.00038998 0.00068689 0.00745873 0.43361896 0.02245545 0.30825733 0.01203850 0.02259430 0.01414545 0.17113943 0.00633373
11.70058503 3.54750572 0.00059908 0.00041537 0.00055082 0.00623009 0.43583263 0.02258678 0.30834324 0.00922003 0.02398256 0.01565310 0.16942619 0.00716010
11.80059003 3.54241204 0.00036864 0.00046410 0.00022040 0.00386024 0.43450742 0.02815954 0.31051441 0.00832376 0.02057102 0.01417154 0.17394305 0.00489588
11.90059503 3.53787241 0.00033141 0.00045626 0.00024611 0.00144363 0.43736176 0.02788836 0.30759151 0.00817546 0.02132545 0.01564538 0.17326503 0.00626964
12.00060003 3.53533782 0.00039752 0.00039296 0.00036499 0.00153299 0.44101263 0.02277573 0.30705813 0.00948261 0.01831361 0.01782967 0.17122266 0.00961649
12.10060503 3.53277723 0.00039615 0.00038892 0.00030316 0.00329896 0.44157857 0.02473952 0.30619837 0.00965777 0.01821125 0.01813298 0.16962289 0.00747147
12.20061003 3.53083997 0.00033181 0.00039624 0.00018257 0.00092706 0.43994975 0.02621644 0.30583325 0.01044544 0.02041613 0.01616429 0.17140463 0.00773239
12.30061503 3.52984885 0.00062420 0.00040422 0.00053319 0.00647963 0.43725057 0.02398560 0.30352502 0.01057709 0.01705262 0.01936253 0.17176756 0.00843777
12.40062003 3.52411380 0.00069327 0.00035150 0.00047364 0.00514681 0.44041320 0.02104603 0.30640656 0.01297265 0.01422555 0.02250956 0.16860318 0.00715804
12.50062503 3.52271732 0.00033210 0.00034979 0.00010523 0.00022861 0.44121942 0.01860300 0.31032684 0.01300848 0.01572780 0.02421562 0.17037615 0.00550696
12.60063003 3.51647884 0.00068154 0.00033724 0.00045705 0.00679067 0.43804873 0.01646879 0.31065172 0.01176952 0.01562276 0.02531401 0.16933956 0.00451842
12.70063503 3.51059467 0.00050796 0.00049692 0.00036825 0.00435131 0.43487896 0.01621969 0.30746650 0.00969506 0.01944407 0.02631074 0.17571356 0.00454699
12.80064003 3.50547413 0.00040489 0.00043363 0.00017108 0.00342389 0.43153744 0.01665769 0.31112949 0.01165641 0.02122398 0.02518364 0.17367546 0.00450241
12.90064503 3.49965304 0.00034214 0.00046217 0.00016129 0.00162119 0.43674886 0.01615379 0.31148746 0.00988948 0.02690852 0.01961347 0.17239298 0.00421864
13.00065003 3.49271712 0.00052262 0.00039245 0.00025297 0.00303761 0.43511354 0.01680193 0.30903144 0.01146484 0.02705891 0.02162091 0.17040366 0.00429911
13.10065503 3.49109429 0.00052411 0.00035702 0.00022363 0.00267649 0.43431151 0.02030105 0.30947141 0.01504620 0.02270450 0.01862939 0.17115557 0.00459914
13.20066003 3.48938290 0.00052341 0.00038113 0.00019484 0.00184375 0.43899295 0.02099637 0.30751847 0.01315693 0.02286263 0.01712348 0.17224482 0.00416123
13.30066503 3.48780312 0.00037910 0.00034063 0.00022841 0.00341105 0.43882256 0.02185485 0.30693972 0.01109278 0.01964905 0.01884109 0.17224804 0.00619272
13.40067003 3.48696193 0.00025476 0.00032053 0.00016358 0.00018890 0.43656061 0.02448891 0.30876189 0.00988894 0.01801879 0.02183565 0.17233817 0.00717925
13.50067503 3.48713212 0.00052167 0.00034987 0.00031372 0.00345003 0.43439895 0.02213658 0.30941309 0.01177321 0.01833337 0.02188960 0.17150473 0.00591520
13.60068003 3.48305378 0.00044043 0.00034191 0.00027615 0.00579005 0.43434301 0.02139276 0.31289833 0.00986292 0.01809801 0.02201886 0.17031875 0.00421883
13.70068503 3.48023624 0.00046209 0.00038692 0.00029214 0.00344088 0.43359453 0.02271205 0.31465108 0.01069794 0.01829849 0.01614410 0.17306898 0.00625081
13.80069003 3.47779752 0.00061479 0.00037997 0.00032626 0.00326571 0.43970289 0.02411193 0.30906785 0.01102257 0.01666066 0.01457655 0.17618862 0.00408220
13.90069503 3.47616903 0.00032955 0.00039675 0.00014142 0.00138347 0.43805701 0.02219311 0.31324140 0.00959681 0.01733962 0.01598381 0.17696521 0.00437183
14.00070004 3.47565049 0.00024295 0.00033603 0.00005330 0.00017938 0.44071184 0.02614428 0.31315535 0.00821905 0.01545303 0.01284745 0.17834375 0.00431359
14.10070504 3.47360107 0.00044650 0.00036045 0.00028379 0.00319209 0.43875410 0.02392153 0.30977005 0.00881218 0.01718861 0.01270393 0.17992679 0.00463999
14.20071004 3.47161922 0.00031777 0.00038648 0.00007235 0.00031593 0.43740481 0.02618577 0.30980619 0.00955129 0.01527527 0.01306481 0.18312725 0.00449208
14.30071504 3.46645386 0.00041169 0.00044001 0.00019255 0.00172297 0.44543337 0.02340568 0.30558415 0.00874352 0.01546421 0.00956163 0.18507827 0.00396196
14.40072004 3.46296971 0.00035513 0.00035213 0.00024160 0.00533648 0.44159032 0.02311969 0.30742995 0.00839625 0.01545256 0.01013631 0.18117504 0.00641454
14.50072504 3.45931870 0.00025856 0.00039740 0.00022816 0.00028704 0.43780396 0.02520825 0.30922364 0.00806892 0.01941527 0.00886261 0.18115974 0.00908646
14.60073004 3.45290851 0.00038757 0.00037056 0.00036885 0.00263035 0.43438818 0.02736018 0.30898321 0.00663391 0.01924942 0.00975150 0.18300864 0.00686763
14.70073504 3.44913151 0.00036668 0.00037294 0.00032430 0.00146747 0.43662211 0.02492641 0.30985500 0.00644206 0.02040909 0.01118143 0.18074086 0.00729166
14.80074004 3.44629480 0.00020052 0.00041057 0.00011093 0.00011681 0.43792983 0.02627509 0.30857735 0.00567070 0.02172440 0.01104580 0.18135786 0.00658015
14.90074504 3.44403870 0.00034550 0.00039656 0.00027348 0.00273644 0.43836317 0.02595309 0.30845063 0.00505997 0.02005984 0.00985363 0.18272981 0.00577788
15.00075004 3.44138452 0.00024503 0.00038364 0.00008689 0.00024425 0.43704433 0.02438431 0.31220996 0.00615832 0.01832243 0.01208597 0.18403964 0.00479523
15.10075504 3.43621593 0.00035749 0.00039870 0.00029304 0.00486084 0.43317031 0.01944812 0.31446934 0.00452577 0.02234973 0.01381301 0.18161192 0.00470174
15.20076004 3.43154362 0.00046701 0.00043883 0.00040968 0.00485552 0.43618651 0.02178451 0.30567385 0.00628517 0.02219683 0.01191683 0.18350398 0.00628127
15.30076504 3.42987773 0.00083302 0.00039819 0.00074322 0.00953601 0.43283469 0.02309144 0.30260054 0.00639177 0.01816783 0.01369968 0.18599875 0.00570485
15.40077004 3.42521146 0.00060145 0.00037531 0.00045092 0.00317873 0.43072099 0.02614655 0.30059487 0.00942258 0.01661507 0.01716271 0.18769376 0.00703707
15.50077504 3.41901264 0.00039754 0.00046185 0.00029118 0.00147991 0.42676587 0.02619292 0.30374407 0.00635508 0.02101447 0.01718546 0.18801374 0.00809791
15.60078004 3.41472862 0.00040867 0.00039757 0.00022268 0.00413125 0.42663714 0.02421894 0.30404022 0.00958644 0.02060798 0.01597440 0.18631709 0.00745762
15.70078504 3.41221870 0.00072190 0.00037015 0.00054261 0.00836801 0.43097550 0.02298084 0.30077543 0.00826860 0.01973275 0.01441533 0.18614617 0.00670271
15.80079004 3.41229641 0.00061960 0.00044832 0.00048642 0.00409196 0.43470211 0.01974912 0.30206707 0.00692847 0.01920965 0.01385418 0.19157286 0.00627025
15.90079504 3.40777638 0.00051365 0.00043154 0.00033929 0.00355961 0.43229215 0.02223548 0.30072974 0.01046298 0.02064225 0.01558776 0.18590432 0.00730123
16.00080004 3.40160597 0.00029204 0.00045111 0.00024539 0.00336789 0.43296178 0.02236891 0.30650238 0.00514534 0.02031401 0.01685549 0.18577072 0.00572494
16.10080504 3.39617270 0.00019103 0.00042033 0.00015136 0.00064910 0.43306101 0.02783918 0.30494803 0.00538038 0.02057724 0.01394754 0.18699338 0.00584142
16.20081004 3.39324163 0.00030905 0.00036427 0.00010012 0.00220430 0.43116301 0.02911112 0.30496611 0.00788518 0.01739516 0.01466061 0.18611145 0.00572962
16.30081504 3.39036950 0.00042063 0.00044915 0.00025405 0.00307212 0.42910260 0.02540703 0.30488076 0.00791542 0.02308585 0.01386207 0.18648164 0.00506867
16.40082004 3.38827682 0.00048507 0.00034109 0.00034869 0.00578819 0.43309951 0.02436730 0.30626889 0.00786995 0.01861234 0.01424062 0.18167817 0.00690018
16.50082504 3.38251250 0.00069075 0.00036021 0.00058932 0.00671835 0.43316119 0.02237361 0.30105256 0.00724905 0.02172578 0.01634532 0.18170026 0.00803361
16.60083004 3.38064900 0.00069516 0.00036562 0.00049302 0.00520755 0.43115684 0.02515004 0.30394431 0.00915073 0.01791771 0.01413919 0.18461552 0.00716430
16.70083504 3.37794586 0.00028004 0.00043444 0.00011237 0.00023429 0.43197790 0.02500260 0.30382158 0.00892810 0.02364078 0.01227080 0.18612530 0.00717181
16.80084004 3.37618116 0.00018676 0.00038953 0.00012587 0.00017621 0.43143705 0.02863599 0.30622510 0.00514187 0.02304884 0.01068483 0.18689947 0.00704846
16.90084504 3.37100832 0.00047014 0.00040224 0.00040341 0.00525279 0.43141488 0.02350512 0.30047213 0.00463951 0.02610926 0.01366994 0.18760149 0.00605910
17.00085004 3.36804674 0.00027857 0.00038156 0.00014379 0.00153787 0.42901357 0.02469846 0.30262574 0.00540234 0.02567182 0.01662174 0.18830731 0.00531723
17.10085504 3.36425007 0.00022861 0.00037320 0.00007525 0.00014012 0.42643438 0.03106921 0.30452144 0.00530928 0.02212028 0.01718903 0.18655070 0.00598849
17.20086004 3.35728343 0.00045459 0.00036736 0.00029393 0.00309496 0.42174873 0.03421820 0.30057118 0.00594069 0.02071906 0.01925881 0.18659366 0.00673881
17.30086504 3.35451899 0.00058566 0.00039022 0.00042241 0.00311202 0.42298417 0.03020920 0.29925115 0.00853275 0.02265906 0.01828744 0.18471539 0.00885053
17.40087004 3.35196442 0.00026784 0.00039144 0.00016621 0.00019791 0.42290967 0.03321747 0.29882667 0.00849078 0.02097006 0.01756307 0.18690216 0.01009672
17.50087504 3.35044842 0.00028104 0.00038445 0.00023093 0.00211469 0.42564439 0.03157864 0.30025334 0.00773617 0.02138915 0.01452719 0.18632867 0.00953133
17.60088004 3.34540277 0.00066101 0.00037677 0.00059318 0.00668829 0.42040237 0.02874283 0.30029189 0.01006608 0.02114769 0.01609617 0.18378129 0.01115245
17.70088504 3.33834339 0.00028218 0.00042533 0.00014615 0.00019296 0.41508930 0.03470407 0.30906057 0.00842839 0.02311241 0.01601135 0.18431240 0.00823490
17.80089004 3.33163556 0.00042309 0.00043148 0.00028762 0.00324739 0.41650436 0.03206554 0.31031790 0.00971856 0.02331749 0.01374196 0.18142878 0.00851583
17.90089504 3.33132565 0.00038827 0.00040958 0.00024409 0.00469371 0.42232597 0.02969625 0.31033756 0.00904919 0.01706523 0.01528824 0.18186165 0.00864025
18.00090005 3.32838010 0.00071605 0.00035315 0.00054219 0.00544808 0.41886936 0.03226372 0.31117319 0.00799743 0.01264876 0.01910170 0.18095555 0.00993083
18.10090505 3.32447587 0.00071759 0.00035688 0.00047509 0.00435376 0.42123471 0.03948552 0.30990554 0.00953169 0.01240531 0.01279855 0.18209756 0.00663779
18.20091005 3.31793314 0.00047585 0.00041337 0.00031484 0.00284059 0.41981838 0.03320578 0.30977634 0.00992965 0.01444730 0.01448676 0.18354462 0.01074653
18.30091505 3.31704104 0.00037074 0.00036151 0.00024178 0.00166871 0.42201923 0.03394293 0.31006661 0.00717461 0.01576738 0.01816570 0.18178527 0.00843552
18.40092005 3.31425742 0.00041850 0.00033836 0.00019467 0.00171290 0.42306688 0.03431374 0.31220486 0.00872590 0.01538979 0.01409523 0.18300012 0.00653906
18.50092505 3.31171277 0.00057615 0.00037837 0.00030021 0.00285205 0.42384371 0.02965315 0.31274547 0.01144025 0.01589234 0.01305621 0.18314011 0.00612200
18.60093005 3.30956356 0.00054215 0.00038633 0.00031691 0.00545225 0.42455112 0.02683940 0.31124228 0.00867116 0.02171678 0.01253989 0.18210349 0.00563824
18.70093505 3.30416733 0.00067332 0.00047540 0.00047005 0.00450720 0.42080090 0.02822867 0.30768960 0.00689163 0.02262590 0.01309363 0.18840820 0.00613550
18.80094005 3.30352563 0.00027950 0.00036788 0.00013463 0.00252910 0.42111239 0.03151836 0.30768272 0.00681639 0.02079365 0.01566027 0.18604335 0.00706175
18.90094505 3.30272183 0.00041549 0.00034814 0.00028157 0.00294101 0.42513763 0.02795645 0.31098718 0.00595556 0.02055450 0.01399260 0.18497255 0.00645732
19.00095005 3.29929238 0.00036429 0.00043276 0.00032875 0.00333401 0.42676461 0.02900152 0.30429799 0.00522849 0.02867499 0.01284647 0.18182965 0.00689647
19.10095505 3.29315533 0.00051566 0.00035764 0.00045637 0.00534573 0.43098966 0.03045951 0.30054536 0.00533414 0.02383678 0.01679204 0.17827055 0.00709653
19.20096005 3.28828629 0.00074058 0.00036057 0.00069000 0.00648265 0.43261418 0.02541826 0.30284542 0.00763662 0.02152136 0.01840399 0.17465848 0.00862789
19.30096505 3.28748803 0.00043575 0.00035413 0.00036230 0.00355878 0.43140491 0.02913755 0.30857894 0.00530195 0.02170940 0.01744012 0.17395262 0.00776355
19.40097005 3.28363728 0.00056289 0.00041889 0.00040129 0.00329361 0.42891289 0.02367430 0.30892565 0.00633168 0.02554416 0.01917048 0.17419841 0.00856574
19.50097505 3.28207311 0.00031554 0.00045110 0.00022087 0.00204461 0.43264200 0.02104256 0.31390143 0.00551452 0.02424854 0.01783009 0.17475693 0.00703181
19.60098005 3.28063985 0.00017412 0.00039548 0.00022083 0.00020986 0.43283927 0.02515421 0.31105750 0.00375301 0.02381347 0.01806090 0.17589427 0.00842708
19.70098505 3.27801819 0.00027465 0.00033447 0.00022358 0.00145721 0.43011484 0.02592469 0.31781449 0.00619170 0.02084901 0.01341178 0.17688719 0.00651640
19.80099005 3.27280380 0.00041443 0.00030537 0.00024853 0.00338994 0.43005834 0.02471717 0.31884051 0.00842212 0.01845827 0.01255874 0.17633751 0.00624906
19.90099505 3.27213316 0.00055828 0.00035110 0.00042831 0.00480484 0.43036404 0.02726167 0.31642245 0.00715458 0.02068724 0.01047958 0.17617518 0.00531274
20.00100005 3.26764654 0.00038461 0.00037043 0.00017105 0.00359277 0.43511388 0.02719811 0.31499150 0.00769027 0.02069543 0.00862087 0.17682876 0.00434231
20.10100505 3.26243597 0.00045431 0.00043529 0.00004985 0.00047494 0.43597694 0.02408215 0.31627824 0.01232126 0.02270781 0.00630158 0.17660172 0.00431591
20.20101005 3.26166844 0.00034221 0.00037144 0.00026902 0.00262100 0.43424121 0.02540363 0.31545373 0.00679740 0.02281187 0.00743824 0.17712174 0.00712849
20.30101505 3.25726613 0.00042182 0.00040778 0.00023295 0.00177160 0.43481935 0.02308638 0.31573427 0.00750188 0.02151684 0.00835464 0.17952177 0.00663075
20.40102005 3.25348107 0.00041741 0.00045241 0.00026363 0.00473707 0.43675818 0.01992560 0.31869373 0.00473852 0.02138272 0.00916099 0.17871296 0.00475677
20.50102505 3.25027024 0.00011333 0.00043460 0.00005057 0.00011866 0.44335423 0.01844082 0.31750802 0.00351094 0.02563505 0.00963268 0.17706809 0.00413300
20.60103005 3.24949215 0.00009482 0.00035457 0.00004219 0.00007530 0.44341814 0.01978743 0.32186239 0.00283968 0.02321173 0.00892301 0.17515316 0.00423756
20.70103505 3.24604327 0.00011578 0.00034766 0.00004887 0.00012705 0.44297386 0.01797582 0.31990726 0.00288200 0.02127354 0.01265523 0.17749769 0.00419525
20.80104005 3.24456853 0.00023232 0.00036348 0.00014623 0.00155018 0.44171868 0.01752568 0.31945116 0.00345926 0.02150537 0.01230896 0.17696132 0.00477737
20.90104505 3.24041036 0.00025636 0.00036348 0.00018426 0.00134456 0.44153892 0.01946916 0.31700553 0.00321470 0.02180218 0.01462013 0.17528989 0.00491083
21.00105005 3.23837630 0.00013475 0.00035664 0.00003618 0.00009227 0.44387117 0.01809182 0.31862114 0.00360699 0.02186246 0.01318897 0.17528858 0.00484902
21.10105505 3.23725589 0.00012735 0.00035663 0.00003866 0.00208309 0.44534242 0.01782795 0.31883299 0.00352416 0.02002055 0.01020621 0.17744741 0.00419258
21.20106005 3.23515944 0.00037845 0.00033344 0.00036743 0.00573002 0.44450708 0.01438445 0.32090918 0.00357930 0.01981340 0.00808222 0.17843691 0.00347813
21.30106505 3.23377688 0.00046565 0.00034987 0.00032369 0.00328859 0.44616866 0.01467546 0.32025213 0.00435074 0.01979258 0.00811629 0.17943676 0.00277959
21.40107005 3.23241495 0.00030202 0.00034998 0.00019577 0.00342636 0.44741841 0.01277533 0.32215438 0.00398847 0.01945624 0.00898810 0.17862099 0.00232394
21.50107505 3.22883859 0.00064284 0.00031983 0.00051557 0.00663801 0.44871131 0.01617090 0.31977875 0.00582683 0.01630776 0.00794154 0.17488235 0.00226431
21.60108005 3.22328969 0.00026866 0.00037328 0.00007691 0.00413228 0.44505032 0.01759265 0.32296161 0.00683927 0.01651023 0.00664462 0.17710455 0.00244562
21.70108505 3.22008079 0.00031526 0.00037601 0.00013974 0.00154004 0.44590637 0.02124088 0.31885418 0.00701560 0.01735747 0.00854152 0.17550597 0.00320696
21.80109005 3.21456091 0.00041896 0.00035910 0.00026090 0.00330622 0.44429748 0.01947917 0.31576609 0.00834070 0.01866437 0.00884694 0.17491296 0.00534711
21.90109505 3.20822959 0.00035037 0.00034084 0.00021559 0.00383456 0.44365318 0.01995129 0.31369964 0.00745209 0.02186989 0.01145396 0.17243644 0.00474215
22.00110006 3.20253954 0.00033369 0.00034831 0.00020820 0.00268855 0.44535196 0.02206285 0.31112994 0.00715357 0.02262903 0.01313132 0.17054075 0.00442181
22.10110506 3.19970389 0.00061228 0.00031749 0.00040432 0.00566389 0.44513199 0.02241105 0.31413718 0.00664922 0.01890795 0.01157027 0.16950538 0.00468897
22.20111006 3.19877115 0.00031298 0.00033758 0.00016842 0.00150729 0.44473763 0.02132455 0.31356155 0.00973270 0.01856597 0.01282465 0.17079727 0.00612941
22.30111506 3.19332525 0.00045337 0.00039103 0.00024872 0.00346112 0.44124148 0.02038079 0.31243217 0.00936207 0.02106028 0.01583393 0.16887504 0.00626000
22.40112006 3.19269152 0.00038555 0.00041721 0.00025610 0.00540254 0.44081976 0.02007053 0.31148636 0.00546745 0.02648928 0.01366831 0.17078738 0.00474952
22.50112506 3.19003250 0.00039614 0.00039656 0.00024635 0.00144327 0.44035216 0.02004905 0.31463519 0.00824159 0.02327644 0.01151205 0.17333965 0.00611154
22.60113006 3.18574598 0.00020035 0.00040113 0.00008308 0.00015721 0.43993862 0.02020565 0.31532752 0.00665526 0.02634142 0.01226319 0.17399130 0.00443527
22.70113506 3.18110969 0.00034533 0.00036989 0.00032609 0.00478736 0.43528225 0.02209823 0.31533307 0.00577905 0.02416275 0.01040026 0.17485205 0.00626369
22.80114006 3.17691873 0.00019794 0.00037309 0.00010455 0.00213087 0.43775140 0.02394959 0.31393584 0.00483372 0.02631809 0.01121139 0.17362158 0.00557193
22.90114506 3.17379206 0.00017421 0.00041558 0.00003083 0.00009941 0.43951017 0.02189454 0.31644617 0.00514829 0.02885848 0.00829994 0.17476961 0.00435279
23.00115006 3.17099411 0.00023121 0.00040195 0.00002534 0.00011090 0.44379365 0.02012778 0.31626394 0.00704066 0.02712340 0.00634680 0.17441706 0.00411730
23.10115506 3.16889641 0.00025600 0.00042286 0.00007715 0.00203085 0.44138476 0.01887421 0.31398577 0.00651677 0.02762094 0.00636381 0.17858567 0.00388122
23.20116006 3.16472253 0.00031768 0.00037293 0.00029861 0.00337324 0.43873077 0.02032836 0.30909234 0.00627237 0.02605641 0.00982151 0.17774755 0.00758822
23.30116506 3.15967612 0.00022421 0.00038234 0.00012415 0.00016861 0.43518346 0.02225625 0.31169973 0.00596248 0.02550521 0.01202593 0.17922926 0.00723836
23.40117006 3.15716222 0.00034070 0.00034698 0.00028586 0.00180546 0.43384654 0.02245908 0.31065862 0.00586892 0.02556980 0.01382156 0.17757806 0.00741842
23.50117506 3.15090327 0.00039441 0.00038814 0.00033279 0.00358081 0.43225675 0.02112948 0.31266384 0.00575168 0.02610292 0.01394411 0.17658835 0.00686672
23.60118006 3.14958209 0.00045924 0.00038020 0.00038060 0.00499479 0.43504032 0.01851625 0.31257961 0.00546714 0.02749136 0.01415008 0.17450851 0.00603189
23.70118506 3.14591504 0.00081891 0.00035821 0.00067136 0.00821030 0.43061716 0.01728310 0.31188851 0.01075660 0.02616336 0.01457514 0.17297276 0.00568458
23.80119006 3.14378734 0.00045787 0.00040274 0.00015999 0.00153935 0.43424030 0.01652357 0.31518920 0.01118726 0.02603378 0.01439555 0.17613398 0.00373641
23.90119506 3.14017354 0.00033908 0.00041901 0.00017437 0.00189775 0.43638752 0.01592059 0.31401703 0.00780093 0.02423569 0.01670417 0.17894075 0.00316311
24.00120006 3.13950020 0.00036710 0.00037707 0.00028069 0.00357284 0.43459457 0.01629358 0.31382499 0.00716545 0.02249270 0.01513858 0.18071067 0.00518176
24.10120506 3.13760753 0.00043480 0.00036611 0.00033488 0.00423638 0.43342412 0.01375238 0.31409826 0.00740999 0.02400662 0.01621081 0.18210488 0.00362075
24.20121006 3.13406946 0.00029972 0.00033551 0.00015878 0.00146913 0.42783119 0.01778750 0.31629694 0.00773508 0.02039624 0.02260454 0.18114012 0.00394525
24.30121506 3.13171446 0.00056255 0.00036262 0.00036049 0.00492214 0.42607309 0.01585949 0.31816177 0.00890229 0.02072058 0.02081558 0.17868195 0.00457746
24.40122006 3.12822859 0.00018710 0.00039147 0.00017051 0.00020463 0.43032330 0.01678624 0.31627918 0.00577571 0.02093193 0.02144102 0.18007411 0.00743478
24.50122506 3.12584215 0.00036354 0.00036700 0.00027523 0.00187834 0.43187030 0.01041663 0.31800347 0.00824344 0.02057250 0.02014794 0.18118674 0.00667487
24.60123006 3.12335413 0.00020986 0.00033701 0.00014195 0.00019955 0.43102062 0.01380933 0.31953138 0.00866140 0.02014218 0.01905675 0.18096880 0.00592117
24.70123506 3.12277840 0.00045363 0.00030917 0.00036168 0.00321464 0.42961327 0.01408468 0.31924588 0.00997113 0.01867658 0.01544168 0.18215511 0.00647255
24.80124006 3.11994101 0.00058905 0.00034537 0.00043374 0.00717055 0.42833823 0.01797101 0.31702777 0.00856758 0.01914671 0.01388631 0.18314191 0.00338176
24.90124506 3.11460108 0.00039327 0.00033134 0.00023609 0.00322005 0.43277750 0.02284218 0.32060854 0.00815435 0.01878989 0.00983446 0.17949272 0.00331960
25.00125006 3.11290638 0.00045923 0.00034292 0.00021869 0.00378077 0.42744972 0.02555162 0.32026779 0.00925609 0.01711293 0.00894842 0.18282663 0.00378518
25.10125506 3.10878862 0.00072828 0.00036135 0.00056173 0.00804176 0.42661862 0.02133763 0.32228174 0.00817912 0.01437503 0.01091332 0.18236327 0.00423815
25.20126006 3.10564055 0.00056584 0.00037880 0.00034393 0.00318577 0.42785307 0.02407507 0.31446478 0.01072922 0.01871538 0.01274386 0.18058798 0.00635632
25.30126506 3.10526334 0.00030694 0.00040320 0.00022322 0.00209997 0.42586551 0.02320124 0.31066090 0.00881470 0.02217920 0.01586206 0.18289118 0.00749187
25.40127006 3.10149237 0.00045256 0.00036908 0.00036470 0.00300419 0.41804054 0.02229594 0.31633286 0.00832123 0.01923621 0.02086980 0.18402131 0.00669158
25.50127506 3.09584787 0.00035595 0.00033043 0.00027366 0.00169777 0.41630784 0.02585349 0.31374191 0.00882636 0.01786131 0.02418143 0.18175851 0.00881134
25.60128006 3.09086434 0.00079757 0.00034580 0.00042854 0.00490414 0.41936020 0.02060605 0.31389461 0.01563212 0.01938068 0.02046803 0.17901870 0.00516354
25.70128506 3.08948874 0.00048366 0.00036752 0.00026918 0.00182269 0.42393377 0.02213639 0.31338907 0.01119425 0.01614940 0.02160330 0.18216025 0.00649052
