0.00000000 0.00000000 0.00000000 0.00000000 0.00000000 0.00000000 0.00000000 0.00000000 0.00000000 1.00000000 0.00000000 0.00000000 0.00000000 0.00000000
0.20004001 0.00220737 0.08384706 0.00029745 0.01178141 0.09304400 0.00895793 0.29586424 0.00059030 0.13267779 0.00398111 0.28217851 0.00217320 0.08460699
0.40008002 0.00581841 0.02300966 0.00037732 0.02321934 0.05625038 0.01156187 0.35237937 0.00243213 0.24829929 0.00458964 0.22759061 0.00503904 0.04525137
0.60012002 0.01402125 0.03645635 0.00061346 0.00808472 0.08651091 0.01696818 0.07894574 0.00592910 0.49515037 0.00762846 0.14600777 0.00686078 0.11084415
0.80016003 0.01990609 0.03491771 0.00064091 0.01214098 0.06966970 0.02891371 0.11536568 0.00637647 0.02626675 0.00836367 0.64965723 0.00970524 0.03798195
1.00020004 0.02361659 0.04614440 0.00092137 0.01215655 0.07407723 0.02803380 0.06579123 0.01116139 0.33109224 0.01118206 0.33132892 0.01470138 0.07340944
1.20024005 0.02974853 0.03932399 0.00132067 0.00932028 0.08126045 0.03492666 0.21070592 0.01337997 0.30859732 0.01837146 0.20991300 0.01600123 0.05687906
1.40028006 0.03264927 0.01012787 0.00099492 0.01267700 0.05109149 0.03806935 0.37543731 0.01772368 0.05758674 0.01760795 0.33364769 0.01760408 0.06743190
1.60032006 0.03856005 0.05699525 0.00108964 0.01170177 0.09523561 0.04086946 0.13221585 0.01592212 0.42979784 0.02607654 0.11976216 0.02204223 0.04829154
1.80036007 0.03862139 0.02109084 0.00145842 0.00933745 0.04539858 0.04507940 0.12284425 0.01893628 0.36393903 0.02363877 0.26576939 0.02688710 0.05562048
2.00040008 0.03563367 0.01635048 0.00134863 0.00959255 0.05310898 0.04874702 0.27584588 0.01953095 0.08647903 0.02812407 0.33959634 0.02224930 0.09902677
2.20044009 0.03546978 0.02459588 0.00116912 0.01569193 0.04999903 0.05554099 0.12778192 0.02152708 0.38224371 0.02521326 0.22851803 0.02454953 0.04316951
2.40048010 0.03195939 0.02261108 0.00127296 0.01140967 0.06323019 0.05962863 0.12106827 0.02279107 0.20039699 0.02717077 0.36076794 0.02913655 0.08051590
2.60052010 0.03110863 0.01883437 0.00158586 0.01057575 0.05302607 0.06003604 0.12712939 0.02277508 0.16921737 0.03124642 0.38818694 0.03435657 0.08303014
2.80056011 0.02829049 0.02631883 0.00163920 0.01201546 0.05055235 0.06776221 0.09780569 0.02946885 0.43002944 0.03157518 0.15945938 0.03355453 0.05981888
3.00060012 0.02457137 0.01706420 0.00195211 0.00765827 0.05818772 0.07096734 0.32128253 0.02757397 0.17205297 0.03855963 0.20283437 0.03694692 0.04491998
3.20064013 0.02517223 0.01957017 0.00147715 0.00933147 0.04700523 0.06684146 0.25258380 0.02678772 0.23390162 0.03764166 0.21361858 0.04325198 0.04798917
3.40068014 0.02419616 0.03861247 0.00152231 0.01069280 0.06950220 0.07349631 0.08820685 0.03030989 0.39020397 0.04044825 0.16879271 0.03822320 0.04998904
3.60072014 0.02514780 0.01179232 0.00150632 0.00864674 0.05188398 0.07740125 0.16310159 0.03153737 0.10074197 0.04164234 0.38575822 0.03991269 0.08607521
3.80076015 0.02485744 0.01976236 0.00158468 0.00732862 0.04896119 0.07802816 0.13563996 0.03595279 0.19854929 0.04076161 0.34886216 0.04167273 0.04289646
4.00080016 0.02630872 0.02258876 0.00142501 0.00873450 0.04744271 0.07868406 0.11901675 0.03731890 0.26008822 0.04447506 0.27987946 0.04409694 0.05624963
4.20084017 0.02828324 0.01237299 0.00127667 0.00944270 0.04559572 0.08441066 0.16846424 0.03879722 0.09364048 0.04122001 0.39975721 0.04629541 0.05872669
4.40088018 0.03037166 0.02323450 0.00138834 0.00696315 0.04523428 0.08428533 0.10453724 0.04201811 0.33825049 0.04738521 0.18979749 0.04692297 0.06998288
4.60092018 0.03441104 0.01572442 0.00108129 0.00798159 0.03928909 0.08625867 0.22229331 0.04200049 0.29000485 0.04401578 0.15513738 0.05264372 0.04356939
4.80096019 0.03572984 0.01024192 0.00132323 0.00785942 0.03792695 0.08821565 0.28140075 0.04084456 0.16253064 0.04839585 0.23032735 0.05122067 0.03971301
5.00100020 0.03886544 0.02031561 0.00110544 0.00755628 0.03512681 0.08941204 0.14340364 0.04496242 0.34569701 0.04866711 0.16433862 0.04985294 0.04956206
5.20104021 0.04123744 0.01437949 0.00091735 0.00800786 0.03907814 0.09136932 0.11483913 0.04710195 0.18356356 0.04664384 0.33021638 0.04996750 0.07391549
5.40108022 0.04283172 0.00885426 0.00107744 0.00738354 0.03195014 0.09377079 0.12813225 0.04604367 0.13019602 0.05249430 0.38379925 0.04861376 0.06768459
5.60112022 0.04654671 0.01754139 0.00093885 0.00619621 0.03617362 0.09752745 0.11233042 0.04954750 0.25377580 0.04905536 0.27455436 0.05093080 0.05142824
5.80116023 0.04657143 0.00858003 0.00099611 0.00654777 0.02762231 0.09740961 0.18527540 0.04799716 0.13741073 0.05256296 0.32918087 0.05303413 0.05338295
6.00120024 0.04765028 0.01309545 0.00091819 0.00532030 0.02677128 0.10008144 0.17636489 0.04863676 0.21856288 0.05026324 0.24253724 0.05610032 0.06134800
6.20124025 0.04702977 0.01978943 0.00084021 0.00624972 0.03060350 0.10374771 0.15833845 0.05023219 0.31280297 0.04667281 0.15697977 0.05450704 0.05923620
6.40128026 0.04564345 0.00749875 0.00080573 0.00469566 0.02840450 0.10450412 0.25015174 0.05144895 0.17058515 0.04721711 0.23592523 0.05202404 0.04673901
6.60132026 0.04611423 0.01318283 0.00075286 0.00567256 0.02698993 0.10502402 0.19568430 0.05355909 0.22337461 0.04597388 0.22351385 0.05469010 0.05158197
6.80136027 0.04421840 0.01282478 0.00096435 0.00521302 0.02486553 0.10941425 0.10723783 0.05481986 0.23669149 0.04939599 0.29208720 0.05140550 0.05508018
7.00140028 0.04364552 0.00716808 0.00069675 0.00533639 0.02382572 0.11298709 0.11713708 0.05449944 0.11384819 0.04553957 0.38517711 0.05227710 0.08150748
7.20144029 0.04256304 0.01250107 0.00084093 0.00578760 0.02671916 0.11177471 0.10935393 0.05359101 0.22559967 0.04745101 0.30188237 0.05434230 0.05015625
7.40148030 0.04172275 0.00983492 0.00091727 0.00492720 0.02261133 0.11531432 0.17706774 0.05644933 0.20577447 0.04858300 0.25005988 0.05473603 0.05372451
7.60152030 0.04215180 0.00766990 0.00077903 0.00415382 0.02184415 0.11915270 0.22234313 0.05706978 0.17581850 0.04652285 0.24217242 0.05447560 0.04799813
7.80156031 0.04185529 0.01570976 0.00093944 0.00505156 0.02394812 0.11801609 0.15565160 0.05886564 0.30769688 0.04820452 0.15281825 0.05797426 0.05512389
8.00160032 0.04366729 0.01028340 0.00117295 0.00359851 0.02051410 0.11940968 0.20158831 0.06206353 0.21593321 0.05204967 0.20861285 0.05930411 0.04546967
8.20164033 0.04403332 0.00654534 0.00095018 0.00311168 0.01469870 0.12331370 0.19326229 0.06534014 0.16581390 0.05165213 0.26769498 0.05474379 0.05287317
8.40168034 0.04574486 0.01107093 0.00087969 0.00388002 0.01768639 0.12510298 0.11867224 0.06248782 0.21701085 0.05358417 0.28577105 0.05794529 0.04590858
8.60172034 0.04756006 0.00655489 0.00084790 0.00355607 0.01844941 0.12439056 0.10834702 0.06246352 0.13016731 0.05183904 0.36773797 0.05845893 0.06718736
8.80176035 0.04787696 0.00788051 0.00080372 0.00396120 0.01629358 0.12506942 0.11623698 0.06326561 0.16771155 0.05342820 0.33286476 0.05543299 0.05705147
9.00180036 0.04988502 0.01094915 0.00077786 0.00412162 0.01908055 0.12877950 0.15727852 0.06396705 0.22454604 0.05229280 0.23131367 0.05618274 0.05071050
9.20184037 0.04937510 0.00618818 0.00085482 0.00379070 0.02031500 0.12658783 0.22257185 0.06521718 0.18345443 0.05415125 0.21884983 0.05518887 0.04283007
9.40188038 0.05052582 0.00957794 0.00077794 0.00285824 0.02156656 0.12505617 0.20320238 0.06835815 0.23998298 0.05269937 0.17283559 0.05710832 0.04597636
9.60192038 0.05106155 0.00969565 0.00086083 0.00299450 0.01631400 0.12656813 0.16850396 0.06870203 0.24810019 0.05571998 0.19475125 0.05614897 0.05164050
9.80196039 0.05018925 0.00575707 0.00073310 0.00302314 0.01470447 0.12884485 0.16774361 0.06736800 0.15688924 0.05383937 0.28982311 0.05721463 0.05405941
10.00200040 0.05050341 0.00717130 0.00080607 0.00282332 0.01228640 0.12896481 0.13281417 0.06676037 0.18188605 0.05572503 0.29780690 0.05774366 0.05521191
10.20204041 0.04872735 0.00645525 0.00068822 0.00330870 0.01257706 0.12867246 0.11735446 0.06697566 0.16770899 0.05565683 0.32440325 0.06000678 0.05619234
10.40208042 0.04862714 0.00509480 0.00088426 0.00285280 0.01019693 0.13543131 0.13676779 0.06785363 0.13836576 0.05599483 0.32845594 0.05583592 0.06226604
10.60212042 0.04818818 0.00974230 0.00102214 0.00233255 0.01004250 0.13534941 0.14742171 0.06986881 0.23190515 0.05708099 0.22793573 0.05667859 0.05062012
10.80216043 0.04688591 0.00734622 0.00094342 0.00218042 0.01136690 0.13382514 0.21062782 0.07175716 0.20676179 0.05757687 0.19302130 0.05989735 0.04469562
11.00220044 0.04726432 0.00582172 0.00089446 0.00239524 0.01173752 0.13409715 0.22873074 0.07345638 0.19443274 0.05729163 0.18845591 0.06026032 0.04242619
11.20224045 0.04591979 0.01028571 0.00112149 0.00265323 0.01378617 0.13950512 0.15999031 0.07263671 0.24153804 0.05922377 0.19025668 0.05951285 0.04948992
11.40228046 0.04600877 0.00586613 0.00107720 0.00244618 0.01109643 0.13867776 0.14470024 0.07069058 0.16116014 0.05994987 0.28520141 0.06560453 0.05352952
11.60232046 0.04524898 0.00622975 0.00099797 0.00360068 0.01042936 0.13817199 0.12672062 0.07153929 0.14953654 0.05989938 0.30964392 0.06739131 0.05583920
11.80236047 0.04469238 0.00649153 0.00108819 0.00292948 0.01069948 0.14272183 0.11525561 0.07337985 0.16694259 0.06328444 0.30177076 0.06152564 0.05391062
12.00240048 0.04485953 0.00349331 0.00113246 0.00177605 0.00773162 0.14547132 0.14276936 0.07438906 0.14073245 0.06379682 0.29882294 0.06321028 0.05667434
12.20244049 0.04355313 0.00734552 0.00121432 0.00220138 0.01223207 0.14270400 0.15454462 0.07303863 0.20494792 0.06641284 0.22174148 0.06463015 0.04898708
12.40248050 0.04396885 0.00806737 0.00136042 0.00286404 0.01098409 0.14181122 0.19099349 0.07598646 0.21519720 0.06722651 0.17381545 0.06761532 0.04407842
12.60252050 0.04296586 0.00686470 0.00124518 0.00369390 0.01099447 0.14501057 0.21123240 0.07418026 0.19230030 0.06803384 0.17828738 0.06553009 0.04262692
12.80256051 0.04253506 0.00759408 0.00129507 0.00306129 0.01295519 0.14588818 0.17179982 0.07165967 0.20092557 0.06964834 0.19888732 0.06950867 0.04677680
13.00260052 0.04252898 0.00544696 0.00120398 0.00211948 0.01340640 0.14357515 0.13756554 0.07245255 0.16709260 0.06617782 0.26295944 0.07659043 0.05140964
13.20264053 0.04119784 0.00478459 0.00159968 0.00242407 0.01179555 0.14782312 0.11523795 0.07521577 0.13293265 0.07084271 0.31187522 0.07051866 0.05495004
13.40268054 0.04181677 0.00516009 0.00127931 0.00262085 0.01142187 0.15106863 0.11215434 0.07698047 0.14859446 0.06854779 0.30124848 0.06812373 0.05279997
13.60272054 0.04058564 0.00492103 0.00158745 0.00185804 0.01002990 0.14725334 0.14474738 0.07777222 0.15925525 0.07232021 0.25855150 0.07306672 0.04863696
13.80276055 0.04052401 0.00510532 0.00158284 0.00165303 0.00959864 0.14707224 0.17683510 0.08046297 0.17029317 0.07369931 0.21534659 0.07318257 0.04516821
14.00280056 0.04016692 0.00767598 0.00139257 0.00176717 0.01142404 0.15007329 0.18150236 0.07841108 0.21611239 0.07219181 0.16435421 0.07393119 0.04116392
14.20284057 0.03854872 0.00669219 0.00152641 0.00202257 0.01335023 0.14873046 0.19359951 0.07546325 0.19388056 0.07463270 0.17186567 0.07564711 0.04258934
14.40288058 0.03878034 0.00600162 0.00132603 0.00263782 0.01225621 0.14541670 0.17722894 0.07674769 0.16906946 0.07122401 0.21306462 0.08128551 0.04374140
14.60292058 0.03736792 0.00615066 0.00141082 0.00218493 0.01277879 0.15009944 0.13168815 0.07724088 0.16828244 0.07414840 0.24932523 0.07710039 0.04958986
14.80296059 0.03751375 0.00502581 0.00146697 0.00281231 0.01348872 0.15056628 0.11461537 0.07866370 0.12554736 0.07442237 0.30248828 0.07688062 0.05402223
15.00300060 0.03702259 0.00568261 0.00143230 0.00232422 0.01001019 0.14737620 0.11499596 0.08151515 0.14407760 0.07551465 0.28489283 0.08016163 0.05201666
15.20304061 0.03645347 0.00655829 0.00153396 0.00252385 0.01172897 0.15299582 0.14447577 0.08287861 0.16348154 0.07540250 0.23436516 0.07718904 0.04686650
15.40308062 0.03699837 0.00542517 0.00135010 0.00247791 0.01200014 0.15461041 0.18597149 0.08176962 0.16118920 0.07359913 0.20025856 0.07867067 0.04267758
15.60312062 0.03608523 0.00764535 0.00138784 0.00182154 0.01166640 0.15564105 0.18497394 0.08029869 0.20343771 0.07512885 0.15454899 0.08154351 0.04190612
15.80316063 0.03698122 0.00660069 0.00139798 0.00196550 0.01336024 0.15485143 0.18133992 0.08046646 0.18633593 0.07491682 0.17294304 0.08436723 0.04145475
16.00320064 0.03675699 0.00521801 0.00131481 0.00196427 0.01281740 0.15615984 0.16354068 0.08112665 0.15960707 0.07585491 0.21574413 0.08154372 0.04510852
16.20324065 0.03683710 0.00552624 0.00132451 0.00198737 0.01051623 0.15655624 0.13122839 0.08146051 0.15106822 0.07625017 0.25496688 0.08040851 0.04870675
16.40328066 0.03753344 0.00400066 0.00128224 0.00178167 0.00877631 0.15570578 0.12074495 0.08328269 0.12535780 0.07590273 0.29106641 0.08182649 0.05027225
16.60332066 0.03651675 0.00507964 0.00127466 0.00233387 0.01019660 0.15978184 0.12076151 0.08247950 0.13653586 0.07703250 0.27410938 0.07943142 0.05098321
16.80336067 0.03744950 0.00510023 0.00109121 0.00158527 0.01113301 0.16245435 0.14491122 0.08115247 0.15734892 0.07536880 0.23259689 0.07993310 0.04732452
17.00340068 0.03663067 0.00551837 0.00143143 0.00145180 0.01115504 0.16106159 0.17962263 0.08012661 0.17564591 0.07392626 0.18229854 0.08545403 0.04230779
17.20344069 0.03660930 0.00600327 0.00135759 0.00214033 0.01448918 0.16198259 0.19485712 0.08284466 0.18346347 0.07396755 0.15589982 0.08384754 0.03914689
17.40348070 0.03681659 0.00603403 0.00145603 0.00162643 0.01148028 0.16531317 0.17877272 0.08332142 0.17931095 0.07719810 0.17199388 0.08271121 0.04078177
17.60352070 0.03612791 0.00560389 0.00150290 0.00197033 0.01020042 0.16152694 0.14964599 0.08448413 0.16087713 0.07707464 0.21730729 0.08341132 0.04639502
17.80356071 0.03688482 0.00490302 0.00107393 0.00254831 0.00874377 0.16504482 0.12737975 0.08571487 0.13482880 0.07612410 0.26391430 0.08204221 0.04768213
18.00360072 0.03610869 0.00452168 0.00123926 0.00228700 0.01065094 0.16413813 0.11688073 0.08538475 0.13260354 0.07864683 0.27407675 0.08059095 0.04897943
18.20364073 0.03631965 0.00515521 0.00122858 0.00268442 0.01275981 0.16510888 0.12936904 0.08414775 0.12785687 0.07587097 0.26360789 0.08164374 0.05056682
18.40368074 0.03652291 0.00549515 0.00114290 0.00235333 0.01230886 0.16640327 0.14736902 0.08505374 0.15683234 0.07691168 0.21935625 0.08048834 0.04628512
18.60372074 0.03633834 0.00634511 0.00098897 0.00229869 0.01530241 0.16668295 0.17506624 0.08418914 0.17904407 0.07539010 0.16973006 0.08274876 0.04221350
18.80376075 0.03718406 0.00621825 0.00107994 0.00303129 0.01577692 0.16675733 0.19187104 0.08669500 0.17191456 0.07699174 0.15853797 0.08047591 0.04065005
19.00380076 0.03688085 0.00650414 0.00105991 0.00242204 0.01450745 0.16751632 0.17162327 0.09095591 0.17538181 0.07661952 0.17168780 0.07784827 0.04387356
19.20384077 0.03749747 0.00545180 0.00097664 0.00256158 0.01278780 0.17100423 0.14644880 0.09081764 0.14741149 0.07657134 0.22066700 0.07863008 0.04667160
19.40388078 0.03740875 0.00442568 0.00100424 0.00242628 0.01067737 0.17076316 0.12115808 0.08897320 0.12839855 0.07814553 0.26082943 0.08111379 0.05208470
19.60392078 0.03727395 0.00441767 0.00095338 0.00192568 0.01193429 0.17335243 0.11495876 0.08972124 0.12687522 0.07595830 0.26625264 0.08201458 0.05163582
19.80396079 0.03795288 0.00388094 0.00093176 0.00220217 0.01190021 0.17533638 0.13199331 0.08990179 0.13065117 0.07522419 0.24924943 0.07860580 0.05012285
20.00400080 0.03749923 0.00570812 0.00093930 0.00176799 0.01059240 0.18084786 0.15280550 0.08784828 0.15995013 0.07498851 0.19909519 0.07937599 0.04608074
20.20404081 0.03869031 0.00555836 0.00097510 0.00206971 0.00970180 0.17861032 0.17908570 0.08999359 0.17121044 0.07508752 0.16332387 0.08133340 0.04305021
20.40408082 0.03850278 0.00611229 0.00107725 0.00180738 0.01124676 0.17941679 0.18195565 0.09472580 0.17421427 0.07658854 0.15431414 0.07819155 0.04034960
20.60412082 0.03834786 0.00527023 0.00096866 0.00186250 0.01238315 0.18206910 0.16551532 0.09772779 0.16119430 0.07520360 0.17911456 0.07603076 0.04266002
20.80416083 0.03876990 0.00471273 0.00102341 0.00185865 0.01238420 0.18058982 0.14077043 0.09353282 0.13770311 0.07624460 0.22197968 0.08060926 0.04859127
21.00420084 0.03774784 0.00589939 0.00103132 0.00397518 0.01353607 0.18044638 0.11598041 0.09417727 0.12512233 0.07581654 0.25217646 0.08252841 0.04931024
21.20424085 0.03814779 0.00473190 0.00090882 0.00291126 0.01388409 0.18206968 0.11445236 0.10165370 0.11587364 0.07317114 0.25888777 0.08019658 0.05125905
21.40428086 0.03760661 0.00651688 0.00098332 0.00392888 0.01387126 0.18287400 0.13366145 0.10119352 0.13657289 0.07095677 0.22356660 0.07999230 0.04588212
21.60432086 0.03776065 0.00631588 0.00095307 0.00363333 0.01800977 0.18230498 0.15922759 0.09969061 0.14947579 0.06776434 0.18445646 0.08328693 0.04488124
21.80436087 0.03801961 0.00650418 0.00107062 0.00312352 0.01789646 0.18154021 0.17308967 0.10555668 0.16310559 0.07192188 0.15542022 0.07991054 0.04086044
22.00440088 0.03761345 0.00663614 0.00114023 0.00281259 0.01608264 0.18106809 0.17009437 0.11061890 0.16864756 0.07311731 0.14867271 0.07805540 0.04305406
22.20444089 0.03805923 0.00543749 0.00103585 0.00307635 0.01576933 0.18135162 0.16217609 0.10566325 0.14390037 0.07261876 0.18279556 0.08333045 0.04284489
22.40448090 0.03754860 0.00547767 0.00100882 0.00267936 0.01299208 0.18446261 0.13128257 0.10439936 0.13404610 0.07371114 0.21604349 0.08441799 0.04947881
22.60452090 0.03764820 0.00419099 0.00096780 0.00275766 0.01339845 0.18273943 0.11487963 0.10893396 0.11595541 0.07391977 0.24912477 0.08343896 0.04969316
22.80456091 0.03776852 0.00391093 0.00095231 0.00234710 0.01370663 0.18461416 0.11633812 0.10892898 0.11362010 0.07373857 0.24552203 0.08376590 0.05255518
23.00460092 0.03738050 0.00465005 0.00111230 0.00204429 0.01044442 0.18822672 0.13735902 0.10537494 0.13526952 0.07575116 0.20893397 0.08553481 0.04529881
23.20464093 0.03800566 0.00484229 0.00100149 0.00159815 0.00865106 0.18584932 0.16152725 0.10876534 0.14463238 0.07460798 0.17556210 0.08777579 0.04518685
23.40468094 0.03730708 0.00566953 0.00100869 0.00197633 0.00962379 0.18474393 0.17052297 0.11305677 0.16326685 0.07610297 0.15055933 0.08308755 0.04038129
23.60472094 0.03767781 0.00513849 0.00097916 0.00152838 0.01081529 0.18758113 0.16928057 0.10985451 0.15746206 0.07583512 0.15182650 0.08575000 0.04394880
23.80476095 0.03757456 0.00435867 0.00095188 0.00157974 0.00991567 0.18726180 0.15661874 0.10514244 0.13917420 0.07644410 0.18303792 0.09019970 0.04531515
24.00480096 0.03758074 0.00552377 0.00093280 0.00379749 0.01027231 0.18479170 0.12928551 0.10792482 0.12496569 0.07668225 0.21870228 0.08966835 0.04745303
24.20484097 0.03798406 0.00483190 0.00084912 0.00258437 0.01296415 0.18694298 0.11559710 0.11137541 0.11217538 0.07497095 0.24032998 0.08786146 0.04951720
24.40488098 0.03711511 0.00345437 0.00099848 0.00111876 0.00980433 0.18627887 0.11838915 0.11020595 0.11714476 0.07989489 0.23013813 0.09062173 0.05195058
24.60492098 0.03747555 0.00467265 0.00108216 0.00222204 0.01155183 0.18560135 0.14223140 0.10992559 0.12450282 0.07905258 0.19830365 0.09633823 0.04451568
24.80496099 0.03665127 0.00559108 0.00132204 0.00263927 0.00973755 0.18489871 0.16205083 0.11559127 0.14548319 0.08173184 0.15822138 0.09045605 0.04227678
25.00500100 0.03628567 0.00503906 0.00108901 0.00128265 0.00801488 0.18819846 0.17219832 0.11595880 0.15044036 0.08136812 0.14161072 0.09338552 0.04141411
25.20504101 0.03652265 0.00458882 0.00130094 0.00133254 0.00866753 0.19077339 0.16282468 0.11249905 0.14441873 0.08243659 0.15011965 0.09898995 0.04204815
25.40508102 0.03567730 0.00436211 0.00161888 0.00154461 0.00717506 0.19134530 0.14411899 0.11399455 0.13085252 0.08252327 0.17834805 0.10051791 0.04359875
25.60512102 0.03591689 0.00338222 0.00121517 0.00116558 0.00433109 0.19349002 0.13123052 0.11863147 0.10934855 0.08147457 0.21237877 0.09718868 0.04616335
25.80516103 0.03517503 0.00347001 0.00128694 0.00132516 0.00510138 0.19087773 0.11901115 0.11704328 0.10685983 0.08425314 0.22620362 0.09653882 0.04802893
26.00520104 0.03503718 0.00428640 0.00116954 0.00161067 0.00592186 0.18937599 0.12143735 0.11623378 0.11104958 0.08162798 0.21864601 0.10159263 0.04704823
26.20524105 0.03513936 0.00385549 0.00127878 0.00106327 0.00596380 0.18989167 0.14138922 0.11816867 0.12422208 0.08368988 0.18757127 0.09697091 0.04593495
26.40528106 0.03491254 0.00447809 0.00115668 0.00091695 0.00557236 0.19000795 0.16581054 0.11914811 0.14282588 0.08340391 0.15076413 0.09628326 0.03963214
26.60532106 0.03549219 0.00424717 0.00103583 0.00090758 0.00481663 0.18964080 0.17737317 0.11668132 0.14366200 0.08300278 0.13795672 0.10163917 0.03903682
26.80536107 0.03499273 0.00474762 0.00129014 0.00074202 0.00547274 0.19455513 0.15808359 0.11841071 0.14255360 0.08357696 0.15016980 0.10016698 0.04023072
27.00540108 0.03534027 0.00390429 0.00106965 0.00100114 0.00419430 0.19546573 0.14107876 0.12148557 0.12242080 0.08179610 0.18472274 0.09818286 0.04467806
27.20544109 0.03521073 0.00328463 0.00111521 0.00102758 0.00392665 0.19283219 0.12705885 0.12193099 0.10825123 0.08358081 0.21339104 0.09854071 0.04506011
27.40548110 0.03476521 0.00335018 0.00108628 0.00108047 0.00706268 0.19446932 0.11656384 0.11895327 0.10272190 0.08279858 0.22454519 0.10069247 0.04667584
27.60552110 0.03520951 0.00354502 0.00105088 0.00140726 0.00766644 0.19401292 0.12499447 0.12006668 0.10713606 0.08278965 0.21415631 0.09807979 0.04509454
27.80556111 0.03480977 0.00547387 0.00098574 0.00238638 0.00956592 0.19339467 0.14131165 0.12190452 0.12883168 0.08287679 0.17242702 0.09683819 0.04400356
28.00560112 0.03498041 0.00511936 0.00106953 0.00230544 0.01134368 0.19622353 0.16569592 0.11742606 0.13554627 0.08256241 0.14325327 0.10071837 0.03873614
28.20564113 0.03487849 0.00550279 0.00113827 0.00195288 0.01288995 0.19992979 0.16952081 0.11561051 0.14072185 0.08288838 0.13121635 0.09843295 0.04019545
28.40568114 0.03464029 0.00608324 0.00102394 0.00251139 0.01370006 0.20072119 0.15312695 0.11926775 0.13682101 0.08270794 0.14848720 0.09627909 0.03927024
28.60572114 0.03465399 0.00458452 0.00104072 0.00262411 0.01171626 0.19701015 0.13756902 0.11917993 0.11302098 0.08438479 0.18815335 0.09638431 0.04433185
28.80576115 0.03401965 0.00445591 0.00096918 0.00189319 0.00967772 0.19875608 0.11929239 0.11858586 0.10812881 0.08311075 0.21179549 0.09657804 0.04675657
29.00580116 0.03437875 0.00365681 0.00096437 0.00158912 0.01001156 0.20025473 0.11673554 0.11923330 0.10064678 0.08379773 0.22184740 0.09374979 0.04751287
29.20584117 0.03461702 0.00392976 0.00089216 0.00166698 0.01301053 0.19986792 0.12941015 0.11870857 0.10888357 0.08187440 0.20267237 0.09465686 0.04442672
29.40588118 0.03465018 0.00452679 0.00090565 0.00152331 0.01032857 0.19951384 0.14988636 0.11666849 0.13014405 0.08178046 0.16440667 0.09713147 0.04318434
29.60592118 0.03438964 0.00500477 0.00094897 0.00145628 0.00777422 0.20360608 0.16910949 0.11388994 0.13920073 0.08263704 0.13885748 0.09491788 0.04259711
29.80596119 0.03370934 0.00540647 0.00093556 0.00184122 0.00863252 0.20470611 0.16678477 0.11767456 0.14326316 0.08290137 0.13541145 0.09178232 0.04066050
30.00600120 0.03389412 0.00433170 0.00086245 0.00122895 0.00813868 0.20267454 0.16223462 0.11874864 0.12750997 0.08371064 0.15647621 0.09200364 0.04207995
30.20604121 0.03328220 0.00440020 0.00114268 0.00121975 0.00649159 0.20489825 0.13687377 0.11989689 0.11585516 0.08635402 0.18480936 0.09370807 0.04435025
30.40608122 0.03335515 0.00325104 0.00104995 0.00143981 0.01056617 0.20733586 0.11938235 0.11807815 0.09827499 0.08663511 0.21444084 0.09090085 0.04864490
30.60612122 0.03312398 0.00458516 0.00099539 0.00238107 0.01039262 0.20565584 0.11601098 0.12054484 0.10167410 0.08594814 0.21243771 0.09285570 0.04651845
30.80616123 0.03292989 0.00394846 0.00114087 0.00144850 0.00873480 0.20354247 0.13326883 0.12289261 0.11207146 0.08695010 0.18633244 0.09547385 0.04419559
31.00620124 0.03333218 0.00429423 0.00102901 0.00171604 0.01081110 0.20823358 0.15519881 0.11993776 0.11842604 0.08609225 0.15835936 0.09470731 0.04119451
31.20624125 0.03291449 0.00558265 0.00099869 0.00210475 0.01246394 0.20846212 0.16233430 0.12006325 0.13679717 0.08615404 0.13087631 0.09432181 0.03984098
31.40628126 0.03302272 0.00510491 0.00098555 0.00141081 0.01052461 0.20519274 0.16388890 0.12514855 0.13305866 0.08535321 0.13422798 0.09331986 0.04178423
31.60632126 0.03293266 0.00463094 0.00099269 0.00164248 0.00835995 0.20761897 0.15164967 0.12657786 0.12091835 0.08458323 0.15776510 0.09222717 0.04303360
31.80636127 0.03286698 0.00432652 0.00105375 0.00186106 0.00854615 0.20977737 0.13097270 0.12317229 0.11083347 0.08759174 0.18528551 0.09240476 0.04417468
32.00640128 0.03337773 0.00348342 0.00087513 0.00160891 0.00914385 0.20865554 0.12143006 0.12501963 0.09148867 0.08533846 0.20976433 0.09611114 0.04708085
32.20644129 0.03302454 0.00347565 0.00096254 0.00096453 0.00676090 0.20573989 0.11966805 0.12717312 0.10147500 0.08719256 0.20471498 0.09493180 0.04694098
32.40648130 0.03345352 0.00412357 0.00091876 0.00085407 0.00465867 0.20864627 0.13825497 0.12684880 0.11103340 0.08576325 0.17865982 0.09582283 0.04441560
32.60652130 0.03284005 0.00517695 0.00095868 0.00168732 0.00695719 0.21257131 0.15278508 0.12407207 0.12418922 0.08631517 0.14687348 0.09808268 0.04033085
32.80656131 0.03278492 0.00530345 0.00093355 0.00182649 0.00662785 0.20829489 0.16550383 0.12752397 0.13282581 0.08735945 0.12695316 0.09788804 0.03895950
33.00660132 0.03316439 0.00466283 0.00079074 0.00085628 0.00627756 0.20941612 0.16142256 0.13108748 0.13047146 0.08531438 0.13446013 0.09539119 0.03984927
33.20664133 0.03267295 0.00427870 0.00091582 0.00090143 0.00722703 0.21132963 0.14340668 0.12738659 0.11804907 0.08811448 0.16199297 0.09425339 0.04214420
33.40668134 0.03319175 0.00386292 0.00101772 0.00166323 0.00842424 0.21029314 0.12703567 0.12584591 0.10008168 0.08732070 0.19067515 0.09952243 0.04425720
33.60672134 0.03288638 0.00449346 0.00090977 0.00221916 0.00703465 0.20929573 0.11663409 0.12803280 0.09563169 0.08888480 0.20066132 0.10087680 0.04532572
33.80676135 0.03265530 0.00385605 0.00107696 0.00146279 0.00889919 0.20926324 0.12080418 0.12907474 0.09615986 0.09004044 0.19411675 0.10054453 0.04470128
34.00680136 0.03263434 0.00424020 0.00099138 0.00145028 0.00908488 0.21089301 0.13247276 0.12970147 0.11213911 0.08859518 0.16727985 0.10181886 0.04133301
34.20684137 0.03224372 0.00514518 0.00100489 0.00156431 0.00835873 0.21283451 0.15166992 0.12846251 0.12424431 0.08939198 0.13550836 0.10230601 0.03950928
34.40688138 0.03260589 0.00420032 0.00090179 0.00115343 0.00984356 0.21162542 0.16374304 0.13111724 0.12584922 0.08744977 0.12361964 0.10290569 0.03759089
34.60692138 0.03222583 0.00568024 0.00090219 0.00153690 0.00964843 0.21178615 0.14610207 0.13174938 0.13086116 0.08835117 0.13422586 0.10121102 0.03794543
34.80696139 0.03262183 0.00409892 0.00126259 0.00122578 0.00618365 0.21321899 0.13162663 0.13072052 0.10883520 0.08943843 0.16701906 0.10335937 0.04301085
35.00700140 0.03249141 0.00433651 0.00103492 0.00164966 0.00768060 0.21261385 0.11607170 0.13238390 0.09935209 0.08978669 0.18712192 0.10618054 0.04178761
35.20704141 0.03203047 0.00400441 0.00101844 0.00239276 0.00951345 0.20933112 0.10932785 0.13359394 0.09399092 0.09078299 0.19605284 0.10727341 0.04271788
35.40708142 0.03255859 0.00355207 0.00112518 0.00138868 0.00770417 0.21290480 0.11692567 0.13434749 0.09536265 0.08966038 0.18840405 0.10596204 0.04266280
35.60712142 0.03217389 0.00465113 0.00102789 0.00175361 0.00820878 0.21325088 0.13026750 0.13375651 0.11653538 0.08862483 0.15507730 0.10533979 0.04150641
35.80716143 0.03245585 0.00481492 0.00116809 0.00217956 0.00987849 0.21073723 0.14971771 0.13356346 0.12190357 0.09104247 0.13043413 0.10748865 0.03707173
36.00720144 0.03252278 0.00480471 0.00116655 0.00160427 0.00744018 0.21250237 0.15521588 0.13628495 0.12335418 0.08972695 0.11983863 0.11031908 0.03774225
36.20724145 0.03266504 0.00393007 0.00117405 0.00078755 0.00704947 0.21674677 0.14366491 0.13605349 0.12095860 0.09174131 0.13358796 0.10628429 0.03802154
36.40728146 0.03278218 0.00393872 0.00103624 0.00150388 0.00840125 0.21409029 0.12797929 0.13749587 0.10031579 0.09068001 0.16579479 0.10869749 0.04006639
36.60732146 0.03213347 0.00384463 0.00108709 0.00184988 0.00675898 0.21207349 0.10966699 0.13619518 0.09460745 0.09084220 0.18759366 0.11180193 0.04367852
36.80736147 0.03237203 0.00345166 0.00107126 0.00106080 0.00731006 0.21457052 0.10624207 0.13707775 0.09149969 0.09123902 0.19483755 0.10804135 0.04359827
37.00740148 0.03212748 0.00368503 0.00094547 0.00181170 0.00942751 0.21458620 0.12065974 0.13885833 0.09501459 0.09035992 0.17818642 0.10524998 0.04121510
37.20744149 0.03201350 0.00412852 0.00099348 0.00138653 0.00850666 0.21175691 0.13735822 0.13760621 0.11209679 0.09124440 0.14798706 0.10839890 0.03853631
37.40748150 0.03223118 0.00420327 0.00091632 0.00069682 0.00510663 0.21245811 0.14943223 0.13618954 0.12537461 0.09043071 0.12513340 0.11000522 0.04005313
37.60752150 0.03184818 0.00439527 0.00100553 0.00129385 0.00639119 0.21661971 0.15261688 0.13761451 0.12471500 0.09065770 0.12181316 0.10610245 0.03677475
37.80756151 0.03209216 0.00394047 0.00117942 0.00136063 0.00529832 0.21751511 0.14450936 0.13894509 0.11323038 0.08963480 0.13879954 0.10672549 0.03886140
38.00760152 0.03193047 0.00385136 0.00092985 0.00101988 0.00548178 0.21673097 0.12273290 0.13765001 0.10515364 0.08967478 0.16606556 0.11101431 0.03969498
38.20764153 0.03167518 0.00297362 0.00094607 0.00123299 0.00510594 0.22010631 0.10845325 0.13888878 0.08614724 0.08972755 0.19485869 0.10833118 0.04322838
38.40768154 0.03185128 0.00380830 0.00103262 0.00199364 0.00585385 0.22349486 0.10662698 0.14028699 0.08946941 0.08968850 0.19093367 0.10549693 0.04131425
38.60772154 0.03169032 0.00349911 0.00092481 0.00116384 0.00710922 0.22107245 0.12043304 0.14041218 0.09938648 0.08999962 0.16758085 0.10759085 0.04082756
38.80776155 0.03219644 0.00336055 0.00089214 0.00111831 0.00786432 0.22063203 0.14080221 0.13949531 0.10491258 0.08964370 0.14496636 0.10933672 0.03697576
39.00780156 0.03181170 0.00490322 0.00100183 0.00192904 0.00951221 0.22232599 0.14372879 0.13894306 0.12649980 0.09118278 0.11731795 0.10654624 0.03610909
39.20784157 0.03181426 0.00514594 0.00088870 0.00222762 0.00937404 0.22295185 0.14973749 0.14132737 0.11684893 0.08893606 0.12048350 0.10589592 0.03618257
39.40788158 0.03166226 0.00467747 0.00083965 0.00222301 0.00757538 0.22132958 0.13592133 0.14143412 0.10926626 0.08901843 0.14187441 0.10737812 0.03846224
39.60792158 0.03140469 0.00409892 0.00084935 0.00158443 0.00571460 0.22261186 0.11734405 0.14029178 0.10069304 0.08911437 0.16942722 0.10713253 0.04113784
39.80796159 0.03170659 0.00283590 0.00080463 0.00146547 0.00603376 0.22786823 0.10980473 0.14229777 0.08308984 0.08894639 0.19031074 0.10408288 0.04245966
40.00800160 0.03155568 0.00299661 0.00086390 0.00084695 0.00545148 0.22566735 0.11002850 0.14560419 0.09102701 0.08964538 0.18160373 0.10421909 0.04204581
40.20804161 0.03195198 0.00332082 0.00087505 0.00154301 0.00482720 0.22580185 0.12167531 0.14343434 0.09749471 0.09146413 0.16173448 0.10842452 0.03940458
40.40808162 0.03178586 0.00402221 0.00087732 0.00100966 0.00389541 0.22745433 0.13813843 0.14222084 0.11294618 0.09171282 0.13210333 0.10773460 0.03788488
40.60812162 0.03159921 0.00405652 0.00091101 0.00080687 0.00428671 0.23104796 0.14740165 0.14390203 0.12007975 0.09220979 0.11309445 0.10592911 0.03627415
40.80816163 0.03170316 0.00343382 0.00086362 0.00080619 0.00355184 0.22939407 0.14606641 0.14599661 0.11282338 0.09146849 0.12191770 0.10827710 0.03540075
41.00820164 0.03133484 0.00349136 0.00087689 0.00071276 0.00327141 0.23221323 0.12828771 0.14289645 0.10547979 0.09281281 0.14274259 0.10920052 0.03801447
41.20824165 0.03162847 0.00283625 0.00094699 0.00070073 0.00298668 0.23552674 0.11231565 0.14541174 0.09155754 0.09280112 0.17015171 0.10531331 0.03945154
41.40828166 0.03135904 0.00262388 0.00093499 0.00081795 0.00311704 0.23472123 0.10485200 0.14677822 0.08297988 0.09230463 0.18466429 0.10526083 0.04094506
41.60832166 0.03112667 0.00285219 0.00090489 0.00073629 0.00306282 0.23393582 0.10726179 0.14446207 0.08939325 0.09306669 0.17698897 0.10763043 0.03970480
41.80836167 0.03098318 0.00322341 0.00085534 0.00064949 0.00317984 0.23460857 0.12014435 0.14379200 0.09948568 0.09211802 0.15455991 0.10862597 0.03875744
42.00840168 0.03039196 0.00332510 0.00085620 0.00079580 0.00486358 0.23502954 0.13899491 0.14492044 0.11095489 0.09221261 0.12607243 0.10698111 0.03499339
42.20844169 0.03039481 0.00352577 0.00113020 0.00069111 0.00458535 0.23537489 0.14604179 0.14371468 0.11511595 0.09327467 0.11323785 0.10850545 0.03480229
42.40848170 0.02999925 0.00384420 0.00106352 0.00101756 0.00397853 0.23501262 0.13686010 0.14492416 0.11356340 0.09139419 0.12350518 0.10960540 0.03523114
42.60852170 0.03008634 0.00318506 0.00089569 0.00107686 0.00403631 0.23419364 0.12311137 0.14717635 0.09962476 0.09173234 0.14889703 0.10800187 0.03806872
42.80856171 0.03008531 0.00250689 0.00123842 0.00072942 0.00280372 0.23592163 0.10960118 0.14643366 0.08833375 0.09428033 0.17155808 0.10812585 0.03846706
43.00860172 0.02975691 0.00224897 0.00104180 0.00052545 0.00219047 0.23747197 0.10283469 0.14580979 0.08417708 0.09289791 0.18173834 0.10877842 0.04028511
43.20864173 0.02997445 0.00283044 0.00098786 0.00090547 0.00351348 0.23478785 0.10922058 0.14663746 0.08660291 0.09345001 0.17226082 0.11013671 0.03866640
43.40868174 0.02959096 0.00404828 0.00113530 0.00130790 0.00361301 0.23348842 0.12017367 0.14593373 0.10565126 0.09376908 0.14249998 0.11167337 0.03670602
43.60872174 0.02981006 0.00356747 0.00106659 0.00101301 0.00749817 0.23751923 0.13693845 0.14384216 0.10846378 0.09346584 0.11977580 0.11210609 0.03474344
43.80876175 0.02979017 0.00379166 0.00105372 0.00133256 0.00686461 0.23373183 0.14001287 0.14432051 0.11302521 0.09722490 0.11222622 0.11166894 0.03474697
44.00880176 0.02957107 0.00388148 0.00106953 0.00154807 0.00547280 0.23182148 0.13099267 0.14833657 0.10995393 0.09295559 0.12521841 0.11381673 0.03493275
44.20884177 0.02976938 0.00274816 0.00106796 0.00087307 0.00444601 0.23460320 0.11952604 0.14805442 0.09349375 0.09627240 0.15286373 0.10800191 0.03804936
44.40888178 0.02938979 0.00257023 0.00092219 0.00080338 0.00412026 0.23625083 0.10400288 0.14536405 0.08846955 0.09335844 0.17250098 0.11210438 0.03953283
44.60892178 0.02953631 0.00274986 0.00098799 0.00105824 0.00418373 0.23264985 0.10046556 0.14507431 0.08285932 0.09483615 0.18017688 0.11445161 0.04050651
44.80896179 0.02949227 0.00303643 0.00090733 0.00137296 0.00432683 0.23315192 0.11266142 0.14741723 0.08909664 0.09429318 0.16319489 0.11223023 0.03831094
45.00900180 0.02957136 0.00310639 0.00087995 0.00064180 0.00464999 0.23664314 0.12657249 0.14700149 0.10308318 0.09334389 0.13493187 0.11213142 0.03701438
45.20904181 0.02992173 0.00387225 0.00099259 0.00144268 0.00609081 0.23311759 0.13746812 0.14420475 0.10960892 0.09390717 0.11851741 0.11577780 0.03499991
45.40908182 0.02977977 0.00420209 0.00086037 0.00133925 0.00596242 0.23251298 0.13795207 0.14803544 0.11096980 0.09173140 0.11326135 0.11685970 0.03631312
45.60912182 0.03003227 0.00314096 0.00091910 0.00117036 0.00685656 0.23561325 0.13073980 0.15088761 0.10235943 0.09346955 0.12720696 0.11111039 0.03652603
45.80916183 0.02997122 0.00297675 0.00091662 0.00118669 0.00914865 0.23875230 0.11465157 0.14827340 0.08839016 0.09385366 0.14993527 0.11420392 0.03771101
46.00920184 0.02986082 0.00313750 0.00092860 0.00143589 0.00664285 0.23824524 0.10054998 0.14584575 0.08131690 0.09408209 0.16811230 0.11889822 0.04080468
46.20924185 0.03005219 0.00301680 0.00089600 0.00142376 0.00649353 0.23831017 0.10226081 0.14805827 0.08103105 0.09464265 0.16814690 0.11609280 0.03962725
46.40928186 0.02978155 0.00292060 0.00081548 0.00139402 0.00826450 0.24115599 0.11451038 0.15061274 0.08799368 0.09164565 0.14885924 0.11377004 0.03805769
46.60932186 0.03015559 0.00361050 0.00090777 0.00172272 0.00864248 0.24115152 0.12650246 0.14748781 0.09569645 0.09357623 0.12823388 0.11687656 0.03559162
46.80936187 0.02978019 0.00455355 0.00081964 0.00181253 0.00885816 0.23685020 0.13164652 0.15028456 0.10665290 0.09220961 0.11081208 0.11983588 0.03566437
47.00940188 0.02974383 0.00401829 0.00112837 0.00211330 0.01002834 0.24071229 0.13334092 0.15269933 0.10147208 0.09269264 0.11103981 0.11676727 0.03398737
47.20944189 0.02957755 0.00343944 0.00098487 0.00148172 0.00882994 0.24629238 0.12327080 0.15280871 0.09494992 0.09316503 0.12510833 0.11474890 0.03491996
47.40948190 0.02926016 0.00353830 0.00095429 0.00170111 0.00816861 0.24509152 0.10614825 0.15275573 0.08542483 0.09291255 0.14509686 0.12028581 0.03792214
47.60952190 0.02940638 0.00324885 0.00095861 0.00209615 0.01161373 0.24696179 0.09922878 0.15145910 0.07159660 0.09289932 0.16055267 0.12172108 0.03766333
47.80956191 0.02919234 0.00356072 0.00094540 0.00241627 0.01100245 0.25030807 0.09822524 0.15242709 0.07992544 0.09304153 0.15346928 0.11727780 0.03740071
48.00960192 0.02937178 0.00266090 0.00091187 0.00118045 0.00648679 0.25314809 0.11149488 0.15393484 0.08316387 0.09262604 0.14074291 0.11737905 0.03627031
48.20964193 0.02912400 0.00414467 0.00095464 0.00239624 0.01274105 0.25025442 0.12040849 0.15559029 0.08944560 0.09165107 0.11665662 0.12154947 0.03420743
48.40968194 0.02890826 0.00490328 0.00103188 0.00328860 0.01257234 0.25331429 0.12590489 0.15440044 0.10063026 0.09239456 0.10082435 0.11885873 0.03187638
48.60972194 0.02900093 0.00449187 0.00092076 0.00237284 0.01372663 0.25687995 0.12482536 0.15501678 0.09211370 0.09113943 0.10588416 0.11804297 0.03458555
48.80976195 0.02868656 0.00367140 0.00091238 0.00151758 0.01189155 0.25451498 0.11311093 0.15413772 0.09008078 0.09268235 0.12184762 0.11975246 0.03588026
49.00980196 0.02888662 0.00332641 0.00089241 0.00206428 0.01198444 0.25544005 0.10307164 0.15356173 0.07858907 0.09079301 0.14114507 0.12331268 0.03581920
49.20984197 0.02879624 0.00347246 0.00109078 0.00207764 0.00799291 0.25927647 0.09891341 0.15355396 0.07115807 0.09277393 0.15306447 0.11930476 0.03732115
49.40988198 0.02874445 0.00309634 0.00104145 0.00155649 0.00775884 0.25902036 0.09985855 0.15634823 0.07639023 0.09336833 0.14689209 0.11822152 0.03644756
49.60992198 0.02886173 0.00421888 0.00087792 0.00243742 0.00850309 0.25671368 0.10629394 0.15860824 0.08152195 0.09256973 0.13215582 0.12123032 0.03486901
49.80996199 0.02854810 0.00395180 0.00126965 0.00237091 0.00872935 0.25806347 0.12027199 0.15799719 0.08896575 0.09649181 0.10981188 0.12017777 0.03189843
50.01000200 0.02875422 0.00376869 0.00106220 0.00187553 0.00999565 0.26086060 0.12540270 0.15888833 0.09361824 0.09386768 0.09956580 0.11932107 0.03177350
50.21004201 0.02847435 0.00423603 0.00105186 0.00190826 0.01240982 0.25864669 0.11604144 0.15709292 0.09301435 0.09255140 0.10789412 0.12065701 0.03449610
50.41008202 0.02877926 0.00472391 0.00100945 0.00312574 0.01207329 0.25914680 0.10760338 0.15555544 0.08330021 0.09344923 0.12471325 0.12083897 0.03446033
50.61012202 0.02889490 0.00346898 0.00095170 0.00225293 0.01322385 0.26296499 0.09825434 0.15513494 0.07535965 0.09129378 0.13978791 0.12165448 0.03565245
50.81016203 0.02853932 0.00279335 0.00106741 0.00150320 0.01441693 0.26461639 0.09277892 0.15636131 0.07298760 0.09224279 0.14745615 0.11771199 0.03606396
51.01020204 0.02876639 0.00365825 0.00086973 0.00255415 0.01418584 0.26340912 0.09346345 0.15836903 0.07293361 0.09060892 0.14295570 0.11874308 0.03824911
51.21024205 0.02853950 0.00523327 0.00091173 0.00404308 0.01554161 0.26236226 0.10376150 0.16050924 0.08401108 0.09128461 0.12110193 0.11893205 0.03230765
51.41028206 0.02863626 0.00313837 0.00107777 0.00111725 0.01329658 0.26601568 0.11901135 0.15926493 0.08622975 0.09398679 0.10255077 0.11965471 0.03465604
