0.00000000 13.00000000 0.00000000 0.00000000 0.00000000 0.00000000 0.00000000 0.00000000 0.00000000 1.00000000 0.00000000 0.00000000 0.00000000 0.00000000
0.10000500 13.00209720 0.01722748 0.00099979 0.00524379 0.09843899 0.09136291 0.16871099 0.01437983 0.46808363 0.06216755 0.04925388 0.01308992 0.01104124
0.20001000 12.99996309 0.00717024 0.00118370 0.00373502 0.06128477 0.13891538 0.22495843 0.04787128 0.25437108 0.10347941 0.09725954 0.02855023 0.03122093
0.30001500 12.99525604 0.00422302 0.00091714 0.00208777 0.02938300 0.16726720 0.24117685 0.06536829 0.18242433 0.10798738 0.11962656 0.04045999 0.03907848
0.40002000 12.99259717 0.00354024 0.00088841 0.00202721 0.02418904 0.17128102 0.23622665 0.08599579 0.13179532 0.10857144 0.13539570 0.05726334 0.04282585
0.50002500 12.98651991 0.00292374 0.00100696 0.00137631 0.01651853 0.17918089 0.21484207 0.09774296 0.11411653 0.11412648 0.14579161 0.06594270 0.04643120
0.60003000 12.98195676 0.00292087 0.00092123 0.00142958 0.01566569 0.18592555 0.19721512 0.10900209 0.09998807 0.11566268 0.16133243 0.06448845 0.04544824
0.70003500 12.97192585 0.00360149 0.00086573 0.00219762 0.02748065 0.19543766 0.18335244 0.11786167 0.09111337 0.10905535 0.16165093 0.06277960 0.04460350
0.80004000 12.96792837 0.00293408 0.00092489 0.00215231 0.02637793 0.21333129 0.17857690 0.11876841 0.07556568 0.10229619 0.15457882 0.07267922 0.05181428
0.90004500 12.95866013 0.00237724 0.00096045 0.00173071 0.01836313 0.22419118 0.18686790 0.12604086 0.06447909 0.10118813 0.14791293 0.07761938 0.04826900
1.00005000 12.95144015 0.00227634 0.00094822 0.00151447 0.02116219 0.23081156 0.17257840 0.14073078 0.06358980 0.08823388 0.14628865 0.08727556 0.04459014
1.10005500 12.94094083 0.00215989 0.00089649 0.00126735 0.01383534 0.23766554 0.18040080 0.15933416 0.06012651 0.08482567 0.13878951 0.08127814 0.03942060
1.20006000 12.93007117 0.00257111 0.00091567 0.00189440 0.02680778 0.24615232 0.16359155 0.16382268 0.05275427 0.09121865 0.13091520 0.07989068 0.03946569
1.30006500 12.92318022 0.00246473 0.00092328 0.00160567 0.02125797 0.25390111 0.16755250 0.17882193 0.05299539 0.09016388 0.10845674 0.08418979 0.03766699
1.40007000 12.90975643 0.00205098 0.00086578 0.00115407 0.01151694 0.26052051 0.16501097 0.19201717 0.05402267 0.09010901 0.09805888 0.08448752 0.04018548
1.50007500 12.90392068 0.00218162 0.00085287 0.00139866 0.01504284 0.27388152 0.14684098 0.19966601 0.05187696 0.09089639 0.09045509 0.08870321 0.03820384
1.60008000 12.89473971 0.00206571 0.00080460 0.00119806 0.01571832 0.28393160 0.15362709 0.19816576 0.04987806 0.08627946 0.08643269 0.09081858 0.03108008
1.70008500 12.89022071 0.00199338 0.00086254 0.00094902 0.01064633 0.30548186 0.14967366 0.19939435 0.05405558 0.08460730 0.07192541 0.09365395 0.02675662
1.80009000 12.89046785 0.00168236 0.00091240 0.00099366 0.01221472 0.31102004 0.14680787 0.20836927 0.04475002 0.08359249 0.06631807 0.09410580 0.02923329
1.90009500 12.88053727 0.00200193 0.00090619 0.00114378 0.01325153 0.31380444 0.13795370 0.22419589 0.04482817 0.08489872 0.05264770 0.10019475 0.02417319
2.00010001 12.87311728 0.00181374 0.00079703 0.00109012 0.01319103 0.31568722 0.12556905 0.23164487 0.04453960 0.08387237 0.05395337 0.10199852 0.02584309
2.10010501 12.86658318 0.00190027 0.00079327 0.00105067 0.01541140 0.32179108 0.11936531 0.23874287 0.04236347 0.07817994 0.05135903 0.10649284 0.02254986
2.20011001 12.85737089 0.00168925 0.00084978 0.00107538 0.01560526 0.32503697 0.10759223 0.23921317 0.04215725 0.08413953 0.04874689 0.10676055 0.02713373
2.30011501 12.84231032 0.00242989 0.00096762 0.00207916 0.02690915 0.33946280 0.09818044 0.22943173 0.03014919 0.08474548 0.05227653 0.10939237 0.02397563
2.40012001 12.83331515 0.00181677 0.00085541 0.00154315 0.01685945 0.34331761 0.09784125 0.23639311 0.03235440 0.07995851 0.05170129 0.10947536 0.02788369
2.50012501 12.83205764 0.00159999 0.00078673 0.00135794 0.02292177 0.34206014 0.09285921 0.24477216 0.02658848 0.07593579 0.05784693 0.10844518 0.02482568
2.60013001 12.82968613 0.00105021 0.00080091 0.00082068 0.00747724 0.35575622 0.09387153 0.25023201 0.02821511 0.06821041 0.04620543 0.11700046 0.03035980
2.70013501 12.81907673 0.00134115 0.00072685 0.00107001 0.01757519 0.35056231 0.08875379 0.25453543 0.03049911 0.06180802 0.05429939 0.11436740 0.02446135
2.80014001 12.81556022 0.00106192 0.00086012 0.00076143 0.00876807 0.36058074 0.08563711 0.25918825 0.02637157 0.06811726 0.05232908 0.11525363 0.02107082
2.90014501 12.80381971 0.00123951 0.00085682 0.00095222 0.01313690 0.37137492 0.08383092 0.26099694 0.02148245 0.06527168 0.05015174 0.11149965 0.01920626
3.00015001 12.79735601 0.00095875 0.00079098 0.00082155 0.00672015 0.36910409 0.08283996 0.26430179 0.02055533 0.06419492 0.04934112 0.11560822 0.02476315
3.10015501 12.78894020 0.00099265 0.00072914 0.00067677 0.00755909 0.36944930 0.07977780 0.26990586 0.02196418 0.05919016 0.05135389 0.11672555 0.02167564
3.20016001 12.77963415 0.00104438 0.00072436 0.00078114 0.01388499 0.37025068 0.07287647 0.27854232 0.02042963 0.05901666 0.04673755 0.11746598 0.01824584
3.30016501 12.76995709 0.00091434 0.00071640 0.00061991 0.01044504 0.37590592 0.08246347 0.27312082 0.01991753 0.05873848 0.04164764 0.11751838 0.01799207
3.40017001 12.75674888 0.00087273 0.00070460 0.00069295 0.00703107 0.36731434 0.08781562 0.28004393 0.01901619 0.05324973 0.04049710 0.12068740 0.02207434
3.50017501 12.74852525 0.00099465 0.00070450 0.00072446 0.01409479 0.36812880 0.08336981 0.28245474 0.01574772 0.05602583 0.03811332 0.12068613 0.01895525
3.60018001 12.73672765 0.00088440 0.00071259 0.00056331 0.00416201 0.36843052 0.08003669 0.29175613 0.02197873 0.05681207 0.03437300 0.11828870 0.02200186
3.70018501 12.72667175 0.00102836 0.00072591 0.00067050 0.00811333 0.37604728 0.07071888 0.30248022 0.01849892 0.05334556 0.03325050 0.11940104 0.01571951
3.80019001 12.72346959 0.00070857 0.00071613 0.00042965 0.00326863 0.37901217 0.07120606 0.30356006 0.01886185 0.05344951 0.02902616 0.12326213 0.01649908
3.90019501 12.71850312 0.00090009 0.00070044 0.00052145 0.00714409 0.37871917 0.07288998 0.30258388 0.01948787 0.05203091 0.02851132 0.12396560 0.01254519
4.00020001 12.70219182 0.00080865 0.00069200 0.00063935 0.00661822 0.38680318 0.06622732 0.30420890 0.01660270 0.04766768 0.03213623 0.12262824 0.01496753
4.10020501 12.69835534 0.00068233 0.00068722 0.00043243 0.00776595 0.39103067 0.06195937 0.29966151 0.01652500 0.04913201 0.03244031 0.12348858 0.01619461
4.20021001 12.69140949 0.00095533 0.00063823 0.00057350 0.00672855 0.39330738 0.06261948 0.29810549 0.02029543 0.04620087 0.03311687 0.12374803 0.01371084
4.30021501 12.67957691 0.00102697 0.00065788 0.00093452 0.01070623 0.39689841 0.06046901 0.30356077 0.01418628 0.04039536 0.03236166 0.12248759 0.01631533
4.40022001 12.66644150 0.00063573 0.00071504 0.00058705 0.00953689 0.39991172 0.04907313 0.30305586 0.01509539 0.04390158 0.03116000 0.12641581 0.01991180
4.50022501 12.65599676 0.00116668 0.00063968 0.00095505 0.01572067 0.39612621 0.05669146 0.30343574 0.01623097 0.03738300 0.03016397 0.12841537 0.01307119
4.60023001 12.64827089 0.00085481 0.00066516 0.00063429 0.00461285 0.39470700 0.05902131 0.30112753 0.01528604 0.03955433 0.04139762 0.12794598 0.01419308
4.70023501 12.63534536 0.00072814 0.00075512 0.00056907 0.00753031 0.39274349 0.05400973 0.30165611 0.01478565 0.04380843 0.03565849 0.13503686 0.01271861
4.80024001 12.62492171 0.00103956 0.00070918 0.00069627 0.00931889 0.39091766 0.04842252 0.29988862 0.02162126 0.04246218 0.03458103 0.13802236 0.01232047
4.90024501 12.61939385 0.00088231 0.00067498 0.00060043 0.00875128 0.39380934 0.05030239 0.30029409 0.01788083 0.04389641 0.03184705 0.13732517 0.01373571
5.00025001 12.60945575 0.00097412 0.00069174 0.00078674 0.01166522 0.38969907 0.05190482 0.30390775 0.01404229 0.04505958 0.03090413 0.13864186 0.01172268
5.10025501 12.59739175 0.00087681 0.00064901 0.00059997 0.00712618 0.38671780 0.05449577 0.30825460 0.01594466 0.04238133 0.03298709 0.13599726 0.01396951
5.20026001 12.59137338 0.00122228 0.00067874 0.00090987 0.01485305 0.38554331 0.05358608 0.30586772 0.01844389 0.04073193 0.02938620 0.13517830 0.01359862
5.30026501 12.58503528 0.00104201 0.00076286 0.00069968 0.01016207 0.37888587 0.05294193 0.31279974 0.01644769 0.04311983 0.03256111 0.13843169 0.01214552
5.40027001 12.57314758 0.00054236 0.00073381 0.00029683 0.00382101 0.38232337 0.06001054 0.31453686 0.01528024 0.03852871 0.03254317 0.13987725 0.01150586
5.50027501 12.56168290 0.00075742 0.00062212 0.00046998 0.00725030 0.39407510 0.06107673 0.31473959 0.01569183 0.02942966 0.03039713 0.13513353 0.01035662
5.60028001 12.55806610 0.00076354 0.00056554 0.00042670 0.00724274 0.39627032 0.05996161 0.31177535 0.01898454 0.02881701 0.02986358 0.13457179 0.01075729
5.70028501 12.55267663 0.00118561 0.00064351 0.00069984 0.01229906 0.39844640 0.05307738 0.30958595 0.02095025 0.03196004 0.02573190 0.13536410 0.01005596
5.80029001 12.54410192 0.00087861 0.00069646 0.00057148 0.00859299 0.39337141 0.05499703 0.30796155 0.01800722 0.03820855 0.02757043 0.13776204 0.01138224
5.90029501 12.53483428 0.00086269 0.00067817 0.00059784 0.00776037 0.39061205 0.05655902 0.31008084 0.01665889 0.03363688 0.03085223 0.14099205 0.01070896
6.00030002 12.52524432 0.00078750 0.00068188 0.00071224 0.00890007 0.38425332 0.05567526 0.31377491 0.01308921 0.03826515 0.02797311 0.14102474 0.01486261
6.10030502 12.51993252 0.00082455 0.00066725 0.00060806 0.00816154 0.38791552 0.04832922 0.31432081 0.01319532 0.03915694 0.02743440 0.14593948 0.01344690
6.20031002 12.50755489 0.00057858 0.00069969 0.00040993 0.00343136 0.38296642 0.05024362 0.31369326 0.01400098 0.04309003 0.02979929 0.14755060 0.01353623
6.30031502 12.49313028 0.00078931 0.00073208 0.00054251 0.00783713 0.38087098 0.04716458 0.30551726 0.01668673 0.04434205 0.03097347 0.15053764 0.01400629
6.40032002 12.48580076 0.00058688 0.00075017 0.00039966 0.00396036 0.38072263 0.04449184 0.30305421 0.01834565 0.04398366 0.03018964 0.15548933 0.01802596
6.50032502 12.47064896 0.00077398 0.00083065 0.00068608 0.00683197 0.38786081 0.03698654 0.30403029 0.01793819 0.04338883 0.02937045 0.15388942 0.01741279
6.60033002 12.45655895 0.00087045 0.00080108 0.00076098 0.00965751 0.37748582 0.04381827 0.30764592 0.01612096 0.04788846 0.02883238 0.15017872 0.01593945
6.70033502 12.44843615 0.00041227 0.00077910 0.00030676 0.00390743 0.38069370 0.04795866 0.31244017 0.01091139 0.04949998 0.03509587 0.14658704 0.01140763
6.80034002 12.43613471 0.00055487 0.00075831 0.00050649 0.00472397 0.37506532 0.05144538 0.31178386 0.01019294 0.04820482 0.03404487 0.15018768 0.01253148
6.90034502 12.42614881 0.00111870 0.00067848 0.00101729 0.01217703 0.36853079 0.04792688 0.31079233 0.01257410 0.04511982 0.03813230 0.14887858 0.01305370
7.00035002 12.41920079 0.00082510 0.00068644 0.00073100 0.00889719 0.37000850 0.04955700 0.31662778 0.01572683 0.04496870 0.03247493 0.14570859 0.01378795
7.10035502 12.40586278 0.00079039 0.00076510 0.00052176 0.00733672 0.37997305 0.04553415 0.31326318 0.01694980 0.04836891 0.03218210 0.14362976 0.01068509
7.20036002 12.39293200 0.00077262 0.00076141 0.00054204 0.00708739 0.38394196 0.04460432 0.31124223 0.01627440 0.04666527 0.03109366 0.14538913 0.01162557
7.30036502 12.38087501 0.00121412 0.00071138 0.00105076 0.01502138 0.37583798 0.04624172 0.30929873 0.01538164 0.04452652 0.03033962 0.14562538 0.01475076
7.40037002 12.36788236 0.00093831 0.00079512 0.00079107 0.01577797 0.37520664 0.04136460 0.31358295 0.01313296 0.04325064 0.03273914 0.15116464 0.01125594
7.50037502 12.35548839 0.00138533 0.00071537 0.00104789 0.01665943 0.37147799 0.04657863 0.30779008 0.01932109 0.04528799 0.02886550 0.15072857 0.01014213
7.60038002 12.35009920 0.00101085 0.00069572 0.00096081 0.01232392 0.37520336 0.04632251 0.30446628 0.01997927 0.04222533 0.02701635 0.15140930 0.01838629
7.70038502 12.34417407 0.00089932 0.00070098 0.00078615 0.01075488 0.37908873 0.04172229 0.31087178 0.01867194 0.03899850 0.03318608 0.15034001 0.01397934
7.80039002 12.33650978 0.00075799 0.00067917 0.00068923 0.01143399 0.38456331 0.04484840 0.31029114 0.01502227 0.03534890 0.03452090 0.14711748 0.01472722
7.90039502 12.33120881 0.00066172 0.00068913 0.00045919 0.00530477 0.38755488 0.04577201 0.31387191 0.01438151 0.03591675 0.03538753 0.14796733 0.01203327
8.00040002 12.32025906 0.00085867 0.00071078 0.00047668 0.00930504 0.38307157 0.04108116 0.31704703 0.01699639 0.03748959 0.03444987 0.14968103 0.00883220
8.10040502 12.31239177 0.00062398 0.00067012 0.00032824 0.00562268 0.37967704 0.04228770 0.32021727 0.01617067 0.03558572 0.03624257 0.15384985 0.00872417
8.20041002 12.30199144 0.00099147 0.00069691 0.00075333 0.01103207 0.37843254 0.04766533 0.31046274 0.01749138 0.03758050 0.03156934 0.15282731 0.01049708
8.30041502 12.29887034 0.00103237 0.00071018 0.00081244 0.01123891 0.37812129 0.04852254 0.31069831 0.01565288 0.03958954 0.03187709 0.15088067 0.01086378
8.40042002 12.29096935 0.00062759 0.00061986 0.00056124 0.00345554 0.38244456 0.04916585 0.31445915 0.01301550 0.03805139 0.02951972 0.15042504 0.01765456
8.50042502 12.27937314 0.00058705 0.00061846 0.00057033 0.00347767 0.39704290 0.04610445 0.30574862 0.01355039 0.03701698 0.02684330 0.14957304 0.01886681
8.60043002 12.26332097 0.00070136 0.00079260 0.00064731 0.00623694 0.38517672 0.04638955 0.31147781 0.01017972 0.05031819 0.02261880 0.15023467 0.01522632
8.70043502 12.25242721 0.00068965 0.00072715 0.00058774 0.00930385 0.39421606 0.04377683 0.30627343 0.01194860 0.04678636 0.02189675 0.14999700 0.01379659
8.80044002 12.23967848 0.00093622 0.00073517 0.00092649 0.00931761 0.39064790 0.04100922 0.30847253 0.01123332 0.04791504 0.02457583 0.15222936 0.01200132
8.90044502 12.23422482 0.00044694 0.00078829 0.00043190 0.00722342 0.38975916 0.04265316 0.30701156 0.01060705 0.04776091 0.02152590 0.15868009 0.01311164
9.00045002 12.21617483 0.00084984 0.00073823 0.00071342 0.01083363 0.37782566 0.04926427 0.30499200 0.01249722 0.04723847 0.02378904 0.16120564 0.01005258
9.10045502 12.20571873 0.00052022 0.00073470 0.00030729 0.00418619 0.37705731 0.04849585 0.30659294 0.01657842 0.04958228 0.02941752 0.15603277 0.01049452
9.20046002 12.18988169 0.00089953 0.00073849 0.00072044 0.01033321 0.37105597 0.04838232 0.30999091 0.01495338 0.04663618 0.03084941 0.15357844 0.01186172
9.30046502 12.18065160 0.00094262 0.00073855 0.00067888 0.00856840 0.37023527 0.04739131 0.30865042 0.01707984 0.04526492 0.03398694 0.15311084 0.01335200
9.40047002 12.17285355 0.00065816 0.00073576 0.00051463 0.00484894 0.36905840 0.04844550 0.30875864 0.01481983 0.04475021 0.03890257 0.15269699 0.01581037
9.50047502 12.15828573 0.00056001 0.00078333 0.00032003 0.00411768 0.36484003 0.04834699 0.30475466 0.01832679 0.05088090 0.03919636 0.15274108 0.01513214
9.60048002 12.14614078 0.00089155 0.00070932 0.00053790 0.00561644 0.36222213 0.04430951 0.30604656 0.02161718 0.04798719 0.04410638 0.15303480 0.01292103
9.70048502 12.13745518 0.00082961 0.00066739 0.00048970 0.00619735 0.36010145 0.05123478 0.30690854 0.02177653 0.04573661 0.04582401 0.15058602 0.00964802
9.80049002 12.12824373 0.00119285 0.00062509 0.00082071 0.01061705 0.35601303 0.04389332 0.31008210 0.02324128 0.04109645 0.05425873 0.14818333 0.00997607
9.90049502 12.11187341 0.00078973 0.00069159 0.00049107 0.00760130 0.35456855 0.05365135 0.30931466 0.01800394 0.04263539 0.04974689 0.15078981 0.01171571
10.00050003 12.10850943 0.00083404 0.00069701 0.00052207 0.00638861 0.35569883 0.05153747 0.31286020 0.01768740 0.03989814 0.04806905 0.15284583 0.01296135
10.10050503 12.09808566 0.00078856 0.00073889 0.00036439 0.00375956 0.35544408 0.05301966 0.31392523 0.02215334 0.03575906 0.04821451 0.15413274 0.01169999
10.20051003 12.08844706 0.00106458 0.00073989 0.00074911 0.01072791 0.35813035 0.05806508 0.30672048 0.01807473 0.03552450 0.04369122 0.15488477 0.01162737
10.30051503 12.07349004 0.00104744 0.00082125 0.00066229 0.00796914 0.36091507 0.05592584 0.30306862 0.02175861 0.03726300 0.03662170 0.15993206 0.01401497
10.40052003 12.06448700 0.00085895 0.00069421 0.00051834 0.00376488 0.36578909 0.05667948 0.30415835 0.02206244 0.03198825 0.04330721 0.15537010 0.01480870
10.50052503 12.05351723 0.00090982 0.00069472 0.00068668 0.01202000 0.36345825 0.05473240 0.30686893 0.01683273 0.03522676 0.04889706 0.14775134 0.01192131
10.60053003 12.04674242 0.00063685 0.00065345 0.00031971 0.00488939 0.36090934 0.05880349 0.31126889 0.01908711 0.03532354 0.04863957 0.14784479 0.01162389
10.70053503 12.03348422 0.00090196 0.00064001 0.00059758 0.00924170 0.35613583 0.06250909 0.30360518 0.02472623 0.03735636 0.04435366 0.14426262 0.01566978
10.80054003 12.02259156 0.00081275 0.00068436 0.00067989 0.00520930 0.35408145 0.06007434 0.30972089 0.02146962 0.04169901 0.04022901 0.14381429 0.02152508
10.90054503 12.01878554 0.00122140 0.00060866 0.00095932 0.01207784 0.35249877 0.05564602 0.31437193 0.02320948 0.03859379 0.04070253 0.14192685 0.01818342
11.00055003 12.00817469 0.00091144 0.00064799 0.00074295 0.00962984 0.36410712 0.05850765 0.31766929 0.01780540 0.03550160 0.03598076 0.14207400 0.01642196
11.10055503 12.00150528 0.00106582 0.00075107 0.00082883 0.01060622 0.36690501 0.05411600 0.31432721 0.01929095 0.04563234 0.03280651 0.14238438 0.01128567
11.20056003 11.99215967 0.00085769 0.00067782 0.00067836 0.00905303 0.36252429 0.05697949 0.31956112 0.01691453 0.04389030 0.03095268 0.14534647 0.01256423
11.30056503 11.98631645 0.00108703 0.00063078 0.00074654 0.00823300 0.36464494 0.05190571 0.31772666 0.02232690 0.04446984 0.03120064 0.14452777 0.01250019
11.40057003 11.97566927 0.00111336 0.00062396 0.00089147 0.01394676 0.36309721 0.05480595 0.31302197 0.01706395 0.04289265 0.03732446 0.14236421 0.01285405
11.50057503 11.96929681 0.00081233 0.00068344 0.00049503 0.00408507 0.36449802 0.05468081 0.30785865 0.01904786 0.04424323 0.04240443 0.14471666 0.01647448
11.60058003 11.96105142 0.00091722 0.00073404 0.00066314 0.00983015 0.36725482 0.05091647 0.30866888 0.01725166 0.04581089 0.03678868 0.14753136 0.01363267
11.70058503 11.94348710 0.00081132 0.00076071 0.00043527 0.00518657 0.37112816 0.05081560 0.30746004 0.01824929 0.04300428 0.04179960 0.14964681 0.01070235
11.80059003 11.92775770 0.00078344 0.00075508 0.00059202 0.01251443 0.36655151 0.04806279 0.30618726 0.01516064 0.04500136 0.03979682 0.15350480 0.01108987
11.90059503 11.91399710 0.00108593 0.00068272 0.00080140 0.01027347 0.36932303 0.04805238 0.30373549 0.02143458 0.04650552 0.03848944 0.14775323 0.01186282
12.00060003 11.90889226 0.00106985 0.00074176 0.00082437 0.01143779 0.37309170 0.04393731 0.31260700 0.01768800 0.04853885 0.03161090 0.14702068 0.01143177
12.10060503 11.90541433 0.00071657 0.00070975 0.00051439 0.00812851 0.38148523 0.04619548 0.31551709 0.01415933 0.05017652 0.02862223 0.14411141 0.00966348
12.20061003 11.89517063 0.00077104 0.00074691 0.00059059 0.00810941 0.38326520 0.04611227 0.31425230 0.01467531 0.05053667 0.02712842 0.14319892 0.01061296
12.30061503 11.88578543 0.00090656 0.00071817 0.00073417 0.01277499 0.38021389 0.04393862 0.31468424 0.01446056 0.04801546 0.02412778 0.14636824 0.01305733
12.40062003 11.87498346 0.00151408 0.00075056 0.00127379 0.01982728 0.38162780 0.03494600 0.31454134 0.01497751 0.05381913 0.02227360 0.14126116 0.01318774
12.50062503 11.86522757 0.00083807 0.00071250 0.00071531 0.01027037 0.38073251 0.03579540 0.31494340 0.01734605 0.05133308 0.02955495 0.14227852 0.01547984
12.60063003 11.85679261 0.00066224 0.00063708 0.00034791 0.00262925 0.38011591 0.04591541 0.31208016 0.02162720 0.04983021 0.03341212 0.13933664 0.01340587
12.70063503 11.84175293 0.00076006 0.00070439 0.00054687 0.01052098 0.38084199 0.04625164 0.31535860 0.01673516 0.04903504 0.02764164 0.14205999 0.00954365
12.80064003 11.82891592 0.00060867 0.00074731 0.00043664 0.00498632 0.38964370 0.04221377 0.31734156 0.01440242 0.05126339 0.02800139 0.14100404 0.00935079
12.90064503 11.82320401 0.00078016 0.00072544 0.00065234 0.00862738 0.38732787 0.04378242 0.31961902 0.01003971 0.05183329 0.02484640 0.14249437 0.00927159
13.00065003 11.81211403 0.00091420 0.00076505 0.00073200 0.01200510 0.38224121 0.04234896 0.31649991 0.01096181 0.05529452 0.02833909 0.14119931 0.00869885
13.10065503 11.80449804 0.00069957 0.00069806 0.00053386 0.00643632 0.38425068 0.04451532 0.31691586 0.01276615 0.05120158 0.02672388 0.14293382 0.01232491
13.20066003 11.80023369 0.00085797 0.00062020 0.00065990 0.00833170 0.38098088 0.04106614 0.31883792 0.01492693 0.04642862 0.02707717 0.14513238 0.01508020
13.30066503 11.79338294 0.00078800 0.00062877 0.00066289 0.00996923 0.39003657 0.04272148 0.32301445 0.01137164 0.04269625 0.02456298 0.14162395 0.01192378
13.40067003 11.78801462 0.00048368 0.00066128 0.00044626 0.00383223 0.39417630 0.04081620 0.32604151 0.00894696 0.04559878 0.02686531 0.13952213 0.01260937
13.50067503 11.78008075 0.00035527 0.00065443 0.00029295 0.00591652 0.39299930 0.04499373 0.33292411 0.00749125 0.04401920 0.02454064 0.13740297 0.00840964
13.60068003 11.77390487 0.00049011 0.00067176 0.00039383 0.00713370 0.39539377 0.04649423 0.33064862 0.00938424 0.04215376 0.01765428 0.14113209 0.00844962
13.70068503 11.76902653 0.00056416 0.00068654 0.00035657 0.00516237 0.39736476 0.04405760 0.32949406 0.01045240 0.04201080 0.01891629 0.14444384 0.00649061
13.80069003 11.76604881 0.00031752 0.00064834 0.00008861 0.00020652 0.39744730 0.04335531 0.33159655 0.01069174 0.04058561 0.02036938 0.14772219 0.00697093
13.90069503 11.75766755 0.00073543 0.00066804 0.00058653 0.00785369 0.39664142 0.04084805 0.32830430 0.00660436 0.04433604 0.01777931 0.14805021 0.00759264
14.00070004 11.74928282 0.00037364 0.00068902 0.00025969 0.00530103 0.40232498 0.04250684 0.32391984 0.00706082 0.04815289 0.01549806 0.14491327 0.00899991
14.10070504 11.73880758 0.00051208 0.00066243 0.00041871 0.00566631 0.40247383 0.03881483 0.32197404 0.00876174 0.05093641 0.01566029 0.14195329 0.01216605
14.20071004 11.73004098 0.00059232 0.00064170 0.00057280 0.00920757 0.40467279 0.03761637 0.31914414 0.00987674 0.05139595 0.01297994 0.13814541 0.01515426
14.30071504 11.72382099 0.00076781 0.00066361 0.00060671 0.00849162 0.40402750 0.03829144 0.32013799 0.01150675 0.04695552 0.01505924 0.14221538 0.01127643
14.40072004 11.71324073 0.00087323 0.00066917 0.00072111 0.01184215 0.40241767 0.04653538 0.31787925 0.00959645 0.04361025 0.01648912 0.14142367 0.00794257
14.50072504 11.70818881 0.00081078 0.00068167 0.00061860 0.00919657 0.40585194 0.04193292 0.31358570 0.01334143 0.04087982 0.01620139 0.14700088 0.00989830
14.60073004 11.69916968 0.00055931 0.00073213 0.00026896 0.00277305 0.39891586 0.04810145 0.31581962 0.01293902 0.04088108 0.02088437 0.14965131 0.00847386
14.70073504 11.69209801 0.00060333 0.00066571 0.00035043 0.00693452 0.39641082 0.04670157 0.31638059 0.01108217 0.04416075 0.01792886 0.15038213 0.00839913
14.80074004 11.67945336 0.00083101 0.00066085 0.00064037 0.00991785 0.39894748 0.04374787 0.31571904 0.00994539 0.04223332 0.02040810 0.14643932 0.01050941
14.90074504 11.66942244 0.00074313 0.00062858 0.00050130 0.00827278 0.39841666 0.04446381 0.31948324 0.01167653 0.03927844 0.02594723 0.14219308 0.00839523
15.00075004 11.66407317 0.00039695 0.00064926 0.00020499 0.00373460 0.39906231 0.04132825 0.32161234 0.01039885 0.03715729 0.03004067 0.14751880 0.00789569
15.10075504 11.65507459 0.00074890 0.00068623 0.00059438 0.00805725 0.39682225 0.03257202 0.32410842 0.01177405 0.04220851 0.03503748 0.14017459 0.00721592
15.20076004 11.64355408 0.00046130 0.00072069 0.00039889 0.00423004 0.39142304 0.03285286 0.32499028 0.01155736 0.04205213 0.03574465 0.14681385 0.00875490
15.30076504 11.63377348 0.00072198 0.00068341 0.00049783 0.00485581 0.38335546 0.02976496 0.32126279 0.01818824 0.04039885 0.03888855 0.15029948 0.01108263
15.40077004 11.62869449 0.00047948 0.00061426 0.00031061 0.00229817 0.39748435 0.03606694 0.31606813 0.01580554 0.03636485 0.03804246 0.14746841 0.00899680
15.50077504 11.61708727 0.00061432 0.00060245 0.00043219 0.00664169 0.39067076 0.03675465 0.32001926 0.01534334 0.03799283 0.03912343 0.14271471 0.00909038
15.60078004 11.61064525 0.00097000 0.00057833 0.00075357 0.01324013 0.39259742 0.03490988 0.31695825 0.01416512 0.03723344 0.03859198 0.14063257 0.00936932
15.70078504 11.60343028 0.00070209 0.00063889 0.00063113 0.00766143 0.39190254 0.03524610 0.31739722 0.01452883 0.03751323 0.03604211 0.14454813 0.01318830
15.80079004 11.58933468 0.00062469 0.00062245 0.00062633 0.00919724 0.39442688 0.03343077 0.31827806 0.01529448 0.03611297 0.03439326 0.14055964 0.01643323
15.90079504 11.58483191 0.00065052 0.00071305 0.00067323 0.00832398 0.39805353 0.03269942 0.31312290 0.01211262 0.04375290 0.03223384 0.14235763 0.01530639
16.00080004 11.57792351 0.00080780 0.00069670 0.00072770 0.00859474 0.39640643 0.03726168 0.31307175 0.01121102 0.04517597 0.02758822 0.14664915 0.01180884
16.10080504 11.56857999 0.00068579 0.00065321 0.00052941 0.00466038 0.39847151 0.03396958 0.31182429 0.01649919 0.03841752 0.03348164 0.14863348 0.01217402
16.20081004 11.55782357 0.00055093 0.00062014 0.00031089 0.00210619 0.39927546 0.04163979 0.31327120 0.01549552 0.03759007 0.03162114 0.14724313 0.01027553
16.30081504 11.54980580 0.00092585 0.00059570 0.00080791 0.01368376 0.39941177 0.03559687 0.31127286 0.01507683 0.03672426 0.02881215 0.14599541 0.01109662
16.40082004 11.53749756 0.00054929 0.00067283 0.00018922 0.00233744 0.39695537 0.03443209 0.31948024 0.02091287 0.03933047 0.02620642 0.14956109 0.00937268
16.50082504 11.52730687 0.00100739 0.00069087 0.00069067 0.00990263 0.39862785 0.03562460 0.31065556 0.01917040 0.03877623 0.02691260 0.15124949 0.00669171
16.60083004 11.51325628 0.00062048 0.00078066 0.00041857 0.00521427 0.39609940 0.03318783 0.30882470 0.01696287 0.04007138 0.03010057 0.15822386 0.00949541
16.70083504 11.50732326 0.00061432 0.00071342 0.00027320 0.00343691 0.39567013 0.03767572 0.31123007 0.01814356 0.03930438 0.03175499 0.15508199 0.00610130
16.80084004 11.49544450 0.00050969 0.00066641 0.00038263 0.00342691 0.39351063 0.04299470 0.31527712 0.01369492 0.03931820 0.02900859 0.15122762 0.00998256
16.90084504 11.48535723 0.00065039 0.00064173 0.00047164 0.00674630 0.39248667 0.03971535 0.31650292 0.01444748 0.03794039 0.03268276 0.14842830 0.00928607
17.00085004 11.47670921 0.00074477 0.00061108 0.00052826 0.01116173 0.39580123 0.04044416 0.31328639 0.01418967 0.03758124 0.02973883 0.14672005 0.00919259
17.10085504 11.47130609 0.00075485 0.00059820 0.00055766 0.00692191 0.40207075 0.03762527 0.31820878 0.01519883 0.03377431 0.03074269 0.14334796 0.01019879
17.20086004 11.46259788 0.00058591 0.00064268 0.00037241 0.00535903 0.39896087 0.04059558 0.31772989 0.01315641 0.03857226 0.03299928 0.14209430 0.00893139
17.30086504 11.45037876 0.00051958 0.00069923 0.00027126 0.00379225 0.39903620 0.04251154 0.31136726 0.01572480 0.03959309 0.03163546 0.14530422 0.00954510
17.40087004 11.44225903 0.00064715 0.00069692 0.00034814 0.00696318 0.39246019 0.04252638 0.31199894 0.01529984 0.03718271 0.03027702 0.15366124 0.00793829
17.50087504 11.43179605 0.00090702 0.00071608 0.00069913 0.00998681 0.38992035 0.04056810 0.31446749 0.01475404 0.03896614 0.02962544 0.14992995 0.00945946
17.60088004 11.42800237 0.00057547 0.00069187 0.00023248 0.00326526 0.39446559 0.04156967 0.31487763 0.01628543 0.04254179 0.02657861 0.15142312 0.00749308
17.70088504 11.42231925 0.00053072 0.00060911 0.00027581 0.00359330 0.39523197 0.04569204 0.31724865 0.01218648 0.04127802 0.02837771 0.14763225 0.00734394
17.80089004 11.41520899 0.00072349 0.00059695 0.00041454 0.00705838 0.39422936 0.04354588 0.32037671 0.01592226 0.04221180 0.02321544 0.14458518 0.00712001
17.90089504 11.40838863 0.00065444 0.00062140 0.00030864 0.00328589 0.39707031 0.04622466 0.31769693 0.01470021 0.04053863 0.02356603 0.14607273 0.00926012
18.00090005 11.39957697 0.00042672 0.00072506 0.00030722 0.00176213 0.39876342 0.04091622 0.31618858 0.01297417 0.04184836 0.02314435 0.15047459 0.01246919
18.10090505 11.38867346 0.00056950 0.00073952 0.00046633 0.00681346 0.38907410 0.04036607 0.31412695 0.01097568 0.04576738 0.02295833 0.15629206 0.01185063
18.20091005 11.38190877 0.00065998 0.00075856 0.00050714 0.00731424 0.38781559 0.03967440 0.31569228 0.00945915 0.04595703 0.02395554 0.15977654 0.00842954
18.30091505 11.36711259 0.00074377 0.00071262 0.00064063 0.00857024 0.38739455 0.04401687 0.31338114 0.00870532 0.04264874 0.02247366 0.15986296 0.01084951
18.40092005 11.35998757 0.00066404 0.00067238 0.00041496 0.00539965 0.39120184 0.04513868 0.31547686 0.01198526 0.03988269 0.02733348 0.15476623 0.00706393
18.50092505 11.35309520 0.00042922 0.00061757 0.00031007 0.00187666 0.39452666 0.05616844 0.31309690 0.00999713 0.03815860 0.02542787 0.14760027 0.01179061
18.60093005 11.34028729 0.00055665 0.00062277 0.00036189 0.00532695 0.39737148 0.05361959 0.30982470 0.00971069 0.03802348 0.02807974 0.14615757 0.01034449
18.70093505 11.32144250 0.00075667 0.00066712 0.00048162 0.00924560 0.38524754 0.05122071 0.30969973 0.01197278 0.03975093 0.03222556 0.14663468 0.01209705
18.80094005 11.31647040 0.00106749 0.00070705 0.00065442 0.00765247 0.38086151 0.04966995 0.31309670 0.01484709 0.04572916 0.02969895 0.14560558 0.01040964
18.90094505 11.30723334 0.00043128 0.00072989 0.00038132 0.00375515 0.37870523 0.05032114 0.31052601 0.01168281 0.05062274 0.02625368 0.14941614 0.01717462
19.00095005 11.30113735 0.00054602 0.00066809 0.00057022 0.00481169 0.38389197 0.05342410 0.30498629 0.00976135 0.04753920 0.02667121 0.14891445 0.01821540
19.10095505 11.28968393 0.00067246 0.00067296 0.00050626 0.00750132 0.38103203 0.05164938 0.31186751 0.00970959 0.04792736 0.02796083 0.15050013 0.01000017
19.20096005 11.28234192 0.00060313 0.00066548 0.00041134 0.00543012 0.38394895 0.04996872 0.30900076 0.01155224 0.04942123 0.02901251 0.14896358 0.01102194
19.30096505 11.27697888 0.00058152 0.00068748 0.00039057 0.00555543 0.38632233 0.04629304 0.30467261 0.01321121 0.04782765 0.02949956 0.15248994 0.01246868
19.40097005 11.26712716 0.00086026 0.00072164 0.00068620 0.01370754 0.39327713 0.04212426 0.29899985 0.01198353 0.04316133 0.02721321 0.15584005 0.01142500
19.50097505 11.25981696 0.00067819 0.00068799 0.00060193 0.00732989 0.39820462 0.04871342 0.29715659 0.00972873 0.04142711 0.02621365 0.15852368 0.01073419
19.60098005 11.25258571 0.00084149 0.00069242 0.00054833 0.00929253 0.39397556 0.04410164 0.30168483 0.01632173 0.04105548 0.02567408 0.15659171 0.00922020
19.70098505 11.24861982 0.00051907 0.00066775 0.00029003 0.00571174 0.39275655 0.04710522 0.30677479 0.01305100 0.04514841 0.02406544 0.15265250 0.01125750
19.80099005 11.24717746 0.00066464 0.00064610 0.00053512 0.00660561 0.40062057 0.04336913 0.30414347 0.01276485 0.04056475 0.02693711 0.15202511 0.01112355
19.90099505 11.23549814 0.00062526 0.00064305 0.00051184 0.00771352 0.40346944 0.04052984 0.30837484 0.01350305 0.03704205 0.02752756 0.14847062 0.01158893
20.00100005 11.22991850 0.00074884 0.00062279 0.00051516 0.00748946 0.40209141 0.04274132 0.31200115 0.01538115 0.03709255 0.02459195 0.14819210 0.00853212
20.10100505 11.22423968 0.00091319 0.00065048 0.00043250 0.00488456 0.39658523 0.04066030 0.31060844 0.02211173 0.04045371 0.02235970 0.15170214 0.00863802
20.20101005 11.21914301 0.00068976 0.00065780 0.00047468 0.00885414 0.40439510 0.04113108 0.30449939 0.01570260 0.03994502 0.02182074 0.15450269 0.00732700
20.30101505 11.21007682 0.00094605 0.00066054 0.00072388 0.00740500 0.40297336 0.04308116 0.30012070 0.01538850 0.04047832 0.02130925 0.15576708 0.01114615
20.40102005 11.20124283 0.00087658 0.00061555 0.00053158 0.00762561 0.39494642 0.04141997 0.29998814 0.02098049 0.03993913 0.02275035 0.15651077 0.01381542
20.50102505 11.19226565 0.00078752 0.00065370 0.00061931 0.00897143 0.40600048 0.04136828 0.29702219 0.01502697 0.03810051 0.02717863 0.15422312 0.01004787
20.60103005 11.18454566 0.00085588 0.00061899 0.00051726 0.00634246 0.40251219 0.04065141 0.30488894 0.01735574 0.03921822 0.02728891 0.15076166 0.00898834
20.70103505 11.16872132 0.00085456 0.00066741 0.00064432 0.01048844 0.40382609 0.04337121 0.29774972 0.01513313 0.03458070 0.02842584 0.15517607 0.00908249
20.80104005 11.15934533 0.00071173 0.00066080 0.00050856 0.00695618 0.40588595 0.04490381 0.30078075 0.01310603 0.03391094 0.02626862 0.15676155 0.00954507
20.90104505 11.15294668 0.00073422 0.00065050 0.00062823 0.00892014 0.40938845 0.04219956 0.29833004 0.00986852 0.03411094 0.02844883 0.15352006 0.01320050
21.00105005 11.14162432 0.00080016 0.00065531 0.00054659 0.00749982 0.40740727 0.04127111 0.29606197 0.01276108 0.03441960 0.03027863 0.15545585 0.01284261
21.10105505 11.12816821 0.00131525 0.00066988 0.00100273 0.01247640 0.39832269 0.04213718 0.29058526 0.01710426 0.03774491 0.02875868 0.15867725 0.01120551
21.20106005 11.11833755 0.00065956 0.00063989 0.00052364 0.00511054 0.39777480 0.04561897 0.29688383 0.01693565 0.03376508 0.02945139 0.15893641 0.01370025
21.30106505 11.11038676 0.00078781 0.00064685 0.00067160 0.00942089 0.39586507 0.04417237 0.30065574 0.01590215 0.03238471 0.03279448 0.15644762 0.01025070
21.40107005 11.10282477 0.00087080 0.00068054 0.00081574 0.01291205 0.38640653 0.04512850 0.30340734 0.01486277 0.03458954 0.03306211 0.15291604 0.01434802
21.50107505 11.09382845 0.00088182 0.00074334 0.00056634 0.00897830 0.38264263 0.04406638 0.30625326 0.01889878 0.03706116 0.03265282 0.15529961 0.01195555
21.60108005 11.08473976 0.00094145 0.00075943 0.00044071 0.00684453 0.38242025 0.03956805 0.30653599 0.02467906 0.03734923 0.03157461 0.15693510 0.01195160
21.70108505 11.06877916 0.00093436 0.00088776 0.00058349 0.00975924 0.37834696 0.03631016 0.30404897 0.02059981 0.04607410 0.02955598 0.16064222 0.01225695
21.80109005 11.06112787 0.00111021 0.00077235 0.00098500 0.01513865 0.37775534 0.03539371 0.30819468 0.01450362 0.04642275 0.02556064 0.16085487 0.01330816
21.90109505 11.05694490 0.00097601 0.00066141 0.00084148 0.01277617 0.38071670 0.05132985 0.30639472 0.01418021 0.04726342 0.01881268 0.15696374 0.00908360
22.00110006 11.04856925 0.00104221 0.00065383 0.00078997 0.01113601 0.37914707 0.04829015 0.31066962 0.01631952 0.04888362 0.02249374 0.15264586 0.00792839
22.10110506 11.03375503 0.00057453 0.00069925 0.00029289 0.00301610 0.37583198 0.04285355 0.31243635 0.01731016 0.05506927 0.03295366 0.14996314 0.00899910
22.20111006 11.02520636 0.00044194 0.00073833 0.00017229 0.00041911 0.37550607 0.04549289 0.31339049 0.01680294 0.05180409 0.02950205 0.15456101 0.01116878
22.30111506 11.01826988 0.00080326 0.00071596 0.00057701 0.00901361 0.38255460 0.04075148 0.31042022 0.01110393 0.04673846 0.03639808 0.15157076 0.00935262
22.40112006 11.01027544 0.00065321 0.00070709 0.00027708 0.00505798 0.38077917 0.04410186 0.31722294 0.01692891 0.04603898 0.02691066 0.15325183 0.00807030
22.50112506 10.99975781 0.00076029 0.00080482 0.00058419 0.01020287 0.38628819 0.04301226 0.31213612 0.01022357 0.05399493 0.01839992 0.15677595 0.00681690
22.60113006 11.00271443 0.00070606 0.00064025 0.00053179 0.00516724 0.38183720 0.04346969 0.31266927 0.01164133 0.04889346 0.02994383 0.15595982 0.00854006
22.70113506 10.99305566 0.00050916 0.00067669 0.00042368 0.00748920 0.38479889 0.03771644 0.30917438 0.01176681 0.05137697 0.03177141 0.15397306 0.01032331
22.80114006 10.98370574 0.00064156 0.00072259 0.00053674 0.00730476 0.37803843 0.03658136 0.32025134 0.01127770 0.04766852 0.03406584 0.15331912 0.00959204
22.90114506 10.96899297 0.00072844 0.00072007 0.00061582 0.01113717 0.38219089 0.03323893 0.31605597 0.01364912 0.04456593 0.03318487 0.15046714 0.01344565
23.00115006 10.95980592 0.00089975 0.00069107 0.00073608 0.01009153 0.38284332 0.03335970 0.31533360 0.01342330 0.04290895 0.03494254 0.15222305 0.01254710
23.10115506 10.95165372 0.00036807 0.00074271 0.00027291 0.00369073 0.39032863 0.03583492 0.31630054 0.00774677 0.04501200 0.03248204 0.15761613 0.00960456
23.20116006 10.93736304 0.00046763 0.00075332 0.00036868 0.00666136 0.39150348 0.03356834 0.31463636 0.00883038 0.04925069 0.02955584 0.15585614 0.00854778
23.30116506 10.93211183 0.00075817 0.00069130 0.00057122 0.00864500 0.38924387 0.03759101 0.31743137 0.01226360 0.04255313 0.02898859 0.15408032 0.00718241
23.40117006 10.92381997 0.00061172 0.00070216 0.00046856 0.00498380 0.39128086 0.03828259 0.31515945 0.01374419 0.04271251 0.02576523 0.15614503 0.01014392
23.50117506 10.91701578 0.00064350 0.00060781 0.00052989 0.00727969 0.39206754 0.04487034 0.31786331 0.01249241 0.03720425 0.02560150 0.15025709 0.01058267
23.60118006 10.91100336 0.00075498 0.00063690 0.00051259 0.00500462 0.39550986 0.04649785 0.31459669 0.01503057 0.03802281 0.02504717 0.14723374 0.01115222
23.70118506 10.90500548 0.00083722 0.00061439 0.00047774 0.00633461 0.39338204 0.04472251 0.31698982 0.01843421 0.03756432 0.02228603 0.14744943 0.01090769
23.80119006 10.89427183 0.00090239 0.00062371 0.00059113 0.00857903 0.39283243 0.04045756 0.31554643 0.01653695 0.03703484 0.02566195 0.15196259 0.00927099
23.90119506 10.88299974 0.00088429 0.00061785 0.00051167 0.00645467 0.38816337 0.04450906 0.31147897 0.01819094 0.03829148 0.02679276 0.15344833 0.01065660
24.00120006 10.87437350 0.00059269 0.00060714 0.00024946 0.00604018 0.39221697 0.04596535 0.31073879 0.01802439 0.03747607 0.02741942 0.15296102 0.00770851
24.10120506 10.86987230 0.00046207 0.00062320 0.00026218 0.00388611 0.39377061 0.05253801 0.31322683 0.01187432 0.03862542 0.02726903 0.14975395 0.00770829
24.20121006 10.85660478 0.00068869 0.00061765 0.00039668 0.00474797 0.39314074 0.04791138 0.31265146 0.01333015 0.03804758 0.03280698 0.14754258 0.00811814
24.30121506 10.85175341 0.00069813 0.00061294 0.00041626 0.00545333 0.39068215 0.05037574 0.30908501 0.01454602 0.03748551 0.03132369 0.15013439 0.00918684
24.40122006 10.83679568 0.00055275 0.00071464 0.00028634 0.00215623 0.39113845 0.04445917 0.30636130 0.01530518 0.04516793 0.03253722 0.14861768 0.01270311
24.50122506 10.83060932 0.00075819 0.00069439 0.00034785 0.00581706 0.39401379 0.04238499 0.30412094 0.02094348 0.04652499 0.02409542 0.15064589 0.00965301
24.60123006 10.82670388 0.00064859 0.00063778 0.00039400 0.00379320 0.39741479 0.04305670 0.30481311 0.01702460 0.04357546 0.02531281 0.15155886 0.01177010
24.70123506 10.81290949 0.00075723 0.00069624 0.00064042 0.00834693 0.38932348 0.04532242 0.30552621 0.01516735 0.04384584 0.02690441 0.15060824 0.01286125
24.80124006 10.80679091 0.00063191 0.00067490 0.00049307 0.00537432 0.38440730 0.04660726 0.31392148 0.01326116 0.04132961 0.02898826 0.15166672 0.01264402
24.90124506 10.80067938 0.00059859 0.00058216 0.00041667 0.00346986 0.38830371 0.04620417 0.31708739 0.01630857 0.03893608 0.02779179 0.14709065 0.01321035
25.00125006 10.79214662 0.00074849 0.00056997 0.00049390 0.00889971 0.38585016 0.04754301 0.31884586 0.01867940 0.03318320 0.03013682 0.14355081 0.01149868
25.10125506 10.77750228 0.00076328 0.00068718 0.00069992 0.00848493 0.39104995 0.03999731 0.32167467 0.01299803 0.03455850 0.03156806 0.14602970 0.01148846
25.20126006 10.76959060 0.00049995 0.00070784 0.00040794 0.00404792 0.39011911 0.04481593 0.31713425 0.01215279 0.03706152 0.03131831 0.14897728 0.01275716
25.30126506 10.75785874 0.00104476 0.00062618 0.00091731 0.01446462 0.38587857 0.04594012 0.31398058 0.01350878 0.03288573 0.02655428 0.15262894 0.01157013
25.40127006 10.74697489 0.00072298 0.00059825 0.00062128 0.00862911 0.38565575 0.04584249 0.31739329 0.01123359 0.03332212 0.02787122 0.15303059 0.01507933
25.50127506 10.73930500 0.00094759 0.00051293 0.00074284 0.01471016 0.38885650 0.04265074 0.31473213 0.01747321 0.02793363 0.02830644 0.14796481 0.01516901
25.60128006 10.73077813 0.00062692 0.00063310 0.00048953 0.00562369 0.39175763 0.04681630 0.31419292 0.01738904 0.02430032 0.02971511 0.15311603 0.01533941
