0.00000000 7.00000000 0.00000000 0.00000000 0.00000000 0.00000000 0.00000000 0.00000000 0.00000000 1.00000000 0.00000000 0.00000000 0.00000000 0.00000000
0.20004001 7.00036933 0.08235026 0.00011041 0.01212689 0.09548756 0.00856178 0.28977132 0.00019570 0.14206312 0.00050808 0.28472516 0.00062403 0.08347569
0.40008002 7.00862658 0.02204113 0.00031548 0.02124451 0.05159381 0.01052837 0.34571691 0.00321555 0.23269480 0.00277233 0.24449044 0.00716826 0.05821841
0.60012002 7.04443372 0.03365694 0.00073217 0.00933722 0.08425474 0.01282544 0.11844076 0.00436563 0.45492612 0.00708701 0.16776414 0.00698974 0.09962009
0.80016003 7.08308988 0.03112833 0.00087113 0.01123863 0.06681322 0.02528621 0.15595412 0.00893537 0.06345398 0.00964255 0.56665204 0.00726473 0.05275970
1.00020004 7.09268301 0.03328350 0.00073210 0.01242650 0.07612230 0.02241956 0.11579070 0.01239578 0.25120012 0.01329358 0.33981798 0.01315897 0.10935892
1.20024005 7.13520751 0.03325012 0.00099132 0.01000431 0.07971535 0.02492191 0.17941257 0.01381417 0.30242479 0.01486740 0.23845542 0.01540519 0.08673745
1.40028006 7.12845946 0.01139094 0.00121331 0.01195359 0.05218038 0.02875814 0.35341240 0.01635873 0.11155712 0.01685316 0.31337328 0.01481664 0.06813230
1.60032006 7.12560637 0.03346382 0.00128675 0.01226845 0.08077023 0.02749780 0.26138005 0.01759388 0.24748873 0.01840120 0.21969951 0.01922035 0.06092922
1.80036007 7.08397981 0.02695401 0.00135112 0.01262938 0.05611555 0.03149835 0.11418960 0.01862282 0.37620051 0.02172203 0.25047777 0.01880566 0.07143320
2.00040008 7.03686317 0.01464035 0.00153343 0.00726328 0.04760128 0.03430507 0.18380947 0.02541260 0.12133766 0.02164296 0.39735719 0.01910591 0.12599079
2.20044009 7.00374958 0.03248098 0.00165922 0.01399336 0.06533293 0.03189085 0.13534931 0.02628404 0.29881239 0.02645762 0.29503449 0.01970825 0.05299656
2.40048010 6.97869830 0.02770917 0.00162565 0.01337167 0.04932181 0.04078493 0.18126654 0.03087836 0.35171949 0.02668275 0.20323919 0.02402829 0.04937214
2.60052010 6.97244964 0.01921977 0.00191443 0.00820198 0.06160318 0.03828068 0.29806893 0.03187351 0.10064383 0.02923197 0.32121521 0.02469939 0.06504713
2.80056011 6.96668426 0.02917905 0.00240496 0.01182327 0.04365130 0.04890251 0.09014935 0.03594853 0.46872455 0.03520851 0.13350762 0.02953547 0.07096490
3.00060012 6.96493495 0.03593863 0.00267329 0.00991448 0.07145810 0.05410925 0.18643935 0.04191306 0.31212160 0.03685183 0.16871583 0.03245255 0.04741205
3.20064013 6.96769845 0.01363868 0.00241413 0.00805125 0.04594961 0.05283898 0.27831140 0.04338393 0.11976126 0.04035026 0.31089027 0.03701267 0.04739756
3.40068014 6.96163999 0.03133684 0.00255832 0.00907202 0.05932053 0.05928541 0.14051916 0.04363048 0.32066913 0.03955284 0.20238152 0.03897292 0.05270083
3.60072014 6.98355712 0.01884772 0.00280731 0.00920708 0.05136145 0.06462754 0.13900938 0.04754536 0.16055687 0.04151763 0.35345512 0.03350213 0.07756242
3.80076015 6.98895081 0.01766724 0.00265283 0.00802634 0.04766564 0.06257460 0.12176929 0.04888426 0.14465774 0.04043418 0.39771427 0.03945410 0.06849952
4.00080016 7.01313926 0.02155007 0.00320569 0.00505386 0.04242490 0.06633070 0.13574817 0.04982428 0.29267202 0.04428457 0.22194403 0.04235472 0.07460698
4.20084017 7.01219146 0.01096621 0.00332823 0.00786959 0.03240399 0.07347134 0.24467940 0.05395947 0.19960517 0.04466255 0.23594404 0.04057837 0.05253164
4.40088018 7.00643867 0.01079420 0.00306389 0.00562881 0.02708078 0.07235623 0.26679494 0.05225332 0.18870860 0.04573988 0.23330781 0.04258664 0.05168489
4.60092018 6.98479277 0.01912819 0.00307425 0.00435360 0.02888405 0.06963352 0.14708186 0.05678265 0.34329009 0.04221667 0.17708663 0.04429287 0.06417562
4.80096019 6.95110586 0.01444946 0.00332450 0.00599977 0.03545910 0.06775799 0.14226510 0.05901421 0.19164614 0.04562885 0.32971986 0.04427441 0.06046061
5.00100020 6.92906367 0.01579879 0.00342448 0.00716814 0.03331507 0.07367151 0.15241762 0.05935060 0.17867955 0.04553646 0.32024171 0.04401692 0.06637916
5.20104021 6.89096365 0.02391573 0.00345357 0.00682624 0.03653610 0.07085383 0.12062362 0.05385142 0.32478528 0.04746927 0.22325937 0.04437187 0.04405370
5.40108022 6.88341035 0.01316460 0.00353192 0.00495874 0.03846018 0.06959862 0.22365321 0.06171598 0.12011505 0.05013393 0.32124221 0.04501951 0.04840604
5.60112022 6.87846308 0.02333628 0.00321491 0.00708642 0.04257349 0.06709378 0.15703482 0.06221573 0.28987751 0.04704176 0.21319419 0.04643379 0.04089731
5.80116023 6.87178307 0.02946803 0.00378510 0.00895910 0.04465540 0.07736166 0.13651898 0.05637400 0.33660703 0.05383963 0.15627141 0.04263956 0.05352009
6.00120024 6.87200863 0.01265803 0.00369450 0.00810899 0.03753278 0.07200007 0.24661031 0.06227297 0.14120746 0.05134398 0.27058116 0.04868844 0.04530131
6.20124025 6.86495675 0.02167425 0.00367434 0.00630334 0.04426091 0.07178579 0.15271585 0.06969359 0.26021693 0.05283579 0.22395832 0.04801045 0.04487043
6.40128026 6.86664414 0.01720071 0.00365956 0.00678162 0.04129898 0.07192499 0.12060634 0.06970120 0.22735173 0.05415652 0.29431588 0.04455768 0.04844478
6.60132026 6.86746511 0.01383668 0.00352121 0.00668516 0.03797267 0.07337704 0.13586918 0.06686987 0.15034950 0.05230272 0.34120405 0.04992911 0.06808280
6.80136027 6.87797452 0.01641548 0.00361815 0.00723688 0.03374936 0.07136234 0.13351183 0.06859078 0.23655147 0.05415392 0.27459496 0.04827476 0.05194006
7.00140028 6.87851584 0.01413770 0.00371311 0.00564719 0.03476269 0.07243972 0.17897935 0.07180378 0.24569404 0.05833903 0.21855990 0.04770431 0.04821919
7.20144029 6.86474889 0.01049658 0.00363105 0.00539994 0.03732397 0.07085998 0.21950469 0.06989952 0.19345392 0.06058623 0.23625742 0.04702318 0.04556352
7.40148030 6.85733992 0.01540969 0.00384815 0.00687570 0.03500518 0.07137020 0.17715086 0.06769833 0.25842879 0.06293833 0.20612749 0.05014494 0.04500234
7.60152030 6.82730612 0.01960742 0.00349408 0.00768127 0.03867998 0.06842981 0.12916586 0.06660049 0.25179487 0.06208960 0.24723020 0.04738598 0.05784045
7.80156031 6.81363542 0.01335790 0.00355234 0.00684825 0.03185442 0.06987242 0.14538537 0.07005442 0.15029116 0.06183740 0.34659515 0.04668338 0.05366780
8.00160032 6.79649001 0.02102437 0.00372232 0.00646667 0.03243512 0.07088998 0.11815355 0.06721814 0.26932981 0.06657806 0.25070210 0.04559147 0.04788844
8.20164033 6.79218214 0.01575550 0.00353219 0.00777585 0.03448005 0.07668552 0.17386859 0.06552784 0.18453144 0.06335248 0.27792877 0.05090193 0.04565984
8.40168034 6.78662311 0.01444867 0.00375196 0.00590381 0.03281628 0.08362549 0.17846966 0.06152642 0.19010340 0.06817579 0.26422607 0.04892030 0.04803215
8.60172034 6.78311857 0.02411188 0.00378968 0.00649713 0.03759991 0.08674220 0.12907903 0.06503526 0.33221193 0.06988773 0.15445789 0.04854508 0.04204226
8.80176035 6.78208472 0.01268919 0.00371933 0.00608998 0.03613255 0.08996976 0.20565202 0.06522126 0.18083847 0.06657605 0.23970845 0.05051355 0.04288939
9.00180036 6.77408916 0.01420726 0.00371827 0.00462015 0.03150197 0.09140286 0.17779848 0.06313574 0.21146359 0.07283925 0.23412517 0.04890383 0.04628343
9.20184037 6.77708240 0.01618256 0.00361048 0.00501733 0.02968454 0.09593067 0.12161230 0.06352579 0.24170893 0.06815979 0.25098717 0.05477322 0.04880722
9.40188038 6.77427114 0.01167493 0.00375907 0.00491208 0.02427579 0.09485521 0.13424385 0.06810783 0.16408832 0.07221405 0.31727198 0.05306379 0.05153309
9.60192038 6.78038251 0.01281589 0.00353948 0.00434772 0.02051494 0.09342127 0.13457784 0.06791120 0.20086765 0.07331280 0.27800309 0.05181521 0.05887292
9.80196039 6.78899931 0.01384573 0.00365738 0.00565827 0.02276811 0.09783306 0.15529623 0.06815231 0.22649315 0.07311324 0.23283940 0.05324395 0.04709915
10.00200040 6.78343640 0.01241165 0.00364248 0.00553665 0.02656649 0.09979924 0.19047044 0.06725133 0.20922806 0.07402081 0.21368755 0.05128609 0.04609922
10.20204041 6.78097758 0.01204578 0.00380974 0.00467829 0.02615281 0.09868951 0.18599034 0.06858126 0.21542085 0.07471219 0.21185032 0.05220725 0.04586166
10.40208042 6.76208736 0.01501787 0.00398339 0.00507257 0.02645275 0.09414735 0.14097715 0.07164841 0.24256370 0.07409700 0.21725746 0.05812381 0.05065856
10.60212042 6.74724343 0.01158160 0.00423299 0.00466549 0.02653561 0.09690796 0.14564152 0.07331196 0.16679461 0.07712222 0.28745057 0.05442482 0.05133065
10.80216043 6.73490863 0.01384974 0.00431027 0.00463593 0.02637071 0.09729308 0.12108797 0.07477509 0.20321073 0.07784885 0.27569979 0.05377266 0.04714518
11.00220044 6.72269526 0.01459673 0.00443041 0.00540459 0.02694966 0.09825664 0.13119701 0.07848041 0.20693506 0.07704979 0.24833942 0.06178270 0.04657760
11.20224045 6.72016763 0.01129013 0.00476217 0.00607204 0.02975788 0.08986657 0.17017513 0.08014707 0.15444943 0.08387310 0.26531887 0.05935104 0.04493655
11.40228046 6.71761763 0.01780379 0.00441964 0.00555042 0.03364067 0.09660810 0.13026419 0.08118603 0.26595640 0.07582275 0.18155983 0.05996342 0.04722476
11.60232046 6.71400442 0.01425591 0.00470650 0.00624453 0.03315907 0.09598146 0.17079146 0.07824489 0.21537351 0.08361403 0.19760921 0.05545307 0.04456636
11.80236047 6.70246123 0.01273498 0.00471779 0.00664510 0.03609973 0.09220033 0.17789773 0.08288054 0.17871355 0.08241170 0.22194247 0.05978958 0.04396650
12.00240048 6.69747284 0.01500602 0.00454388 0.00633784 0.03337495 0.08743278 0.13243198 0.08669089 0.22332950 0.08084781 0.21783237 0.06248459 0.04968739
12.20244049 6.69222679 0.01460297 0.00465982 0.00783627 0.03714058 0.09268303 0.12380538 0.08421313 0.17660168 0.08430504 0.26986643 0.05413894 0.05014675
12.40248050 6.68813207 0.01472367 0.00449628 0.00846952 0.03683787 0.09413615 0.12203712 0.08493986 0.17555979 0.08000392 0.27245545 0.05642374 0.04991663
12.60252050 6.68533462 0.01370555 0.00450172 0.00679661 0.04164833 0.08697354 0.13495202 0.08571338 0.19444809 0.08114394 0.24025672 0.05966736 0.05019273
12.80256051 6.68499975 0.01443161 0.00431516 0.00628575 0.04210289 0.09329390 0.14654400 0.08759738 0.21161489 0.08256478 0.21162201 0.05422873 0.04539889
13.00260052 6.68711671 0.01328622 0.00425796 0.00805334 0.03957855 0.09683935 0.17264525 0.08559091 0.19577968 0.08244380 0.20545944 0.05486793 0.04119758
13.20264053 6.67984493 0.01597023 0.00433079 0.00746848 0.03536516 0.09842558 0.14715701 0.08489601 0.22386932 0.08376910 0.19558654 0.05857847 0.04458331
13.40268054 6.66700537 0.01371586 0.00412323 0.00639757 0.03530096 0.09705998 0.13148134 0.08897081 0.19349241 0.08735232 0.23979486 0.05449360 0.04781705
13.60272054 6.65968198 0.01178655 0.00452127 0.00542224 0.03463212 0.09813905 0.12832817 0.08781510 0.17565585 0.08523309 0.26315242 0.06029144 0.04502271
13.80276055 6.65122765 0.01416029 0.00415035 0.00487210 0.03490144 0.10413226 0.11268006 0.08511212 0.20549128 0.09092304 0.24120380 0.05768218 0.04469109
14.00280056 6.65444239 0.01057770 0.00415575 0.00608024 0.03115347 0.10762878 0.14340772 0.08503903 0.15158023 0.09114690 0.26275035 0.05802948 0.04845035
14.20284057 6.65697578 0.01451416 0.00424291 0.00694919 0.03418256 0.10981941 0.12835515 0.08922739 0.21338855 0.08855742 0.20776168 0.06015280 0.04284877
14.40288058 6.65479890 0.01400046 0.00426787 0.00623039 0.03718340 0.11026415 0.14054982 0.08941236 0.22175081 0.09520027 0.18493768 0.05285528 0.04334750
14.60292058 6.65039705 0.01049919 0.00387659 0.00531305 0.03624872 0.11971935 0.17028320 0.08647519 0.17270174 0.08825827 0.20503677 0.05967054 0.04191741
14.80296059 6.64207155 0.01362829 0.00426252 0.00687156 0.03791791 0.11154126 0.13200424 0.08484642 0.20687809 0.09469078 0.20302746 0.06065896 0.04367251
15.00300060 6.63568976 0.01325047 0.00420257 0.00645655 0.03624103 0.11171960 0.11885185 0.08756855 0.18321389 0.09431588 0.24125360 0.06019335 0.04273266
15.20304061 6.62411343 0.01194277 0.00470553 0.00628249 0.03264210 0.12078400 0.11162650 0.08526222 0.16723872 0.09706003 0.25305351 0.06018817 0.04921396
15.40308062 6.62664733 0.01215489 0.00453361 0.00623279 0.03289608 0.11665829 0.11674245 0.08338765 0.17530450 0.10048261 0.24597801 0.06293778 0.04269136
15.60312062 6.62858246 0.01295876 0.00434440 0.00568289 0.03415447 0.12031277 0.12855354 0.08248565 0.19500509 0.09798247 0.21117029 0.06287465 0.04447502
15.80316063 6.62477934 0.01201399 0.00491266 0.00643812 0.03413748 0.12228394 0.14988504 0.08644876 0.18859013 0.10485545 0.19541517 0.05949912 0.03552013
16.00320064 6.61582238 0.01248830 0.00500132 0.00542231 0.03671212 0.12122148 0.14811157 0.08302202 0.19455168 0.10686899 0.18083218 0.06588611 0.03988190
16.20324065 6.60586266 0.01334929 0.00492329 0.00643908 0.03700826 0.12059861 0.12287640 0.08364064 0.19590851 0.10728628 0.19928894 0.06755111 0.04112959
16.40328066 6.60281844 0.01324051 0.00489605 0.00753148 0.03362759 0.11991083 0.11741865 0.08685388 0.16080303 0.10843288 0.23863311 0.06590630 0.04274570
16.60332066 6.59249255 0.01402400 0.00494165 0.00673238 0.03690649 0.11762498 0.10667879 0.08871444 0.18461134 0.11051978 0.22616575 0.06419908 0.03888130
16.80336067 6.59150317 0.01123006 0.00484638 0.00595336 0.03616270 0.11730461 0.12508769 0.08899205 0.15150045 0.11014523 0.23922553 0.06871166 0.04084027
17.00340068 6.59092559 0.01233701 0.00515171 0.00654114 0.03182885 0.11564015 0.12004952 0.09074135 0.17591259 0.11356227 0.21954730 0.06890445 0.03978366
17.20344069 6.58621895 0.01441435 0.00508919 0.00599577 0.03320230 0.11844773 0.11877353 0.09230886 0.21360577 0.11330239 0.17805553 0.06885176 0.03795281
17.40348070 6.58441495 0.01051906 0.00528391 0.00542959 0.03229920 0.11680446 0.14986950 0.09341666 0.17086335 0.11627588 0.19502139 0.06821902 0.03599797
17.60352070 6.57616854 0.01164329 0.00534136 0.00465802 0.03134163 0.11702472 0.13466764 0.09178619 0.18804127 0.11604074 0.18785702 0.07580692 0.03579120
17.80356071 6.56948777 0.01117760 0.00519731 0.00454744 0.03165411 0.11207566 0.12078386 0.10107912 0.17979112 0.11488073 0.21058284 0.07076712 0.03746312
18.00360072 6.56237457 0.01253608 0.00527871 0.00560661 0.02755444 0.11370779 0.11105947 0.10177591 0.16641975 0.11811163 0.23499633 0.06512589 0.03782738
18.20364073 6.55645544 0.01134231 0.00519898 0.00494298 0.02901191 0.11198552 0.10499673 0.09762088 0.16583654 0.11750187 0.23483412 0.07369268 0.04303547
18.40368074 6.55280793 0.01123653 0.00540608 0.00491512 0.03200908 0.10874726 0.11679280 0.09906826 0.17599035 0.12149977 0.21717264 0.07127856 0.03588356
18.60372074 6.55363595 0.01077333 0.00522679 0.00458649 0.02954486 0.11115164 0.13643083 0.10389164 0.18657172 0.11950550 0.18830890 0.06822436 0.03578394
18.80376075 6.55231175 0.01077251 0.00514740 0.00517153 0.02700426 0.11408519 0.14896375 0.09765119 0.17663623 0.12262949 0.18992863 0.07048665 0.03152316
19.00380076 6.53983738 0.01194514 0.00517547 0.00524016 0.02994520 0.11256212 0.12216780 0.09643305 0.19456344 0.12518521 0.18210665 0.07464408 0.04003167
19.20384077 6.53264345 0.00957180 0.00545913 0.00312525 0.02802733 0.11643102 0.11443819 0.10408923 0.16909237 0.12609517 0.21380626 0.07192538 0.03793887
19.40388078 6.52311528 0.01061268 0.00521301 0.00426170 0.02917242 0.11993538 0.10310976 0.10474189 0.16941216 0.12965228 0.22148487 0.06645738 0.03594648
19.60392078 6.51688398 0.01057129 0.00513220 0.00506539 0.03168045 0.11889640 0.11185736 0.10528585 0.15665559 0.12809765 0.22172142 0.07058782 0.03444858
19.80396079 6.51564250 0.01128941 0.00552221 0.00619118 0.02875367 0.11899667 0.11250865 0.10473901 0.14989917 0.12929177 0.22025575 0.07345026 0.03910225
20.00400080 6.51347128 0.01342823 0.00515716 0.00637842 0.03375794 0.12883035 0.10519379 0.10446679 0.18660384 0.12479657 0.18113182 0.07274905 0.03750605
20.20404081 6.51601230 0.01073481 0.00520929 0.00580150 0.03238758 0.13388609 0.13037039 0.10504072 0.16983113 0.12728293 0.17641129 0.07058090 0.03246337
20.40408082 6.51212730 0.01029735 0.00507364 0.00440186 0.02972359 0.13217221 0.13145321 0.10681131 0.17322512 0.12400719 0.17646246 0.07393558 0.03243647
20.60412082 6.50340106 0.01166446 0.00488260 0.00580682 0.02906741 0.13252717 0.12243654 0.10461806 0.17339355 0.12452276 0.18437066 0.07144933 0.03526065
20.80416083 6.49576278 0.01125894 0.00529397 0.00620595 0.02936092 0.13873154 0.10625094 0.10452447 0.15812193 0.12461360 0.20882401 0.07083635 0.03597739
21.00420084 6.48819430 0.00919979 0.00494142 0.00323766 0.02708802 0.13881557 0.09256965 0.10875375 0.15570636 0.12568364 0.22095329 0.07180553 0.04124529
21.20424085 6.48718424 0.01019180 0.00493965 0.00480567 0.02743140 0.13414230 0.10416654 0.10834613 0.15187190 0.12563329 0.21668734 0.07493856 0.03684543
21.40428086 6.48021445 0.01118923 0.00500011 0.00546126 0.02731820 0.13726214 0.11369513 0.10539259 0.17478725 0.12318741 0.18931948 0.07315767 0.03422952
21.60432086 6.48052781 0.01078035 0.00510924 0.00516479 0.02677723 0.14140686 0.13146026 0.09997176 0.16715779 0.12837183 0.17512466 0.07314023 0.03553500
21.80436087 6.47187026 0.01007361 0.00500096 0.00481750 0.03044205 0.13881481 0.12491914 0.10194824 0.17689969 0.13014364 0.17234126 0.07209227 0.03250683
22.00440088 6.46542188 0.00971074 0.00528461 0.00351209 0.02762318 0.13615982 0.11374702 0.10388882 0.17274065 0.13355411 0.18427597 0.07311256 0.03639043
22.20444089 6.45665724 0.00981712 0.00518799 0.00471307 0.02581168 0.13830052 0.11218750 0.10412650 0.15785375 0.13273299 0.20578523 0.06965193 0.03383174
22.40448090 6.44124359 0.01053991 0.00528487 0.00476942 0.02680388 0.13143316 0.09971491 0.10241651 0.15896605 0.13420931 0.21367102 0.07465607 0.03753488
22.60452090 6.43686889 0.00920987 0.00520108 0.00422945 0.02870660 0.12802963 0.10875545 0.09941185 0.14680130 0.13615804 0.22045225 0.07719932 0.03584516
22.80456091 6.43166681 0.00992436 0.00538261 0.00376610 0.02499481 0.12693269 0.10674918 0.10110351 0.17133573 0.13708077 0.19948407 0.07750035 0.03574583
23.00460092 6.42962975 0.01098862 0.00541869 0.00450198 0.02243107 0.13088878 0.12273732 0.10164920 0.17759098 0.13786155 0.17967185 0.07218170 0.03407826
23.20464093 6.42624369 0.00925423 0.00524393 0.00405891 0.02197880 0.13249515 0.12992814 0.10173101 0.17291079 0.13856063 0.17669278 0.07396921 0.03317642
23.40468094 6.41704857 0.00985865 0.00564827 0.00291371 0.02237987 0.12885119 0.12360446 0.09848186 0.17380048 0.14013529 0.18233644 0.07888330 0.03310647
23.60472094 6.40710555 0.00945123 0.00547888 0.00323177 0.02282122 0.12696643 0.11368547 0.10337303 0.16778191 0.13882781 0.19771399 0.07735377 0.03331449
23.80476095 6.39435497 0.01086322 0.00568748 0.00422337 0.02128232 0.13030643 0.09870362 0.10530262 0.16017215 0.14196060 0.21163617 0.07474278 0.03511922
24.00480096 6.38944162 0.00954372 0.00568905 0.00374905 0.02446373 0.12811064 0.10095865 0.10377892 0.14831740 0.14009487 0.22041918 0.07832645 0.03654834
24.20484097 6.38536673 0.01224948 0.00563939 0.00589274 0.02905038 0.12327934 0.10097853 0.10019080 0.16928112 0.14384844 0.19603288 0.07904195 0.03451495
24.40488098 6.38396392 0.01077136 0.00545418 0.00464029 0.02551686 0.12628644 0.12149154 0.10088766 0.16647377 0.14134528 0.18723620 0.07402637 0.03587005
24.60492098 6.38462159 0.01071056 0.00533425 0.00559861 0.02896018 0.12373041 0.13065392 0.10184771 0.16932190 0.14039458 0.17828293 0.07269298 0.03247197
24.80496099 6.38024324 0.01192944 0.00556544 0.00582159 0.02827129 0.12426410 0.11456897 0.09927963 0.18129204 0.14090799 0.17708045 0.07598277 0.03503629
25.00500100 6.37853162 0.00974049 0.00554205 0.00492349 0.02665901 0.12955909 0.11578537 0.10000772 0.15571326 0.14009155 0.19913229 0.07679952 0.03604617
25.20504101 6.36800889 0.01006066 0.00571744 0.00465778 0.02993690 0.12918917 0.10270977 0.10098765 0.15985233 0.14504623 0.19820182 0.07705943 0.03658081
25.40508102 6.36454361 0.00940524 0.00565118 0.00457308 0.02440350 0.13162694 0.10074646 0.10334078 0.14873870 0.14426421 0.21287059 0.07911682 0.03526251
25.60512102 6.36287083 0.01024857 0.00570165 0.00490331 0.02109224 0.13013989 0.10095266 0.10473315 0.15534092 0.14603650 0.20498512 0.07738874 0.03847726
25.80516103 6.35804778 0.01043618 0.00554608 0.00489653 0.02163681 0.13441884 0.11077777 0.10701217 0.17153079 0.14209509 0.18151004 0.07292774 0.03721195
26.00520104 6.35785709 0.01068670 0.00525650 0.00560880 0.02142944 0.13419621 0.12774969 0.10528169 0.15996846 0.14308479 0.17917229 0.07218074 0.03538470
26.20524105 6.35254327 0.01006904 0.00531022 0.00410910 0.02176846 0.13416299 0.11775390 0.10547104 0.17141401 0.14405619 0.17579035 0.07499948 0.03509522
26.40528106 6.34407488 0.00969367 0.00527798 0.00419147 0.02202782 0.13682921 0.11476369 0.10389606 0.16384362 0.14242195 0.18609991 0.07557472 0.03537990
26.60532106 6.33790823 0.00985190 0.00511437 0.00408292 0.02234771 0.13995602 0.11187028 0.10239876 0.15944746 0.14279403 0.19406672 0.07173675 0.03633308
26.80536107 6.33008146 0.00968973 0.00483842 0.00412467 0.02509980 0.13637337 0.10407584 0.10388277 0.15257700 0.14144814 0.20648317 0.07345723 0.03794988
27.00540108 6.33077535 0.01191169 0.00483362 0.00577179 0.02766637 0.13126696 0.10048261 0.10810754 0.15530125 0.14351891 0.20203802 0.07227289 0.03682835
27.20544109 6.32670111 0.00963277 0.00499126 0.00465932 0.03015611 0.13753251 0.11158445 0.10488333 0.16292841 0.14495600 0.18547061 0.06763682 0.03556839
27.40548110 6.32721314 0.00900974 0.00496774 0.00450896 0.02791176 0.13892833 0.12180246 0.10227373 0.15621885 0.14545928 0.17800315 0.07437084 0.03654515
27.60552110 6.32248060 0.01020124 0.00495744 0.00547486 0.02955347 0.13183752 0.11311477 0.10444130 0.17142332 0.14868246 0.17441797 0.07208119 0.03381444
27.80556111 6.31835434 0.01045580 0.00486865 0.00572690 0.02600826 0.13486425 0.11391564 0.10631234 0.16157580 0.14633401 0.18064882 0.06962068 0.03966885
28.00560112 6.30410125 0.01039913 0.00522719 0.00488724 0.02530513 0.13857312 0.10793232 0.10226349 0.16188695 0.14636199 0.19080566 0.06957412 0.03678365
28.20564113 6.30228525 0.00950704 0.00509482 0.00551238 0.02612308 0.13363826 0.10650302 0.10770464 0.14512560 0.14695107 0.19962144 0.07061113 0.04360753
28.40568114 6.29864263 0.01092860 0.00504957 0.00633784 0.02577176 0.13341895 0.10312123 0.11288472 0.14788215 0.14568879 0.19796449 0.07295788 0.03799402
28.60572114 6.29071027 0.01061385 0.00502354 0.00541367 0.02575954 0.13649948 0.10516780 0.10691467 0.15964922 0.14819066 0.18353849 0.07537156 0.03785750
28.80576115 6.28814218 0.00940225 0.00515868 0.00491907 0.02934426 0.13403568 0.11472964 0.10506408 0.15145779 0.14788511 0.18212375 0.07785637 0.03802331
29.00580116 6.28411725 0.00988556 0.00519150 0.00451418 0.02393471 0.13466360 0.11065092 0.11046141 0.16426030 0.14883827 0.17447415 0.07684514 0.03628026
29.20584117 6.27912716 0.00902273 0.00530752 0.00426550 0.02127507 0.14018900 0.11534672 0.11232051 0.15891451 0.15009113 0.17542983 0.07209176 0.03574572
29.40588118 6.26661947 0.00926880 0.00538219 0.00430164 0.02247575 0.13900011 0.11205119 0.10775267 0.15378108 0.14999466 0.18343383 0.07787029 0.03468779
29.60592118 6.25794172 0.00984611 0.00584917 0.00441408 0.02063300 0.13153467 0.10213866 0.11161849 0.15126478 0.15399193 0.19045057 0.07900566 0.03925289
29.80596119 6.25271526 0.00920042 0.00586524 0.00400043 0.02283498 0.13879925 0.09802460 0.11513360 0.14757649 0.14942731 0.19576720 0.07877452 0.03459596
30.00600120 6.24405885 0.01002886 0.00611163 0.00485881 0.02379300 0.14659080 0.09787783 0.11333236 0.14945478 0.15825737 0.17915868 0.07570775 0.03482813
30.20604121 6.23872390 0.00991572 0.00584449 0.00488659 0.02311146 0.13860237 0.11655912 0.11057174 0.14710163 0.15414033 0.16831150 0.08884099 0.03211406
30.40608122 6.23577318 0.01002917 0.00603322 0.00502976 0.02046397 0.13650381 0.11200288 0.11490890 0.15258421 0.15726179 0.16351552 0.08729220 0.03437458
30.60612122 6.22900257 0.01010338 0.00605683 0.00525625 0.02466204 0.14735172 0.10487868 0.11033543 0.15124887 0.15952982 0.16878438 0.07872612 0.03306647
30.80616123 6.22226098 0.00885784 0.00600588 0.00327116 0.02301076 0.15000231 0.09924355 0.11125431 0.15265339 0.15722683 0.17079535 0.08351059 0.03416804
31.00620124 6.21855013 0.00791346 0.00615496 0.00342008 0.01564483 0.14153572 0.10624994 0.11451906 0.13904720 0.16226676 0.18307315 0.08752342 0.03265142
31.20624125 6.21458697 0.00929420 0.00584011 0.00501883 0.01892265 0.14289011 0.10174338 0.11536778 0.13796537 0.15895357 0.18570257 0.08494834 0.03335309
31.40628126 6.21214929 0.00906783 0.00598123 0.00396573 0.02271878 0.14811708 0.09870211 0.10869120 0.15082844 0.16127343 0.17668477 0.07993697 0.03403244
31.60632126 6.21029585 0.00747068 0.00598187 0.00271774 0.01939994 0.14714318 0.10970103 0.11004367 0.14460021 0.15983895 0.17421552 0.08299224 0.03589498
31.80636127 6.20542000 0.00907578 0.00598818 0.00438989 0.02290770 0.13968244 0.10657716 0.11729233 0.15419476 0.15827866 0.16384189 0.08475830 0.03301290
32.00640128 6.19368932 0.00862098 0.00585293 0.00374969 0.02076078 0.14277341 0.11387564 0.11654513 0.14801503 0.16341825 0.16771603 0.07741019 0.03126193
32.20644129 6.18524599 0.00838597 0.00585133 0.00302408 0.01819538 0.14910849 0.11221044 0.11042324 0.14787514 0.16001453 0.17099783 0.08060233 0.03331125
32.40648130 6.17795172 0.00892419 0.00613418 0.00390383 0.02077537 0.13876255 0.09928749 0.11182386 0.14347498 0.16614843 0.18385440 0.08313090 0.03377984
32.60652130 6.16950700 0.00932974 0.00590126 0.00407819 0.02345817 0.13283137 0.09088383 0.11924709 0.13998148 0.16268757 0.18822470 0.08733262 0.03604397
32.80656131 6.16106461 0.00922713 0.00591126 0.00374529 0.02315658 0.13621199 0.10131802 0.11620204 0.14640359 0.16647950 0.17995409 0.07919511 0.03219539
33.00660132 6.15606523 0.00964922 0.00580480 0.00467876 0.02223326 0.13844702 0.11566278 0.11258021 0.14285359 0.16554058 0.16513710 0.08362730 0.03378538
33.20664133 6.14956271 0.00931203 0.00595936 0.00486195 0.02671463 0.13928752 0.10864627 0.11417044 0.14809315 0.16926469 0.16177818 0.08331790 0.02859388
33.40668134 6.14524444 0.00882923 0.00570596 0.00319213 0.02340359 0.13943862 0.10405720 0.11820798 0.14806055 0.16991269 0.16280698 0.08273466 0.03365040
33.60672134 6.13407827 0.00965562 0.00569532 0.00429057 0.02352749 0.14341300 0.10577845 0.11106686 0.15090984 0.16912778 0.16148183 0.08269695 0.03235628
33.80676135 6.12795793 0.00897099 0.00584070 0.00472180 0.01820856 0.14246618 0.10481180 0.11271938 0.13851747 0.16984369 0.17426358 0.08512996 0.03450589
34.00680136 6.12111665 0.00855550 0.00569258 0.00350923 0.02390463 0.13995198 0.09974189 0.11272314 0.13416649 0.17110446 0.18166034 0.08452776 0.03446201
34.20684137 6.11343429 0.00847553 0.00568236 0.00308323 0.02262945 0.14358404 0.09495675 0.11628064 0.14396996 0.16825839 0.17653535 0.08219450 0.03434982
34.40688138 6.11314809 0.00973401 0.00566715 0.00441477 0.02314630 0.13972867 0.10505802 0.11551019 0.13505384 0.17134632 0.17232255 0.08174758 0.03627060
34.60692138 6.10752900 0.00909856 0.00567416 0.00479911 0.02169831 0.14264738 0.10914412 0.11560632 0.14345595 0.16848585 0.16399654 0.08358621 0.03180751
34.80696139 6.10317132 0.00792348 0.00589498 0.00311576 0.02271028 0.14427095 0.11078034 0.11597044 0.14437867 0.16805718 0.15818794 0.08380636 0.03490361
35.00700140 6.09528790 0.00851660 0.00600971 0.00373960 0.02322391 0.14498219 0.10844530 0.11885517 0.14044038 0.17113516 0.15702313 0.08301768 0.03461117
35.20704141 6.08521635 0.01051943 0.00573620 0.00584037 0.02318789 0.14481112 0.10196329 0.11858680 0.13744279 0.16840271 0.16100831 0.08846308 0.03403800
35.40708142 6.07289585 0.01003496 0.00617256 0.00539392 0.02612963 0.14662557 0.09318565 0.11701922 0.12704740 0.17598205 0.17179877 0.08620051 0.03440976
35.60712142 6.06734985 0.00959997 0.00586645 0.00442010 0.02546723 0.14624379 0.09119591 0.12020506 0.13442133 0.17291519 0.16765684 0.08476941 0.03723871
35.80716143 6.06309594 0.00895249 0.00612261 0.00498113 0.02583066 0.14918493 0.10153624 0.11897073 0.13033347 0.17872308 0.15975738 0.08099856 0.03460871
36.00720144 6.05452734 0.00988564 0.00604410 0.00569380 0.02965494 0.14832633 0.10009020 0.11735953 0.13296678 0.17430470 0.15137693 0.08996525 0.03433179
36.20724145 6.05234261 0.00861266 0.00644097 0.00393641 0.02581916 0.14847449 0.09819962 0.11962483 0.13715224 0.18257805 0.14903709 0.08688157 0.03324291
36.40728146 6.04641529 0.00980593 0.00618733 0.00574731 0.02713576 0.15287360 0.09791252 0.11650300 0.13503154 0.18025452 0.14724748 0.08818146 0.03311955
36.60732146 6.03399011 0.01071242 0.00603585 0.00701156 0.02982203 0.14543735 0.09916863 0.11546938 0.13372027 0.17994231 0.15038573 0.09111503 0.03117946
36.80736147 6.03298417 0.00932507 0.00616956 0.00561891 0.02767962 0.14184303 0.09692008 0.12046477 0.12419300 0.18392514 0.16383017 0.08359739 0.03643324
37.00740148 6.02892525 0.00938261 0.00570504 0.00448532 0.03088493 0.14555863 0.08851580 0.12323091 0.13150132 0.17808303 0.16485120 0.08142230 0.03637890
37.20744149 6.02267868 0.00946580 0.00610155 0.00602904 0.03231033 0.14252489 0.08838993 0.11851366 0.12996366 0.18221737 0.16026782 0.08664243 0.03757352
37.40748150 6.01549264 0.01017272 0.00581447 0.00673033 0.03618566 0.13957797 0.09495731 0.11890274 0.12684151 0.17789108 0.15889131 0.08981366 0.03422125
37.60752150 6.01190909 0.00915967 0.00592770 0.00523371 0.03566050 0.14178189 0.09680454 0.12470182 0.13251334 0.17946217 0.14631576 0.08612632 0.03631256
37.80756151 6.01129352 0.00856586 0.00607666 0.00563581 0.03006803 0.14847886 0.10047799 0.11812327 0.13431010 0.18464716 0.14660284 0.08467395 0.03233946
38.00760152 6.00751441 0.01015796 0.00584740 0.00591842 0.02799964 0.14718431 0.09385049 0.11793803 0.13577807 0.18123726 0.15013360 0.08979291 0.03416191
38.20764153 6.00329178 0.00898592 0.00580961 0.00484207 0.02529130 0.14652027 0.08970817 0.12166583 0.12911579 0.18535281 0.15924215 0.08465139 0.03881470
38.40768154 5.99954488 0.00941445 0.00594527 0.00545635 0.02777931 0.14640415 0.08704985 0.12336547 0.12833574 0.18539948 0.16164397 0.08288555 0.03632043
38.60772154 5.99272338 0.00937142 0.00600351 0.00602716 0.02918470 0.15637352 0.09373579 0.11663965 0.12302922 0.18581896 0.15377743 0.08516427 0.03487437
38.80776155 5.98859161 0.00877170 0.00586219 0.00507355 0.02522912 0.15041753 0.09775097 0.11979456 0.12512785 0.18779376 0.14893537 0.09013186 0.03511154
39.00780156 5.98986021 0.00910368 0.00590486 0.00548931 0.02516075 0.15002652 0.09075165 0.12309401 0.12986980 0.18531933 0.14617193 0.09165519 0.03745297
39.20784157 5.99028980 0.00856228 0.00588930 0.00516319 0.02414667 0.15745708 0.10022482 0.11979585 0.12838783 0.18564416 0.14459924 0.08521352 0.03491606
39.40788158 5.97763060 0.00942274 0.00577266 0.00544878 0.03132380 0.15996451 0.09795426 0.11315030 0.13019740 0.18550340 0.14296829 0.08360904 0.03468483
39.60792158 5.96583363 0.00895080 0.00582889 0.00618656 0.03102982 0.15588509 0.09077159 0.11827783 0.11757968 0.18723376 0.15486941 0.08677434 0.03661224
39.80796159 5.95971117 0.00927238 0.00591819 0.00578919 0.02766068 0.15588909 0.08491057 0.12331221 0.11724633 0.18852738 0.15788754 0.08635303 0.03723339
40.00800160 5.95145889 0.00866576 0.00618645 0.00487471 0.02546224 0.15509941 0.08737612 0.11539216 0.12343936 0.19293186 0.15460371 0.08839003 0.03757820
40.20804161 5.94751461 0.00818808 0.00606996 0.00502628 0.02662514 0.15763952 0.09105071 0.11169830 0.12297001 0.18948358 0.14937139 0.09510856 0.03676849
40.40808162 5.94431962 0.00877850 0.00608119 0.00557230 0.03043297 0.15233207 0.09129596 0.11685949 0.12298155 0.19401484 0.14244764 0.09271231 0.03649118
40.60812162 5.93945384 0.00847715 0.00605059 0.00491650 0.02551805 0.15431005 0.09810902 0.11994950 0.12844499 0.19347972 0.14221060 0.08621004 0.03232378
40.80816163 5.93209035 0.00937972 0.00611403 0.00512237 0.02696016 0.15999753 0.09434415 0.11192600 0.13074262 0.19177533 0.14076357 0.08618702 0.03668751
41.00820164 5.92444074 0.00804374 0.00618811 0.00488959 0.02888961 0.15663502 0.09274162 0.10878084 0.12248112 0.19328922 0.15564346 0.08910672 0.03331096
41.20824165 5.91660915 0.01008143 0.00594961 0.00544841 0.03058920 0.15108094 0.08748920 0.11410843 0.12471878 0.18882839 0.15279700 0.09003253 0.03887608
41.40828166 5.90849367 0.00956125 0.00631486 0.00582991 0.03014704 0.15040681 0.08953666 0.11332615 0.13007960 0.19332634 0.15282933 0.08462574 0.03401630
41.60832166 5.90490193 0.00941500 0.00626704 0.00572435 0.02857418 0.14951522 0.09369994 0.10934068 0.12214536 0.19356766 0.15379397 0.08930931 0.03864730
41.80836167 5.90140752 0.00951942 0.00607068 0.00512354 0.02876909 0.14362042 0.09446138 0.11681292 0.12985932 0.19056955 0.14830508 0.09292634 0.03396226
42.00840168 5.90057305 0.00868223 0.00623025 0.00517477 0.02548789 0.14842322 0.09959017 0.11605232 0.12971838 0.19444597 0.14574954 0.08284815 0.03759710
42.20844169 5.89357132 0.01018619 0.00632771 0.00581098 0.02543652 0.15319182 0.09859934 0.11322721 0.12997741 0.19205725 0.14356288 0.08719591 0.03442678
42.40848170 5.88582797 0.00920431 0.00641421 0.00542356 0.02878643 0.14746427 0.09221041 0.11100596 0.12596115 0.19462422 0.15141496 0.09049124 0.03699926
42.60852170 5.88094862 0.00898674 0.00636172 0.00458600 0.02989276 0.14943721 0.09307577 0.11178857 0.12251756 0.19353952 0.15740067 0.08687289 0.03554060
42.80856171 5.87381986 0.00925378 0.00629162 0.00578083 0.02474793 0.15022549 0.09542137 0.10976385 0.12914372 0.19251360 0.15100556 0.08720534 0.03864690
43.00860172 5.86611463 0.00913624 0.00648099 0.00523132 0.02419780 0.14548966 0.09996423 0.11263035 0.12240619 0.18941268 0.15759268 0.08998624 0.03747163
43.20864173 5.85707357 0.00932885 0.00624017 0.00502935 0.02650298 0.14511656 0.09635891 0.11589965 0.12755087 0.18866122 0.15173605 0.09008230 0.03749309
43.40868174 5.85456688 0.00878899 0.00638289 0.00482317 0.02225500 0.15275967 0.10067361 0.11608759 0.12880414 0.19056270 0.14690536 0.08620707 0.03574982
43.60872174 5.85045821 0.00964011 0.00610481 0.00499669 0.02087067 0.15279317 0.10502740 0.11186700 0.12858125 0.19342746 0.14693701 0.08380747 0.03594697
43.80876175 5.84267060 0.00852758 0.00599029 0.00413753 0.02239897 0.15062014 0.10074146 0.11057975 0.12729646 0.19271604 0.14648436 0.09409368 0.03641373
44.00880176 5.83973479 0.00945903 0.00597035 0.00522402 0.02061174 0.15575052 0.09768828 0.11311543 0.12189414 0.19549277 0.15328385 0.08767084 0.03383904
44.20884177 5.83906601 0.00909796 0.00595655 0.00457668 0.02057144 0.15749738 0.09086230 0.11477375 0.12967450 0.19596242 0.15022700 0.08380980 0.03699023
44.40888178 5.83474665 0.00850409 0.00591459 0.00381686 0.01759843 0.15470564 0.09416150 0.11581772 0.12457756 0.19686360 0.15429158 0.08669836 0.03705008
44.60892178 5.82967280 0.00806596 0.00598698 0.00373071 0.02080961 0.15276862 0.09590620 0.11591889 0.12463591 0.19536577 0.15257538 0.08795964 0.03627633
44.80896179 5.82659105 0.00918433 0.00634953 0.00443557 0.02045865 0.15405951 0.09512653 0.11600987 0.12949473 0.19791325 0.14750549 0.08766775 0.03179479
45.00900180 5.81922787 0.00848400 0.00619356 0.00436326 0.02168643 0.16200454 0.09600157 0.12130895 0.12160202 0.19691941 0.14298998 0.08557343 0.03287282
45.20904181 5.81731265 0.00826878 0.00596673 0.00379751 0.02247727 0.16054055 0.09329426 0.11779447 0.12347859 0.19603681 0.14423136 0.08966134 0.03445233
45.40908182 5.81195573 0.00817272 0.00607268 0.00491297 0.02491824 0.15711942 0.09211403 0.11227589 0.11967829 0.19841231 0.15097578 0.09011961 0.03522807
45.60912182 5.80631083 0.00944546 0.00580678 0.00474706 0.02242280 0.15965419 0.08910300 0.11844947 0.12226441 0.18971029 0.15339531 0.08637918 0.03862206
45.80916183 5.80583261 0.00878305 0.00610247 0.00550344 0.02369441 0.15582224 0.09379280 0.12124080 0.12295292 0.19967467 0.14762910 0.07915973 0.03564439
46.00920184 5.80023800 0.00812358 0.00591808 0.00459717 0.01899377 0.15251174 0.09678731 0.12571498 0.11871943 0.19561550 0.14609003 0.09023960 0.03668881
46.20924185 5.79938670 0.00720327 0.00592839 0.00379178 0.01841439 0.15199333 0.09524362 0.12175197 0.12313898 0.19978324 0.14392357 0.09254297 0.03628449
46.40928186 5.79140416 0.00839866 0.00616899 0.00444113 0.02112205 0.15443757 0.10102022 0.12011998 0.12345825 0.20287153 0.13956822 0.08440183 0.03399158
46.60932186 5.78451220 0.00809058 0.00559047 0.00439067 0.02578456 0.15319858 0.09280842 0.12310895 0.12553014 0.19498244 0.14156778 0.09111945 0.03382794
46.80936187 5.77942175 0.00780278 0.00619159 0.00343968 0.02577714 0.14919483 0.09023751 0.12342607 0.11532128 0.20487813 0.15134760 0.08630927 0.03607411
47.00940188 5.77343820 0.00926566 0.00581582 0.00520289 0.02494998 0.15740256 0.08817416 0.12090997 0.12065615 0.19849354 0.14702393 0.08737802 0.03472731
47.20944189 5.76845051 0.00949901 0.00584534 0.00580526 0.02639121 0.15251994 0.09211291 0.12479317 0.11996826 0.19986554 0.14661042 0.08297591 0.03361302
47.40948190 5.76256622 0.00860530 0.00605360 0.00457936 0.02313295 0.14871516 0.09376918 0.12285889 0.11677211 0.20331711 0.15000261 0.08705515 0.03513859
47.60952190 5.75459912 0.00875355 0.00598548 0.00419006 0.02699966 0.14841318 0.08911083 0.12590495 0.12764510 0.19749934 0.13758003 0.09419695 0.03372088
47.80956191 5.74598868 0.00845274 0.00618602 0.00486676 0.02766495 0.15125592 0.09722698 0.12204501 0.12036988 0.20650117 0.13687985 0.08801180 0.03053894
48.00960192 5.74255768 0.00866440 0.00600565 0.00466085 0.02636250 0.15702780 0.09301780 0.11990754 0.11987837 0.20146036 0.13772898 0.09159854 0.03368720
48.20964193 5.73535317 0.00781966 0.00609237 0.00403290 0.02502268 0.15100244 0.08938674 0.12318045 0.11782415 0.20495950 0.14659792 0.09276513 0.03131605
48.40968194 5.73046111 0.00851242 0.00626284 0.00412751 0.02280652 0.14934989 0.08729764 0.12133344 0.11601822 0.20716949 0.15076215 0.09188423 0.03447563
48.60972194 5.72612402 0.00864150 0.00617794 0.00480578 0.02289997 0.15918703 0.08336674 0.11933307 0.12297813 0.20556483 0.14981251 0.08573703 0.03149546
48.80976195 5.72437965 0.00714068 0.00613597 0.00295293 0.02307094 0.15594632 0.09199743 0.11944703 0.11931613 0.20363410 0.14709593 0.08883648 0.03442606
49.00980196 5.72190743 0.00844646 0.00627126 0.00457800 0.02189810 0.15051120 0.10093317 0.11917706 0.12231040 0.20470715 0.13902327 0.09333322 0.02881069
49.20984197 5.72160160 0.00827043 0.00623973 0.00430297 0.02505051 0.15555173 0.09786749 0.11665734 0.12433624 0.20469291 0.13507680 0.09285819 0.02909567
49.40988198 5.70635865 0.00887954 0.00617618 0.00481693 0.02785983 0.15632894 0.09033842 0.11308856 0.12475987 0.20705175 0.13942677 0.08735447 0.03391874
49.60992198 5.70241521 0.00903687 0.00597179 0.00570814 0.03181492 0.15075200 0.08813359 0.11101014 0.11527580 0.20446686 0.15159786 0.09179912 0.03443291
49.80996199 5.69428693 0.01002937 0.00596624 0.00715347 0.03340951 0.14940787 0.08733928 0.11431162 0.11659502 0.20307893 0.14894238 0.09123525 0.03253105
50.01000200 5.68680746 0.01068172 0.00623705 0.00685800 0.03270529 0.15842454 0.08627254 0.11296989 0.11623646 0.20727939 0.14505443 0.08508903 0.03219165
50.21004201 5.68531868 0.00837649 0.00597775 0.00519990 0.02987613 0.16002939 0.08677995 0.11357063 0.11358666 0.20077675 0.15060438 0.08964538 0.03557658
50.41008202 5.67804790 0.00881814 0.00635613 0.00484794 0.03068512 0.15407813 0.08408805 0.11435753 0.12754358 0.20588992 0.13842277 0.09331820 0.03159449
50.61012202 5.67319169 0.00769214 0.00620855 0.00425365 0.02748352 0.15640814 0.09650338 0.11515059 0.12106021 0.20284305 0.13557984 0.09338957 0.03342736
50.81016203 5.66299478 0.00846085 0.00635481 0.00496100 0.03098204 0.15610048 0.10008073 0.11667187 0.11905129 0.20430607 0.13212224 0.09056667 0.03034194
51.01020204 5.66072078 0.00909316 0.00643387 0.00585901 0.02883723 0.15753152 0.08787120 0.11291487 0.12039851 0.20692059 0.13908134 0.09219906 0.03285965
51.21024205 5.65749110 0.00896610 0.00624112 0.00449556 0.02539280 0.15698385 0.08352504 0.11668096 0.11551243 0.20346619 0.15036968 0.09662779 0.03173848
51.41028206 5.65673920 0.00794832 0.00638596 0.00347493 0.02304868 0.15902320 0.08784294 0.11776523 0.11467465 0.20952544 0.14566651 0.08930007 0.03534407
