0.00000000 12.00000000 0.00000000 0.00000000 0.00000000 0.00000000 0.00000000 0.00000000 0.00000000 1.00000000 0.00000000 0.00000000 0.00000000 0.00000000
0.10000500 12.00231267 0.01740563 0.00086715 0.00504652 0.08581911 0.09714170 0.13050486 0.03399577 0.49365438 0.04520390 0.05493979 0.01079150 0.02462970
0.20001000 11.99960674 0.00646247 0.00080361 0.00308521 0.04159397 0.16565123 0.23010741 0.05423285 0.27553518 0.05339918 0.11711791 0.01991313 0.03209785
0.30001500 11.99679310 0.00364509 0.00076448 0.00159777 0.02766231 0.18014230 0.23568106 0.06490690 0.19352708 0.07003957 0.15370012 0.03214676 0.03618657
0.40002000 11.99138190 0.00392097 0.00078629 0.00224048 0.03044223 0.18925201 0.21409450 0.06535342 0.15061818 0.08558590 0.17306259 0.04502237 0.03962105
0.50002500 11.98819714 0.00309465 0.00086802 0.00154538 0.02011610 0.20342830 0.20747837 0.08104059 0.11953277 0.08590284 0.17736720 0.05476024 0.04486553
0.60003000 11.98422799 0.00322042 0.00071531 0.00153162 0.01619370 0.20526581 0.20079953 0.09129523 0.10998327 0.08504789 0.18383783 0.05567576 0.04643363
0.70003500 11.97857368 0.00288809 0.00082592 0.00141543 0.02158256 0.21366832 0.18557776 0.10151923 0.09243898 0.09174981 0.17906356 0.06423672 0.04503363
0.80004000 11.96745300 0.00275381 0.00103495 0.00174115 0.02278029 0.21999757 0.17253403 0.11428275 0.07253590 0.10126900 0.17344172 0.07541573 0.04221311
0.90004500 11.96272295 0.00244132 0.00093949 0.00168947 0.02173736 0.22469779 0.16186478 0.11398322 0.07056405 0.10054563 0.17229532 0.08383386 0.04540771
1.00005000 11.95782334 0.00209134 0.00083627 0.00122108 0.01165836 0.22451835 0.16870698 0.12248337 0.07317789 0.09390800 0.16762501 0.08625400 0.04751934
1.10005500 11.95584904 0.00232991 0.00084275 0.00152349 0.01741413 0.23726972 0.16963348 0.13121748 0.06176491 0.08463953 0.15254416 0.09403051 0.04678991
1.20006000 11.94829136 0.00231108 0.00083552 0.00174561 0.02032622 0.24612368 0.16844863 0.13951379 0.05387771 0.08638333 0.13985599 0.09314369 0.04743477
1.30006500 11.94200177 0.00194760 0.00084299 0.00120115 0.00920313 0.25337376 0.17035342 0.15080227 0.05885694 0.08576180 0.13089540 0.09121919 0.04554236
1.40007000 11.93596662 0.00200943 0.00086083 0.00105351 0.01487600 0.26559049 0.17017172 0.15782561 0.05821419 0.08440943 0.11688251 0.09131364 0.03679264
1.50007500 11.93045603 0.00218068 0.00092658 0.00117404 0.01461864 0.28181056 0.16213992 0.16841111 0.05866704 0.08590892 0.09810746 0.08894282 0.03711223
1.60008000 11.92360932 0.00226964 0.00085162 0.00117680 0.01534478 0.29474949 0.15822410 0.17227400 0.05942100 0.08516824 0.08975115 0.08495664 0.03581253
1.70008500 11.91738405 0.00218196 0.00083879 0.00137092 0.01543810 0.30849806 0.15043639 0.17389970 0.05269959 0.08079702 0.09168464 0.08796643 0.03418840
1.80009000 11.90744195 0.00202170 0.00084522 0.00114603 0.01335350 0.32656099 0.14257249 0.18082330 0.05033289 0.08274979 0.07880585 0.08702070 0.03376755
1.90009500 11.90121460 0.00196738 0.00082228 0.00120948 0.01622062 0.33489376 0.13209222 0.18234989 0.04817978 0.07841448 0.07551391 0.09351960 0.03481660
2.00010001 11.89092290 0.00168810 0.00085242 0.00090743 0.00970214 0.34974209 0.13419906 0.18227053 0.04560892 0.08100626 0.06702839 0.09612870 0.03086596
2.10010501 11.88688145 0.00193211 0.00086212 0.00120686 0.01609815 0.34952882 0.12098954 0.19080779 0.04483272 0.08547323 0.06072845 0.09732804 0.03021218
2.20011001 11.87797163 0.00133409 0.00082814 0.00096549 0.01289014 0.35796730 0.12360085 0.19744708 0.03086870 0.08232802 0.05848457 0.10342947 0.02985616
2.30011501 11.87502392 0.00139390 0.00086204 0.00096345 0.01024957 0.35860481 0.11629331 0.20652279 0.03030547 0.08429685 0.05547478 0.10971351 0.02531953
2.40012001 11.87064476 0.00157591 0.00086550 0.00102443 0.01373597 0.36767896 0.10929275 0.21052874 0.03129993 0.07797433 0.04646538 0.11695248 0.02260564
2.50012501 11.86506270 0.00124892 0.00078662 0.00083306 0.01467864 0.37183756 0.10839438 0.21270702 0.02591518 0.07894385 0.05056660 0.11172494 0.02236323
2.60013001 11.85784373 0.00160533 0.00073844 0.00140519 0.02092710 0.36912163 0.10539407 0.21403715 0.02167198 0.07262646 0.05202854 0.11147632 0.02896780
2.70013501 11.85120161 0.00104806 0.00083281 0.00084008 0.01116103 0.37783598 0.10573962 0.21963982 0.02170356 0.07273595 0.04538535 0.11695543 0.02612230
2.80014001 11.84473500 0.00125528 0.00082615 0.00101091 0.01148999 0.38066489 0.09956539 0.21790568 0.02355724 0.07571468 0.04444051 0.11488861 0.02868068
2.90014501 11.83594349 0.00169500 0.00071478 0.00132067 0.01465338 0.38217565 0.10262414 0.22182667 0.03224684 0.06786438 0.04098850 0.10941852 0.02447147
3.00015001 11.82726832 0.00113712 0.00079390 0.00082220 0.00747292 0.38970043 0.10105575 0.22050742 0.02694296 0.07442134 0.03889442 0.11257691 0.02567463
3.10015501 11.81366380 0.00142061 0.00074360 0.00115504 0.01273874 0.38866387 0.09706575 0.22435395 0.02258576 0.06784185 0.04469778 0.11439672 0.02433632
3.20016001 11.80823189 0.00126152 0.00072696 0.00076866 0.00842478 0.38938140 0.09699987 0.22377587 0.02306792 0.06944948 0.05244696 0.11466628 0.01903030
3.30016501 11.80694711 0.00104425 0.00069199 0.00075379 0.00856651 0.39443247 0.10051221 0.22041139 0.02035211 0.06996833 0.04851115 0.11449582 0.02025997
3.40017001 11.79961038 0.00098879 0.00068990 0.00068207 0.00894439 0.39393235 0.09925998 0.22809601 0.02014320 0.06268193 0.05022761 0.11459980 0.01975396
3.50017501 11.78936040 0.00097045 0.00065688 0.00089787 0.00716184 0.39674710 0.09104071 0.23781057 0.01979076 0.05572251 0.04759415 0.11306293 0.02854422
3.60018001 11.78259410 0.00110914 0.00065830 0.00114961 0.01154763 0.39397830 0.09077110 0.24036896 0.01811638 0.05439414 0.04343012 0.11260031 0.03187602
3.70018501 11.77100561 0.00082509 0.00073136 0.00062040 0.00394978 0.39223393 0.08987630 0.24643072 0.01974861 0.05495569 0.04601602 0.11764829 0.02696380
3.80019001 11.75906315 0.00112828 0.00074476 0.00074800 0.00701540 0.39421485 0.08833523 0.23990776 0.02520402 0.05574243 0.04462130 0.11939021 0.02294778
3.90019501 11.75609147 0.00091509 0.00075380 0.00066916 0.00662990 0.39842782 0.08939401 0.23822806 0.02185868 0.05353446 0.04304298 0.12305587 0.02349019
4.00020001 11.74942327 0.00103749 0.00069663 0.00070589 0.00772560 0.39803693 0.08615185 0.24552274 0.02387852 0.04949329 0.03764292 0.12625041 0.02285773
4.10020501 11.74009139 0.00122332 0.00070170 0.00105774 0.01552520 0.39294487 0.08224718 0.24686355 0.02176714 0.04366956 0.03931348 0.12982032 0.02486593
4.20021001 11.73422171 0.00119776 0.00062785 0.00094920 0.01006289 0.39549190 0.08582657 0.24877047 0.02191595 0.04143684 0.04516735 0.12767294 0.02088029
4.30021501 11.72106969 0.00087558 0.00065875 0.00063330 0.00845746 0.38957176 0.09880375 0.24768864 0.01904720 0.04589655 0.04374601 0.12618430 0.01843669
4.40022001 11.71259572 0.00080962 0.00066588 0.00048679 0.00483265 0.39339098 0.09505305 0.25457256 0.01829926 0.04262421 0.03986950 0.13074638 0.01864914
4.50022501 11.70803561 0.00101673 0.00066659 0.00063811 0.01100047 0.39432509 0.08870348 0.25621216 0.01745167 0.03990170 0.04033799 0.13289446 0.01685155
4.60023001 11.70152056 0.00083210 0.00062767 0.00053541 0.00511836 0.39851033 0.08911822 0.26006131 0.01811683 0.03814157 0.03743412 0.13265912 0.01884496
4.70023501 11.69351033 0.00097718 0.00064924 0.00051809 0.00899028 0.39726968 0.07912454 0.26584954 0.02262572 0.03753021 0.03824344 0.13470133 0.01352075
4.80024001 11.67998066 0.00109338 0.00076666 0.00069978 0.01347747 0.40291786 0.07260521 0.25651576 0.02122398 0.04686377 0.03564859 0.13493595 0.01325158
4.90024501 11.67316321 0.00101627 0.00075826 0.00071948 0.01064924 0.40491363 0.07401787 0.25904084 0.01682045 0.04268116 0.03228833 0.14260611 0.01448838
5.00025001 11.66992626 0.00080446 0.00066022 0.00045954 0.00571787 0.40512561 0.07615500 0.26406215 0.01742422 0.04347175 0.03222914 0.14068026 0.01320976
5.10025501 11.66404214 0.00090802 0.00063393 0.00069326 0.01074087 0.41071894 0.07128460 0.26417909 0.01393599 0.04435812 0.02836509 0.14010993 0.01407216
5.20026001 11.65143476 0.00087557 0.00064989 0.00063129 0.00817525 0.40274839 0.06840354 0.26829474 0.01630057 0.04702582 0.03296867 0.13728116 0.01664511
5.30026501 11.64882899 0.00071235 0.00071011 0.00045374 0.00718918 0.40348562 0.05966113 0.27370515 0.01303580 0.04562288 0.04081546 0.14047624 0.01413234
5.40027001 11.64406813 0.00088137 0.00067868 0.00073071 0.01350661 0.40315473 0.05769447 0.26904085 0.01295813 0.04385489 0.04016794 0.13927085 0.01806079
5.50027501 11.63721147 0.00100250 0.00070274 0.00071868 0.01312111 0.39772430 0.05903483 0.26947303 0.01959033 0.03983624 0.03503647 0.14826368 0.01549609
5.60028001 11.63280307 0.00082803 0.00068840 0.00057023 0.00752903 0.40722971 0.04921232 0.26845746 0.02421432 0.03994114 0.03363027 0.14968328 0.01801580
5.70028501 11.61890488 0.00092603 0.00067471 0.00094848 0.00969487 0.40640690 0.05597531 0.26326511 0.01694710 0.03812113 0.03964764 0.14753215 0.01986057
5.80029001 11.61243394 0.00055824 0.00073220 0.00045495 0.00423984 0.40648679 0.05451350 0.26487873 0.01677813 0.04024339 0.04068967 0.15165889 0.01876568
5.90029501 11.60854067 0.00116160 0.00065387 0.00084966 0.01181715 0.41962176 0.05559389 0.25679591 0.01916519 0.03487544 0.03553378 0.15005302 0.01387873
6.00030002 11.58700472 0.00143932 0.00068840 0.00109176 0.01311744 0.41587207 0.05391691 0.25889422 0.02263690 0.03613069 0.03361421 0.14641462 0.01618346
6.10030502 11.57270243 0.00094990 0.00069193 0.00094534 0.01267764 0.41640176 0.05757621 0.26654220 0.01033551 0.03484140 0.03036254 0.14952270 0.01915286
6.20031002 11.56876187 0.00065787 0.00069682 0.00056535 0.00749333 0.41936626 0.05701976 0.27185011 0.01073180 0.03906015 0.02899198 0.14902666 0.01453992
6.30031502 11.56790116 0.00047443 0.00070106 0.00034295 0.00384097 0.41375032 0.06098246 0.27906567 0.01107973 0.03649001 0.02615404 0.15399294 0.01312542
6.40032002 11.55717847 0.00076174 0.00069688 0.00047481 0.01079569 0.41004382 0.05864632 0.27556622 0.01548118 0.03668487 0.02629949 0.15500821 0.00954077
6.50032502 11.54558663 0.00091281 0.00068565 0.00051743 0.00509336 0.41101737 0.05493988 0.27642649 0.02120304 0.03541862 0.02615895 0.15445187 0.01317453
6.60033002 11.53740824 0.00057099 0.00073308 0.00033972 0.00616195 0.41705909 0.05031812 0.27623608 0.01519013 0.03730073 0.02543348 0.15667102 0.01398562
6.70033502 11.52831488 0.00085303 0.00072341 0.00069527 0.00830470 0.41840606 0.04596248 0.27899514 0.01475663 0.03901726 0.02467667 0.15485813 0.01275123
6.80034002 11.51866331 0.00049367 0.00076793 0.00041426 0.00345382 0.41640708 0.04351054 0.28770037 0.01168701 0.04069695 0.02169219 0.16042767 0.01274851
6.90034502 11.50832176 0.00082929 0.00078115 0.00072998 0.00814413 0.41275060 0.04209321 0.28313617 0.01096227 0.04013503 0.02363612 0.16519704 0.01160502
7.00035002 11.49998353 0.00082391 0.00078291 0.00063725 0.00860088 0.41521850 0.03932448 0.28196731 0.01235086 0.04001025 0.02563470 0.16602103 0.00862792
7.10035502 11.48964133 0.00062359 0.00073637 0.00043776 0.00550964 0.41869442 0.04410806 0.27978081 0.01335121 0.04010331 0.02639479 0.16068509 0.00957496
7.20036002 11.48122310 0.00057726 0.00070807 0.00035364 0.00327728 0.42664612 0.04463335 0.27691527 0.01430689 0.04132045 0.02567959 0.15641009 0.00917199
7.30036502 11.47132515 0.00083566 0.00067357 0.00061463 0.00850101 0.42259224 0.03742985 0.27749055 0.01767674 0.03896197 0.02613652 0.15828167 0.01080559
7.40037002 11.46360480 0.00065010 0.00067952 0.00049330 0.00534794 0.42308189 0.03726103 0.27863516 0.01490035 0.04280878 0.02587727 0.15679465 0.01347000
7.50037502 11.44912780 0.00068693 0.00071990 0.00055661 0.00871550 0.42299997 0.03955475 0.28185852 0.01266134 0.04261760 0.02599763 0.15380400 0.00982723
7.60038002 11.44042861 0.00061079 0.00066268 0.00054581 0.00596406 0.42463910 0.03895293 0.27715973 0.01344815 0.04361954 0.03090881 0.15191895 0.01156944
7.70038502 11.42587668 0.00082947 0.00063343 0.00061556 0.01187159 0.41779397 0.04232817 0.27796887 0.01403241 0.04502170 0.03320893 0.14858202 0.00711386
7.80039002 11.41411599 0.00077717 0.00066636 0.00057981 0.00689130 0.41107021 0.03863066 0.27950723 0.01515675 0.04758038 0.03909085 0.15117581 0.00887347
7.90039502 11.40802082 0.00078878 0.00066681 0.00055555 0.00678987 0.41013511 0.03684626 0.28755863 0.01467316 0.04942671 0.03367838 0.14821274 0.01066800
8.00040002 11.40309953 0.00055166 0.00068183 0.00028760 0.00314482 0.41783275 0.04083466 0.28726962 0.01013064 0.04735842 0.03085654 0.15285738 0.00819408
8.10040502 11.39060112 0.00094530 0.00071818 0.00073576 0.01130091 0.41148676 0.03731070 0.28167665 0.01398526 0.04558197 0.03007054 0.15653644 0.00965152
8.20041002 11.38703791 0.00060547 0.00077181 0.00048781 0.00652447 0.41281252 0.03628476 0.28324268 0.01148301 0.05162608 0.02573478 0.16154690 0.00887970
8.30041502 11.37547727 0.00065041 0.00074586 0.00033769 0.00386394 0.40963498 0.03932986 0.27970713 0.01646255 0.05649668 0.02569713 0.15941535 0.00765841
8.40042002 11.35784672 0.00111476 0.00070540 0.00077644 0.01127247 0.40359328 0.04272356 0.27653600 0.01914810 0.04480182 0.02835801 0.16236350 0.00860666
8.50042502 11.34937483 0.00085127 0.00068008 0.00057416 0.01077556 0.40381887 0.04412724 0.28034406 0.01657156 0.04842302 0.02715550 0.15873397 0.00794470
8.60043002 11.34169720 0.00103160 0.00072993 0.00078952 0.00949125 0.40156779 0.04673914 0.28339713 0.01767018 0.04346190 0.03022184 0.15484325 0.01005648
8.70043502 11.32322985 0.00103965 0.00064725 0.00061368 0.01243188 0.40001122 0.05380984 0.27497318 0.02469552 0.04440551 0.02720568 0.14996284 0.01020375
8.80044002 11.31283803 0.00097443 0.00068771 0.00074998 0.01106945 0.39821870 0.04825698 0.28420592 0.01981158 0.04752532 0.02879673 0.14736235 0.01234085
8.90044502 11.30420635 0.00089637 0.00070626 0.00065636 0.00790470 0.39950542 0.05466269 0.28903459 0.01913078 0.04560567 0.02286094 0.14714806 0.01188816
9.00045002 11.29083749 0.00069323 0.00074051 0.00056257 0.00876787 0.40557558 0.05832710 0.28583141 0.01098378 0.04417666 0.02471109 0.14767584 0.01195435
9.10045502 11.28362709 0.00070640 0.00074398 0.00042922 0.00933671 0.40406868 0.05275884 0.28300452 0.01561832 0.04997471 0.02889725 0.14420810 0.01025326
9.20046002 11.27077474 0.00056384 0.00072607 0.00032181 0.00311341 0.40803919 0.05194957 0.29220379 0.01350132 0.05328780 0.02306792 0.14374315 0.00948213
9.30046502 11.26306961 0.00038543 0.00069939 0.00019522 0.00209496 0.40919061 0.05355742 0.29250160 0.01035063 0.05291418 0.02606074 0.14269422 0.00935560
9.40047002 11.26030022 0.00089471 0.00065605 0.00076318 0.01417927 0.40641771 0.04755833 0.28967143 0.00750098 0.05174795 0.02626617 0.14550687 0.00883736
9.50047502 11.25098883 0.00051903 0.00073666 0.00048688 0.00691998 0.40694092 0.04239663 0.29290919 0.00771915 0.05532058 0.02561000 0.14809266 0.01234833
9.60048002 11.24188818 0.00098250 0.00070086 0.00096695 0.01487189 0.40149518 0.03976776 0.29158176 0.00885297 0.05220994 0.02616852 0.14601227 0.01638942
9.70048502 11.23566721 0.00096019 0.00066781 0.00085239 0.01007554 0.39605014 0.04641495 0.29579280 0.01505804 0.04606560 0.02338255 0.14942364 0.01525633
9.80049002 11.22893639 0.00068396 0.00068956 0.00060627 0.00556042 0.39449778 0.04729933 0.29905112 0.01530950 0.04343661 0.02320977 0.15432492 0.01533074
9.90049502 11.22499158 0.00069353 0.00067353 0.00056932 0.00499018 0.39708765 0.04559352 0.30004884 0.01649549 0.04483274 0.02016835 0.15335724 0.01548961
10.00050003 11.21551952 0.00066862 0.00076239 0.00072629 0.00803597 0.40416868 0.03794488 0.29910116 0.01080009 0.04960086 0.02085819 0.15236691 0.01496597
10.10050503 11.20509823 0.00075043 0.00077137 0.00069988 0.00614698 0.41518504 0.03793232 0.28832165 0.01267346 0.04862527 0.02159783 0.15309669 0.01419911
10.20051003 11.19578611 0.00093273 0.00069130 0.00068466 0.00878126 0.41577621 0.03493353 0.28955461 0.01568799 0.04585762 0.02438687 0.15212025 0.01059296
10.30051503 11.18997260 0.00057220 0.00074790 0.00036966 0.00373236 0.41554039 0.03544205 0.29216245 0.01479470 0.04118831 0.02599067 0.15836095 0.01109836
10.40052003 11.18052010 0.00044904 0.00078072 0.00038598 0.00567247 0.40992653 0.03457810 0.28880443 0.00985130 0.04732158 0.03087344 0.15716674 0.01418967
10.50052503 11.16938857 0.00049249 0.00080216 0.00045110 0.00475955 0.40963594 0.03557229 0.29188433 0.00901963 0.04907988 0.02675977 0.16059769 0.01094517
10.60053003 11.15817977 0.00089347 0.00071572 0.00053447 0.00622059 0.40673497 0.03762758 0.29590821 0.01565108 0.04444496 0.02490159 0.15819614 0.00817123
10.70053503 11.14653979 0.00083795 0.00076003 0.00076331 0.00885513 0.39987280 0.03927139 0.29643029 0.01520036 0.04515945 0.02584359 0.15377744 0.01322827
10.80054003 11.13753316 0.00077208 0.00071231 0.00080321 0.00877038 0.39650169 0.04907450 0.29557517 0.01171243 0.04613798 0.02337641 0.15107285 0.01549097
10.90054503 11.12946953 0.00100386 0.00067738 0.00081309 0.01199017 0.39853212 0.04417025 0.29735325 0.01509173 0.04222373 0.02837443 0.14921352 0.01055647
11.00055003 11.12448756 0.00053270 0.00075770 0.00044999 0.00517711 0.40679726 0.04925284 0.29673880 0.00930217 0.04072248 0.02426750 0.15498375 0.01101769
11.10055503 11.12044220 0.00074131 0.00068299 0.00064475 0.00790869 0.40858805 0.04675795 0.29903262 0.01227231 0.04016969 0.02252027 0.14552665 0.01515472
11.20056003 11.10499120 0.00074389 0.00066689 0.00078696 0.00920508 0.40272249 0.04444420 0.30335598 0.00867564 0.04146509 0.02455340 0.14578954 0.01759083
11.30056503 11.09634351 0.00058845 0.00064530 0.00050090 0.00494956 0.41030916 0.04624197 0.29884200 0.00949442 0.03879387 0.02571291 0.15140967 0.01251179
11.40057003 11.09034345 0.00078968 0.00065936 0.00073574 0.01029993 0.40417593 0.04398029 0.29257035 0.00911667 0.03872657 0.02949839 0.15586779 0.01357931
11.50057503 11.08101935 0.00052949 0.00063306 0.00026997 0.00377336 0.40303632 0.04735626 0.29271837 0.01476674 0.03836931 0.03257939 0.15524294 0.01072479
11.60058003 11.06861343 0.00055983 0.00059631 0.00043106 0.00600439 0.39976741 0.04755353 0.29524850 0.01278367 0.03620067 0.03695328 0.15018711 0.01371424
11.70058503 11.06281748 0.00054498 0.00065736 0.00044409 0.00717158 0.40105932 0.04726830 0.29644261 0.01042814 0.03742053 0.03364935 0.15242017 0.01249357
11.80059003 11.05622517 0.00071943 0.00078414 0.00059178 0.00799106 0.40099483 0.04096515 0.29263451 0.01172971 0.04908502 0.02915700 0.15450151 0.01084587
11.90059503 11.04955787 0.00061104 0.00066541 0.00052374 0.00508153 0.39966995 0.04605525 0.29659668 0.00999690 0.04505814 0.03199241 0.15200983 0.01173912
12.00060003 11.04506118 0.00043559 0.00063183 0.00043169 0.00189229 0.39956957 0.04411995 0.29437263 0.01259172 0.04530677 0.03249135 0.15011919 0.01803741
12.10060503 11.03714898 0.00066231 0.00065580 0.00051240 0.00489079 0.40310753 0.04387262 0.29858335 0.01301409 0.04615381 0.02543807 0.14949950 0.01360972
12.20061003 11.02657005 0.00069053 0.00071245 0.00044302 0.00513947 0.39812013 0.04117528 0.30137647 0.01633679 0.04900794 0.02571065 0.15078302 0.01050426
12.30061503 11.01982554 0.00079339 0.00070805 0.00041176 0.00494065 0.40236197 0.04041205 0.29650789 0.01885221 0.04749203 0.02435461 0.15293006 0.01023533
12.40062003 11.01287297 0.00066804 0.00071611 0.00044612 0.00676645 0.40915554 0.03734471 0.30398858 0.01384908 0.04795665 0.02076421 0.15218311 0.00616139
12.50062503 11.00593127 0.00056135 0.00073354 0.00051691 0.00533184 0.40910829 0.03524664 0.30394297 0.01171284 0.04700732 0.01740513 0.15520788 0.01322529
12.60063003 11.00008966 0.00065716 0.00067198 0.00067680 0.00887086 0.40283558 0.03851815 0.30010939 0.01203119 0.04506109 0.01958313 0.15532195 0.01566271
12.70063503 10.99575400 0.00057205 0.00068163 0.00034860 0.00369056 0.40439334 0.04104734 0.29822599 0.01573576 0.04689070 0.01783614 0.15780835 0.01276955
12.80064003 10.98509743 0.00057554 0.00071863 0.00042174 0.00553699 0.40977929 0.03580577 0.29897154 0.01346252 0.04768684 0.01604276 0.15884370 0.01215469
12.90064503 10.97521926 0.00054458 0.00071269 0.00032322 0.00345905 0.41313161 0.04111955 0.29744998 0.01357920 0.04471490 0.02058654 0.15599082 0.00838785
13.00065003 10.95992228 0.00061653 0.00066623 0.00050737 0.00897543 0.40637691 0.03910816 0.29602870 0.01596848 0.04548451 0.02434387 0.14944364 0.01248016
13.10065503 10.94790864 0.00094912 0.00068038 0.00062567 0.01186002 0.40470254 0.02954915 0.29751109 0.01459831 0.04888718 0.02888355 0.15021882 0.01153419
13.20066003 10.94218249 0.00033545 0.00071808 0.00022206 0.00400185 0.40728355 0.03925026 0.30493429 0.01024850 0.04754253 0.02443067 0.15352155 0.00751122
13.30066503 10.93770231 0.00048581 0.00071946 0.00022021 0.00205847 0.40502193 0.04320954 0.29849339 0.01369758 0.05244763 0.02384725 0.15331759 0.00648114
13.40067003 10.93059895 0.00053915 0.00071063 0.00035784 0.00442370 0.40810467 0.03831943 0.30105559 0.01142991 0.05005056 0.02426404 0.15407855 0.00666593
13.50067503 10.91923765 0.00071105 0.00070422 0.00041646 0.00633816 0.40606354 0.04082341 0.29317848 0.01603465 0.05523577 0.02097587 0.15281800 0.00670040
13.60068003 10.90750415 0.00061003 0.00069217 0.00048618 0.00460584 0.40571810 0.04164126 0.29600102 0.01050923 0.04620035 0.02527568 0.15738837 0.01087178
13.70068503 10.89735148 0.00094910 0.00073923 0.00077698 0.01261693 0.39707256 0.04145817 0.28786011 0.01081095 0.04948950 0.03116475 0.15483860 0.01222313
13.80069003 10.89537344 0.00088416 0.00072799 0.00073148 0.00829070 0.39884687 0.04392524 0.28710294 0.01213379 0.04965322 0.02720677 0.15566898 0.01482784
13.90069503 10.88971619 0.00058592 0.00070357 0.00062531 0.00565121 0.40455124 0.04036073 0.28802152 0.01213689 0.03985724 0.02892730 0.16086643 0.01771264
14.00070004 10.88564684 0.00048605 0.00068207 0.00037075 0.00545455 0.40738236 0.04475849 0.29012195 0.01288675 0.04216571 0.02751738 0.15764791 0.01052604
14.10070504 10.87877339 0.00056497 0.00068360 0.00040348 0.00589824 0.40916008 0.04276469 0.28862256 0.01304081 0.04326201 0.02785527 0.15827174 0.00947254
14.20071004 10.87426279 0.00071473 0.00064095 0.00051173 0.00729115 0.41208828 0.03894617 0.29525342 0.01237198 0.04239839 0.02581059 0.15561895 0.00835364
14.30071504 10.86562231 0.00033324 0.00066147 0.00026967 0.00161031 0.41962267 0.04568160 0.29443932 0.00829530 0.04150460 0.02261474 0.15377195 0.01119514
14.40072004 10.85567399 0.00052779 0.00064918 0.00032031 0.00310156 0.41717806 0.04650689 0.29708533 0.01346829 0.03476956 0.02047889 0.15431786 0.01159627
14.50072504 10.84722472 0.00058995 0.00066877 0.00046799 0.00665389 0.41768435 0.04534118 0.30064001 0.01100011 0.03383015 0.01914827 0.15317672 0.01079862
14.60073004 10.83493735 0.00064421 0.00069497 0.00053501 0.00733953 0.41155943 0.04739463 0.30743097 0.01066642 0.03278697 0.01737799 0.15552765 0.00804221
14.70073504 10.82379643 0.00062121 0.00066629 0.00031135 0.00407368 0.41495241 0.04713802 0.29991204 0.01568830 0.03816827 0.01725692 0.15230098 0.00891052
14.80074004 10.81328851 0.00070623 0.00068883 0.00045110 0.00655903 0.41435317 0.04876741 0.29412617 0.01506317 0.03897471 0.01547146 0.15385712 0.01098159
14.90074504 10.80856263 0.00079371 0.00063385 0.00040130 0.00524830 0.41754663 0.04364453 0.29872882 0.01587607 0.03609649 0.01458211 0.15699421 0.00945398
15.00075004 10.79364136 0.00081307 0.00067620 0.00056167 0.00699374 0.41244451 0.04614000 0.29186834 0.01508035 0.03797823 0.01754519 0.15903272 0.01086597
15.10075504 10.78538660 0.00089629 0.00064542 0.00071999 0.01002183 0.42250879 0.03843727 0.28748052 0.01268694 0.04070342 0.02402247 0.15066185 0.01121521
15.20076004 10.77435091 0.00041806 0.00067716 0.00036108 0.00314891 0.43133366 0.03996392 0.28737958 0.01038187 0.03959537 0.02442100 0.15101423 0.01130515
15.30076504 10.77015513 0.00064181 0.00068051 0.00067611 0.00669743 0.43496774 0.04038920 0.28610680 0.00805369 0.04014926 0.01912710 0.15009569 0.01241465
15.40077004 10.76549203 0.00045770 0.00068819 0.00045573 0.00332831 0.43659452 0.03950265 0.28470127 0.00913284 0.04253188 0.01628216 0.15348414 0.01284060
15.50077504 10.74665242 0.00087001 0.00071558 0.00090083 0.01006745 0.43154804 0.04025531 0.28083114 0.00688686 0.04776509 0.01774857 0.14914014 0.01327097
15.60078004 10.73990556 0.00080309 0.00065473 0.00063053 0.00750239 0.43254984 0.03679063 0.28763188 0.01099226 0.04027664 0.01999804 0.15288691 0.00928306
15.70078504 10.73078649 0.00054158 0.00065181 0.00056009 0.00667932 0.43576256 0.03629931 0.28723148 0.00862838 0.03754695 0.01866313 0.15280719 0.01462819
15.80079004 10.72558412 0.00076413 0.00059561 0.00074946 0.01211543 0.43361679 0.03564210 0.28533453 0.00863793 0.03765511 0.02103847 0.14879796 0.01505248
15.90079504 10.71988493 0.00048023 0.00064029 0.00038332 0.00389352 0.42992249 0.04383845 0.28664225 0.00964744 0.03732355 0.02091457 0.15547141 0.01084248
16.00080004 10.70729574 0.00060059 0.00068653 0.00049945 0.00915910 0.42397832 0.04195850 0.28053459 0.00999711 0.03767046 0.02603032 0.15713010 0.01175493
16.10080504 10.70014696 0.00070875 0.00063009 0.00050836 0.00725920 0.42400713 0.04433130 0.28602005 0.01404497 0.03569392 0.01950249 0.15564881 0.01164492
16.20081004 10.69442910 0.00071181 0.00067166 0.00061169 0.00799373 0.42844612 0.04084891 0.28511622 0.01273381 0.03547952 0.01824646 0.15628649 0.01285358
16.30081504 10.68799298 0.00086973 0.00063063 0.00052304 0.00655587 0.42054616 0.04566451 0.28718308 0.01755569 0.03349365 0.02355405 0.15614649 0.00727711
16.40082004 10.68374094 0.00056367 0.00061357 0.00034152 0.00308351 0.43032622 0.04541880 0.28581764 0.01560502 0.03190683 0.02165157 0.15533574 0.00933591
16.50082504 10.67832698 0.00054815 0.00061134 0.00031737 0.00409931 0.42501678 0.03903024 0.29475133 0.01756487 0.02904518 0.01997240 0.15657537 0.01246768
16.60083004 10.67303189 0.00075010 0.00062404 0.00061061 0.00780629 0.42546382 0.03976767 0.29197727 0.01419131 0.03090913 0.02242288 0.15502574 0.01045114
16.70083504 10.66698629 0.00082976 0.00063676 0.00055060 0.00676092 0.42815217 0.03785243 0.29587471 0.01661432 0.02679654 0.02123922 0.15653982 0.00815275
16.80084004 10.65837734 0.00041464 0.00061137 0.00023196 0.00366021 0.42834811 0.04271042 0.29863045 0.01346058 0.02715187 0.01997847 0.15725820 0.00754372
16.90084504 10.65011434 0.00058682 0.00063300 0.00030566 0.00314423 0.43242520 0.03754728 0.29745462 0.01552489 0.02809601 0.01710458 0.15939117 0.00778655
17.00085004 10.64369439 0.00087399 0.00057036 0.00060327 0.00961296 0.43135122 0.03763397 0.29557138 0.01442736 0.02730050 0.01835842 0.15720654 0.00649003
17.10085504 10.63815134 0.00059166 0.00061513 0.00033744 0.00554025 0.42823426 0.04101211 0.30136848 0.01117077 0.02941991 0.01897837 0.15636222 0.00636941
17.20086004 10.62850700 0.00086622 0.00062674 0.00066619 0.01014084 0.42205735 0.04440673 0.29567400 0.01095463 0.03088332 0.01825647 0.15875859 0.00670892
17.30086504 10.62047884 0.00034533 0.00063753 0.00013024 0.00025940 0.42102789 0.04499570 0.29885632 0.01365889 0.03379879 0.02135869 0.15567946 0.00925175
17.40087004 10.60764623 0.00055049 0.00063231 0.00033103 0.00548305 0.41853832 0.04129569 0.29740940 0.01323657 0.03652859 0.02440038 0.15089137 0.01070279
17.50087504 10.59950805 0.00036833 0.00070160 0.00029991 0.00405913 0.41674810 0.04091462 0.29601971 0.00976775 0.03997179 0.02307890 0.15655879 0.01151136
17.60088004 10.59154154 0.00060169 0.00064873 0.00046924 0.00680710 0.41759214 0.04145311 0.29670376 0.00909244 0.03608347 0.02300721 0.15897190 0.00856920
17.70088504 10.58676284 0.00057842 0.00061316 0.00042823 0.00694769 0.41189865 0.04508403 0.30306746 0.00914091 0.03576703 0.02233851 0.15665370 0.00748222
17.80089004 10.57440998 0.00072825 0.00065433 0.00066391 0.00849672 0.40470631 0.04145306 0.29923556 0.01250322 0.03791011 0.02660964 0.15349369 0.01354520
17.90089504 10.56451178 0.00053518 0.00070779 0.00051900 0.00506540 0.40374963 0.04681304 0.30153993 0.00893511 0.03665213 0.02206266 0.15935053 0.01406960
18.00090005 10.55600085 0.00040416 0.00067356 0.00029893 0.00358168 0.39530365 0.05043084 0.30376496 0.00884910 0.04038873 0.02305483 0.15986911 0.01338046
18.10090505 10.54915079 0.00066843 0.00063021 0.00060546 0.00694366 0.40321475 0.04856230 0.30424774 0.01008120 0.04102843 0.01761177 0.15287887 0.01352718
18.20091005 10.54409968 0.00056340 0.00069312 0.00041725 0.00295238 0.40047146 0.05023517 0.30349241 0.01122934 0.04799108 0.01866972 0.15335194 0.00993274
18.30091505 10.53760937 0.00089840 0.00070176 0.00077866 0.01156511 0.40425040 0.04645672 0.30536971 0.00880024 0.04009663 0.02040440 0.15358150 0.00709648
18.40092005 10.53280308 0.00071228 0.00063196 0.00066304 0.00793616 0.40616722 0.04508154 0.30666159 0.01183126 0.03824088 0.01883957 0.15229835 0.01093613
18.50092505 10.52376739 0.00087804 0.00067742 0.00068020 0.00929109 0.40202413 0.04093799 0.30378386 0.01260774 0.04342926 0.02455446 0.15008533 0.01105047
18.60093005 10.52487472 0.00071524 0.00056312 0.00046561 0.00649922 0.40161398 0.04784336 0.30807461 0.01441797 0.03615734 0.02310029 0.14959094 0.01095831
18.70093505 10.51796063 0.00078296 0.00055853 0.00071996 0.01046439 0.40040499 0.04474010 0.30727141 0.01074931 0.03240767 0.02806227 0.15135740 0.01248102
18.80094005 10.51409848 0.00074702 0.00057925 0.00058824 0.00873482 0.40480162 0.04375165 0.30900081 0.01005543 0.02950915 0.02702029 0.15410916 0.01110255
18.90094505 10.50765675 0.00056631 0.00063088 0.00042299 0.00521531 0.40694114 0.04422150 0.31258849 0.00802355 0.03004555 0.02782072 0.15379393 0.00972963
19.00095005 10.50057244 0.00084322 0.00058565 0.00075222 0.01264053 0.40429790 0.04311671 0.31358631 0.00844125 0.02480252 0.02761169 0.15272763 0.01059438
19.10095505 10.48825214 0.00088556 0.00063408 0.00068639 0.00923779 0.39774246 0.05021227 0.31097366 0.01250312 0.02375718 0.02800728 0.15689264 0.00846759
19.20096005 10.48206612 0.00047586 0.00069385 0.00025735 0.00192789 0.40161315 0.04551948 0.31529156 0.01219482 0.03096540 0.02430772 0.15743605 0.00931689
19.30096505 10.47539407 0.00056431 0.00064271 0.00044187 0.00879879 0.40126517 0.04065567 0.31362057 0.01079221 0.03110518 0.02198974 0.15736637 0.01275741
19.40097005 10.46322987 0.00072952 0.00062240 0.00056818 0.00676667 0.40116995 0.03924192 0.31730133 0.01336785 0.03166288 0.02262128 0.15324345 0.01270458
19.50097505 10.44978972 0.00058439 0.00059923 0.00042622 0.00532592 0.39776554 0.04463881 0.32040738 0.01402556 0.02727842 0.02286632 0.15394942 0.01213278
19.60098005 10.43675699 0.00071806 0.00069815 0.00063325 0.00732718 0.38941170 0.04348327 0.32403228 0.00992378 0.03506172 0.02183164 0.15679616 0.01008282
19.70098505 10.43158382 0.00057072 0.00067237 0.00033534 0.00357879 0.39284517 0.04268482 0.32328559 0.01268630 0.04007814 0.02156647 0.15311873 0.00857756
19.80099005 10.42049934 0.00071042 0.00059131 0.00053171 0.00917470 0.39188971 0.03883282 0.32290643 0.01059618 0.03867302 0.02735973 0.14993953 0.00879444
19.90099505 10.41396947 0.00083211 0.00059569 0.00047745 0.00649495 0.39877269 0.03690041 0.32105266 0.01561015 0.03602246 0.02630161 0.14955649 0.00738333
20.00100005 10.40657647 0.00044437 0.00064097 0.00017185 0.00183044 0.40112872 0.04564980 0.32359398 0.01104983 0.03458562 0.02122326 0.15205071 0.00763045
20.10100505 10.39801567 0.00062147 0.00065035 0.00039279 0.00672284 0.39487460 0.04087511 0.32650514 0.01197880 0.03870392 0.02013508 0.15126598 0.00727391
20.20101005 10.39177812 0.00070566 0.00059590 0.00048155 0.00665051 0.40081712 0.04167765 0.32844366 0.01197707 0.03328082 0.02021443 0.14886251 0.00629313
20.30101505 10.38416704 0.00029692 0.00059137 0.00014449 0.00219214 0.40623732 0.04106749 0.32961177 0.01071239 0.02994392 0.02015213 0.14961561 0.00943445
20.40102005 10.37620750 0.00054037 0.00060546 0.00043779 0.00511438 0.40178501 0.04007077 0.33080284 0.00980708 0.03303096 0.01841319 0.14977573 0.00961642
20.50102505 10.36700281 0.00077153 0.00058414 0.00060732 0.00818832 0.39580101 0.04270575 0.32819325 0.01086751 0.03342631 0.02304207 0.14799528 0.00781751
20.60103005 10.35515962 0.00070373 0.00059346 0.00049608 0.00814888 0.39584224 0.03859975 0.33125084 0.01102640 0.03110523 0.02335910 0.15120824 0.00766606
20.70103505 10.34719530 0.00067829 0.00059912 0.00051907 0.01020968 0.39169077 0.03678654 0.33584051 0.00999893 0.03127000 0.02383788 0.15059961 0.00796961
20.80104005 10.34122641 0.00055219 0.00059706 0.00029943 0.00302293 0.39039970 0.04160274 0.33753911 0.01230086 0.03183878 0.02230169 0.14962536 0.00992015
20.90104505 10.33558392 0.00058678 0.00060620 0.00043692 0.00517718 0.39366183 0.03989727 0.33562256 0.01067476 0.03027095 0.02265856 0.15183845 0.00856853
21.00105005 10.33471857 0.00035663 0.00057113 0.00024373 0.00192933 0.39804216 0.04581292 0.33355940 0.00863209 0.03130622 0.01913912 0.15052109 0.00988618
21.10105505 10.32999178 0.00034484 0.00061417 0.00026215 0.00152523 0.40057461 0.04470622 0.33187590 0.00819943 0.02966259 0.01712859 0.15527274 0.00983355
21.20106005 10.32658864 0.00033842 0.00052221 0.00031420 0.00275845 0.39623493 0.04281258 0.33185165 0.00936148 0.02757819 0.02265945 0.15181302 0.01375541
21.30106505 10.32213562 0.00029412 0.00051949 0.00023119 0.00032078 0.39788056 0.04310129 0.33371063 0.00888306 0.02943323 0.02063975 0.15045608 0.01452981
21.40107005 10.30774434 0.00045833 0.00055627 0.00028474 0.00224656 0.39070781 0.04242409 0.33137646 0.01036044 0.03419628 0.02517850 0.14916319 0.01304735
21.50107505 10.30534182 0.00044120 0.00052038 0.00027742 0.00206522 0.39277154 0.04051326 0.33204629 0.01075317 0.03278600 0.02620854 0.14987578 0.01174120
21.60108005 10.29579166 0.00062916 0.00057131 0.00045665 0.00669383 0.39202205 0.03639580 0.32807844 0.01197822 0.03118039 0.02949149 0.15214780 0.01035486
21.70108505 10.29227140 0.00053665 0.00060029 0.00036321 0.00316465 0.39355305 0.04537799 0.32279255 0.00961686 0.03529197 0.02689165 0.15176214 0.01004899
21.80109005 10.28473450 0.00056266 0.00058188 0.00042428 0.00514068 0.39297384 0.04317165 0.32066766 0.01148255 0.03298592 0.03135892 0.15079071 0.00985925
21.90109505 10.27200722 0.00050795 0.00057896 0.00025301 0.00194947 0.38981593 0.04929863 0.32079611 0.01435143 0.03440314 0.03035060 0.14840585 0.00928891
22.00110006 10.26671096 0.00058153 0.00061992 0.00039954 0.00628018 0.38972730 0.04525524 0.31423047 0.01173128 0.04284711 0.03093165 0.14857520 0.00882058
22.10110506 10.25183862 0.00069027 0.00062924 0.00044481 0.00815171 0.39941577 0.03328921 0.31677485 0.01685117 0.03857945 0.02756469 0.14860069 0.00900814
22.20111006 10.24475372 0.00065674 0.00056339 0.00033745 0.00512699 0.39842497 0.03932559 0.31771717 0.01358704 0.03853890 0.02972891 0.14675556 0.00923728
22.30111506 10.23884501 0.00071484 0.00057805 0.00051246 0.01089635 0.38964294 0.03995094 0.32081759 0.01287094 0.03472448 0.02969215 0.14823694 0.01136231
22.40112006 10.22864005 0.00084897 0.00064994 0.00061303 0.00904697 0.39179063 0.03836043 0.31341329 0.01643857 0.03890035 0.02920519 0.14724580 0.01348684
22.50112506 10.22300884 0.00087252 0.00072093 0.00068141 0.00780232 0.38394473 0.04595931 0.30964316 0.01497475 0.04328168 0.02984798 0.15040949 0.01186171
22.60113006 10.22112955 0.00073575 0.00067841 0.00060076 0.00721489 0.38240788 0.04761908 0.31603375 0.01293477 0.04342951 0.02803995 0.15145044 0.00885479
22.70113506 10.21305925 0.00078971 0.00061113 0.00068627 0.00844245 0.38478236 0.04936138 0.31152518 0.01274240 0.04092565 0.02594362 0.15215569 0.01203417
22.80114006 10.20081168 0.00069435 0.00062601 0.00057432 0.00654819 0.38487887 0.04918516 0.31680837 0.01308948 0.04013223 0.02317294 0.15155453 0.01273555
22.90114506 10.19249093 0.00051665 0.00060844 0.00028753 0.00172831 0.38376065 0.05338704 0.32257678 0.01047258 0.03808937 0.02542100 0.15296477 0.01018687
23.00115006 10.18202382 0.00063869 0.00066723 0.00039377 0.00701000 0.37760421 0.05806809 0.31882839 0.01199043 0.04263025 0.01800759 0.15426992 0.00989143
23.10115506 10.17512443 0.00092658 0.00059439 0.00074667 0.00890091 0.39002126 0.05570249 0.31484575 0.00945303 0.03738044 0.02019214 0.15115817 0.01007819
23.20116006 10.17049852 0.00054783 0.00063024 0.00050924 0.00373198 0.39009502 0.05248962 0.31545396 0.01185980 0.03876224 0.02010082 0.14905854 0.01676070
23.30116506 10.16730888 0.00049785 0.00055973 0.00040701 0.00353424 0.39021164 0.05549463 0.31618820 0.00960050 0.03587909 0.02254445 0.15116134 0.01392132
23.40117006 10.15842199 0.00045002 0.00060382 0.00027947 0.00175877 0.38930396 0.05036250 0.31674857 0.01243295 0.04057298 0.02132718 0.15277067 0.01338911
23.50117506 10.15182542 0.00067740 0.00056342 0.00045600 0.00529629 0.39266494 0.04814286 0.31564987 0.01321842 0.03639338 0.02220841 0.15272840 0.01200061
23.60118006 10.15177755 0.00048300 0.00055240 0.00026204 0.00204371 0.39184597 0.04792712 0.32563198 0.01188562 0.03373070 0.02219199 0.15223894 0.01120652
23.70118506 10.14180612 0.00053877 0.00063003 0.00024601 0.00422370 0.39052707 0.04082465 0.32726198 0.01458105 0.04096764 0.01994648 0.15061328 0.00963935
23.80119006 10.13003496 0.00039423 0.00064560 0.00024154 0.00552613 0.38858209 0.04453887 0.32582416 0.01021849 0.03792716 0.02367514 0.15302098 0.00940560
23.90119506 10.12647013 0.00053981 0.00062239 0.00034211 0.00352672 0.38721677 0.04170118 0.33367733 0.01226497 0.03719239 0.02167616 0.15129112 0.00994904
24.00120006 10.12242679 0.00140410 0.00060195 0.00115686 0.02108757 0.38907552 0.03421861 0.32790091 0.01324823 0.03411373 0.01711818 0.15430789 0.00576645
24.10120506 10.11734973 0.00057049 0.00066117 0.00036644 0.00774879 0.38827237 0.04273871 0.32920366 0.01272929 0.03565720 0.01098181 0.16420561 0.00686446
24.20121006 10.10412345 0.00120570 0.00062475 0.00090624 0.01237090 0.37885588 0.03973091 0.32739402 0.01764014 0.03742111 0.01662140 0.15970424 0.00752470
24.30121506 10.09711190 0.00089673 0.00061863 0.00062507 0.00848095 0.38179730 0.04348909 0.33107329 0.01444555 0.03568102 0.01745716 0.15882976 0.00660545
24.40122006 10.09075240 0.00055383 0.00062508 0.00031874 0.00449714 0.37859431 0.05078389 0.33598497 0.01275411 0.03464149 0.01602832 0.15815416 0.00706397
24.50122506 10.08765837 0.00059704 0.00063509 0.00039091 0.00616433 0.37930750 0.04402103 0.33806041 0.01095968 0.03494036 0.01892022 0.15905665 0.00694679
24.60123006 10.08273402 0.00064799 0.00063483 0.00042755 0.00559663 0.38415976 0.03716655 0.33706596 0.01241453 0.04050526 0.01791579 0.15563419 0.00783097
24.70123506 10.07810213 0.00034606 0.00064762 0.00020587 0.00549334 0.38400708 0.03863314 0.34067753 0.00887196 0.04000177 0.01480414 0.15866600 0.00764548
24.80124006 10.07101815 0.00046190 0.00061603 0.00037380 0.00548615 0.38586578 0.04132743 0.33352397 0.00657206 0.03597650 0.02112932 0.16001772 0.00864934
24.90124506 10.06135152 0.00080764 0.00059328 0.00071962 0.00832556 0.37745016 0.04187460 0.33053799 0.01034870 0.03750281 0.01910658 0.15791576 0.01481730
25.00125006 10.05393342 0.00038318 0.00057071 0.00039990 0.00161872 0.38127125 0.04548959 0.33026849 0.01029157 0.03675200 0.02036952 0.15713755 0.01544752
25.10125506 10.04459233 0.00059282 0.00056442 0.00044181 0.00472232 0.37963689 0.04678765 0.32914703 0.01172074 0.03815718 0.02099076 0.15649448 0.01074389
25.20126006 10.03229124 0.00057801 0.00068401 0.00032975 0.00213141 0.37401163 0.03902420 0.32373571 0.01602950 0.04831460 0.02824414 0.15525404 0.01166299
25.30126506 10.02171922 0.00041459 0.00061687 0.00034169 0.00206609 0.37109240 0.04089060 0.32998310 0.01180936 0.04507093 0.02754294 0.15723670 0.01293474
25.40127006 10.01889661 0.00053458 0.00064906 0.00042847 0.00703712 0.37489625 0.03757678 0.32915431 0.01006080 0.04508771 0.02420042 0.16021266 0.01016182
25.50127506 10.01122087 0.00036638 0.00063669 0.00026998 0.00156110 0.37877792 0.04454099 0.32920762 0.00807876 0.04503218 0.02397980 0.15834559 0.00920298
25.60128006 10.00503821 0.00085909 0.00064330 0.00077418 0.01268640 0.37852351 0.03971933 0.33258900 0.00837954 0.03718049 0.02287592 0.15706370 0.00870555
