0.00000000 8.00000000 0.00000000 0.00000000 0.00000000 0.00000000 0.00000000 0.00000000 0.00000000 1.00000000 0.00000000 0.00000000 0.00000000 0.00000000
0.10000500 8.00339806 0.02407074 0.00169010 0.00738150 0.09249563 0.13218794 0.13175076 0.02854874 0.40467546 0.06165603 0.07441119 0.01391719 0.02721471
0.20001000 8.00068147 0.00883118 0.00120410 0.00571341 0.05563445 0.15970216 0.20641517 0.05025775 0.22544024 0.06512024 0.14426588 0.03171575 0.04569967
0.30001500 7.99622525 0.00452898 0.00118629 0.00276554 0.02409082 0.16674833 0.22934076 0.07098673 0.16523965 0.07662931 0.17163048 0.04644933 0.04040377
0.40002000 7.99354535 0.00497084 0.00084155 0.00280507 0.02538710 0.17107319 0.20847379 0.07897830 0.14793809 0.07734376 0.19620266 0.04776320 0.03822245
0.50002500 7.98872520 0.00543835 0.00090313 0.00272746 0.02617424 0.18551003 0.17541465 0.08458699 0.14550531 0.08639928 0.19463181 0.05460057 0.03810819
0.60003000 7.98542060 0.00515887 0.00101385 0.00267687 0.02242221 0.20612081 0.15106581 0.09489812 0.12625919 0.08769150 0.20447155 0.06027573 0.03794550
0.70003500 7.98010826 0.00357355 0.00093140 0.00148931 0.01396226 0.21229463 0.14096280 0.10592286 0.10965417 0.08499373 0.22000760 0.06585738 0.04035031
0.80004000 7.97409397 0.00312585 0.00090438 0.00155736 0.01302576 0.23165561 0.13092441 0.10454895 0.10067533 0.08730644 0.21347781 0.06958462 0.04321347
0.90004500 7.96741229 0.00289043 0.00095007 0.00163633 0.01586169 0.24229715 0.13560150 0.10724851 0.08398751 0.08435928 0.20235616 0.07914500 0.04366637
1.00005000 7.96162449 0.00278379 0.00079634 0.00188052 0.01270299 0.24114531 0.13937965 0.11473012 0.08142011 0.08592175 0.19139948 0.07740648 0.05043345
1.10005500 7.96002994 0.00293280 0.00080853 0.00192344 0.01476071 0.25058926 0.14541871 0.11625375 0.08361571 0.08068716 0.17186464 0.07966130 0.05148399
1.20006000 7.95009483 0.00275984 0.00090264 0.00179503 0.01118992 0.25898187 0.16457029 0.12262893 0.07385656 0.08696519 0.15026212 0.08052137 0.04556624
1.30006500 7.94174349 0.00301840 0.00103672 0.00169422 0.01336948 0.26437108 0.17100674 0.12395769 0.07496414 0.08902477 0.12991258 0.08960974 0.03803443
1.40007000 7.93441272 0.00369571 0.00101431 0.00187317 0.01512282 0.27373607 0.16659595 0.12970637 0.08079380 0.09111323 0.11051784 0.09043002 0.03540070
1.50007500 7.92899247 0.00298864 0.00102656 0.00143541 0.01221470 0.28081984 0.16326429 0.13785668 0.07931141 0.09377182 0.09305738 0.08852510 0.04572819
1.60008000 7.92205580 0.00298896 0.00101845 0.00186698 0.01481659 0.29327198 0.15904553 0.14369200 0.06999498 0.09480636 0.08234259 0.08921121 0.04694437
1.70008500 7.91107913 0.00305539 0.00096905 0.00166516 0.01155580 0.29932487 0.15977981 0.14660492 0.07219824 0.09461570 0.08065036 0.08848546 0.04109523
1.80009000 7.89351791 0.00386651 0.00106775 0.00269474 0.02319565 0.31595165 0.15009982 0.15091009 0.06152497 0.08671803 0.07960233 0.08735248 0.03701599
1.90009500 7.88433319 0.00258229 0.00113946 0.00138142 0.01632628 0.33595254 0.14449799 0.15746383 0.05414015 0.08612618 0.07394534 0.09131800 0.03512653
2.00010001 7.88477516 0.00267642 0.00101309 0.00138557 0.01432316 0.33889961 0.13369767 0.15856010 0.05503155 0.08443600 0.07455600 0.09709119 0.03832962
2.10010501 7.87450909 0.00332661 0.00100538 0.00180104 0.01713357 0.34204681 0.12662945 0.16462174 0.05881959 0.07609932 0.07917180 0.09822674 0.03111795
2.20011001 7.86791267 0.00274428 0.00094930 0.00151017 0.01047558 0.35102781 0.11399093 0.17076639 0.05749673 0.07629635 0.08028512 0.09896015 0.03549719
2.30011501 7.86164803 0.00175868 0.00107163 0.00080528 0.00748669 0.35971368 0.11151638 0.17566759 0.04856157 0.07907679 0.08003510 0.10647030 0.02783630
2.40012001 7.85152813 0.00212376 0.00095019 0.00104577 0.00774475 0.35810505 0.11088996 0.18076682 0.04945332 0.07730488 0.07730656 0.10687305 0.02743588
2.50012501 7.83700192 0.00215542 0.00107056 0.00155101 0.01294422 0.36126578 0.10945504 0.17789529 0.03924903 0.07879311 0.07421446 0.11297526 0.02843083
2.60013001 7.83122821 0.00230360 0.00101715 0.00143909 0.01235217 0.35563231 0.11165739 0.17947717 0.04110447 0.08059331 0.07107372 0.11528006 0.02806957
2.70013501 7.82738633 0.00183302 0.00105615 0.00085543 0.00726624 0.35972181 0.10734489 0.18763036 0.04425068 0.08192245 0.06530980 0.11766924 0.02513994
2.80014001 7.81416220 0.00217492 0.00102204 0.00110194 0.00636618 0.36190341 0.09855531 0.18923326 0.04723143 0.08019068 0.06683894 0.11765061 0.02773128
2.90014501 7.80576318 0.00208758 0.00095557 0.00146975 0.01384049 0.36102179 0.08445431 0.20045855 0.04169649 0.07989147 0.06588859 0.11567261 0.03256278
3.00015001 7.80155479 0.00197598 0.00104183 0.00154270 0.01236886 0.36403956 0.08776994 0.20105869 0.03638933 0.07949270 0.06819396 0.11836722 0.02775922
3.10015501 7.79882786 0.00181212 0.00100217 0.00129008 0.01351048 0.37055990 0.08257914 0.20425379 0.03503960 0.07290120 0.06848143 0.12328294 0.02528715
3.20016001 7.79001608 0.00197824 0.00109730 0.00162197 0.01415658 0.37112732 0.08318274 0.21220508 0.03090976 0.07282809 0.06180817 0.12474221 0.02434255
3.30016501 7.79152556 0.00167767 0.00098732 0.00136850 0.01170020 0.37766456 0.08524158 0.21273492 0.03177745 0.07502923 0.05423324 0.12158396 0.02600136
3.40017001 7.78960443 0.00164228 0.00099114 0.00129013 0.00979205 0.39078833 0.08664282 0.21157740 0.02813827 0.07387105 0.04820579 0.12277209 0.02428866
3.50017501 7.77756493 0.00144465 0.00096556 0.00088072 0.00564928 0.39276423 0.08284539 0.21753850 0.02722096 0.07136351 0.04611787 0.12936819 0.02384113
3.60018001 7.77067154 0.00128581 0.00107965 0.00059719 0.00511823 0.40230374 0.07113883 0.21972155 0.02995674 0.06531279 0.04838645 0.13558228 0.01951676
3.70018501 7.75654260 0.00143180 0.00117073 0.00095343 0.00931590 0.38671707 0.07295253 0.23257156 0.02444533 0.07355944 0.04432224 0.13398120 0.01857875
3.80019001 7.74965470 0.00117444 0.00109689 0.00061251 0.00355231 0.39358580 0.07566166 0.23432342 0.02377786 0.06946309 0.04417551 0.13553080 0.01704571
3.90019501 7.73769401 0.00094951 0.00097877 0.00052285 0.00292499 0.38676620 0.07372352 0.24094885 0.02349078 0.06816403 0.04648963 0.13514216 0.01989871
4.00020001 7.73547669 0.00129410 0.00086050 0.00095543 0.00776707 0.38884158 0.06736831 0.24469413 0.02176228 0.06583045 0.04511854 0.13577334 0.01973426
4.10020501 7.73413560 0.00139065 0.00088649 0.00087141 0.00643653 0.39059534 0.06207240 0.24939316 0.02416232 0.06654599 0.04324198 0.13657902 0.01782470
4.20021001 7.72754500 0.00181601 0.00085688 0.00154292 0.01218625 0.39343780 0.05478500 0.24989349 0.02393815 0.05938205 0.04255467 0.13842978 0.02117701
4.30021501 7.71732774 0.00165110 0.00084387 0.00128943 0.00937393 0.39510637 0.05879290 0.24704198 0.02261914 0.06098875 0.04822878 0.13801902 0.01604473
4.40022001 7.71148470 0.00104444 0.00089802 0.00068375 0.00382113 0.39685939 0.05768056 0.24741005 0.02545079 0.06048764 0.04588232 0.14034489 0.01943700
4.50022501 7.70568011 0.00104478 0.00091324 0.00071568 0.00324139 0.39674800 0.06169921 0.24951411 0.02390089 0.06060308 0.04164517 0.14222157 0.01775288
4.60023001 7.69509456 0.00136874 0.00086888 0.00114869 0.00843126 0.39206746 0.06315109 0.25035993 0.02345355 0.05981676 0.04061009 0.14088697 0.01783658
4.70023501 7.68338962 0.00180678 0.00088434 0.00114148 0.01337804 0.38284051 0.06405628 0.25642155 0.02653758 0.05850474 0.03715760 0.14334887 0.01392224
4.80024001 7.67508663 0.00170644 0.00091568 0.00112877 0.01093023 0.38693698 0.06367058 0.25611986 0.02312994 0.05139607 0.03847794 0.14863141 0.01695610
4.90024501 7.66134844 0.00136152 0.00093021 0.00091996 0.00755024 0.38513393 0.05841491 0.25979326 0.02477940 0.05363561 0.04165590 0.14850700 0.01731806
5.00025001 7.65711870 0.00122081 0.00095994 0.00060450 0.00568150 0.38292398 0.05974388 0.25783583 0.02511922 0.05671332 0.04393669 0.14956694 0.01569341
5.10025501 7.64812967 0.00140360 0.00089782 0.00089722 0.00923495 0.38433182 0.06285843 0.26103060 0.02463868 0.05324871 0.04046926 0.14649105 0.01449786
5.20026001 7.64153672 0.00098587 0.00088518 0.00046185 0.00506095 0.38380138 0.05979477 0.26087226 0.02485773 0.05424659 0.04300754 0.14819459 0.01783129
5.30026501 7.63255872 0.00149754 0.00088092 0.00099055 0.01453979 0.38032832 0.05599549 0.26318757 0.02413564 0.04974796 0.04439143 0.14985523 0.01444955
5.40027001 7.62424473 0.00134842 0.00089777 0.00091191 0.00800185 0.38912022 0.05426355 0.26404491 0.02550719 0.04918288 0.04174269 0.14875423 0.01622438
5.50027501 7.61962791 0.00095453 0.00089244 0.00061049 0.00517967 0.39113938 0.05778440 0.26388516 0.02105854 0.05007001 0.04358600 0.14801302 0.01682636
5.60028001 7.61700030 0.00097699 0.00090835 0.00062735 0.00648979 0.39569220 0.05457717 0.26719441 0.01716595 0.04896267 0.04174458 0.15324237 0.01241817
5.70028501 7.60689855 0.00114366 0.00092788 0.00056040 0.00826939 0.39543163 0.05240164 0.26509632 0.02265065 0.04627737 0.04024804 0.15426681 0.01272621
5.80029001 7.59565596 0.00097468 0.00088163 0.00054051 0.00326183 0.39199096 0.05461594 0.27385236 0.02017019 0.04324599 0.04030507 0.15602906 0.01413178
5.90029501 7.58773839 0.00118120 0.00089806 0.00088171 0.00842474 0.39371033 0.05253432 0.27232085 0.01683177 0.04525749 0.03467106 0.15581327 0.01747519
6.00030002 7.57590624 0.00103672 0.00086151 0.00070875 0.00319453 0.39021683 0.05705780 0.27777977 0.02053119 0.04016865 0.03452785 0.15697325 0.01694315
6.10030502 7.56975583 0.00112333 0.00092872 0.00055995 0.00547692 0.39929679 0.05557606 0.26940232 0.02309310 0.04235357 0.02694278 0.16201860 0.01322787
6.20031002 7.55521224 0.00125854 0.00096257 0.00082106 0.00649248 0.39556636 0.05352524 0.26917434 0.02464206 0.04423737 0.02430201 0.16405937 0.01495861
6.30031502 7.54989537 0.00105561 0.00092648 0.00062488 0.00345409 0.39557391 0.05072221 0.27603696 0.02049555 0.04244678 0.02732031 0.16501586 0.01632735
6.40032002 7.54054622 0.00137501 0.00089203 0.00103660 0.00822771 0.39143580 0.04972987 0.27651725 0.01996491 0.04037116 0.03058010 0.16478377 0.01508579
6.50032502 7.52608893 0.00149004 0.00086828 0.00104926 0.01335944 0.39092541 0.04943983 0.27499533 0.01883823 0.04246462 0.03455513 0.15874636 0.01326806
6.60033002 7.52130381 0.00072107 0.00082832 0.00035795 0.00564739 0.39293563 0.05659311 0.27532101 0.01804081 0.04211858 0.03350873 0.15879646 0.01513094
6.70033502 7.51566010 0.00098575 0.00079550 0.00040053 0.00398942 0.39108131 0.05608648 0.27591922 0.02156099 0.04088517 0.03465435 0.15931880 0.01432250
6.80034002 7.50585754 0.00088014 0.00092106 0.00053355 0.00742370 0.38693202 0.05258647 0.27556128 0.02055001 0.04133753 0.03516496 0.16124811 0.01686118
6.90034502 7.50085641 0.00078513 0.00082615 0.00041968 0.00199737 0.39129289 0.05388631 0.27818957 0.02043086 0.03885831 0.03746528 0.16083308 0.01501536
7.00035002 7.48896787 0.00078006 0.00089347 0.00044391 0.00574908 0.39135251 0.04804034 0.28466877 0.01767521 0.03907397 0.03794794 0.16001128 0.01336345
7.10035502 7.47857930 0.00111612 0.00095614 0.00074771 0.00732461 0.39640279 0.04523959 0.28030720 0.01877220 0.04405769 0.03111298 0.16227618 0.01168678
7.20036002 7.47318480 0.00079977 0.00090689 0.00050998 0.00563826 0.39571651 0.04330216 0.28476549 0.01582920 0.04530289 0.02969188 0.16330822 0.01422875
7.30036502 7.46640457 0.00124561 0.00097683 0.00092797 0.01185074 0.38864363 0.03736482 0.28401035 0.01765626 0.04818983 0.02664087 0.16817936 0.01431374
7.40037002 7.45575178 0.00075593 0.00100765 0.00031962 0.00384113 0.39497047 0.04264611 0.28732835 0.01528701 0.04875370 0.02333342 0.17193983 0.00981679
7.50037502 7.44975731 0.00087759 0.00106042 0.00045171 0.00518720 0.39571687 0.04136005 0.28526838 0.01468342 0.04967374 0.02202940 0.17428059 0.00941062
7.60038002 7.44017467 0.00083870 0.00096569 0.00046720 0.00473835 0.39377535 0.03957028 0.29063879 0.01482809 0.05077786 0.02420341 0.16984231 0.00935397
7.70038502 7.42380190 0.00069245 0.00102537 0.00027694 0.00177824 0.38496129 0.04201573 0.29204765 0.01769244 0.05041070 0.02856578 0.17155499 0.00897842
7.80039002 7.41647749 0.00083035 0.00099149 0.00054917 0.00492085 0.38814399 0.04235246 0.28962135 0.01553154 0.05155474 0.02328279 0.16968843 0.01253283
7.90039502 7.41236569 0.00085852 0.00088901 0.00058226 0.00479564 0.39081472 0.03647922 0.29046128 0.01426551 0.05145346 0.02792106 0.16838153 0.01309780
8.00040002 7.40205078 0.00129049 0.00084624 0.00100931 0.00754588 0.39500985 0.03741209 0.29270040 0.01377053 0.04619674 0.02808587 0.16324677 0.01288583
8.10040502 7.39400463 0.00071152 0.00086631 0.00056033 0.00348304 0.39520801 0.04309049 0.30042696 0.01223401 0.04153354 0.02776229 0.16396517 0.01015831
8.20041002 7.38362500 0.00053728 0.00088930 0.00036588 0.00276577 0.39171743 0.04525771 0.30216260 0.01275298 0.04383432 0.02716682 0.16339634 0.00915356
8.30041502 7.36683439 0.00079519 0.00098568 0.00057698 0.00416426 0.38971057 0.03661402 0.29480333 0.01513654 0.05300791 0.03099203 0.16149251 0.01172098
8.40042002 7.35784531 0.00115844 0.00090140 0.00095793 0.00617304 0.39076725 0.03119621 0.29717181 0.01759508 0.05276376 0.02546684 0.16239578 0.01345245
8.50042502 7.34949727 0.00120182 0.00093827 0.00118200 0.00999890 0.38861915 0.03256456 0.29050520 0.01304724 0.05491559 0.02685627 0.16702179 0.01314921
8.60043002 7.34315768 0.00102520 0.00093773 0.00066978 0.00475264 0.38665862 0.03556372 0.29310968 0.01696677 0.05674119 0.02609470 0.16855278 0.00892719
8.70043502 7.33152773 0.00081862 0.00088422 0.00062193 0.00420098 0.39017027 0.03664597 0.28792045 0.01700693 0.05487923 0.03000222 0.16614583 0.01070335
8.80044002 7.31834969 0.00048585 0.00094169 0.00042670 0.00222094 0.39465367 0.03567187 0.29433755 0.01156815 0.05408247 0.03056515 0.16198462 0.01306134
8.90044502 7.30456732 0.00069510 0.00096918 0.00054399 0.00313573 0.38972693 0.04108744 0.29240201 0.01251157 0.05838263 0.03328554 0.15851925 0.00874063
9.00045002 7.29462122 0.00075693 0.00086944 0.00069973 0.00563262 0.38388860 0.03808633 0.29473222 0.01683067 0.05260171 0.03229581 0.15790804 0.01569791
9.10045502 7.28868066 0.00086862 0.00093175 0.00061934 0.00561613 0.38462633 0.03644377 0.28955853 0.01854083 0.05438149 0.02892822 0.16650191 0.01298309
9.20046002 7.27686833 0.00079866 0.00091102 0.00054488 0.00559664 0.38534674 0.03903703 0.28839339 0.01565382 0.05580089 0.03433359 0.16354796 0.01003538
9.30046502 7.26916430 0.00075160 0.00087159 0.00052263 0.00467292 0.38093365 0.04408264 0.29485736 0.01448270 0.05417922 0.03134132 0.16115819 0.01214619
9.40047002 7.25861940 0.00073267 0.00091645 0.00048093 0.00455891 0.38067078 0.04327326 0.29069428 0.01630979 0.05671943 0.03074970 0.16099906 0.01389473
9.50047502 7.24793431 0.00095324 0.00091927 0.00060595 0.00432105 0.38676888 0.04280971 0.29125953 0.01861874 0.04981135 0.03021341 0.15924097 0.01447789
9.60048002 7.23756328 0.00121526 0.00088074 0.00073574 0.00488915 0.39347405 0.04213594 0.29235917 0.01997604 0.04848816 0.02810359 0.15679788 0.01094428
9.70048502 7.23157418 0.00066548 0.00099854 0.00023449 0.00166166 0.39130715 0.04537509 0.29093771 0.01855732 0.05588364 0.02501535 0.15887297 0.01049060
9.80049002 7.22146888 0.00073949 0.00092362 0.00033441 0.00202128 0.38419555 0.04725159 0.29479407 0.01799195 0.05419203 0.02830161 0.15989473 0.00935968
9.90049502 7.20694904 0.00135950 0.00079712 0.00090952 0.00810650 0.38703349 0.05122891 0.28979722 0.02061301 0.04468053 0.03151387 0.15369164 0.01026870
10.00050003 7.19492085 0.00090034 0.00090669 0.00067383 0.00729675 0.38060616 0.05422328 0.29172372 0.01653873 0.04712604 0.02786786 0.15563739 0.01649919
10.10050503 7.18560253 0.00133612 0.00080834 0.00087683 0.00687585 0.37343019 0.05560947 0.29418155 0.02077500 0.04540072 0.03290133 0.15417920 0.01362539
10.20051003 7.16754626 0.00125696 0.00083908 0.00099152 0.00831336 0.37265468 0.05894750 0.28525457 0.01849798 0.05040012 0.03548188 0.15085155 0.01651081
10.30051503 7.16022851 0.00124227 0.00079215 0.00091906 0.00617087 0.36932354 0.06547776 0.28719386 0.01942456 0.04904192 0.03487799 0.14964853 0.01588750
10.40052003 7.15255035 0.00117543 0.00082997 0.00064868 0.00564743 0.36884394 0.06058650 0.28995767 0.02257602 0.04706419 0.03782170 0.14930424 0.01554423
10.50052503 7.14033337 0.00104083 0.00092541 0.00049835 0.00417148 0.36998147 0.06114720 0.28681620 0.02470301 0.05053848 0.03686078 0.14973844 0.01357835
10.60053003 7.13550313 0.00107915 0.00084847 0.00049214 0.00376208 0.38033265 0.06221051 0.28890337 0.01990707 0.04737144 0.03310806 0.14854408 0.01344099
10.70053503 7.12657250 0.00112245 0.00081433 0.00065660 0.00887181 0.38055856 0.05486178 0.28294929 0.02174844 0.04388002 0.03736411 0.15179779 0.01537481
10.80054003 7.11639210 0.00136238 0.00086039 0.00117798 0.00935058 0.38183102 0.05433096 0.28478502 0.01817803 0.04187224 0.03415227 0.15465132 0.01744780
10.90054503 7.11237651 0.00105657 0.00100646 0.00052927 0.00475402 0.37907624 0.05296310 0.28957772 0.02000773 0.04572497 0.03403602 0.15861462 0.01265329
11.00055003 7.10499191 0.00081850 0.00092283 0.00041585 0.00543899 0.37840850 0.05234773 0.29376970 0.01964509 0.04221589 0.03533939 0.15868308 0.01199445
11.10055503 7.09293737 0.00097591 0.00090272 0.00064375 0.00353205 0.38512230 0.05528197 0.28972954 0.01816782 0.04209859 0.03356503 0.15414684 0.01583347
11.20056003 7.08842967 0.00100637 0.00082317 0.00071859 0.00531826 0.38648183 0.05548131 0.29261475 0.01779992 0.03922020 0.03307613 0.15286004 0.01459942
11.30056503 7.07655482 0.00096266 0.00092158 0.00064437 0.00643925 0.38356997 0.04985684 0.29670407 0.01737170 0.04230042 0.03459840 0.15250395 0.01412678
11.40057003 7.06746001 0.00116501 0.00087864 0.00049204 0.00550318 0.38460591 0.04253329 0.29818617 0.02369685 0.04032600 0.03651778 0.15400328 0.01209185
11.50057503 7.05878511 0.00116954 0.00082694 0.00076229 0.00661041 0.38608897 0.04228198 0.29855379 0.02196706 0.04144895 0.03694944 0.14908135 0.01425927
11.60058003 7.04269312 0.00082873 0.00087494 0.00064625 0.00474472 0.38481479 0.04795413 0.30029380 0.01754952 0.03900754 0.03980360 0.15100893 0.01247306
11.70058503 7.03778579 0.00077994 0.00081116 0.00044881 0.00359586 0.38964440 0.04501142 0.30235992 0.01998034 0.03915180 0.03715392 0.14803272 0.01302970
11.80059003 7.03468295 0.00097061 0.00080748 0.00068504 0.00414945 0.38759103 0.04187038 0.30416495 0.01990277 0.03892910 0.03704250 0.15050743 0.01337926
11.90059503 7.02818197 0.00125975 0.00075870 0.00116712 0.01175243 0.38509073 0.04105674 0.30738260 0.01540077 0.03643869 0.03802297 0.14832928 0.01334022
12.00060003 7.02327709 0.00075984 0.00081464 0.00048253 0.00360654 0.38753419 0.03876233 0.31084754 0.01965769 0.03736590 0.03396732 0.15143773 0.01476376
12.10060503 7.01818164 0.00083094 0.00087546 0.00040167 0.00198276 0.38884256 0.04119424 0.30875638 0.01814365 0.03990849 0.03217537 0.15561711 0.01127137
12.20061003 7.00764786 0.00119471 0.00086849 0.00087932 0.00648215 0.38376261 0.04027646 0.31248225 0.01854686 0.03963313 0.02914584 0.15725351 0.00947466
12.30061503 6.99689384 0.00090747 0.00088305 0.00053827 0.00806649 0.39521676 0.04085392 0.30939205 0.01584252 0.03808628 0.02577112 0.15642187 0.00802021
12.40062003 6.99118501 0.00092929 0.00083503 0.00053117 0.00435050 0.39452675 0.04095788 0.31585385 0.01701347 0.03759039 0.02617679 0.15319398 0.00804090
12.50062503 6.98129545 0.00085069 0.00088571 0.00048966 0.00394658 0.39115270 0.04159893 0.31447222 0.01596891 0.04037094 0.02604909 0.15511844 0.00909613
12.60063003 6.96539827 0.00110206 0.00087085 0.00065860 0.00762073 0.38173055 0.04085924 0.31995843 0.01717207 0.04412484 0.02364482 0.15331532 0.00894247
12.70063503 6.95264084 0.00080395 0.00081964 0.00029311 0.00389298 0.37204787 0.04748605 0.32285089 0.01995142 0.04352706 0.02863494 0.14875454 0.01093756
12.80064003 6.94369719 0.00111651 0.00085929 0.00076975 0.00691134 0.37766567 0.04532381 0.31636453 0.01902038 0.04294126 0.02488092 0.15216925 0.01197730
12.90064503 6.93553976 0.00078466 0.00090657 0.00036476 0.00284150 0.38258767 0.04594992 0.31888509 0.01698016 0.04347508 0.02374142 0.15414559 0.00933758
13.00065003 6.92584853 0.00076463 0.00086073 0.00026909 0.00207310 0.37826600 0.04626293 0.31741464 0.01762701 0.04542055 0.02930570 0.15203809 0.00969755
13.10065503 6.91469171 0.00083695 0.00079205 0.00039542 0.00347320 0.38304782 0.04775136 0.31470874 0.01756631 0.04080337 0.03150137 0.14864802 0.01047539
13.20066003 6.90599036 0.00076604 0.00076051 0.00029390 0.00276728 0.38230212 0.04909838 0.31501856 0.01907140 0.04058287 0.03090267 0.14733594 0.01110032
13.30066503 6.90081236 0.00091452 0.00082282 0.00048493 0.00527223 0.38558410 0.03840590 0.31781078 0.01930827 0.04205489 0.02767078 0.14972741 0.01194336
13.40067003 6.89169807 0.00091534 0.00077854 0.00066601 0.00526845 0.38140282 0.03930277 0.31536812 0.01830522 0.03870636 0.03285306 0.15374416 0.01268916
13.50067503 6.87970395 0.00115932 0.00083305 0.00080354 0.00893332 0.37907669 0.04089099 0.30823941 0.01816786 0.04360146 0.03549290 0.15224939 0.01055207
13.60068003 6.87403874 0.00075435 0.00081211 0.00024763 0.00568985 0.37599663 0.04761104 0.31547414 0.01836769 0.04237823 0.03101179 0.15133889 0.01031766
13.70068503 6.86404212 0.00062231 0.00074805 0.00028350 0.00169165 0.38124123 0.04862229 0.31572835 0.01665946 0.04052399 0.03329119 0.14775838 0.01282960
13.80069003 6.85850421 0.00067905 0.00070135 0.00034345 0.00406504 0.38219871 0.04903908 0.31725479 0.01653096 0.03637456 0.03291723 0.14747058 0.01242518
13.90069503 6.85298132 0.00077864 0.00086311 0.00035134 0.00170199 0.37891308 0.04934356 0.31589959 0.01913451 0.03857583 0.03149100 0.14974839 0.01319897
14.00070004 6.84216624 0.00103585 0.00086627 0.00064002 0.00846065 0.37223205 0.04711911 0.31137268 0.01981403 0.03824468 0.02990072 0.15728432 0.01302963
14.10070504 6.83833571 0.00108639 0.00077562 0.00061008 0.00582134 0.37612379 0.05186820 0.31242043 0.01758053 0.03605785 0.02906849 0.15462230 0.01396497
14.20071004 6.82590334 0.00129454 0.00076954 0.00102677 0.00851656 0.37082171 0.04939266 0.31381758 0.01853497 0.03440825 0.03025610 0.15418293 0.01697841
14.30071504 6.82196493 0.00092167 0.00074727 0.00043028 0.00583341 0.37217327 0.05084314 0.31702458 0.02168203 0.03135185 0.03153869 0.15270303 0.01475078
14.40072004 6.81197638 0.00090453 0.00080699 0.00073892 0.00580280 0.37387214 0.05278468 0.31247198 0.01748313 0.03902052 0.02912171 0.15182837 0.01516422
14.50072504 6.80645124 0.00118369 0.00073693 0.00104757 0.00922205 0.37228305 0.04958873 0.31488002 0.01674146 0.03459048 0.03119543 0.15350953 0.01502107
14.60073004 6.80051793 0.00117581 0.00073925 0.00097309 0.00813087 0.37043437 0.05023634 0.31619871 0.01767310 0.03067490 0.03445083 0.15595276 0.01335995
14.70073504 6.79501043 0.00124594 0.00073816 0.00097359 0.00636258 0.37303696 0.04561517 0.31206021 0.01870858 0.03616965 0.03618928 0.15199502 0.01690487
14.80074004 6.78857669 0.00130275 0.00081730 0.00102692 0.00638365 0.37147513 0.04954316 0.31581270 0.01707402 0.03995417 0.02722892 0.15594070 0.01344057
14.90074504 6.78516108 0.00168312 0.00075916 0.00125912 0.01251805 0.36977900 0.04973255 0.31123408 0.01989955 0.03266987 0.03142357 0.15755789 0.01148404
15.00075004 6.78038769 0.00116466 0.00079226 0.00106117 0.00714388 0.37291807 0.05099973 0.30835926 0.01751340 0.03318963 0.03346959 0.15874078 0.01464757
15.10075504 6.77362129 0.00096889 0.00078384 0.00091767 0.00835280 0.36995779 0.05292514 0.31198612 0.01638665 0.03698242 0.02976783 0.15428982 0.01668101
15.20076004 6.77181715 0.00083204 0.00076635 0.00051389 0.00327300 0.36989652 0.05478324 0.31637103 0.01839376 0.03517076 0.02960824 0.15579534 0.01459583
15.30076504 6.76444351 0.00117072 0.00069194 0.00069775 0.00769973 0.37898827 0.05169567 0.31365840 0.01963722 0.03220745 0.02846075 0.15445394 0.01063817
15.40077004 6.75232749 0.00151311 0.00079879 0.00109967 0.01114409 0.37776411 0.04539635 0.31164683 0.01830079 0.03180882 0.03050835 0.15998145 0.01003764
15.50077504 6.74562629 0.00078857 0.00087963 0.00043755 0.00333123 0.38590475 0.04172749 0.31951754 0.01807793 0.02929162 0.02882251 0.16040646 0.01081472
15.60078004 6.73425017 0.00062300 0.00087256 0.00023056 0.00289272 0.38574001 0.04071979 0.31939361 0.01713395 0.03187954 0.02702739 0.16211428 0.01137258
15.70078504 6.73069817 0.00092687 0.00085068 0.00054496 0.00545313 0.39125155 0.03774858 0.31608676 0.01482874 0.03234410 0.02442051 0.16346690 0.01207721
15.80079004 6.72460664 0.00092065 0.00081524 0.00063442 0.00830229 0.38861999 0.03201657 0.31789466 0.01672061 0.03271543 0.02278199 0.16395468 0.01462347
15.90079504 6.71904262 0.00084317 0.00071092 0.00078915 0.00494486 0.38832013 0.03241941 0.32083252 0.01500006 0.03194533 0.02553561 0.16219110 0.01646773
16.00080004 6.71378010 0.00052308 0.00072877 0.00055364 0.00284706 0.39241263 0.03513695 0.32243874 0.01345732 0.03297629 0.02571401 0.15944358 0.01376794
16.10080504 6.70292911 0.00072924 0.00080217 0.00048414 0.00336956 0.38938826 0.03917515 0.32449857 0.01338275 0.03472275 0.02375968 0.16058825 0.00909947
16.20081004 6.69318143 0.00077536 0.00074250 0.00057974 0.00712794 0.38371086 0.04003441 0.32919295 0.01129755 0.03084007 0.02640338 0.15951363 0.00978161
16.30081504 6.69066600 0.00060314 0.00073713 0.00031088 0.00256513 0.38901516 0.03927242 0.32680446 0.01412926 0.03115512 0.02251559 0.16228813 0.01060359
16.40082004 6.68302261 0.00093632 0.00074160 0.00068242 0.00742782 0.38771373 0.03823738 0.32317593 0.01249212 0.03258952 0.02256809 0.16377923 0.00965584
16.50082504 6.67636617 0.00088624 0.00081361 0.00060806 0.01152398 0.38935697 0.03336582 0.33208799 0.01030714 0.03311813 0.01710880 0.16262330 0.00819995
16.60083004 6.66639432 0.00114959 0.00087423 0.00079380 0.00739514 0.39142147 0.03116341 0.33032014 0.01003857 0.03277542 0.02194001 0.16260874 0.00951948
16.70083504 6.65734662 0.00114629 0.00078894 0.00093457 0.00815105 0.38859218 0.03593127 0.33178434 0.01159203 0.03424282 0.01615449 0.16259171 0.00809030
16.80084004 6.64973209 0.00107704 0.00076684 0.00071148 0.00476610 0.38958605 0.03638880 0.32976865 0.01490691 0.03158835 0.01413036 0.16629011 0.01001931
16.90084504 6.64493422 0.00042642 0.00076255 0.00028262 0.00233133 0.39273685 0.03943024 0.32719772 0.01160382 0.03182395 0.01499589 0.16747893 0.01092968
17.00085004 6.63540879 0.00093467 0.00078238 0.00055600 0.00571996 0.39147737 0.03657230 0.32921832 0.01467003 0.03108843 0.01343145 0.16543349 0.01011559
17.10085504 6.62939631 0.00055711 0.00075668 0.00039346 0.00472725 0.39770313 0.03845152 0.32406600 0.01092215 0.03116932 0.01723330 0.16430486 0.00971521
17.20086004 6.61706803 0.00092201 0.00082687 0.00066964 0.00600139 0.39485159 0.03765856 0.32061604 0.01083008 0.03105882 0.02089766 0.16664668 0.00902066
17.30086504 6.60731030 0.00093115 0.00097055 0.00071089 0.00571431 0.39023823 0.03833565 0.32168452 0.00827384 0.03738557 0.01907725 0.16972113 0.00695691
17.40087004 6.59425505 0.00126039 0.00080658 0.00102631 0.01500951 0.38771676 0.03990266 0.31913674 0.01013680 0.03297501 0.01740492 0.16536491 0.00925942
17.50087504 6.58828747 0.00051280 0.00090928 0.00028099 0.00149744 0.38939856 0.03967571 0.32396654 0.01045530 0.03504413 0.02022465 0.16868148 0.00935310
17.60088004 6.58377005 0.00088435 0.00075057 0.00072668 0.00848327 0.38771199 0.03672414 0.32658740 0.01136612 0.03248116 0.01933188 0.16446888 0.01048357
17.70088504 6.57741593 0.00059005 0.00072794 0.00035911 0.00475063 0.39446899 0.03948024 0.32651692 0.00859171 0.03233960 0.01841171 0.16394655 0.00981655
17.80089004 6.56374424 0.00083955 0.00075993 0.00042407 0.00302341 0.38854418 0.03953264 0.32196832 0.01304822 0.03302661 0.02325970 0.16570096 0.00987242
17.90089504 6.55362147 0.00092516 0.00080153 0.00050183 0.00447633 0.38906076 0.03869682 0.32102507 0.01506804 0.03052625 0.02257915 0.16658639 0.00975267
18.00090005 6.54602634 0.00055646 0.00082834 0.00031896 0.00154323 0.39250179 0.03791672 0.32351807 0.01198473 0.03311193 0.02279495 0.16403987 0.01088494
18.10090505 6.53877646 0.00061520 0.00083120 0.00043080 0.00399022 0.39185647 0.03748711 0.32066147 0.01204144 0.03769278 0.02222460 0.16295808 0.00921064
18.20091005 6.53235113 0.00090823 0.00072866 0.00079251 0.00749868 0.38994953 0.03789800 0.32285655 0.01481117 0.03292638 0.01880939 0.16153888 0.01128201
18.30091505 6.51881847 0.00067688 0.00085806 0.00042983 0.00262684 0.38888558 0.03537979 0.32131189 0.01492895 0.03464915 0.02127868 0.17029532 0.00867903
18.40092005 6.51351041 0.00088655 0.00089715 0.00050457 0.00649776 0.39438730 0.03542339 0.31774035 0.01314386 0.03365835 0.01849168 0.17131685 0.00705219
18.50092505 6.50329265 0.00081105 0.00087001 0.00022411 0.00359958 0.39490481 0.03229468 0.31873226 0.02135770 0.03112170 0.01815450 0.17037121 0.00755837
18.60093005 6.49324842 0.00072538 0.00085325 0.00039957 0.00371966 0.39202467 0.03581429 0.32413128 0.01527638 0.03454709 0.02047395 0.16444371 0.00759076
18.70093505 6.49146852 0.00055187 0.00085686 0.00034026 0.00223162 0.39906210 0.03961066 0.32094409 0.00936950 0.03340067 0.01782781 0.16773627 0.00806828
18.80094005 6.48323523 0.00049451 0.00076750 0.00023181 0.00563613 0.39512602 0.03801141 0.32243129 0.00941089 0.03266656 0.02004831 0.16700863 0.00816694
18.90094505 6.47994978 0.00039562 0.00078369 0.00014297 0.00223444 0.39233833 0.04075421 0.32205211 0.01064698 0.03662448 0.01978870 0.16620139 0.00803708
19.00095005 6.47264463 0.00053124 0.00076700 0.00053342 0.00478290 0.38530459 0.03901372 0.32163475 0.00911416 0.03946759 0.02217138 0.16482606 0.01185317
19.10095505 6.46591837 0.00069340 0.00071293 0.00061682 0.00342785 0.38328489 0.03823496 0.32746056 0.00910483 0.03609122 0.02205723 0.16645038 0.01186490
19.20096005 6.45475337 0.00074588 0.00078801 0.00058905 0.00333956 0.38170547 0.03814344 0.32199893 0.00951068 0.03881095 0.02380237 0.16869664 0.01186902
19.30096505 6.44652179 0.00036885 0.00084867 0.00025341 0.00037961 0.38890152 0.03648193 0.32074023 0.00854064 0.03703972 0.02501111 0.16846986 0.01296446
19.40097005 6.43530991 0.00084175 0.00080506 0.00065558 0.00826072 0.38518675 0.03638834 0.31930151 0.00923027 0.03907649 0.02400260 0.16563018 0.01062073
19.50097505 6.42226869 0.00092619 0.00083891 0.00047026 0.00318559 0.39373881 0.03404360 0.31449568 0.01710945 0.03653708 0.02135697 0.16638952 0.01090795
19.60098005 6.41145225 0.00060764 0.00080235 0.00034287 0.00213303 0.39947550 0.03418461 0.31860393 0.01432088 0.03514175 0.01970467 0.16397646 0.01070630
19.70098505 6.40244841 0.00104624 0.00073455 0.00076483 0.00606828 0.39326652 0.03142808 0.32190373 0.01411991 0.03912753 0.01981887 0.16296767 0.00875380
19.80099005 6.39612487 0.00060296 0.00076569 0.00041250 0.00357772 0.39153553 0.03626591 0.32200660 0.01196487 0.03678014 0.01761846 0.16691204 0.01155757
19.90099505 6.38825334 0.00048354 0.00078231 0.00038234 0.00259962 0.38907840 0.03627542 0.32160861 0.01155557 0.03920189 0.02042959 0.16732879 0.01027392
20.00100005 6.38527607 0.00059705 0.00074917 0.00039773 0.00281390 0.39398640 0.03736117 0.32422566 0.01047142 0.03411141 0.01943579 0.16692736 0.00892294
20.10100505 6.38079079 0.00087133 0.00077516 0.00063740 0.00652101 0.39019166 0.03602946 0.31993747 0.01113412 0.03760342 0.02108069 0.16749229 0.00772598
20.20101005 6.37257284 0.00074689 0.00076543 0.00055622 0.00409401 0.38713304 0.03407719 0.32292974 0.01242342 0.03556972 0.02285227 0.16960207 0.00924999
20.30101505 6.36290551 0.00057750 0.00082557 0.00041299 0.00376664 0.38936118 0.03753260 0.32277248 0.01026839 0.04086063 0.01925105 0.16618014 0.00819084
20.40102005 6.35561023 0.00055062 0.00074378 0.00025360 0.00435689 0.38625822 0.03584614 0.32281071 0.01218364 0.03794568 0.02161349 0.16824162 0.00919563
20.50102505 6.34897909 0.00086917 0.00074100 0.00059051 0.00777400 0.38943900 0.03205060 0.32030321 0.01130740 0.03930034 0.02310888 0.16621646 0.00829945
20.60103005 6.33919396 0.00052458 0.00072139 0.00040286 0.00270009 0.39045543 0.03484759 0.31925508 0.01108827 0.03841278 0.02373135 0.16515532 0.01270525
20.70103505 6.33287747 0.00049577 0.00077218 0.00020604 0.00138511 0.38890687 0.03258778 0.32337851 0.01208178 0.03833094 0.02482894 0.16861151 0.00841457
20.80104005 6.32753051 0.00056053 0.00080669 0.00034973 0.00539447 0.39008727 0.02667946 0.31945807 0.00944981 0.04289369 0.03018099 0.16675427 0.00738500
20.90104505 6.31913158 0.00067847 0.00074967 0.00046793 0.00548166 0.38855136 0.02769658 0.32114508 0.00914500 0.04092824 0.03109736 0.16662566 0.00743301
21.00105005 6.31483673 0.00042389 0.00071875 0.00017684 0.00032818 0.39074770 0.02978970 0.32567516 0.01208682 0.03988550 0.02408242 0.16697288 0.00911216
21.10105505 6.31052258 0.00079240 0.00072906 0.00051965 0.00530345 0.39411395 0.02697618 0.32197045 0.01359737 0.03866477 0.02298833 0.16652177 0.00782262
21.20106005 6.30705947 0.00064739 0.00074787 0.00036768 0.00404734 0.39540918 0.02733795 0.32520769 0.01567919 0.03578742 0.01832614 0.16884785 0.00759431
21.30106505 6.29911454 0.00081501 0.00072121 0.00078521 0.00580630 0.39248546 0.03157756 0.32254024 0.01201363 0.03437753 0.02231596 0.16787555 0.00868633
21.40107005 6.29382421 0.00092007 0.00075740 0.00074938 0.00651379 0.39309421 0.02871859 0.32544707 0.01074033 0.03332645 0.02337274 0.16737486 0.00898511
21.50107505 6.28416022 0.00094366 0.00085164 0.00071761 0.00474807 0.39108676 0.02827196 0.32791475 0.01299794 0.03582443 0.02260377 0.16632242 0.00771698
21.60108005 6.27611393 0.00073522 0.00086613 0.00054331 0.00414695 0.39111541 0.02958423 0.32568897 0.01050191 0.03961857 0.02142218 0.16671092 0.00906620
21.70108505 6.27194817 0.00087260 0.00069596 0.00073019 0.00470890 0.38847500 0.03025381 0.32482584 0.01279385 0.03645754 0.02327918 0.16754567 0.00936147
21.80109005 6.26341142 0.00061369 0.00073617 0.00028251 0.00156094 0.39032104 0.03272183 0.32092858 0.01653364 0.03696680 0.02317014 0.16904741 0.00711725
21.90109505 6.24890986 0.00104179 0.00068829 0.00066591 0.00464521 0.39168264 0.02927825 0.32008270 0.01840808 0.03332006 0.02502870 0.16622631 0.00893206
22.00110006 6.23962667 0.00075637 0.00073965 0.00039991 0.00545942 0.38697376 0.03632991 0.31680496 0.01671141 0.03605982 0.02567762 0.16542181 0.00866536
22.10110506 6.22982237 0.00121846 0.00072828 0.00107067 0.00828766 0.38729289 0.04088605 0.31135884 0.01429918 0.03281065 0.02419975 0.16580934 0.01203823
22.20111006 6.22495662 0.00075424 0.00079528 0.00039467 0.00668059 0.39025096 0.03862026 0.31122327 0.01719078 0.03024957 0.02544350 0.16748092 0.01091595
22.30111506 6.20813634 0.00088058 0.00078092 0.00058123 0.00567758 0.38898060 0.04251015 0.30980056 0.01539236 0.03364495 0.02607011 0.16479297 0.01088799
22.40112006 6.20361832 0.00105134 0.00066684 0.00078133 0.00630274 0.39308064 0.03983739 0.30927085 0.01324286 0.03046964 0.03166822 0.16251203 0.01111613
22.50112506 6.19393281 0.00058628 0.00067478 0.00031346 0.00542867 0.38935446 0.03997180 0.31525599 0.01346987 0.02989048 0.03516087 0.16082428 0.00906905
22.60113006 6.18498059 0.00076853 0.00066887 0.00048350 0.00446739 0.38820179 0.03923964 0.31599201 0.01644656 0.03137274 0.03349984 0.15776459 0.01109453
22.70113506 6.17614657 0.00147297 0.00076309 0.00120114 0.01089325 0.37463877 0.03686004 0.32011417 0.01507948 0.03751200 0.03369666 0.15697196 0.01079645
22.80114006 6.17523501 0.00127520 0.00081310 0.00102910 0.00971278 0.38100076 0.03486010 0.31845914 0.01434906 0.03974541 0.02984869 0.15998159 0.00892508
22.90114506 6.16034226 0.00092026 0.00077990 0.00059765 0.00759560 0.38018395 0.03799288 0.31554079 0.01302192 0.04041629 0.03057223 0.16107907 0.01129946
23.00115006 6.15149739 0.00083441 0.00076231 0.00039878 0.00214205 0.38871208 0.03508463 0.31353708 0.01607814 0.03541939 0.03251989 0.16356913 0.01094210
23.10115506 6.14794146 0.00050458 0.00074316 0.00017585 0.00036023 0.38771000 0.03865503 0.31620917 0.01442650 0.03589953 0.03322139 0.16143814 0.01065642
23.20116006 6.13269783 0.00132822 0.00081622 0.00077700 0.00702720 0.38501588 0.03862038 0.30804199 0.02023152 0.04152018 0.02889800 0.15860572 0.00911768
23.30116506 6.12948035 0.00090293 0.00075018 0.00062552 0.00328231 0.37696676 0.04014554 0.31357605 0.01969449 0.04504862 0.02974508 0.15765839 0.01160413
23.40117006 6.11711236 0.00125993 0.00069821 0.00092808 0.01026938 0.37617096 0.04399368 0.31140495 0.01755268 0.04039514 0.02726987 0.15933074 0.01072639
23.50117506 6.10442766 0.00132272 0.00079313 0.00098103 0.00988511 0.38296125 0.04025457 0.30723145 0.01791147 0.03932767 0.02902297 0.15968650 0.01062213
23.60118006 6.09591727 0.00081305 0.00096516 0.00047436 0.00340715 0.38213059 0.03919647 0.30416288 0.01960476 0.04750283 0.02718865 0.16123853 0.01331557
23.70118506 6.08778090 0.00116393 0.00079140 0.00093750 0.00706160 0.37861209 0.03709829 0.30829078 0.01892019 0.04572533 0.02693506 0.16058040 0.01388344
23.80119006 6.08346297 0.00083961 0.00100317 0.00063484 0.00459801 0.38230687 0.03543947 0.30767696 0.01472198 0.04833122 0.02491180 0.16868179 0.01085429
23.90119506 6.07272180 0.00063426 0.00089764 0.00045135 0.00203414 0.38467276 0.03380295 0.30770549 0.01455666 0.05341633 0.02724326 0.16530778 0.00927738
24.00120006 6.06619129 0.00089921 0.00084330 0.00067907 0.00525652 0.38209573 0.03479438 0.30687296 0.01563227 0.05231277 0.02266687 0.16787523 0.01007167
24.10120506 6.05892434 0.00111431 0.00085880 0.00088472 0.00726956 0.37696185 0.03518568 0.30548924 0.01710158 0.05689085 0.02167276 0.16379926 0.01277139
24.20121006 6.04857786 0.00131136 0.00089187 0.00097253 0.00921361 0.37473835 0.03708345 0.30609264 0.01741987 0.05654827 0.02323167 0.16372887 0.00876750
24.30121506 6.04327491 0.00068223 0.00096854 0.00031891 0.00256760 0.37649312 0.03557033 0.30940146 0.01573497 0.05896771 0.02598269 0.16416917 0.00914326
24.40122006 6.03978956 0.00076292 0.00088867 0.00045611 0.00526153 0.37888737 0.03497704 0.30853343 0.01324925 0.05746716 0.02449636 0.16622338 0.00879680
24.50122506 6.02388345 0.00107725 0.00091670 0.00092617 0.00776927 0.37318176 0.03573044 0.30763586 0.01245936 0.05605439 0.02393861 0.16821129 0.01209891
24.60123006 6.01444047 0.00076592 0.00092570 0.00060296 0.00547783 0.37147108 0.03486363 0.31241917 0.01228630 0.05412420 0.02720295 0.16905985 0.01080041
24.70123506 6.00416184 0.00093677 0.00089841 0.00077442 0.00839786 0.37364901 0.03236762 0.31136986 0.01390091 0.05808717 0.02409202 0.16599556 0.00953039
24.80124006 5.99653960 0.00122613 0.00082902 0.00097442 0.00869753 0.37525030 0.02926605 0.31157896 0.01549187 0.05136535 0.02911767 0.16697637 0.00922633
24.90124506 5.98624589 0.00115098 0.00086110 0.00083115 0.00597851 0.38146942 0.03221727 0.30819004 0.01531090 0.05313189 0.02718184 0.16434754 0.00932934
25.00125006 5.97624475 0.00086041 0.00097432 0.00068277 0.00434454 0.38010308 0.03335807 0.31009757 0.01480266 0.05264235 0.02919440 0.16218267 0.01075715
25.10125506 5.97000036 0.00077326 0.00089154 0.00051076 0.00673706 0.38552473 0.02667150 0.31161694 0.01427047 0.05417348 0.02635023 0.15979330 0.01268671
25.20126006 5.96360029 0.00061102 0.00085200 0.00044421 0.00195694 0.38479051 0.02871753 0.31256915 0.01419656 0.05445086 0.02634046 0.16333748 0.01173328
25.30126506 5.95729267 0.00040433 0.00080173 0.00029318 0.00039872 0.38626232 0.02953415 0.31624948 0.01292004 0.05378675 0.02668312 0.16289972 0.00976645
25.40127006 5.95093620 0.00057884 0.00080196 0.00042389 0.00394917 0.38495448 0.02736875 0.32185323 0.01174841 0.05246466 0.02499498 0.16192568 0.00893595
25.50127506 5.93956141 0.00081702 0.00080022 0.00067812 0.00472189 0.38671348 0.03007503 0.32014154 0.01263573 0.05080175 0.02107946 0.16154300 0.00999275
25.60128006 5.93663614 0.00060504 0.00082697 0.00046138 0.00261572 0.38929618 0.03215816 0.32348982 0.01234262 0.04618481 0.01682702 0.16620222 0.00899006
25.70128506 5.93102506 0.00052889 0.00091123 0.00036030 0.00352969 0.38532149 0.03340563 0.32339141 0.01151584 0.04301856 0.01811684 0.16935731 0.01054281
