0.00000000 10.00000000 0.00000000 0.00000000 0.00000000 0.00000000 0.00000000 0.00000000 0.00000000 1.00000000 0.00000000 0.00000000 0.00000000 0.00000000
0.10000500 10.00328863 0.02160103 0.00116930 0.00701736 0.09850422 0.11053853 0.13580531 0.02414668 0.43939950 0.05068677 0.07565629 0.01345872 0.02201629
0.20001000 10.00110273 0.00703384 0.00137115 0.00408156 0.04571076 0.15202849 0.21635991 0.04907550 0.23717202 0.07045837 0.13511102 0.03906649 0.04253088
0.30001500 9.99684581 0.00399926 0.00115589 0.00239659 0.02107162 0.17486051 0.21819240 0.06587604 0.16651422 0.08176250 0.17158899 0.05234506 0.04023692
0.40002000 9.99262704 0.00362549 0.00103059 0.00209213 0.01933569 0.17444836 0.19699312 0.07837341 0.14623479 0.08497754 0.19029956 0.06117010 0.04141921
0.50002500 9.98940641 0.00344764 0.00093928 0.00149216 0.01142217 0.17289510 0.18477715 0.09663138 0.13677028 0.08499330 0.20100060 0.06654094 0.03909000
0.60003000 9.98565526 0.00342493 0.00107599 0.00129185 0.01057718 0.17907111 0.16816223 0.10722917 0.11902720 0.09721015 0.20570456 0.06741359 0.03981205
0.70003500 9.98234636 0.00335153 0.00094380 0.00159758 0.01184586 0.20441577 0.15786832 0.10831092 0.10459366 0.09363693 0.19866622 0.06869258 0.04607684
0.80004000 9.97671926 0.00296663 0.00096437 0.00156568 0.01477287 0.21099088 0.14822871 0.11799054 0.08912184 0.09514739 0.19645457 0.07490682 0.04688969
0.90004500 9.97153123 0.00247115 0.00101448 0.00150138 0.01014562 0.22635198 0.15132340 0.12791360 0.07541799 0.09348335 0.18090283 0.08123659 0.04823763
1.00005000 9.96637482 0.00259663 0.00090086 0.00159740 0.01189674 0.24014672 0.15746092 0.13030597 0.07457173 0.08917056 0.15995011 0.08347589 0.04792647
1.10005500 9.96037587 0.00281963 0.00093579 0.00184015 0.01742842 0.25011373 0.16493829 0.14419195 0.06074678 0.09253710 0.13922698 0.08422143 0.04099976
1.20006000 9.95568593 0.00223656 0.00097614 0.00159067 0.01221327 0.25926087 0.15839912 0.15220724 0.06005736 0.09362540 0.12242640 0.08593035 0.05107663
1.30006500 9.94949644 0.00242784 0.00088448 0.00147183 0.01621823 0.26402548 0.15949448 0.16178221 0.06487199 0.08616568 0.11070240 0.08714215 0.04481322
1.40007000 9.94709096 0.00311989 0.00093389 0.00161457 0.02451155 0.27603434 0.16131331 0.15861686 0.06070738 0.08648438 0.09669213 0.09793053 0.03204117
1.50007500 9.93945050 0.00299151 0.00095350 0.00184744 0.01920387 0.28197350 0.15988356 0.16390217 0.06175408 0.08540489 0.08848951 0.09976595 0.03383003
1.60008000 9.93071082 0.00285403 0.00096114 0.00161262 0.01840935 0.28988901 0.15645120 0.16620899 0.06399018 0.09239580 0.07506415 0.09654505 0.03561847
1.70008500 9.91847607 0.00293833 0.00097937 0.00163881 0.01598991 0.30344716 0.15358745 0.18003203 0.06075278 0.08138339 0.06955553 0.09815806 0.03153718
1.80009000 9.90972339 0.00268176 0.00101608 0.00122135 0.01146473 0.31133128 0.13932248 0.19426599 0.05850570 0.08673660 0.06558211 0.09665005 0.03122186
1.90009500 9.89433208 0.00220020 0.00114583 0.00120211 0.01301962 0.31911856 0.12999803 0.20555423 0.04656097 0.08567594 0.06610938 0.09850543 0.03090970
2.00010001 9.88501704 0.00214684 0.00102898 0.00141230 0.01568067 0.32646436 0.12935213 0.20988061 0.03921921 0.08464988 0.06106560 0.09997618 0.02912325
2.10010501 9.87198069 0.00245373 0.00092369 0.00178412 0.02124522 0.33203472 0.11866791 0.21097388 0.03843833 0.08061629 0.06100897 0.10345142 0.02840171
2.20011001 9.86787787 0.00203075 0.00094292 0.00165317 0.01526688 0.34054788 0.11645945 0.21879410 0.03058550 0.08200548 0.05573271 0.10370963 0.03227153
2.30011501 9.86018922 0.00174084 0.00096917 0.00148002 0.01178725 0.34185203 0.11437724 0.21528463 0.02721095 0.08413960 0.05708569 0.10975458 0.03431802
2.40012001 9.84788612 0.00133960 0.00102293 0.00084734 0.00784774 0.33974235 0.10740107 0.22064898 0.02989235 0.08121202 0.06428849 0.11737372 0.02838341
2.50012501 9.84567550 0.00106296 0.00093745 0.00057510 0.00432961 0.34753624 0.10348218 0.22842671 0.02798929 0.07906015 0.06462717 0.11603944 0.02593369
2.60013001 9.83836474 0.00146464 0.00084901 0.00092530 0.00831791 0.34749173 0.09908211 0.23426898 0.02921401 0.07236405 0.06617532 0.11502622 0.02482072
2.70013501 9.82913169 0.00152892 0.00089026 0.00119307 0.01136721 0.35016637 0.09347736 0.23307285 0.03331380 0.07172745 0.05838581 0.11414306 0.03073383
2.80014001 9.81842506 0.00167229 0.00085802 0.00140877 0.01064312 0.35585947 0.10334058 0.23343965 0.02763427 0.06779225 0.05525259 0.11405062 0.02804837
2.90014501 9.81007541 0.00134709 0.00090052 0.00089340 0.00798409 0.35317958 0.10410619 0.23156202 0.03060609 0.06791823 0.05924579 0.11643964 0.02581735
3.00015001 9.79663973 0.00181915 0.00083914 0.00125556 0.01295881 0.35457655 0.10582893 0.23816662 0.03180754 0.06901668 0.04513614 0.11540101 0.02319388
3.10015501 9.78773664 0.00153844 0.00090606 0.00096453 0.00704185 0.35479853 0.10001191 0.23798136 0.03421992 0.07454019 0.04078263 0.12177387 0.02544072
3.20016001 9.77665894 0.00131205 0.00100026 0.00080234 0.01083723 0.35465380 0.09610482 0.24550801 0.02661836 0.07900212 0.04161988 0.11983581 0.02270532
3.30016501 9.76987478 0.00149141 0.00097488 0.00114706 0.00950590 0.35723441 0.09528182 0.24601052 0.02311423 0.07781416 0.04281576 0.12196602 0.02264381
3.40017001 9.75853027 0.00137795 0.00087813 0.00101298 0.00931107 0.35437881 0.09767198 0.25127469 0.02165796 0.07374050 0.04622742 0.12172787 0.02074064
3.50017501 9.74688998 0.00142125 0.00104213 0.00118395 0.01203648 0.35610035 0.08735112 0.25404986 0.01937689 0.08027032 0.04087846 0.12453734 0.02175184
3.60018001 9.74465846 0.00113795 0.00090081 0.00075096 0.00726321 0.35759310 0.08769557 0.25785374 0.02129337 0.08094121 0.03831341 0.12471113 0.02154552
3.70018501 9.74107463 0.00139544 0.00084716 0.00085574 0.00679949 0.36451584 0.08218587 0.25765994 0.02437442 0.07513243 0.04419565 0.12184464 0.02019337
3.80019001 9.73697717 0.00094497 0.00085396 0.00043927 0.00609128 0.36604295 0.08040962 0.26700736 0.02082405 0.07187707 0.04620366 0.12021867 0.01908715
3.90019501 9.72701343 0.00090594 0.00097117 0.00058758 0.00486453 0.37550299 0.07292607 0.26508129 0.02037786 0.06936841 0.04196312 0.12707614 0.02037489
4.00020001 9.72128377 0.00130002 0.00094621 0.00090077 0.00895898 0.37633498 0.06734272 0.26724097 0.02371467 0.06196407 0.04240433 0.13151376 0.01737850
4.10020501 9.72087958 0.00123704 0.00082743 0.00085373 0.00857087 0.37771204 0.06803533 0.27417116 0.02404731 0.05982963 0.03785230 0.12745975 0.01940341
4.20021001 9.71655408 0.00111036 0.00082164 0.00082193 0.00901438 0.38077769 0.06912277 0.27743320 0.02149238 0.05476114 0.03785462 0.13020632 0.01658356
4.30021501 9.70335623 0.00121396 0.00082713 0.00086016 0.01028839 0.38394330 0.06728711 0.27899213 0.02216418 0.05691856 0.03578752 0.12731888 0.01439867
4.40022001 9.69838845 0.00092485 0.00080683 0.00049328 0.00507673 0.38473159 0.07353848 0.27830801 0.02138342 0.06059368 0.02953825 0.12955989 0.01504499
4.50022501 9.68803064 0.00094625 0.00089303 0.00060047 0.00635085 0.39538718 0.06880954 0.27366120 0.01774164 0.06300650 0.02516847 0.13105210 0.01638277
4.60023001 9.68565760 0.00063992 0.00092300 0.00036766 0.00356043 0.40077292 0.06445666 0.27244975 0.01495716 0.06143960 0.02720225 0.13841473 0.01481593
4.70023501 9.68581954 0.00051781 0.00080443 0.00029379 0.00033976 0.40279546 0.06352798 0.27431105 0.01576203 0.05820566 0.02687936 0.13988339 0.01667928
4.80024001 9.68048598 0.00080089 0.00076526 0.00053072 0.00592608 0.40021205 0.06154525 0.27655825 0.01604133 0.05368322 0.02781415 0.14078122 0.01534158
4.90024501 9.67137552 0.00079250 0.00080433 0.00044247 0.00334028 0.39815430 0.06374121 0.28171745 0.01537237 0.05032013 0.02921044 0.14100379 0.01510072
5.00025001 9.66413403 0.00055316 0.00083565 0.00018417 0.00040239 0.39369520 0.06658515 0.28193592 0.01486280 0.04987059 0.03359955 0.14366263 0.01381279
5.10025501 9.65209720 0.00092121 0.00082410 0.00047741 0.00478465 0.39495233 0.05914140 0.27682493 0.01743646 0.05118921 0.03529895 0.14420943 0.01393992
5.20026001 9.64174105 0.00115882 0.00081034 0.00084370 0.01022186 0.38789693 0.05785411 0.28190081 0.01874036 0.05005719 0.03303284 0.14133474 0.01614831
5.30026501 9.63859805 0.00094043 0.00083522 0.00064749 0.00625357 0.38931781 0.06287518 0.28436314 0.01367453 0.05069544 0.02872341 0.14478839 0.01688538
5.40027001 9.63523991 0.00073750 0.00078008 0.00041932 0.00181409 0.38755358 0.06557647 0.28652602 0.01468799 0.05027341 0.02664312 0.14886690 0.01612152
5.50027501 9.63262153 0.00093574 0.00080520 0.00057552 0.00645780 0.39002425 0.05854274 0.29073085 0.01627971 0.05068995 0.02376820 0.14974974 0.01144029
5.60028001 9.61657469 0.00063178 0.00093080 0.00024712 0.00170031 0.39797959 0.05581571 0.28810243 0.01606854 0.05419377 0.02497291 0.14879341 0.01056363
5.70028501 9.60586186 0.00105796 0.00089739 0.00069377 0.01224792 0.39662275 0.05191649 0.28850052 0.01422132 0.05668426 0.02035390 0.14729508 0.00950864
5.80029001 9.59970197 0.00091078 0.00085875 0.00064583 0.00490319 0.39584333 0.05266354 0.29103322 0.01417029 0.05774667 0.02120112 0.14651804 0.01350525
5.90029501 9.59040985 0.00045362 0.00082112 0.00022261 0.00431238 0.39460684 0.05162965 0.29465579 0.01257835 0.05454162 0.02485147 0.14737462 0.01395192
6.00030002 9.58154397 0.00099600 0.00080230 0.00080214 0.00778083 0.39506298 0.05035042 0.29308307 0.01297645 0.05144233 0.02587823 0.14760933 0.01321592
6.10030502 9.57151502 0.00078241 0.00082756 0.00060328 0.00368032 0.39598374 0.04919297 0.29306842 0.01575554 0.05050912 0.02726161 0.14761117 0.01472387
6.20031002 9.55764619 0.00105792 0.00083975 0.00087807 0.00795320 0.39176403 0.04846500 0.28923837 0.01538438 0.05153102 0.02816217 0.15062683 0.01409926
6.30031502 9.55073882 0.00073561 0.00082626 0.00045624 0.00364719 0.39754338 0.04869377 0.29277496 0.01455595 0.05226854 0.02712958 0.15058686 0.01078166
6.40032002 9.53556617 0.00078279 0.00081753 0.00039978 0.00357680 0.39171362 0.05401498 0.29131765 0.01621345 0.04862014 0.03124920 0.15153106 0.00976301
6.50032502 9.52134576 0.00073320 0.00085451 0.00045327 0.00437695 0.39110973 0.04889481 0.29023318 0.01482236 0.04759001 0.03541318 0.15221257 0.01330622
6.60033002 9.51093990 0.00072566 0.00090740 0.00062905 0.00481174 0.38845838 0.04890003 0.29029490 0.01196575 0.04578898 0.03212625 0.15855033 0.01684152
6.70033502 9.50200340 0.00067619 0.00085923 0.00042730 0.00354435 0.39143407 0.05024339 0.28372896 0.01517974 0.04630528 0.03208367 0.15967247 0.01584536
6.80034002 9.49244659 0.00093483 0.00088847 0.00068952 0.00690448 0.39373230 0.04560341 0.28440269 0.01621850 0.04749684 0.03039035 0.15947970 0.01325892
6.90034502 9.48026006 0.00072560 0.00089722 0.00046247 0.00283100 0.39281573 0.04827042 0.28552968 0.01589413 0.04932864 0.03116148 0.15942874 0.01265489
7.00035002 9.46621326 0.00100160 0.00088256 0.00070775 0.00665346 0.38704695 0.05006880 0.28712355 0.01870582 0.04219810 0.02785313 0.16474884 0.01300944
7.10035502 9.44905278 0.00129059 0.00089048 0.00096053 0.00975261 0.38640983 0.05033887 0.28510849 0.01975896 0.04771209 0.02656329 0.15987911 0.01133515
7.20036002 9.43516616 0.00137637 0.00093409 0.00095768 0.01152887 0.37844264 0.05004024 0.29443439 0.02020777 0.05168793 0.02265737 0.15650095 0.01123169
7.30036502 9.42649289 0.00060131 0.00089022 0.00034543 0.00351653 0.38854600 0.05029856 0.29454472 0.01634161 0.05455376 0.02303460 0.15546530 0.01186197
7.40037002 9.42122914 0.00067881 0.00081235 0.00047915 0.00331337 0.38746306 0.04945764 0.29347399 0.01497546 0.04986445 0.03001869 0.15838615 0.01107688
7.50037502 9.40992177 0.00083918 0.00091997 0.00051413 0.00336855 0.38699139 0.04581183 0.28915932 0.01603620 0.05414559 0.02712687 0.16278373 0.01230324
7.60038002 9.40393359 0.00073603 0.00084659 0.00031177 0.00164159 0.38933399 0.05116035 0.29390100 0.01671631 0.05027119 0.02791554 0.15764722 0.00951842
7.70038502 9.39648608 0.00071230 0.00081887 0.00037814 0.00368933 0.38745238 0.05050220 0.29895198 0.01559920 0.04725673 0.02781522 0.15752004 0.00930360
7.80039002 9.38218662 0.00067699 0.00085294 0.00042652 0.00578961 0.38421820 0.04690943 0.30297632 0.01461318 0.04524427 0.02994478 0.15670827 0.01163949
7.90039502 9.37544430 0.00068026 0.00080927 0.00030259 0.00202893 0.38362278 0.04750877 0.29883828 0.01743076 0.04709281 0.03266974 0.15763686 0.01137896
8.00040002 9.36884466 0.00053965 0.00079047 0.00021948 0.00033130 0.38181037 0.04659702 0.30030020 0.01816770 0.04872635 0.03157097 0.15837261 0.01257387
8.10040502 9.36041889 0.00094187 0.00081166 0.00066352 0.01018836 0.39014872 0.04220943 0.29869769 0.01207992 0.04958474 0.02740547 0.15675718 0.01051142
8.20041002 9.35414136 0.00053693 0.00090644 0.00032705 0.00722247 0.39725103 0.03773016 0.29948584 0.01184844 0.05150824 0.02552502 0.15884845 0.00880993
8.30041502 9.34426343 0.00103291 0.00076937 0.00085016 0.01117639 0.39547124 0.03745303 0.29652644 0.01289475 0.04883885 0.02684101 0.15839410 0.00975175
8.40042002 9.33758748 0.00095493 0.00078444 0.00087129 0.00676871 0.39519906 0.03316820 0.30148086 0.01278854 0.04684830 0.02685038 0.15968734 0.01459796
8.50042502 9.32969544 0.00071958 0.00078063 0.00071851 0.00474734 0.40206662 0.03498392 0.30137368 0.01186886 0.04495662 0.02303964 0.16082244 0.01392214
8.60043002 9.31742506 0.00050771 0.00086757 0.00038908 0.00388654 0.38579291 0.04328356 0.30790159 0.01011837 0.04592641 0.02775953 0.16351151 0.01005520
8.70043502 9.29798719 0.00099238 0.00088159 0.00082895 0.01101258 0.37128390 0.04309942 0.30919324 0.01254472 0.04807633 0.02888166 0.16256493 0.01064029
8.80044002 9.28224773 0.00073210 0.00099908 0.00030169 0.00206969 0.37175049 0.04985357 0.30869881 0.01619797 0.05324396 0.02603958 0.16130766 0.00880539
8.90044502 9.27181761 0.00071926 0.00109882 0.00039937 0.00369215 0.38015310 0.04591563 0.30040002 0.01387367 0.06056974 0.02162844 0.16177831 0.00977147
9.00045002 9.26578318 0.00107129 0.00090617 0.00071841 0.00654789 0.38493216 0.05025557 0.29581378 0.01249413 0.05777702 0.02076224 0.15857087 0.01015046
9.10045502 9.25750193 0.00093110 0.00085242 0.00070531 0.00969375 0.38395064 0.05041526 0.30027371 0.01168061 0.05362699 0.02161629 0.15729624 0.00895769
9.20046002 9.24826144 0.00083600 0.00091507 0.00072212 0.00686817 0.38525609 0.04312315 0.30484222 0.01190581 0.05757320 0.02090785 0.15541341 0.01163689
9.30046502 9.24344615 0.00069593 0.00081774 0.00049192 0.00663823 0.38967808 0.04094153 0.30835026 0.01266208 0.05213862 0.02429288 0.15301529 0.01027743
9.40047002 9.24019285 0.00069685 0.00084762 0.00058708 0.00341035 0.39064327 0.03937912 0.30625845 0.01433090 0.05497658 0.01993704 0.15327408 0.01565866
9.50047502 9.23201861 0.00112825 0.00082562 0.00105937 0.01094698 0.38782593 0.03485767 0.30411365 0.01412562 0.05226740 0.02422872 0.15296740 0.01565339
9.60048002 9.22836089 0.00086659 0.00086060 0.00072532 0.00773386 0.39157785 0.03902624 0.30320546 0.00983139 0.05268396 0.02565991 0.15567213 0.01215669
9.70048502 9.21871501 0.00140509 0.00078804 0.00117842 0.01432784 0.38863053 0.03805154 0.29886186 0.01518853 0.04959877 0.03157531 0.15012079 0.01027327
9.80049002 9.20888207 0.00105406 0.00080362 0.00091972 0.00816754 0.39158752 0.03910145 0.29953203 0.01613327 0.04667997 0.03107056 0.15339686 0.01155339
9.90049502 9.19950397 0.00081598 0.00076139 0.00050529 0.00798985 0.39461604 0.03958139 0.30023323 0.01729552 0.04834066 0.02621106 0.15204867 0.01160091
10.00050003 9.18591339 0.00079102 0.00079615 0.00060140 0.00335980 0.38725444 0.04481180 0.30096453 0.01852490 0.04720204 0.03092285 0.15178284 0.01298822
10.10050503 9.17645548 0.00088021 0.00080575 0.00073841 0.00858740 0.38603411 0.04501581 0.30061484 0.01519177 0.04476030 0.03245114 0.15178500 0.01313526
10.20051003 9.16436744 0.00119007 0.00081870 0.00081056 0.01001305 0.38104514 0.04191383 0.29719151 0.02104579 0.04876072 0.03506346 0.14818393 0.01396323
10.30051503 9.15981759 0.00084463 0.00086696 0.00062703 0.00439711 0.38835351 0.04078779 0.29531180 0.01859153 0.04993695 0.03358146 0.15153078 0.01517045
10.40052003 9.15514079 0.00068641 0.00076277 0.00038941 0.00642124 0.38895783 0.04179870 0.29629848 0.01981303 0.04902522 0.02987053 0.15295569 0.01302068
10.50052503 9.14777877 0.00133384 0.00074009 0.00122324 0.01186935 0.39688682 0.03940183 0.29481353 0.01513481 0.05042563 0.02505776 0.15113393 0.01197917
10.60053003 9.13525453 0.00103660 0.00076000 0.00089029 0.01006546 0.39105083 0.04185710 0.30047380 0.01610576 0.04993551 0.02594889 0.14977986 0.01209589
10.70053503 9.13055201 0.00070611 0.00081871 0.00051013 0.00290442 0.39160464 0.04157677 0.30991983 0.01452659 0.05004981 0.02672757 0.14960701 0.01104841
10.80054003 9.12685221 0.00061242 0.00078677 0.00039792 0.00302647 0.38895599 0.03855690 0.31157563 0.01624032 0.04929509 0.02803731 0.15138653 0.01112867
10.90054503 9.12097317 0.00057682 0.00078838 0.00024138 0.00044945 0.39144709 0.03677486 0.31091810 0.01835343 0.04738914 0.02959573 0.15145730 0.01200832
11.00055003 9.11113888 0.00068721 0.00082857 0.00025981 0.00234619 0.39021727 0.03810322 0.31001095 0.01843540 0.04913975 0.02750567 0.15180346 0.01066250
11.10055503 9.10305461 0.00055368 0.00080747 0.00030744 0.00172858 0.38535255 0.03962319 0.31355020 0.01669058 0.04743556 0.03126450 0.15085421 0.01183203
11.20056003 9.09447965 0.00060826 0.00071902 0.00037563 0.00521564 0.38253736 0.04662093 0.31010577 0.01448506 0.04664335 0.03281006 0.14999451 0.00988442
11.30056503 9.08788888 0.00135982 0.00067787 0.00116214 0.01225542 0.38386409 0.03956831 0.31189301 0.01580097 0.04403371 0.03000423 0.14953132 0.00984911
11.40057003 9.08295824 0.00098773 0.00078604 0.00074135 0.00652485 0.38861566 0.03888785 0.31220445 0.01706826 0.04234705 0.02435671 0.15604680 0.01143325
11.50057503 9.07942030 0.00062194 0.00079850 0.00028204 0.00164478 0.39052569 0.04206620 0.31821549 0.01820430 0.03807940 0.02280457 0.15638093 0.01037617
11.60058003 9.06960934 0.00061726 0.00083296 0.00017138 0.00035769 0.38589479 0.04510251 0.31642584 0.01920779 0.04025566 0.02543436 0.15659074 0.00910901
11.70058503 9.06090270 0.00090766 0.00081614 0.00056867 0.00833484 0.38773392 0.04357474 0.31489044 0.01540155 0.04300181 0.02414394 0.15155768 0.00906860
11.80059003 9.05745912 0.00054174 0.00073707 0.00031164 0.00300055 0.38929288 0.04804314 0.31635560 0.01315373 0.04373583 0.02371327 0.15187861 0.00923593
11.90059503 9.04910013 0.00080026 0.00066450 0.00063980 0.01060110 0.38555878 0.04664797 0.31509260 0.01127880 0.04096249 0.02327697 0.15172163 0.01275510
12.00060003 9.03494718 0.00082013 0.00070864 0.00061723 0.00666407 0.38694825 0.04304614 0.31601940 0.01350137 0.04230777 0.02347998 0.15001594 0.01587108
12.10060503 9.02605721 0.00072336 0.00084579 0.00043574 0.00482555 0.38667818 0.04251990 0.31924561 0.01278251 0.04759414 0.01962875 0.15563627 0.00908419
12.20061003 9.01853156 0.00064426 0.00076279 0.00044158 0.00772599 0.38550534 0.04545104 0.31957166 0.01033055 0.04381520 0.02130168 0.15434500 0.01010491
12.30061503 9.00462088 0.00106025 0.00086038 0.00095400 0.00910353 0.38360988 0.04109398 0.31468251 0.01199130 0.04360133 0.02423476 0.15724589 0.01156218
12.40062003 9.00071995 0.00062680 0.00084513 0.00039633 0.00465458 0.38459924 0.03909350 0.31943374 0.01138092 0.04590648 0.02451942 0.15721541 0.01132845
12.50062503 8.99778139 0.00082825 0.00085017 0.00072830 0.00691292 0.38577915 0.03904786 0.31932869 0.01055942 0.04740303 0.02015616 0.15663896 0.01176708
12.60063003 8.99084135 0.00063219 0.00083203 0.00050805 0.00379565 0.37735369 0.03886965 0.32466815 0.01184084 0.05252287 0.02102191 0.15462326 0.01333170
12.70063503 8.98607072 0.00047674 0.00079888 0.00037918 0.00178138 0.38211402 0.04218191 0.32720869 0.00996406 0.04751254 0.02033817 0.15636586 0.01087856
12.80064003 8.97830155 0.00095842 0.00076072 0.00070642 0.01013110 0.37854231 0.03523352 0.32757604 0.01357062 0.04712156 0.02222625 0.15399937 0.00917368
12.90064503 8.97441849 0.00070569 0.00073921 0.00053598 0.00853209 0.38199591 0.04418774 0.32691338 0.01204676 0.04361143 0.02036133 0.15074007 0.00963042
13.00065003 8.96334483 0.00102252 0.00073191 0.00070920 0.00837392 0.38345833 0.04188366 0.32609896 0.01457937 0.04068529 0.02375328 0.15102551 0.00767806
13.10065503 8.95943828 0.00084601 0.00080484 0.00060190 0.00663551 0.38266611 0.04329533 0.32974548 0.01084450 0.04235522 0.01832888 0.15642835 0.00744787
13.20066003 8.95343423 0.00067337 0.00080818 0.00047229 0.00417460 0.37603880 0.04823882 0.32961935 0.01089284 0.04065443 0.01888409 0.16087924 0.00866399
13.30066503 8.93999921 0.00093540 0.00079372 0.00065800 0.00779716 0.37478525 0.04316202 0.33117748 0.01230921 0.03784552 0.02187058 0.15939804 0.00926763
13.40067003 8.93215125 0.00055625 0.00079915 0.00018877 0.00234003 0.37029020 0.04728412 0.34015801 0.01366358 0.03802693 0.02392865 0.15472570 0.00803859
13.50067503 8.92347629 0.00097168 0.00077444 0.00061491 0.00626455 0.37103096 0.04462507 0.33886963 0.01594600 0.03693564 0.02101634 0.15438933 0.00856146
13.60068003 8.91672363 0.00100495 0.00076834 0.00070249 0.00766294 0.36593552 0.04829294 0.33756450 0.01387685 0.03899885 0.01986296 0.15673278 0.00859687
13.70068503 8.90876180 0.00084150 0.00078107 0.00074821 0.00732192 0.36779527 0.04290448 0.33535697 0.01403116 0.03633107 0.02154367 0.15773561 0.01460907
13.80069003 8.89877505 0.00073471 0.00087320 0.00030803 0.00195176 0.36732929 0.04483520 0.33193806 0.01867634 0.03692280 0.02272670 0.16293665 0.01076726
13.90069503 8.89874517 0.00056186 0.00078620 0.00042844 0.00197555 0.36952535 0.04332025 0.33062812 0.01313073 0.03580343 0.02965291 0.16125690 0.01293027
14.00070004 8.88519750 0.00104083 0.00076952 0.00078399 0.00805216 0.36989239 0.04198537 0.33612536 0.01384478 0.03487364 0.02589535 0.15633910 0.01039752
14.10070504 8.87980450 0.00057950 0.00071498 0.00042976 0.00290175 0.38117575 0.04108313 0.33734510 0.00957135 0.03273497 0.02463978 0.15602921 0.01279473
14.20071004 8.86981430 0.00058762 0.00076409 0.00044519 0.00400410 0.37795547 0.04066051 0.33764199 0.01343535 0.03932464 0.02426506 0.15231380 0.00860217
14.30071504 8.85530022 0.00076227 0.00075444 0.00062687 0.00613862 0.37664950 0.03826652 0.33590642 0.01412950 0.04000500 0.02670084 0.15068465 0.00937538
14.40072004 8.85117113 0.00089618 0.00076255 0.00064305 0.00490121 0.38372015 0.04135409 0.33255218 0.01268332 0.03496630 0.02450830 0.15399882 0.00901386
14.50072504 8.83785755 0.00068219 0.00079179 0.00054554 0.00882281 0.37720062 0.04442485 0.32662227 0.00920205 0.03882739 0.02114121 0.16055793 0.01118136
14.60073004 8.83029344 0.00105633 0.00071529 0.00054032 0.00617330 0.37570540 0.03680496 0.32656801 0.02110137 0.04009522 0.02361791 0.15691608 0.01070581
14.70073504 8.82486986 0.00079134 0.00065429 0.00075855 0.00547048 0.37331523 0.04142464 0.33124512 0.01314392 0.03738951 0.02087374 0.15739586 0.01753734
14.80074004 8.81856569 0.00055501 0.00071485 0.00045372 0.00275293 0.37581039 0.04100321 0.33230201 0.01378585 0.03905643 0.02054357 0.16011633 0.01290570
14.90074504 8.80763420 0.00041151 0.00076544 0.00029814 0.00038834 0.38111231 0.04162645 0.33354809 0.01336669 0.03921170 0.02214322 0.15736246 0.00976565
15.00075004 8.79957319 0.00081011 0.00074003 0.00071151 0.00601702 0.37962946 0.04710505 0.33579885 0.00927592 0.03744861 0.01713630 0.15638305 0.00894408
15.10075504 8.79425307 0.00073740 0.00074598 0.00044748 0.00508546 0.37547273 0.04819077 0.33687978 0.01118216 0.03193801 0.02222755 0.15896350 0.00812917
15.20076004 8.78595491 0.00095367 0.00071583 0.00058270 0.00887299 0.37948562 0.04498175 0.33245735 0.01361808 0.03186982 0.02034108 0.15747137 0.00864972
15.30076504 8.77486292 0.00077108 0.00069803 0.00060585 0.00599521 0.37543880 0.04518003 0.33040481 0.01172153 0.02998317 0.02644467 0.15947520 0.01328162
15.40077004 8.76598641 0.00086366 0.00072740 0.00055401 0.00692842 0.37421835 0.04132974 0.33305305 0.01496053 0.03062254 0.02697457 0.15937867 0.01038907
15.50077504 8.75621827 0.00096305 0.00067044 0.00057703 0.00592346 0.37728391 0.03527835 0.32892544 0.02388521 0.03198133 0.02686699 0.15513888 0.01250591
15.60078004 8.75123538 0.00064358 0.00065864 0.00040818 0.00476709 0.37445315 0.04218604 0.33204546 0.01938502 0.03314835 0.02724325 0.15369440 0.01136684
15.70078504 8.73490790 0.00089151 0.00070874 0.00076989 0.00750887 0.37720361 0.04064074 0.33141728 0.01475083 0.03102720 0.03068744 0.15364318 0.01075072
15.80079004 8.72017969 0.00089593 0.00075679 0.00078086 0.01068565 0.36999223 0.03528496 0.32939583 0.01642709 0.03505393 0.02936702 0.15680122 0.01455848
15.90079504 8.71307106 0.00104943 0.00071319 0.00097190 0.00734219 0.37041973 0.03151241 0.33200265 0.01856052 0.03337564 0.03272080 0.15348880 0.01784275
16.00080004 8.70551178 0.00098044 0.00075197 0.00080111 0.00767780 0.37128150 0.03241734 0.33552210 0.01793779 0.03504187 0.02831938 0.15740256 0.01186614
16.10080504 8.69350638 0.00089971 0.00076267 0.00070766 0.00738618 0.36829790 0.03820713 0.32924313 0.01373258 0.03650828 0.03261108 0.16118802 0.01045565
16.20081004 8.68434386 0.00075295 0.00082151 0.00048498 0.00842427 0.36658095 0.03607496 0.33724150 0.01467629 0.03836325 0.02905856 0.15899278 0.00852799
16.30081504 8.67705899 0.00040942 0.00076112 0.00030733 0.00242177 0.37410489 0.04196442 0.32756509 0.01348072 0.03783619 0.03253359 0.15573270 0.01288275
16.40082004 8.66974603 0.00101232 0.00072468 0.00104428 0.00874621 0.37504169 0.04077539 0.32598555 0.01270429 0.03679693 0.02779405 0.15545115 0.01392346
16.50082504 8.66332936 0.00051006 0.00071849 0.00044933 0.00379426 0.37967889 0.04560905 0.32304224 0.01262079 0.03260549 0.03120137 0.15595489 0.01381514
16.60083004 8.65304800 0.00070628 0.00077288 0.00057732 0.00644234 0.38537445 0.04599844 0.31701731 0.01278064 0.03528908 0.02556493 0.15754629 0.01193006
16.70083504 8.64115624 0.00096903 0.00068900 0.00068861 0.00580476 0.37975643 0.05027312 0.32239531 0.01491126 0.03402379 0.02634453 0.15313548 0.01100869
16.80084004 8.63156864 0.00104727 0.00065619 0.00084145 0.00857380 0.37747359 0.04353188 0.31574911 0.01676026 0.03526305 0.03072972 0.15285806 0.01651562
16.90084504 8.62485073 0.00073492 0.00075012 0.00030085 0.00366383 0.38354495 0.04538887 0.32101288 0.01898106 0.03776763 0.02433014 0.15292441 0.01060033
17.00085004 8.61931872 0.00098061 0.00072610 0.00065952 0.00608477 0.38668609 0.03993858 0.32196257 0.01794369 0.03681855 0.02313703 0.15380670 0.01125580
17.10085504 8.61376563 0.00070280 0.00079075 0.00035300 0.00367951 0.37984074 0.04717358 0.32159039 0.01749254 0.03695184 0.02230900 0.15882628 0.01028958
17.20086004 8.59997977 0.00099949 0.00076569 0.00073358 0.00884311 0.37567826 0.04593592 0.32152960 0.01723668 0.03343950 0.02375789 0.16058694 0.01049333
17.30086504 8.59147075 0.00112888 0.00073850 0.00085338 0.01050029 0.37302680 0.04590321 0.31724198 0.01834221 0.03903340 0.02253476 0.15795932 0.01273728
17.40087004 8.58245966 0.00134873 0.00073711 0.00085983 0.01068490 0.36754434 0.04555713 0.32003583 0.02038059 0.03871509 0.02552059 0.15696763 0.01164823
17.50087504 8.57257152 0.00094896 0.00076891 0.00065828 0.00903956 0.37324045 0.04728188 0.31730456 0.01782377 0.04166245 0.02263007 0.15502362 0.01361747
17.60088004 8.55619604 0.00093459 0.00077187 0.00055831 0.00564876 0.36725776 0.04854281 0.32074488 0.01783056 0.03943804 0.03377811 0.15178745 0.01270686
17.70088504 8.55075369 0.00081516 0.00076810 0.00046249 0.00491488 0.36714643 0.05211913 0.31845021 0.01672534 0.04463927 0.03173205 0.15099599 0.01123095
17.80089004 8.54360901 0.00104442 0.00071758 0.00091428 0.00988803 0.37279674 0.04821138 0.31740706 0.01552791 0.04187068 0.02996454 0.14920794 0.01244944
17.90089504 8.52812019 0.00108774 0.00078549 0.00092585 0.00854493 0.37453518 0.04549545 0.31715710 0.01482885 0.03686409 0.03318078 0.15465814 0.01193640
18.00090005 8.52154893 0.00062559 0.00083507 0.00031656 0.00303018 0.37299018 0.05704954 0.31895568 0.01358754 0.03538439 0.02720847 0.15983468 0.01018212
18.10090505 8.51204048 0.00064864 0.00079111 0.00044943 0.00376349 0.36993819 0.05394743 0.32069346 0.01557710 0.03451233 0.02619520 0.16006492 0.01341871
18.20091005 8.50803101 0.00073284 0.00069929 0.00041090 0.00385284 0.37208704 0.05515249 0.32107577 0.01570380 0.03441820 0.02581699 0.15571971 0.01433014
18.30091505 8.49621368 0.00093955 0.00075925 0.00072367 0.00700490 0.37047345 0.05437013 0.31516537 0.01381255 0.03581924 0.02980921 0.15778269 0.01334000
18.40092005 8.49458620 0.00056442 0.00072245 0.00041514 0.00155296 0.37085675 0.05311873 0.31764128 0.01428848 0.03598037 0.02946067 0.15879914 0.01659961
18.50092505 8.48395928 0.00080550 0.00067562 0.00055638 0.00720433 0.36982661 0.05400340 0.31930183 0.01495643 0.03238225 0.02875972 0.15781371 0.01371424
18.60093005 8.47456658 0.00130142 0.00068068 0.00094545 0.00960374 0.36981686 0.04995708 0.31619417 0.01614696 0.03135215 0.03395640 0.15395613 0.01608897
18.70093505 8.47032576 0.00106042 0.00062448 0.00086856 0.00664679 0.36903781 0.05159785 0.32157200 0.01649431 0.02868888 0.03151086 0.15207683 0.01982120
18.80094005 8.46251056 0.00071650 0.00072521 0.00055041 0.00304308 0.37039611 0.05113652 0.32100786 0.01793732 0.03306861 0.02985729 0.15480221 0.01675888
18.90094505 8.45756769 0.00067320 0.00064004 0.00053248 0.00320466 0.37176248 0.05822057 0.32215419 0.01333569 0.02952761 0.03342673 0.15391569 0.01260668
19.00095005 8.45206841 0.00072524 0.00072601 0.00047287 0.00504098 0.37504505 0.05805807 0.32000901 0.01483590 0.03315947 0.02682699 0.15506046 0.01003996
19.10095505 8.44302588 0.00070357 0.00065928 0.00054067 0.00723504 0.37428378 0.05821317 0.32541199 0.01300643 0.03073561 0.02438099 0.15290935 0.01192012
19.20096005 8.44126124 0.00058568 0.00070070 0.00039253 0.00208193 0.37967467 0.05416703 0.32403541 0.01297912 0.03409977 0.02152674 0.15548944 0.01426697
19.30096505 8.43088005 0.00052743 0.00073678 0.00025833 0.00150344 0.37957614 0.05472277 0.31805939 0.01249472 0.03696764 0.02396572 0.15866006 0.01252758
19.40097005 8.42248012 0.00043617 0.00081585 0.00026024 0.00165747 0.38316013 0.04602731 0.31596889 0.00952383 0.03890282 0.02302441 0.16715232 0.01307057
19.50097505 8.41663705 0.00082382 0.00078120 0.00065607 0.00486902 0.38394924 0.04664107 0.31628903 0.00941094 0.03779392 0.02186618 0.16318661 0.01373291
19.60098005 8.40674457 0.00054795 0.00079790 0.00029363 0.00212507 0.38249444 0.04716154 0.31756351 0.00965245 0.04334071 0.02415055 0.16180345 0.01006882
19.70098505 8.39766005 0.00069082 0.00088650 0.00054080 0.00656361 0.38551710 0.03730102 0.32047174 0.00949798 0.04573478 0.01776668 0.16538987 0.00963909
19.80099005 8.38459798 0.00040559 0.00082305 0.00033383 0.00346954 0.38222934 0.04456304 0.32914815 0.00696472 0.04213812 0.01900183 0.16166134 0.00926145
19.90099505 8.37585019 0.00077697 0.00079894 0.00061689 0.00869491 0.38410949 0.03965829 0.33050510 0.00889208 0.04149720 0.01623707 0.15908927 0.00912380
20.00100005 8.36599405 0.00071876 0.00075923 0.00046517 0.00372712 0.38266477 0.03749183 0.32954231 0.01184788 0.04442481 0.01836310 0.15860888 0.01138615
20.10100505 8.35957230 0.00087527 0.00074783 0.00054417 0.00444527 0.38325399 0.03573250 0.32893984 0.01464631 0.04186099 0.02005109 0.15919734 0.00970539
20.20101005 8.35493760 0.00101407 0.00075914 0.00080142 0.01073617 0.38247412 0.03990524 0.32460951 0.01195017 0.03788221 0.02006015 0.16227502 0.00753278
20.30101505 8.35194420 0.00073444 0.00074952 0.00042432 0.00538594 0.39033391 0.04200466 0.32563352 0.01250152 0.03340703 0.02010290 0.16187602 0.00684623
20.40102005 8.34204500 0.00123455 0.00073760 0.00096256 0.01296271 0.38791722 0.03750611 0.32721269 0.01346915 0.03472004 0.01924866 0.15741244 0.00661625
20.50102505 8.33330712 0.00109048 0.00087004 0.00092147 0.00877310 0.38221735 0.03270669 0.33876460 0.01410234 0.03809761 0.01616980 0.15805040 0.00823611
20.60103005 8.32462297 0.00052275 0.00083636 0.00044869 0.00416017 0.38928274 0.02856758 0.34116971 0.00799073 0.03809582 0.01890471 0.16261537 0.00740538
20.70103505 8.31699522 0.00055336 0.00075247 0.00054460 0.00608587 0.39016578 0.02592266 0.33786962 0.00862887 0.03680067 0.01967428 0.16241146 0.01059036
20.80104005 8.31125369 0.00084066 0.00071796 0.00058059 0.00672083 0.38268859 0.03009260 0.33612971 0.01351376 0.03734055 0.02165772 0.16112319 0.00859385
20.90104505 8.30298266 0.00069718 0.00067551 0.00057585 0.00850979 0.38409741 0.03167891 0.33519043 0.01098467 0.03523242 0.02227922 0.15880422 0.01127439
21.00105005 8.29192622 0.00068312 0.00072666 0.00052422 0.00437200 0.38534784 0.03039028 0.34240202 0.01043188 0.03433241 0.02274433 0.15919106 0.00885417
21.10105505 8.28320637 0.00037215 0.00077235 0.00039066 0.00214943 0.38325550 0.02902676 0.34234624 0.00952090 0.03487042 0.02366616 0.16075549 0.01287394
21.20106005 8.27699464 0.00026222 0.00068510 0.00024188 0.00030121 0.38672127 0.03500178 0.34217167 0.00752104 0.03460790 0.02235549 0.15981407 0.01031637
21.30106505 8.27094216 0.00066563 0.00070970 0.00056618 0.00522460 0.38547681 0.03504633 0.34335656 0.00856924 0.03231808 0.02195228 0.15813885 0.00797573
21.40107005 8.26230542 0.00047722 0.00074171 0.00047758 0.00282883 0.38726152 0.02618888 0.33898405 0.00967252 0.03969460 0.02771383 0.15531812 0.01064114
21.50107505 8.25717710 0.00054069 0.00067479 0.00050201 0.00424221 0.38704802 0.03079204 0.34033596 0.01094352 0.03618317 0.02292070 0.15575806 0.01005883
21.60108005 8.24652601 0.00081731 0.00071135 0.00068273 0.00775652 0.38580447 0.03275359 0.33732153 0.01073020 0.03575594 0.02014191 0.15640670 0.01111773
21.70108505 8.23499609 0.00062572 0.00067355 0.00053895 0.00484081 0.38795280 0.03444992 0.33725234 0.01174527 0.03498624 0.01994449 0.15513508 0.01185485
21.80109005 8.22812780 0.00085159 0.00069047 0.00072502 0.00607802 0.38621391 0.03214231 0.33877306 0.01138064 0.03497133 0.02211349 0.15535123 0.01070893
21.90109505 8.21686587 0.00071625 0.00066697 0.00052764 0.00526716 0.38021232 0.03607192 0.33918093 0.01161430 0.03665961 0.02872255 0.15328017 0.00708018
22.00110006 8.21007290 0.00075266 0.00068373 0.00049834 0.00490546 0.38199797 0.03229203 0.34187091 0.01258748 0.03321716 0.03032139 0.15423023 0.00664264
22.10110506 8.19589668 0.00060603 0.00066542 0.00020574 0.00187447 0.38262352 0.02863054 0.34129720 0.01895294 0.03479268 0.03103693 0.15262117 0.00669336
22.20111006 8.19288732 0.00079954 0.00067456 0.00042154 0.00507063 0.38434564 0.02617827 0.34144903 0.01692217 0.03248681 0.02978107 0.15504397 0.00682678
22.30111506 8.18124607 0.00074590 0.00074007 0.00056185 0.00507484 0.38538189 0.02455119 0.34187187 0.01380975 0.03288139 0.02896225 0.15512478 0.01029423
22.40112006 8.17550648 0.00079354 0.00066586 0.00065321 0.01431659 0.38635158 0.02724752 0.33920074 0.01067337 0.03225839 0.02652125 0.15352343 0.00779451
22.50112506 8.16836972 0.00042432 0.00067377 0.00040609 0.00365820 0.38801050 0.03218564 0.33926244 0.01112483 0.03076823 0.02575889 0.15528506 0.01244203
22.60113006 8.15970086 0.00057370 0.00064392 0.00058641 0.00508419 0.38246198 0.03752058 0.34188925 0.00859043 0.02851582 0.02491252 0.15648903 0.01273216
22.70113506 8.14389627 0.00072625 0.00075139 0.00065261 0.00624812 0.38001938 0.03867949 0.33838064 0.01048769 0.03475888 0.02112167 0.15608971 0.01208417
22.80114006 8.13554658 0.00074755 0.00073556 0.00061510 0.00668980 0.37828730 0.03956667 0.34459496 0.01205543 0.03232721 0.01854868 0.15405497 0.01177678
22.90114506 8.12671513 0.00050102 0.00074440 0.00027977 0.00176279 0.38215806 0.04517531 0.34987534 0.01072967 0.03144469 0.01537937 0.15377751 0.00817206
23.00115006 8.11643713 0.00050600 0.00068459 0.00038148 0.00540623 0.37830479 0.04856496 0.34545486 0.00918329 0.02989891 0.01617092 0.15365685 0.01178713
23.10115506 8.10648591 0.00066653 0.00069122 0.00044266 0.00450281 0.37554977 0.04770108 0.34406412 0.01487773 0.02982622 0.01617928 0.15386867 0.01162992
23.20116006 8.09603393 0.00133305 0.00061592 0.00098026 0.01235920 0.37435457 0.04914545 0.34379412 0.01458349 0.02555833 0.01769739 0.14967706 0.00990116
23.30116506 8.08529667 0.00058288 0.00068426 0.00037745 0.00196798 0.37301581 0.05041667 0.34830686 0.01189074 0.02728085 0.02143565 0.15471222 0.00932862
23.40117006 8.07830267 0.00067295 0.00068189 0.00045313 0.00501162 0.36703957 0.04896097 0.35165029 0.01211719 0.02450242 0.02000790 0.15612584 0.01277623
23.50117506 8.07118660 0.00062365 0.00065956 0.00057203 0.00571531 0.36865767 0.04414128 0.34931707 0.01299576 0.02429845 0.02281418 0.15506725 0.01513778
23.60118006 8.06530021 0.00081145 0.00073988 0.00068175 0.00519876 0.37080044 0.03923061 0.34664830 0.01273053 0.02651688 0.02103345 0.15929451 0.01631345
23.70118506 8.05875831 0.00086754 0.00073361 0.00078621 0.00825506 0.37684106 0.04003743 0.34405509 0.01005895 0.02754245 0.02499825 0.15482779 0.01099654
23.80119006 8.04910308 0.00094519 0.00069823 0.00059106 0.00639331 0.37639936 0.04007678 0.34360598 0.01580403 0.02897000 0.02175983 0.15632643 0.00842980
23.90119506 8.03523610 0.00104710 0.00073882 0.00077888 0.01044100 0.38082533 0.03490735 0.34328907 0.01302129 0.03031825 0.01846302 0.15682853 0.00934136
24.00120006 8.02897836 0.00107439 0.00067548 0.00078858 0.01049455 0.37743266 0.03712153 0.34349165 0.01370722 0.03401815 0.01844283 0.15438205 0.00837091
24.10120506 8.02315193 0.00049423 0.00070747 0.00027670 0.00171408 0.38045620 0.04514815 0.34250463 0.01179961 0.03490549 0.01705348 0.15542621 0.00951374
24.20121006 8.01763521 0.00034065 0.00069501 0.00020328 0.00031633 0.38593760 0.04293302 0.34226356 0.01190325 0.03531580 0.01622186 0.15378803 0.01008161
24.30121506 8.00636560 0.00054822 0.00070391 0.00043089 0.00317174 0.37989120 0.04149360 0.34736650 0.01053643 0.03198306 0.01936845 0.15405534 0.01045066
24.40122006 7.99908091 0.00090116 0.00072089 0.00076131 0.00826572 0.37583753 0.03943724 0.34645571 0.01007704 0.03034354 0.01994136 0.15864233 0.00861617
24.50122506 7.99424047 0.00051012 0.00068312 0.00029738 0.00242923 0.37710987 0.04167481 0.35177896 0.01096533 0.03023254 0.01708111 0.16019551 0.00704202
24.60123006 7.98543921 0.00071220 0.00063128 0.00043474 0.00914435 0.37456231 0.04291500 0.34767154 0.01095483 0.02923876 0.01714302 0.15989611 0.00669585
24.70123506 7.98034965 0.00090261 0.00064219 0.00057016 0.00468221 0.37264223 0.04442676 0.34862402 0.01349111 0.03089741 0.01508239 0.15919414 0.00884476
24.80124006 7.97158270 0.00037186 0.00064709 0.00024089 0.00231678 0.37771204 0.04204362 0.34543294 0.01051982 0.03357166 0.01759113 0.15663628 0.01291590
24.90124506 7.96333511 0.00039744 0.00064665 0.00026648 0.00148998 0.37901266 0.03851482 0.34146432 0.00992925 0.03644706 0.02333421 0.15642932 0.01206782
25.00125006 7.96050822 0.00058674 0.00066481 0.00057316 0.00629332 0.37652457 0.03462745 0.33913764 0.00847279 0.03964229 0.02332875 0.15803069 0.01211779
25.10125506 7.95619542 0.00030137 0.00069760 0.00022407 0.00026219 0.37843774 0.03686642 0.34588254 0.00845753 0.04016607 0.01896788 0.15881605 0.01092056
25.20126006 7.94934843 0.00031122 0.00070732 0.00020117 0.00225281 0.37755455 0.03920683 0.34376568 0.00898919 0.04061192 0.01783696 0.15936053 0.00920182
25.30126506 7.93623620 0.00120943 0.00068846 0.00101975 0.01111018 0.37386506 0.03663255 0.33810271 0.01028015 0.04034050 0.01909055 0.15900328 0.00865739
25.40127006 7.92970375 0.00047222 0.00068304 0.00029784 0.00284408 0.37253649 0.04361529 0.34079216 0.00839833 0.04056058 0.02128951 0.15942772 0.00908272
25.50127506 7.92604133 0.00038939 0.00065452 0.00025673 0.00358095 0.37199925 0.04272868 0.33865246 0.00837158 0.03893048 0.02313052 0.15976329 0.01154217
25.60128006 7.91992439 0.00038530 0.00067633 0.00019784 0.00201946 0.37494528 0.04054312 0.34226517 0.00803361 0.03757923 0.02173306 0.16053399 0.01108761
25.70128506 7.91496608 0.00069226 0.00069428 0.00062717 0.00554779 0.36923367 0.04001570 0.33921421 0.00906941 0.03780083 0.02379283 0.16105700 0.01225483
