0.00000000 8.00000000 0.00000000 0.00000000 0.00000000 0.00000000 0.00000000 0.00000000 0.00000000 1.00000000 0.00000000 0.00000000 0.00000000 0.00000000
0.20004001 8.00025332 0.08211699 0.00032401 0.01283434 0.09392871 0.01658885 0.27804957 0.00381697 0.13845472 0.00373675 0.28196224 0.00153341 0.08665344
0.40008002 8.00970603 0.02149114 0.00087431 0.02062616 0.05551136 0.01794812 0.32923409 0.00818313 0.22329210 0.00628313 0.24066478 0.01471128 0.06118038
0.60012002 8.05093302 0.03126692 0.00113357 0.00637029 0.07935502 0.01648206 0.12050114 0.01283499 0.44753217 0.01231388 0.16274580 0.01123549 0.09822867
0.80016003 8.09683585 0.02906610 0.00092218 0.01087765 0.06470167 0.02400355 0.15773320 0.01310283 0.06189587 0.01178145 0.56144334 0.01218998 0.05228218
1.00020004 8.10873669 0.03160975 0.00141472 0.01318953 0.07204248 0.03359116 0.11044795 0.01641171 0.23759088 0.01508738 0.34061509 0.01549502 0.11250433
1.20024005 8.15599854 0.03234345 0.00142472 0.00861489 0.07452253 0.03112013 0.16409368 0.02283385 0.30305402 0.02127845 0.23609561 0.01934283 0.08527583
1.40028006 8.14464862 0.00925305 0.00151003 0.01025029 0.05188897 0.03669073 0.34235928 0.02260823 0.10814182 0.02226073 0.30786099 0.02293025 0.06424563
1.60032006 8.13833347 0.02960869 0.00164143 0.01156326 0.07377951 0.03826567 0.26276513 0.02448737 0.22484797 0.02651489 0.22604429 0.02109062 0.05939117
1.80036007 8.09164275 0.02738025 0.00193465 0.01246075 0.05138440 0.03946560 0.09351429 0.02626513 0.37969773 0.02637598 0.24038682 0.02795861 0.07317579
2.00040008 8.03397150 0.01475868 0.00223005 0.00861791 0.04433171 0.04182750 0.16829665 0.03176024 0.11816213 0.03061917 0.39312891 0.02756301 0.11870405
2.20044009 7.99463995 0.03335143 0.00208073 0.01543611 0.06730326 0.03951812 0.11723969 0.03455973 0.29149524 0.03166882 0.28465064 0.02817258 0.05452365
2.40048010 7.96988054 0.02982391 0.00255795 0.01504837 0.05479471 0.04799561 0.16155109 0.03613808 0.36120018 0.03489685 0.18471718 0.02841148 0.04286459
2.60052010 7.96526692 0.01923245 0.00243731 0.00961711 0.05848247 0.04626855 0.30347074 0.03745346 0.09156521 0.03511960 0.30418817 0.03272104 0.05944387
2.80056011 7.96399401 0.02781200 0.00283911 0.01257677 0.04597804 0.04313648 0.09115824 0.04394100 0.45884350 0.04596587 0.12733124 0.03211751 0.06830025
3.00060012 7.96995733 0.03644801 0.00249546 0.01019203 0.06842325 0.04619599 0.16864356 0.04784459 0.31994105 0.03861549 0.17191002 0.03484843 0.05444212
3.20064013 7.97610922 0.01269769 0.00285439 0.00849302 0.04620681 0.04574446 0.26298144 0.04525082 0.10796228 0.04628874 0.32654649 0.03786155 0.05711232
3.40068014 7.97606679 0.02994430 0.00260661 0.01039317 0.06003758 0.04761386 0.14183883 0.05189778 0.30280840 0.04396684 0.21497606 0.03591487 0.05800169
3.60072014 8.00091769 0.01833880 0.00262853 0.00977847 0.05130006 0.05150532 0.13839209 0.05512157 0.16775481 0.04222666 0.34763488 0.03651788 0.07880093
3.80076015 8.01200780 0.01518233 0.00300719 0.00693666 0.04843718 0.05134933 0.12827699 0.05411022 0.13391074 0.04883695 0.40113274 0.03669627 0.07212339
4.00080016 8.03344718 0.02328798 0.00276964 0.00824921 0.05079904 0.05939363 0.13351795 0.05439550 0.28995103 0.04391500 0.21686013 0.04352619 0.07333469
4.20084017 8.02730949 0.01314374 0.00311316 0.00960339 0.04200917 0.05886433 0.22202403 0.06176808 0.22638198 0.05109370 0.21620351 0.04116068 0.05463422
4.40088018 8.01280129 0.01089013 0.00333658 0.00692549 0.04061339 0.05761015 0.26654234 0.06135748 0.16702091 0.05016594 0.24042537 0.04352980 0.05158241
4.60092018 7.98626129 0.02274834 0.00319978 0.00866143 0.05100516 0.06319678 0.13701836 0.05938356 0.33429274 0.05044811 0.16888368 0.04377172 0.05739033
4.80096019 7.95123415 0.01903363 0.00307805 0.01016511 0.05245666 0.06555362 0.11354690 0.05932340 0.20262813 0.05075225 0.32105027 0.04129264 0.06111935
5.00100020 7.93225294 0.01643330 0.00352553 0.00809473 0.03991263 0.06998331 0.13805539 0.05966499 0.16652822 0.05627691 0.32903793 0.04454922 0.06793784
5.20104021 7.91203651 0.02476406 0.00346156 0.00819596 0.04492565 0.07279319 0.10799765 0.06225135 0.33033907 0.05520817 0.19654995 0.04828568 0.04522773
5.40108022 7.91670041 0.01550925 0.00374963 0.00811446 0.04381532 0.07209442 0.22962929 0.06155035 0.12266612 0.06070285 0.29276273 0.04590270 0.04350288
5.60112022 7.91443297 0.02256310 0.00360386 0.00801235 0.04234280 0.07499099 0.16047375 0.06338724 0.27673326 0.05796613 0.19810091 0.04805172 0.04377388
5.80116023 7.91834629 0.02634112 0.00366344 0.00775256 0.05187216 0.07857170 0.12331486 0.06139568 0.32963856 0.06160061 0.14882882 0.05076852 0.05625196
6.00120024 7.91868168 0.01271828 0.00407720 0.00749035 0.04207151 0.07827916 0.22320651 0.06315466 0.13350186 0.06869420 0.26583073 0.04979472 0.05118081
6.20124025 7.91278558 0.02005880 0.00380488 0.00777377 0.04216510 0.08412447 0.14789209 0.06799996 0.22093431 0.06310480 0.23816549 0.05296583 0.05101050
6.40128026 7.91758333 0.01847992 0.00381730 0.00974067 0.04564100 0.08678041 0.11358862 0.06367615 0.20806725 0.07196770 0.27954911 0.04575839 0.05293349
6.60132026 7.92169010 0.01311148 0.00370398 0.00820209 0.04352157 0.08598886 0.13012620 0.06205385 0.14361525 0.06745038 0.31347693 0.05480289 0.07394653
6.80136027 7.93087001 0.01406749 0.00372499 0.00762375 0.04071255 0.07992557 0.13779001 0.06634740 0.20415268 0.07228347 0.26287836 0.05371851 0.05677521
7.00140028 7.93358619 0.01567568 0.00378381 0.00784299 0.04244357 0.08433400 0.15471871 0.06697479 0.26214787 0.07322810 0.18190644 0.05167925 0.05526479
7.20144029 7.91918046 0.01104779 0.00381260 0.00778325 0.03299662 0.08899339 0.21678549 0.06579738 0.18237008 0.07285594 0.21278889 0.05454063 0.05022794
7.40148030 7.90351642 0.01487983 0.00398836 0.00808216 0.03119312 0.08595418 0.17503402 0.06891367 0.23323295 0.07482058 0.20155634 0.05432317 0.04802164
7.60152030 7.86881277 0.01971562 0.00379808 0.00672060 0.03888619 0.08645882 0.10747223 0.06950095 0.25076435 0.07623593 0.22846023 0.05200616 0.05998085
7.80156031 7.85289195 0.01349415 0.00380454 0.00785674 0.03708038 0.08509747 0.12713631 0.07083611 0.13211300 0.07246350 0.33749866 0.05579833 0.05682082
8.00160032 7.82978784 0.02025135 0.00428056 0.00636870 0.03839795 0.08423714 0.10563430 0.06976264 0.25319009 0.07923163 0.23242342 0.05448797 0.05173425
8.20164033 7.82697500 0.01586719 0.00401274 0.00768910 0.04129339 0.08193906 0.16684619 0.06949911 0.18542328 0.07941931 0.24960377 0.05312972 0.04527713
8.40168034 7.82876578 0.01566327 0.00384548 0.00827358 0.04101300 0.08298740 0.17209576 0.07239645 0.17813707 0.07739580 0.24432530 0.05537481 0.04849209
8.60172034 7.83093085 0.02370375 0.00419221 0.00845454 0.04530747 0.08451333 0.12610378 0.07010593 0.30704546 0.08327633 0.14823135 0.05191214 0.04715371
8.80176035 7.82875951 0.01507586 0.00410082 0.00922817 0.04623869 0.08747730 0.18269365 0.06994199 0.18286922 0.07972176 0.21897262 0.05675807 0.04692185
9.00180036 7.81448576 0.01463362 0.00427336 0.00773200 0.04504495 0.08627002 0.15985906 0.07142387 0.18500618 0.08303381 0.23825558 0.05499888 0.04946866
9.20184037 7.81709516 0.01629409 0.00438623 0.00797336 0.04263988 0.09104505 0.10972235 0.07585089 0.21392684 0.08494534 0.24832034 0.05377243 0.05112319
9.40188038 7.81116826 0.01246549 0.00427568 0.00709552 0.03538901 0.08845812 0.11198406 0.07719787 0.17043000 0.08839739 0.28474163 0.05967087 0.05989435
9.60192038 7.81035924 0.01115297 0.00445580 0.00682861 0.03679815 0.08615061 0.13324248 0.07297499 0.16922702 0.09423068 0.26699604 0.06018786 0.05775480
9.80196039 7.81903739 0.01417714 0.00411229 0.00648940 0.03698130 0.09278524 0.13058718 0.07514372 0.24007651 0.09159931 0.20472362 0.05635937 0.04696491
10.00200040 7.81065442 0.01266362 0.00397669 0.00675866 0.03505339 0.09624733 0.16935028 0.07896985 0.21256317 0.09178594 0.19135725 0.05702013 0.04425370
10.20204041 7.80585931 0.01040507 0.00419820 0.00611529 0.02750749 0.09514593 0.18315667 0.07964948 0.18322693 0.09511614 0.20946489 0.05789017 0.04812372
10.40208042 7.78762514 0.01657291 0.00408964 0.00544017 0.03041004 0.09841703 0.10952092 0.07761814 0.24779622 0.09302831 0.20682738 0.06284682 0.04743242
10.60212042 7.77899876 0.01217419 0.00401566 0.00556964 0.02871198 0.09950285 0.11365843 0.08033264 0.15720486 0.09480284 0.29448908 0.05734594 0.05219189
10.80216043 7.76605251 0.01389960 0.00423478 0.00541623 0.02780542 0.10230881 0.10376529 0.08241991 0.19117077 0.09831428 0.26591798 0.05872215 0.04602478
11.00220044 7.76285828 0.01480506 0.00433980 0.00593896 0.02829159 0.09660888 0.12368513 0.08591191 0.20915323 0.09757844 0.22567205 0.06556090 0.04245404
11.20224045 7.76658534 0.00992112 0.00444534 0.00503099 0.02517275 0.10075219 0.16287470 0.08668484 0.15503244 0.10193994 0.24394581 0.06417763 0.04002227
11.40228046 7.76155806 0.01585109 0.00456090 0.00523869 0.02599840 0.10655256 0.12057575 0.08703612 0.25675876 0.10121208 0.17150471 0.06263826 0.04207268
11.60232046 7.76335896 0.01130043 0.00475395 0.00428895 0.02453541 0.10623699 0.15481740 0.08614135 0.21271542 0.10322478 0.18462320 0.06564285 0.04171926
11.80236047 7.74954703 0.01041893 0.00465210 0.00534586 0.02529509 0.10255413 0.15324049 0.08824301 0.17268132 0.10667966 0.22411836 0.06387103 0.04290002
12.00240048 7.73669922 0.01261068 0.00461933 0.00559251 0.02453787 0.10819798 0.10901159 0.09121694 0.19247435 0.10220849 0.24390758 0.06175719 0.04386550
12.20244049 7.73572892 0.01179097 0.00489832 0.00467978 0.02624658 0.10856179 0.09571594 0.08803291 0.18513750 0.10569223 0.26023981 0.06281468 0.04618949
12.40248050 7.72914886 0.01070192 0.00475678 0.00589683 0.02798586 0.10261848 0.11865080 0.08819681 0.15933697 0.10649714 0.26222428 0.06793072 0.04520342
12.60252050 7.73500809 0.01130575 0.00465446 0.00529464 0.03117123 0.10531980 0.12754080 0.09220372 0.18939053 0.10039107 0.22015695 0.06943087 0.04314017
12.80256051 7.72413597 0.01301238 0.00497534 0.00480727 0.03195646 0.10606597 0.13768898 0.09411760 0.22641481 0.10808083 0.17380896 0.06276019 0.03631121
13.00260052 7.71489189 0.01072245 0.00471961 0.00503683 0.02742556 0.10516091 0.17141911 0.09272996 0.17462676 0.10489049 0.20138643 0.06649896 0.03538293
13.20264053 7.70156449 0.01324482 0.00488147 0.00440952 0.02746565 0.10747268 0.12480389 0.08966602 0.21619937 0.10795196 0.19477334 0.06802778 0.04110349
13.40268054 7.68474261 0.01320391 0.00491653 0.00487372 0.02653290 0.10965595 0.10513294 0.09254517 0.18484010 0.10926018 0.23896807 0.06762209 0.04244843
13.60272054 7.67059758 0.01272667 0.00477631 0.00650099 0.02985925 0.11709322 0.10535836 0.09360566 0.15649009 0.10761287 0.25651753 0.06691186 0.04254719
13.80276055 7.66608755 0.01379942 0.00506002 0.00608697 0.03420160 0.11513686 0.10413656 0.09034563 0.19195529 0.11327372 0.21659897 0.07018370 0.03922125
14.00280056 7.66801575 0.01069288 0.00505403 0.00569168 0.03410527 0.11373686 0.13373097 0.09298381 0.15547179 0.11213686 0.21985629 0.07408837 0.04245122
14.20284057 7.67078003 0.01329969 0.00517836 0.00602970 0.03540351 0.11783369 0.12090915 0.09482219 0.20153509 0.11315444 0.18374754 0.07101124 0.03707541
14.40288058 7.67352694 0.01196533 0.00526799 0.00552858 0.02823429 0.11564403 0.12968099 0.09414420 0.20361549 0.11559215 0.17378521 0.07335155 0.04319018
14.60292058 7.66453791 0.01073349 0.00529309 0.00550461 0.02652987 0.12009211 0.14216636 0.09252163 0.17255555 0.11538812 0.19672607 0.07470496 0.03778414
14.80296059 7.65839296 0.01075123 0.00553676 0.00521123 0.02804320 0.12111371 0.11527007 0.09593136 0.16799507 0.11468229 0.21973381 0.07273580 0.04299547
15.00300060 7.64997168 0.01184610 0.00567068 0.00539971 0.03008613 0.11987861 0.09768762 0.09154965 0.17282960 0.12024457 0.23430789 0.07265640 0.03784303
15.20304061 7.64573753 0.01218250 0.00566355 0.00555537 0.02761161 0.11843498 0.10090257 0.09465393 0.16766429 0.11613822 0.22987861 0.07510924 0.04620513
15.40308062 7.64675492 0.01055563 0.00555990 0.00622426 0.02907335 0.11985999 0.12361162 0.09763572 0.15529267 0.11900145 0.22352895 0.07194286 0.03771360
15.60312062 7.64353914 0.01338580 0.00562814 0.00667561 0.03248980 0.12331922 0.11384933 0.10099223 0.20865119 0.11809346 0.16718612 0.07196687 0.03776223
15.80316063 7.64051609 0.01163659 0.00539838 0.00631911 0.03217076 0.12988597 0.14182990 0.10087306 0.17194240 0.11643068 0.17604470 0.07341182 0.03405661
16.00320064 7.62654042 0.01122454 0.00550736 0.00605623 0.02980565 0.12707017 0.12717870 0.10321932 0.17635275 0.12157117 0.18291803 0.07463189 0.03446417
16.20324065 7.60931984 0.01265651 0.00517067 0.00536873 0.03316001 0.13233939 0.09063379 0.10582380 0.18277937 0.11569428 0.19949583 0.07897177 0.03790584
16.40328066 7.61083399 0.01000767 0.00539642 0.00480114 0.02657401 0.13571993 0.09228414 0.10815189 0.14904950 0.12178276 0.23830251 0.07094891 0.03698112
16.60332066 7.60422310 0.01192483 0.00525237 0.00439664 0.02571246 0.13263045 0.09259123 0.10880840 0.17283690 0.12210105 0.21002302 0.07720763 0.03651501
16.80336067 7.60382668 0.00943895 0.00543346 0.00456733 0.02187647 0.13101562 0.11818546 0.11324873 0.15095779 0.12656513 0.20847981 0.07973697 0.03049428
17.00340068 7.60519880 0.01068580 0.00537039 0.00494429 0.02448737 0.13480302 0.10934251 0.11412609 0.17678937 0.12651511 0.18323095 0.07518529 0.03451980
17.20344069 7.60184949 0.01074144 0.00543930 0.00460898 0.02299883 0.13135296 0.11056133 0.11556525 0.19118481 0.12819350 0.16911803 0.07744890 0.03278666
17.40348070 7.59539265 0.00995507 0.00536171 0.00478087 0.02404757 0.13344009 0.12468043 0.11348873 0.16380563 0.12725028 0.18446576 0.07845911 0.03026476
17.60352070 7.58108869 0.01125443 0.00565837 0.00635444 0.02740795 0.13767174 0.10331476 0.11279517 0.16419098 0.12870502 0.19171580 0.07516961 0.03576174
17.80356071 7.57344907 0.01012180 0.00554720 0.00515938 0.02854335 0.13673417 0.09260470 0.11311458 0.15409239 0.13285400 0.21405265 0.07374995 0.03342583
18.00360072 7.56363892 0.01095390 0.00543554 0.00500003 0.02868794 0.13809320 0.08844802 0.11287645 0.16269529 0.13103335 0.20442848 0.07456138 0.03778644
18.20364073 7.56372129 0.00964051 0.00555012 0.00526032 0.02519151 0.13949497 0.10435009 0.11018231 0.14869743 0.13266647 0.21038456 0.07410603 0.03447567
18.40368074 7.55775250 0.01109809 0.00523483 0.00539982 0.02779871 0.13887308 0.10487823 0.11206021 0.17418610 0.12937243 0.17803984 0.07845936 0.03459930
18.60372074 7.55195665 0.01006503 0.00549854 0.00490797 0.02713553 0.14053260 0.11725615 0.11266649 0.18151281 0.13319848 0.16028440 0.07410380 0.03283820
18.80376075 7.54776396 0.01005873 0.00525629 0.00558194 0.03313318 0.14145561 0.12409232 0.10933401 0.15382946 0.12998979 0.17759351 0.07796421 0.03171095
19.00380076 7.53680216 0.01198983 0.00540815 0.00574656 0.03179472 0.14366937 0.09330144 0.10812095 0.17444188 0.13264556 0.18190104 0.07815588 0.03282463
19.20384077 7.52761590 0.01122680 0.00545604 0.00591917 0.03286889 0.14700380 0.09259441 0.10985766 0.15072025 0.13363943 0.20702990 0.07204299 0.03164067
19.40388078 7.52368655 0.01025698 0.00542735 0.00481593 0.03020372 0.15244714 0.08643802 0.10697552 0.15942326 0.13043994 0.20369810 0.07470996 0.03516409
19.60392078 7.52101629 0.00941871 0.00594924 0.00483391 0.03234478 0.14568142 0.10079347 0.10203113 0.15140456 0.13532576 0.19858450 0.08101236 0.03262017
19.80396079 7.51767163 0.01001260 0.00557498 0.00538935 0.03368331 0.14660731 0.10340209 0.10824378 0.15984832 0.12880349 0.18596347 0.08077036 0.03170094
20.00400080 7.50905410 0.01123362 0.00570211 0.00581373 0.03422417 0.14161566 0.10403356 0.10664152 0.18375644 0.13659448 0.16609332 0.07344614 0.03084525
20.20404081 7.50240915 0.01039361 0.00583694 0.00560154 0.03190779 0.14376537 0.11202818 0.10818621 0.16066694 0.13347693 0.17187285 0.08073445 0.03552919
20.40408082 7.49531468 0.00933974 0.00600704 0.00453578 0.02383290 0.14860357 0.09837555 0.10857747 0.16478011 0.13999900 0.18441289 0.08081282 0.03072312
20.60412082 7.48994332 0.00970270 0.00577158 0.00446234 0.02299341 0.14887367 0.09432316 0.11145818 0.15206653 0.13651295 0.20128377 0.07938353 0.03316818
20.80416083 7.47878750 0.00951831 0.00629851 0.00396114 0.02481036 0.14873247 0.08276488 0.11107276 0.15615526 0.14295440 0.20102994 0.08094176 0.03176021
21.00420084 7.47655695 0.00912170 0.00604527 0.00415872 0.02258085 0.14625920 0.08789222 0.11520335 0.14611887 0.14023842 0.20646375 0.08225367 0.03366398
21.20424085 7.47542265 0.00978398 0.00591088 0.00437978 0.02242897 0.14839993 0.09610737 0.11310929 0.15649928 0.14114615 0.18913933 0.08143365 0.03166138
21.40428086 7.46741722 0.00955159 0.00612598 0.00363554 0.02504801 0.14352166 0.10064944 0.11437362 0.17932345 0.14236789 0.16367745 0.08361076 0.02811461
21.60432086 7.46238067 0.00947690 0.00603248 0.00512116 0.02169377 0.14637172 0.11759577 0.11906480 0.15441440 0.14393517 0.16582860 0.08059573 0.02986951
21.80436087 7.45422541 0.01044578 0.00589947 0.00519354 0.02384628 0.14573523 0.09805386 0.11685727 0.16602850 0.14609433 0.17033992 0.08141360 0.03009221
22.00440088 7.44678308 0.00993833 0.00607308 0.00437456 0.02472648 0.14756229 0.08389917 0.11752251 0.15319675 0.14354081 0.19495762 0.08330121 0.03090718
22.20444089 7.43327972 0.00989852 0.00610140 0.00492806 0.02813435 0.14482774 0.08030633 0.11797891 0.14912607 0.15172384 0.19693485 0.07536801 0.03467191
22.40448090 7.42920608 0.00957259 0.00565884 0.00525504 0.03163791 0.14591911 0.08456731 0.11660821 0.14739146 0.14831493 0.18896142 0.08549881 0.03061437
22.60452090 7.42383057 0.00959014 0.00608229 0.00592754 0.02820094 0.14414344 0.09916878 0.11870187 0.14151594 0.14928421 0.18223863 0.08378809 0.03135813
22.80456091 7.42325052 0.01063967 0.00599949 0.00503389 0.02742366 0.14671809 0.09236041 0.12342016 0.17029769 0.15364877 0.15722144 0.07821339 0.02902334
23.00460092 7.41767080 0.00944244 0.00565507 0.00474814 0.03258378 0.14659940 0.10411234 0.12118524 0.15599023 0.15195364 0.15922211 0.07860656 0.02990106
23.20464093 7.41087736 0.01020155 0.00567141 0.00557326 0.03240657 0.14406371 0.09802705 0.12080941 0.15167734 0.15490718 0.16723222 0.08054818 0.02888211
23.40468094 7.40290899 0.00999859 0.00550461 0.00531152 0.03100006 0.14852341 0.08090333 0.11833512 0.14408577 0.15287615 0.18562504 0.08476060 0.03307579
23.60472094 7.39647220 0.00985647 0.00584330 0.00451007 0.02966367 0.15312596 0.07445843 0.11676022 0.14430690 0.15735373 0.19319653 0.07891669 0.03200803
23.80476095 7.39212874 0.00980647 0.00564557 0.00538675 0.03013268 0.15763654 0.08211976 0.11629841 0.13818571 0.15385222 0.19009641 0.08256715 0.02827231
24.00480096 7.38895716 0.00907607 0.00582323 0.00526484 0.02880938 0.15537197 0.08882040 0.11562950 0.14056784 0.15881696 0.18081702 0.08235825 0.02864455
24.20484097 7.38768627 0.01028882 0.00557951 0.00440089 0.03142817 0.15855804 0.08574520 0.11991455 0.16601191 0.15509460 0.15363601 0.08085318 0.02848910
24.40488098 7.38528370 0.00961211 0.00579948 0.00501189 0.03470775 0.15678519 0.10330080 0.11569217 0.14930180 0.16255917 0.15213818 0.07716389 0.02792758
24.60492098 7.36806629 0.01010110 0.00551049 0.00537504 0.02974264 0.15736416 0.09680031 0.11644183 0.15246311 0.15413121 0.15521343 0.08855220 0.02830449
24.80496099 7.36021099 0.01076200 0.00588395 0.00564700 0.02872060 0.15729377 0.08047620 0.11728101 0.14542449 0.16081267 0.17056180 0.08472850 0.03240801
25.00500100 7.35440665 0.00897229 0.00627418 0.00515595 0.02845319 0.15725518 0.07503176 0.12384073 0.13622013 0.16014218 0.18291770 0.08648762 0.02924909
25.20504101 7.35096209 0.00948346 0.00579970 0.00496599 0.02840767 0.15842884 0.07734595 0.11956584 0.14183798 0.15740210 0.18008171 0.08880342 0.02787735
25.40508102 7.34309328 0.00979197 0.00645479 0.00508437 0.02853307 0.16189676 0.08307368 0.11755699 0.13183373 0.16475136 0.17641325 0.08533999 0.02927003
25.60512102 7.33844234 0.01006815 0.00602670 0.00677143 0.03108981 0.15629039 0.08542212 0.12407132 0.14928712 0.15917575 0.15745533 0.08643574 0.02790614
25.80516103 7.33441530 0.00975421 0.00639539 0.00503954 0.02862055 0.15350404 0.09809654 0.12637922 0.14598295 0.16578217 0.14879405 0.08393907 0.02771227
26.00520104 7.32481139 0.00918417 0.00618706 0.00441196 0.02575716 0.15373389 0.09682119 0.12030296 0.14643180 0.16188591 0.15468834 0.09189007 0.02870548
26.20524105 7.31501766 0.01021285 0.00635084 0.00593387 0.02520170 0.15035838 0.08279495 0.12242393 0.13886094 0.16225388 0.17035680 0.09461287 0.03063899
26.40528106 7.30305548 0.00962108 0.00655729 0.00538676 0.02831878 0.15057686 0.07429757 0.12734018 0.13630921 0.16815465 0.17491965 0.08737091 0.03114705
26.60532106 7.29238597 0.00937469 0.00642628 0.00549830 0.02484836 0.14900456 0.07890126 0.12813794 0.13776521 0.16886054 0.17325570 0.08757057 0.03035658
26.80536107 7.29158792 0.00867685 0.00635681 0.00453312 0.02672924 0.15102300 0.08778655 0.12450420 0.12750421 0.16649686 0.17781324 0.08961902 0.02895690
27.00540108 7.28647728 0.00899511 0.00661502 0.00413212 0.02463381 0.14954743 0.08918895 0.12113399 0.15182250 0.17459972 0.15490363 0.08610373 0.02832398
27.20544109 7.28381510 0.01033979 0.00638396 0.00507202 0.02555538 0.15021705 0.09315718 0.12300265 0.14922503 0.17122724 0.14568882 0.08916899 0.03096188
27.40548110 7.27564132 0.00824327 0.00629119 0.00396633 0.02458169 0.14774050 0.09590899 0.12224969 0.14508613 0.17378255 0.15151404 0.08993596 0.03069965
27.60552110 7.27234540 0.00930853 0.00653262 0.00490392 0.02991176 0.14737082 0.08772909 0.12227780 0.13984632 0.17711834 0.15628094 0.08870031 0.03001955
27.80556111 7.26685877 0.00958476 0.00607026 0.00507370 0.02463377 0.14756356 0.08112343 0.12384979 0.13448118 0.17343711 0.17347790 0.08707918 0.03362537
28.00560112 7.26580295 0.00957963 0.00612118 0.00521300 0.02674613 0.14851769 0.07654266 0.11967405 0.13818495 0.17965811 0.17468666 0.08402886 0.03104707
28.20564113 7.26386203 0.00956189 0.00582507 0.00543131 0.03003944 0.14886537 0.08060923 0.12039496 0.13235764 0.17297722 0.17212891 0.08993727 0.03187168
28.40568114 7.26091309 0.01010747 0.00643955 0.00618460 0.02492954 0.15174031 0.08554765 0.12314673 0.14221610 0.17731246 0.16138585 0.08336085 0.02762890
28.60572114 7.26139106 0.00901903 0.00587131 0.00433532 0.02572851 0.15393250 0.09540992 0.11970662 0.14422062 0.17788492 0.14580032 0.08660454 0.03148639
28.80576115 7.25279189 0.00858435 0.00572593 0.00461565 0.02839125 0.14998446 0.09689160 0.11987280 0.14326828 0.18035515 0.14781875 0.08806155 0.02643024
29.00580116 7.24327971 0.00953430 0.00591907 0.00486157 0.02884411 0.14691986 0.08292965 0.12049753 0.13734512 0.18242579 0.16053488 0.08823764 0.03195048
29.20584117 7.23343845 0.01007620 0.00587986 0.00481025 0.02332648 0.15765783 0.08045715 0.12194965 0.13680348 0.17730377 0.17112903 0.08120879 0.02939753
29.40588118 7.22486059 0.01026501 0.00581084 0.00506095 0.02364316 0.15228602 0.07915830 0.12076759 0.14059877 0.17862391 0.16910560 0.08251152 0.03216832
29.60592118 7.21989684 0.00996934 0.00590267 0.00560494 0.03142265 0.15280913 0.08757118 0.11603042 0.12776948 0.17587496 0.17256508 0.08738272 0.02709743
29.80596119 7.22083009 0.00952660 0.00571957 0.00502976 0.03073427 0.15797342 0.08574873 0.11489390 0.14200445 0.17656545 0.15866337 0.08484756 0.02829293
30.00600120 7.21910630 0.00972270 0.00565261 0.00544204 0.02715223 0.15666016 0.09305767 0.11626219 0.14901573 0.17533702 0.15032474 0.08208791 0.02928500
30.20604121 7.21639554 0.00955388 0.00593079 0.00464595 0.02331330 0.15941822 0.09698736 0.11834500 0.14272492 0.17647183 0.15177453 0.08183406 0.02900017
30.40608122 7.20894715 0.00987032 0.00591216 0.00443093 0.02144510 0.16306724 0.08852095 0.12000314 0.14121174 0.17400110 0.15696828 0.08701625 0.02755279
30.60612122 7.20483457 0.00881137 0.00604927 0.00445004 0.02152927 0.15902048 0.08384810 0.12079136 0.13340180 0.18114030 0.16915856 0.08499848 0.02680097
30.80616123 7.19878660 0.00947207 0.00612202 0.00424486 0.02302881 0.15363499 0.07542930 0.12439422 0.13636173 0.17862071 0.17084505 0.08722794 0.03061830
31.00620124 7.18989663 0.00825297 0.00590526 0.00368730 0.02448534 0.15588254 0.08116956 0.11948174 0.13003262 0.17897193 0.17918553 0.08375842 0.02918678
31.20624125 7.18534663 0.00956502 0.00601003 0.00498359 0.02697021 0.15792370 0.08455192 0.11616398 0.13683352 0.18380567 0.16327873 0.08209652 0.02781713
31.40628126 7.17848483 0.00995573 0.00558004 0.00533251 0.02673386 0.15442579 0.09363642 0.11681323 0.14900202 0.17793486 0.14994621 0.08524597 0.02539335
31.60632126 7.17548135 0.00911598 0.00564979 0.00417159 0.02320248 0.15084700 0.10055514 0.11756071 0.14386143 0.18511833 0.14860326 0.08282406 0.02849023
31.80636127 7.16775213 0.01011098 0.00544071 0.00505755 0.02759214 0.14977500 0.09208960 0.11746603 0.14517971 0.17937175 0.15429780 0.08394640 0.02967233
32.00640128 7.16289874 0.00910994 0.00548568 0.00438307 0.03353953 0.14340475 0.08296698 0.11998301 0.13908608 0.17875652 0.17104241 0.08236993 0.02987209
32.20644129 7.15728124 0.00968048 0.00550037 0.00460372 0.03089484 0.13998861 0.08368717 0.12059256 0.14081514 0.18086327 0.17152041 0.08305509 0.02879833
32.40648130 7.15175106 0.01069731 0.00552396 0.00568409 0.02557053 0.14514417 0.08730048 0.11680964 0.13730210 0.17883674 0.17271292 0.08568537 0.02873268
32.60652130 7.14877326 0.01058839 0.00578955 0.00578457 0.02689959 0.14350936 0.08905332 0.11722612 0.13905221 0.18173231 0.16850721 0.08574255 0.02611482
32.80656131 7.14450053 0.00851240 0.00613492 0.00275323 0.02691657 0.14258809 0.09179159 0.11761504 0.15093488 0.18875488 0.15273121 0.08290697 0.02836023
33.00660132 7.13827234 0.00774550 0.00571095 0.00249657 0.02170603 0.15540927 0.09760874 0.11496250 0.14632646 0.18467877 0.15699998 0.08123841 0.02511682
33.20664133 7.12145668 0.00922342 0.00593050 0.00380193 0.02412051 0.14640021 0.09576279 0.11161795 0.14236669 0.18920735 0.16247114 0.08284388 0.02625363
33.40668134 7.11088868 0.00965242 0.00593544 0.00492575 0.02357766 0.13774204 0.09184035 0.11849694 0.13828806 0.18608942 0.16715750 0.08973605 0.02655836
33.60672134 7.10713580 0.00888526 0.00594770 0.00361783 0.02363249 0.14423778 0.08704315 0.11743265 0.13995730 0.18874472 0.16979092 0.08363703 0.02707316
33.80676135 7.10321386 0.00989216 0.00604860 0.00448004 0.02418716 0.14681033 0.08273814 0.11216202 0.14215316 0.18798624 0.17307161 0.08299270 0.02747784
34.00680136 7.09751433 0.00935090 0.00562902 0.00461857 0.02632153 0.14589943 0.08893296 0.11293164 0.13785436 0.18042612 0.17182154 0.08711369 0.02910024
34.20684137 7.09299689 0.00902337 0.00560723 0.00381165 0.02476269 0.14496040 0.09564358 0.11803104 0.14774105 0.18490166 0.15802634 0.08049957 0.02699143
34.40688138 7.09215712 0.00893574 0.00565265 0.00430820 0.02220963 0.15648831 0.10047821 0.11000913 0.14337189 0.18264506 0.15704463 0.08120474 0.02765181
34.60692138 7.08666361 0.00946399 0.00554180 0.00448308 0.02346618 0.15608383 0.09289902 0.10595006 0.14101364 0.18588031 0.16165943 0.08454389 0.02901476
34.80696139 7.08334140 0.00973562 0.00575741 0.00482005 0.02589565 0.14791515 0.08409327 0.11279979 0.14003791 0.18787826 0.16672744 0.08564928 0.02869018
35.00700140 7.07710339 0.00875678 0.00599009 0.00410447 0.02675239 0.14868438 0.08721543 0.11442711 0.13640824 0.18726636 0.16347966 0.08563195 0.03128315
35.20704141 7.07411340 0.00844923 0.00561513 0.00363653 0.02155602 0.15162575 0.09372527 0.10988824 0.13831607 0.18760734 0.16757075 0.08526344 0.02674623
35.40708142 7.06872310 0.00876647 0.00579369 0.00396180 0.01899333 0.15205241 0.09637350 0.10932433 0.13362772 0.19039858 0.16513064 0.08443088 0.03114664
35.60712142 7.06593591 0.00827214 0.00578232 0.00333391 0.02096063 0.15593860 0.08889500 0.11293843 0.14211777 0.19109356 0.15997446 0.08224699 0.02844620
35.80716143 7.06180268 0.00880496 0.00575162 0.00355037 0.01813125 0.15264959 0.09365575 0.11248001 0.14109032 0.19317025 0.15826205 0.08194841 0.03050541
36.00720144 7.05789559 0.00874212 0.00572766 0.00355948 0.01762858 0.15174340 0.09663540 0.10644929 0.14044836 0.19017886 0.16258091 0.08790069 0.02840525
36.20724145 7.04777530 0.00898646 0.00564806 0.00335037 0.01734040 0.15431343 0.09444387 0.10569480 0.14099513 0.18937071 0.16528168 0.08697288 0.02760220
36.40728146 7.04209759 0.00761306 0.00613422 0.00291501 0.01584771 0.15265229 0.09775163 0.11108110 0.13779222 0.19406315 0.16399124 0.08006914 0.03008925
36.60732146 7.03229432 0.00799989 0.00591801 0.00225741 0.01826342 0.14818182 0.09156148 0.11262405 0.14092609 0.19039980 0.16492040 0.08687621 0.03007142
36.80736147 7.02750906 0.00850678 0.00578038 0.00347830 0.01849722 0.14607937 0.09046262 0.11001443 0.13812358 0.19406105 0.16955192 0.08606466 0.02937968
37.00740148 7.01972069 0.00916427 0.00595736 0.00426440 0.01963850 0.15832162 0.09462990 0.10759112 0.14004628 0.19324252 0.16013400 0.08088728 0.02612276
37.20744149 7.01743027 0.00889588 0.00565081 0.00396582 0.01754693 0.15741783 0.10264899 0.10780471 0.13749464 0.18965695 0.15580271 0.08346960 0.02964513
37.40748150 7.01736218 0.00795449 0.00566081 0.00300003 0.01620968 0.14675775 0.09831860 0.11233028 0.13990735 0.19439107 0.16036342 0.08685998 0.02824653
37.60752150 7.00974461 0.00837600 0.00568268 0.00291643 0.01504736 0.15189902 0.09117489 0.11124502 0.13952756 0.19182018 0.16753381 0.08535300 0.02942406
37.80756151 7.00834142 0.00762518 0.00565934 0.00212115 0.01720487 0.15999801 0.09464582 0.10998242 0.13464799 0.19620630 0.16189195 0.08215382 0.02786316
38.00760152 7.00626502 0.00831872 0.00549479 0.00317339 0.01724816 0.15437082 0.09528680 0.11218397 0.13898993 0.19130314 0.15985868 0.08464717 0.02912444
38.20764153 6.99652013 0.00809761 0.00583366 0.00339834 0.01849248 0.15216125 0.09746811 0.11594032 0.13049312 0.19026952 0.16571217 0.08379514 0.02833827
38.40768154 6.99462163 0.00862933 0.00560380 0.00306790 0.01904032 0.15515489 0.09506728 0.11525485 0.13854358 0.19156409 0.15729724 0.08242226 0.02835446
38.60772154 6.98769069 0.00844635 0.00547319 0.00290669 0.01659987 0.15365045 0.10016987 0.11230805 0.14142342 0.19179075 0.15572252 0.08477744 0.02673139
38.80776155 6.98235850 0.00744764 0.00543167 0.00202522 0.01909055 0.15495965 0.10042755 0.11295736 0.13621487 0.18906804 0.15701602 0.08558318 0.02977827
39.00780156 6.97121061 0.00919478 0.00576613 0.00337937 0.01701349 0.15450941 0.09414034 0.11642814 0.13843633 0.19377747 0.15876756 0.08151874 0.02706824
39.20784157 6.96384500 0.00853179 0.00544612 0.00357095 0.01788560 0.14953563 0.09281510 0.12310708 0.13380511 0.19087928 0.16193633 0.08503178 0.02745522
39.40788158 6.96027947 0.00865434 0.00604056 0.00314586 0.01570185 0.15720781 0.09570345 0.11696510 0.13303390 0.19486723 0.16237931 0.07891919 0.02738140
39.60792158 6.95433835 0.00743678 0.00575488 0.00250328 0.01737230 0.15576714 0.09261018 0.11550298 0.13309974 0.19219353 0.16316961 0.08478137 0.02980823
39.80796159 6.95129261 0.00797994 0.00558752 0.00268509 0.01786328 0.14579280 0.09856741 0.12149439 0.13335449 0.19133296 0.15892445 0.08979222 0.02662547
40.00800160 6.94605960 0.00847527 0.00577950 0.00362294 0.02067896 0.14801573 0.09803931 0.12511811 0.13716701 0.19479861 0.15052966 0.08028795 0.02748696
40.20804161 6.94569962 0.00791620 0.00569220 0.00244787 0.01803705 0.16064709 0.09888328 0.11789436 0.13536360 0.19031654 0.15099676 0.08344970 0.02835537
40.40808162 6.93902718 0.00858269 0.00567986 0.00336231 0.01965894 0.15232689 0.09549624 0.11955267 0.13537612 0.19448019 0.15428402 0.08196028 0.02923981
40.60812162 6.93658923 0.00807279 0.00537021 0.00344504 0.01913795 0.14928295 0.09748670 0.12745293 0.12677683 0.19133744 0.16094509 0.08255637 0.02813571
40.80816163 6.93276408 0.00793187 0.00583108 0.00259621 0.01574538 0.15532104 0.09266622 0.12137609 0.13267573 0.19619013 0.15940407 0.08128155 0.02898064
41.00820164 6.92800556 0.00863161 0.00535213 0.00335124 0.01699123 0.15627185 0.09326790 0.11547731 0.12893171 0.19215127 0.16488789 0.08474733 0.02993853
41.20824165 6.92171621 0.00892166 0.00544314 0.00366522 0.01624476 0.14830476 0.09578949 0.12026796 0.13056888 0.19323020 0.16309465 0.08675383 0.02771545
41.40828166 6.91580394 0.00925955 0.00554316 0.00383071 0.01752356 0.15150717 0.09815355 0.12023868 0.13894854 0.19611491 0.15073130 0.08059597 0.02755291
41.60832166 6.91306295 0.00919581 0.00540523 0.00422316 0.01740549 0.15141179 0.10333184 0.11759432 0.13782902 0.19383383 0.14881535 0.08375472 0.02719943
41.80836167 6.90673571 0.00873840 0.00542329 0.00318802 0.02129571 0.14714215 0.09935247 0.11717828 0.13388985 0.19640041 0.15478217 0.08185576 0.03075349
42.00840168 6.90186396 0.00783809 0.00526094 0.00263923 0.02533595 0.14953577 0.09653691 0.11751264 0.13668118 0.19051970 0.15973956 0.08117086 0.02722920
42.20844169 6.88808113 0.01052228 0.00586723 0.00542465 0.02695490 0.14481770 0.08817504 0.11153062 0.13434375 0.20021445 0.16111781 0.08156989 0.02946167
42.40848170 6.88081207 0.00983757 0.00536912 0.00550271 0.02489160 0.14588366 0.09304768 0.11391115 0.12784697 0.19292420 0.16491795 0.08591176 0.02995563
42.60852170 6.87907204 0.00915623 0.00578482 0.00443852 0.02799826 0.14819657 0.09307944 0.11621186 0.13070425 0.19972703 0.15468558 0.08007960 0.02993782
42.80856171 6.87732949 0.00801164 0.00589173 0.00355960 0.02457687 0.14941606 0.09607588 0.11551854 0.13396274 0.20264757 0.15076106 0.08252600 0.02705232
43.00860172 6.87361938 0.00751221 0.00575237 0.00266418 0.02309977 0.14782436 0.09872282 0.11756143 0.13208012 0.20040794 0.14837431 0.08645379 0.02954669
43.20864173 6.86728406 0.00790263 0.00591386 0.00362077 0.02684128 0.14560862 0.09544079 0.11883537 0.13264566 0.20497863 0.14738385 0.08466340 0.02616514
43.40868174 6.85750075 0.00887197 0.00586003 0.00425419 0.02740190 0.15374132 0.09130579 0.11585305 0.12715441 0.19966160 0.14919796 0.08688389 0.02981388
43.60872174 6.84966318 0.00849656 0.00610735 0.00422662 0.02763986 0.15051044 0.08597206 0.11287522 0.12637124 0.20116333 0.15809415 0.09134354 0.02719962
43.80876175 6.84441871 0.00925692 0.00565742 0.00502245 0.02996409 0.14869416 0.08441832 0.11575486 0.12389298 0.20022680 0.15812003 0.08966664 0.02932531
44.00880176 6.83902663 0.00958690 0.00565212 0.00590270 0.03167235 0.15410417 0.08785500 0.11492917 0.12600716 0.20079333 0.15208310 0.08052110 0.03089290
44.20884177 6.83389653 0.00948291 0.00568831 0.00500714 0.02900363 0.15560994 0.08912619 0.11440808 0.12926260 0.20347046 0.14513193 0.08482310 0.02898571
44.40888178 6.82864372 0.00917368 0.00594939 0.00442279 0.02984461 0.15081505 0.09194698 0.11441417 0.13113481 0.20390137 0.14224993 0.08691991 0.02922731
44.60892178 6.82209636 0.00902653 0.00551594 0.00440208 0.02681935 0.15233163 0.09590548 0.11737704 0.13277145 0.19736590 0.14553279 0.08340939 0.02954243
44.80896179 6.81358746 0.01033853 0.00543661 0.00536532 0.02953793 0.15060797 0.09464000 0.11124438 0.12933779 0.19926783 0.15078927 0.07944311 0.03399128
45.00900180 6.80947795 0.01083194 0.00537633 0.00623316 0.02975931 0.14820851 0.09519651 0.10796164 0.13114882 0.19436697 0.15385280 0.08608644 0.03097755
45.20904181 6.80594284 0.01018548 0.00551801 0.00526294 0.03283864 0.15037356 0.09092529 0.11192443 0.12621422 0.20022135 0.15247787 0.08196254 0.03209568
45.40908182 6.80167787 0.00827209 0.00552408 0.00395128 0.03130383 0.15233581 0.09616144 0.11618304 0.12413496 0.19955464 0.15526009 0.07640233 0.03091642
45.60912182 6.79731073 0.00928073 0.00543588 0.00457157 0.03357458 0.15112912 0.09536052 0.11254358 0.12744463 0.19974951 0.14670458 0.08314180 0.03106350
45.80916183 6.79394245 0.00948051 0.00556096 0.00538698 0.03197615 0.15106341 0.10032840 0.11044064 0.12701284 0.20353758 0.14311259 0.08339729 0.02870264
46.00920184 6.78675890 0.01055021 0.00538708 0.00584766 0.02973950 0.15383558 0.09834277 0.11337742 0.12543419 0.19807339 0.14346719 0.08332642 0.03261860
46.20924185 6.78148747 0.00915336 0.00558087 0.00412489 0.03435760 0.15262594 0.09234038 0.11226741 0.12535063 0.19929807 0.14931898 0.08422759 0.03135426
46.40928186 6.77576341 0.01096913 0.00534747 0.00584504 0.03817075 0.15226148 0.08938554 0.11230155 0.12489912 0.19887855 0.14976788 0.08121084 0.03096265
46.60932186 6.77435280 0.01009162 0.00532827 0.00638298 0.03921124 0.15251459 0.09300038 0.11297342 0.12105633 0.19759387 0.15342663 0.07958973 0.02883093
46.80936187 6.76471679 0.01054328 0.00515402 0.00665484 0.03852004 0.14757495 0.09884707 0.11494324 0.12192201 0.19592326 0.14831298 0.07840443 0.03319988
47.00940188 6.76403281 0.01140577 0.00529941 0.00673495 0.03905879 0.14702567 0.09017664 0.11422991 0.13045900 0.19890012 0.14178213 0.08054478 0.03438282
47.20944189 6.75962029 0.01065953 0.00532512 0.00662226 0.04026273 0.14917030 0.09152191 0.11180972 0.12721150 0.19819364 0.14385282 0.08350111 0.03186937
47.40948190 6.75449195 0.00974574 0.00534563 0.00578360 0.03757334 0.15324371 0.09404452 0.10980251 0.12554605 0.19711015 0.13827515 0.08849790 0.03503172
47.60952190 6.74377753 0.00987073 0.00570604 0.00625671 0.03424451 0.15253029 0.09328419 0.11311254 0.12268147 0.20080541 0.14353157 0.08384562 0.03413095
47.80956191 6.73680426 0.01004933 0.00539644 0.00648869 0.03824051 0.15035269 0.08749628 0.11375506 0.12069745 0.20175043 0.14836350 0.08474527 0.03266434
48.00960192 6.73395242 0.00958893 0.00570279 0.00589229 0.03514355 0.15200904 0.08525895 0.10940309 0.12228099 0.20785114 0.14974252 0.08303382 0.03409288
48.20964193 6.72605931 0.00902457 0.00598525 0.00549114 0.03313943 0.15506896 0.08584128 0.10771415 0.11723349 0.20638875 0.14825968 0.09084278 0.03501054
48.40968194 6.71629168 0.00971065 0.00612811 0.00605786 0.03648894 0.15097682 0.09139359 0.10899048 0.12208891 0.20561861 0.13961334 0.09028587 0.03264683
48.60972194 6.71195546 0.00896110 0.00620187 0.00499096 0.03620395 0.15258539 0.09192996 0.10874045 0.12378863 0.20819494 0.13901465 0.08627723 0.03311086
48.80976195 6.70675558 0.00931723 0.00595507 0.00491507 0.02993767 0.15806264 0.09672373 0.11128014 0.12230691 0.20393168 0.13615703 0.08877034 0.03264247
49.00980196 6.70376705 0.00862218 0.00649255 0.00472935 0.02676950 0.15331524 0.09027192 0.11056072 0.12171517 0.21277729 0.13970029 0.09085409 0.03419171
49.20984197 6.69938048 0.00904760 0.00624015 0.00483903 0.02847162 0.15330964 0.08715079 0.11335425 0.11952723 0.20921126 0.14564955 0.09188458 0.03131430
49.40988198 6.69222023 0.00841697 0.00648256 0.00439082 0.02269563 0.15149108 0.08683775 0.11557958 0.12138172 0.21798323 0.14355110 0.08646344 0.03472613
49.60992198 6.68717552 0.00953191 0.00616245 0.00587964 0.02605965 0.15142043 0.08892129 0.11514912 0.11404718 0.21199577 0.14831308 0.09327212 0.02924736
49.80996199 6.68122797 0.00895691 0.00654148 0.00486385 0.02441608 0.14796040 0.08430458 0.11530701 0.12117830 0.21433195 0.14309336 0.09585904 0.03318703
50.01000200 6.67810682 0.00925031 0.00629300 0.00511755 0.02724816 0.15117140 0.08511697 0.11260624 0.12323693 0.21225804 0.13963567 0.09567121 0.03239452
50.21004201 6.67659906 0.00939789 0.00625415 0.00531056 0.02734302 0.15078228 0.09142648 0.11701235 0.12380356 0.21447551 0.13521928 0.08747559 0.03149931
50.41008202 6.66900467 0.00883879 0.00607834 0.00436932 0.02703958 0.15494602 0.09665783 0.12035632 0.12029654 0.21417910 0.13286639 0.08644011 0.02793167
50.61012202 6.66286518 0.00821332 0.00572881 0.00403029 0.02899876 0.15317132 0.08933963 0.12055469 0.12115575 0.21364495 0.13895824 0.08490011 0.03130413
50.81016203 6.65517032 0.00901259 0.00604235 0.00413967 0.02701671 0.15442879 0.08178745 0.11336493 0.12380889 0.21768956 0.14312291 0.08647426 0.03311189
51.01020204 6.65221297 0.00834788 0.00591893 0.00483371 0.02550943 0.15030290 0.08549621 0.12028067 0.11666606 0.21254084 0.14725941 0.09295654 0.02988742
51.21024205 6.64968790 0.00871576 0.00595099 0.00434388 0.02665286 0.15035104 0.08349949 0.12171202 0.11914066 0.21497492 0.14438528 0.09101092 0.02926219
51.41028206 6.65096892 0.00778538 0.00596669 0.00400360 0.02436888 0.15490319 0.08829187 0.12360972 0.11918093 0.21588132 0.13875913 0.08763896 0.02961032
