0.00000000 2.00000000 0.00000000 0.00000000 0.00000000 0.00000000 0.00000000 0.00000000 0.00000000 1.00000000 0.00000000 0.00000000 0.00000000 0.00000000
0.10000500 2.00147761 0.01187811 0.00066586 0.00347701 0.10134719 0.09722714 0.11351106 0.01223683 0.51921216 0.06107631 0.04137653 0.01279385 0.02519794
0.20001000 2.00205742 0.00585238 0.00078517 0.00252762 0.05729766 0.14273093 0.17270159 0.04135473 0.32925855 0.08628601 0.09218822 0.02884317 0.04017398
0.30001500 2.00262510 0.00368018 0.00062959 0.00172996 0.03772629 0.17535742 0.21060063 0.06450303 0.22155575 0.09262419 0.12623416 0.03488576 0.03047302
0.40002000 2.00259443 0.00297289 0.00061869 0.00123365 0.02625044 0.19329816 0.21610028 0.07117245 0.17209323 0.09132368 0.13889742 0.05358702 0.03245207
0.50002500 2.00223024 0.00299607 0.00065011 0.00169141 0.03203002 0.20943209 0.20617199 0.07921158 0.12378435 0.09566273 0.14821980 0.05704349 0.04310636
0.60003000 2.00254434 0.00262052 0.00077368 0.00143000 0.02944721 0.22250489 0.19591904 0.08970768 0.09977387 0.10214850 0.14220577 0.07086525 0.04260358
0.70003500 2.00212108 0.00204456 0.00075815 0.00102087 0.01485673 0.25278268 0.18847467 0.09808847 0.08244411 0.10090917 0.13790081 0.07546153 0.04525825
0.80004000 2.00159226 0.00207498 0.00067305 0.00132303 0.02107171 0.25622929 0.16242943 0.11422974 0.07022457 0.10007911 0.14752592 0.07678882 0.04735035
0.90004500 2.00208422 0.00156211 0.00067222 0.00093778 0.01390305 0.26729720 0.15829240 0.12035952 0.06325540 0.09948125 0.14172256 0.08418981 0.04832669
1.00005000 2.00156909 0.00174990 0.00060508 0.00125868 0.01942245 0.27440131 0.16002099 0.13512357 0.05234453 0.09259047 0.13030873 0.08527957 0.04689472
1.10005500 2.00099118 0.00150749 0.00058255 0.00105598 0.01811743 0.28796360 0.16109713 0.13766794 0.04570825 0.08611347 0.12235578 0.09567244 0.04215794
1.20006000 2.00092345 0.00175457 0.00050750 0.00133110 0.02684112 0.29791978 0.16024227 0.14393144 0.04045203 0.08114453 0.10979942 0.09449675 0.04157949
1.30006500 1.99985752 0.00168939 0.00052742 0.00119670 0.02919629 0.31436839 0.16086059 0.14543470 0.03485243 0.08149820 0.09826774 0.09617130 0.03593685
1.40007000 1.99928108 0.00115171 0.00051366 0.00059766 0.00805882 0.32351213 0.17162757 0.15762098 0.03469762 0.08126021 0.08849364 0.09909303 0.03337298
1.50007500 1.99905936 0.00150506 0.00048415 0.00096221 0.02031622 0.32549375 0.17460055 0.15667006 0.03638040 0.07537418 0.07335543 0.09997785 0.03488014
1.60008000 1.99887302 0.00140437 0.00049049 0.00090297 0.01996988 0.33887900 0.17515366 0.16844713 0.02970339 0.06484915 0.06006907 0.10733423 0.03279665
1.70008500 1.99851347 0.00096370 0.00054582 0.00038205 0.00376712 0.34570949 0.17214550 0.17755261 0.03162490 0.07296236 0.05418975 0.11322972 0.02692698
1.80009000 1.99682438 0.00114006 0.00048795 0.00061233 0.01311859 0.35356896 0.16175858 0.17759720 0.02616515 0.06763828 0.05292499 0.11870761 0.02628030
1.90009500 1.99580538 0.00096718 0.00045405 0.00050548 0.00946757 0.36501499 0.16224152 0.18172035 0.02143217 0.06172770 0.04311086 0.12508291 0.02827522
2.00010001 1.99487432 0.00098362 0.00044331 0.00058675 0.01268061 0.36801997 0.15444345 0.18604909 0.01965217 0.05872424 0.04064230 0.12876339 0.02901110
2.10010501 1.99376605 0.00118418 0.00041843 0.00066756 0.01372409 0.38094371 0.14303920 0.19612025 0.02618613 0.04928292 0.03723028 0.12723469 0.02396855
2.20011001 1.99365054 0.00100389 0.00039097 0.00064423 0.01411503 0.37887184 0.14525699 0.20549545 0.02116890 0.04594974 0.03527266 0.12729199 0.02453831
2.30011501 1.99276369 0.00108002 0.00033190 0.00074912 0.01722780 0.38364905 0.13788632 0.21169505 0.01974030 0.04034497 0.03399743 0.12997902 0.02331901
2.40012001 1.99217224 0.00110562 0.00034225 0.00060686 0.01490975 0.38646474 0.12127955 0.21740528 0.02924561 0.04163007 0.03406969 0.13015766 0.02278292
2.50012501 1.99101303 0.00099180 0.00033934 0.00052727 0.01090039 0.39448731 0.12093173 0.21523272 0.02820249 0.03562399 0.03514707 0.13631664 0.02129925
2.60013001 1.98990199 0.00086708 0.00026941 0.00049861 0.00928119 0.39181073 0.11781844 0.22220385 0.02726135 0.02981872 0.04230387 0.13589730 0.02196944
2.70013501 1.98960167 0.00097171 0.00026415 0.00057990 0.00895438 0.39588898 0.11489537 0.22915948 0.02794040 0.02618126 0.03521917 0.13650613 0.02343906
2.80014001 1.98954294 0.00123538 0.00025198 0.00081783 0.02096668 0.39486895 0.10821025 0.23195456 0.02568336 0.02497939 0.03471567 0.13994512 0.01637082
2.90014501 1.98820559 0.00088895 0.00028510 0.00048846 0.00936068 0.40017047 0.10620304 0.22636529 0.02834685 0.02637546 0.03532593 0.14480368 0.02138609
3.00015001 1.98772909 0.00078607 0.00025757 0.00036808 0.00567435 0.40274057 0.10115984 0.23135479 0.02705212 0.02616731 0.04174872 0.14347976 0.01921082
3.10015501 1.98763214 0.00059422 0.00022040 0.00031202 0.00219394 0.40378352 0.10188062 0.23297630 0.02542231 0.02372585 0.03906678 0.14529393 0.02453011
3.20016001 1.98656942 0.00081434 0.00022489 0.00063424 0.00858837 0.40914466 0.09876240 0.23244928 0.01959144 0.02462838 0.03299325 0.14755278 0.02461597
3.30016501 1.98582237 0.00078436 0.00019701 0.00052905 0.01115334 0.41335474 0.09606136 0.23192943 0.01831733 0.02396394 0.03414794 0.14855488 0.02100663
3.40017001 1.98439393 0.00091556 0.00020147 0.00055597 0.01222126 0.41403438 0.09355378 0.23614357 0.01880971 0.02364687 0.03208085 0.14997371 0.01786288
3.50017501 1.98357472 0.00065898 0.00022227 0.00028120 0.00589627 0.41773800 0.09119219 0.24318863 0.01988726 0.02398309 0.03160901 0.15086801 0.01447510
3.60018001 1.98305261 0.00050488 0.00021781 0.00022937 0.00389740 0.41546539 0.09583303 0.24434304 0.01541786 0.02399227 0.03141756 0.15398149 0.01469990
3.70018501 1.98269075 0.00038973 0.00023031 0.00016199 0.00210939 0.41791528 0.08956425 0.24654585 0.01207182 0.02522946 0.03153481 0.15807910 0.01616802
3.80019001 1.98114496 0.00044278 0.00022373 0.00023151 0.00210586 0.41308349 0.08341450 0.25218051 0.01341387 0.02464801 0.02907532 0.16186425 0.01931616
3.90019501 1.97997044 0.00051720 0.00023921 0.00033138 0.00761455 0.41875418 0.07414152 0.25202561 0.01394791 0.02281895 0.02967864 0.16416204 0.01576880
4.00020001 1.97850849 0.00036061 0.00023866 0.00014552 0.00026502 0.42325088 0.07473800 0.25555962 0.01385408 0.02444294 0.02731479 0.16450790 0.01532197
4.10020501 1.97721027 0.00034264 0.00024112 0.00015987 0.00026160 0.42066271 0.07570264 0.25692019 0.01275442 0.02616168 0.02230860 0.16801430 0.01647022
4.20021001 1.97705223 0.00037282 0.00022652 0.00018324 0.00380886 0.42356805 0.06966205 0.25865251 0.01148062 0.02609270 0.02308069 0.16946022 0.01341171
4.30021501 1.97731385 0.00034699 0.00023853 0.00015434 0.00390475 0.42649838 0.06745412 0.25942048 0.01077411 0.02676982 0.02122723 0.17107280 0.01213846
4.40022001 1.97484386 0.00056860 0.00021021 0.00040972 0.00722927 0.42857205 0.06180435 0.26216985 0.01140965 0.02247042 0.02079102 0.17057746 0.01378739
4.50022501 1.97437045 0.00044988 0.00025144 0.00034499 0.00648613 0.42883289 0.06085242 0.26230558 0.00911812 0.02784907 0.01786462 0.17276102 0.01288384
4.60023001 1.97378194 0.00040420 0.00025917 0.00023672 0.00379014 0.43143489 0.05590858 0.26551530 0.01113047 0.02947496 0.01499347 0.17531568 0.01153642
4.70023501 1.97206492 0.00033010 0.00023351 0.00026230 0.00402797 0.42930076 0.05315120 0.26474101 0.00991834 0.03080683 0.01557827 0.17691790 0.01473181
4.80024001 1.97059004 0.00042771 0.00024181 0.00030633 0.00538431 0.42890563 0.04816490 0.26636709 0.00943064 0.03073190 0.01878663 0.17975356 0.01149948
4.90024501 1.96966707 0.00020875 0.00025596 0.00011058 0.00017914 0.43344947 0.04787408 0.26839090 0.00807896 0.02843216 0.01697899 0.18547151 0.01056950
5.00025001 1.96820024 0.00037219 0.00023022 0.00032800 0.00752641 0.43073315 0.04680061 0.26306428 0.00725491 0.02504590 0.01983761 0.18692645 0.01188027
5.10025501 1.96635597 0.00035184 0.00023018 0.00024234 0.00376512 0.42789900 0.05364244 0.26606231 0.00915486 0.02573527 0.01626414 0.18607324 0.01057926
5.20026001 1.96620024 0.00026458 0.00026926 0.00013965 0.00178228 0.43027057 0.05450918 0.26627834 0.00737233 0.02603419 0.01554507 0.18914764 0.00838690
5.30026501 1.96588233 0.00041145 0.00021948 0.00021908 0.00393810 0.42880786 0.04855088 0.26562726 0.01234947 0.02300724 0.01940450 0.18833816 0.00912653
5.40027001 1.96288794 0.00041381 0.00020137 0.00034228 0.00367387 0.42751273 0.04756948 0.26322374 0.01001209 0.02259773 0.02330495 0.18646442 0.01468353
5.50027501 1.96230628 0.00058232 0.00026226 0.00036380 0.00904740 0.42865868 0.04274068 0.26214938 0.01334627 0.01933504 0.01897097 0.19559463 0.00894856
5.60028001 1.96126607 0.00042496 0.00021432 0.00031986 0.00741068 0.43040040 0.04027906 0.26453309 0.01166655 0.02086935 0.02015762 0.19198284 0.01174127
5.70028501 1.95926610 0.00025421 0.00022703 0.00020315 0.00199157 0.43203777 0.04206289 0.26783223 0.00816763 0.02460220 0.01955829 0.19130076 0.01176225
5.80029001 1.95994222 0.00027556 0.00023192 0.00016311 0.00202712 0.43373527 0.04180417 0.26777065 0.00828546 0.02591019 0.01894371 0.19235197 0.00850087
5.90029501 1.95938080 0.00036185 0.00020585 0.00021494 0.00365646 0.43296845 0.04284812 0.26843541 0.01169976 0.02364031 0.01721431 0.19074998 0.00800456
6.00030002 1.95905028 0.00036063 0.00020809 0.00021693 0.00356155 0.43283185 0.04504707 0.26791400 0.01011488 0.02566093 0.01521209 0.19138513 0.00748686
6.10030502 1.95889093 0.00037821 0.00022371 0.00027057 0.00530918 0.43884805 0.03869661 0.26966492 0.00725083 0.02722493 0.01264268 0.19203840 0.00745192
6.20031002 1.95789136 0.00022743 0.00022651 0.00005765 0.00020228 0.44069469 0.03607815 0.27007129 0.01007472 0.02494789 0.01474265 0.19605962 0.00661711
6.30031502 1.95791263 0.00031314 0.00019699 0.00017987 0.00375241 0.44250482 0.03345326 0.26995951 0.00840514 0.02304695 0.01744670 0.19429173 0.00644948
6.40032002 1.95656070 0.00017729 0.00021417 0.00009001 0.00015250 0.44113128 0.03409863 0.27328168 0.00808428 0.02512082 0.01565344 0.19425204 0.00774385
6.50032502 1.95580105 0.00034729 0.00020315 0.00026582 0.00515503 0.43937333 0.03057744 0.27142784 0.00761306 0.02295903 0.01927651 0.19603666 0.00676485
6.60033002 1.95557503 0.00019689 0.00021399 0.00011651 0.00182723 0.44305895 0.03256701 0.27125023 0.00654467 0.02151455 0.01840348 0.19796228 0.00634421
6.70033502 1.95538790 0.00021543 0.00019546 0.00011863 0.00183686 0.44332280 0.03212409 0.27293935 0.00666363 0.01667002 0.02120134 0.19887236 0.00584003
6.80034002 1.95536866 0.00027013 0.00018625 0.00020346 0.00394758 0.44176127 0.03046979 0.27451060 0.00583852 0.01510014 0.01986105 0.20044173 0.00740948
6.90034502 1.95312180 0.00012916 0.00021941 0.00007560 0.00010334 0.44413800 0.03314007 0.27238697 0.00441381 0.02101080 0.01894009 0.19824483 0.00719793
7.00035002 1.95112084 0.00018521 0.00018648 0.00014117 0.00204475 0.44150595 0.02960737 0.27762148 0.00458844 0.02032927 0.02129734 0.19435682 0.00813572
7.10035502 1.95092250 0.00026538 0.00017586 0.00019620 0.00545658 0.44329286 0.03390133 0.27519041 0.00429866 0.01624654 0.01818299 0.19709433 0.00569886
7.20036002 1.94971376 0.00040965 0.00019031 0.00026557 0.00724780 0.44213335 0.03403145 0.27550045 0.00747514 0.01812669 0.01325616 0.19604920 0.00531423
7.30036502 1.94959419 0.00035799 0.00018182 0.00026282 0.00509827 0.44459170 0.03193753 0.27738601 0.00556082 0.01803964 0.01381841 0.19580083 0.00696416
7.40037002 1.94878122 0.00028542 0.00017602 0.00008503 0.00174415 0.44646749 0.03194866 0.27638691 0.00877465 0.01817266 0.01606101 0.19479692 0.00510107
7.50037502 1.94786165 0.00023469 0.00018227 0.00016716 0.00174228 0.44773191 0.02992463 0.27636152 0.00796810 0.01823206 0.01494373 0.19349224 0.00901940
7.60038002 1.94656764 0.00035586 0.00016202 0.00027324 0.00577124 0.45078355 0.03229037 0.27716876 0.00861424 0.01288737 0.01200445 0.19099829 0.00869059
7.70038502 1.94569110 0.00026615 0.00017384 0.00017020 0.00208170 0.45130142 0.03281284 0.27715674 0.01000743 0.01339289 0.01221539 0.18997511 0.01044629
7.80039002 1.94494331 0.00033986 0.00016544 0.00025063 0.00547136 0.45146461 0.03109416 0.28220572 0.00679984 0.01474105 0.01129996 0.18942319 0.00674419
7.90039502 1.94465387 0.00026010 0.00015757 0.00014317 0.00367674 0.45596790 0.03053441 0.28759181 0.00751813 0.01082945 0.00828298 0.18945326 0.00558446
8.00040002 1.94356502 0.00028085 0.00013793 0.00014764 0.00394276 0.45507238 0.02975625 0.28674561 0.00834055 0.01059123 0.01000636 0.18945283 0.00552558
8.10040502 1.94232789 0.00039640 0.00016480 0.00023618 0.00547962 0.45617554 0.03217721 0.28253882 0.00753489 0.01061328 0.00996854 0.19050756 0.00420716
8.20041002 1.94191497 0.00016607 0.00016192 0.00006263 0.00011825 0.45686143 0.03237190 0.28255225 0.00666810 0.01044340 0.01225289 0.19198099 0.00636016
8.30041502 1.94196869 0.00023372 0.00015570 0.00011447 0.00166067 0.45981919 0.02810199 0.28211706 0.00717810 0.01239121 0.01214346 0.19151684 0.00456759
8.40042002 1.93926634 0.00027766 0.00016395 0.00022184 0.00750956 0.45752879 0.02501719 0.28090526 0.00414019 0.01426810 0.01473898 0.18913390 0.00609458
8.50042502 1.93899882 0.00022226 0.00013998 0.00019357 0.00174598 0.46025912 0.02470735 0.28261201 0.00713515 0.01066645 0.01421908 0.18832244 0.00977659
8.60043002 1.93851359 0.00022696 0.00014503 0.00016857 0.00165046 0.46290321 0.02913051 0.28257029 0.00641073 0.01084014 0.01107576 0.18754134 0.00733701
8.70043502 1.93924534 0.00026732 0.00014640 0.00021678 0.00563217 0.46346219 0.02587030 0.27801066 0.00707001 0.01248081 0.01219263 0.18589994 0.00875078
8.80044002 1.93798062 0.00021805 0.00017464 0.00014269 0.00173191 0.46500049 0.02548746 0.28191586 0.00490238 0.01405037 0.01383432 0.18685864 0.00568318
8.90044502 1.93613866 0.00027182 0.00017595 0.00021884 0.00563277 0.46877838 0.02293927 0.28051264 0.00369558 0.01394687 0.01452884 0.18458617 0.00471287
9.00045002 1.93524733 0.00024755 0.00014680 0.00012876 0.00169277 0.47165695 0.02032167 0.28247872 0.00761160 0.01201697 0.01595326 0.18370056 0.00404439
9.10045502 1.93210047 0.00028840 0.00015526 0.00017723 0.00371990 0.46956358 0.02487488 0.28237623 0.00709353 0.01190127 0.01415559 0.18200366 0.00369047
9.20046002 1.93080550 0.00034400 0.00015783 0.00024624 0.00538211 0.46867503 0.02780103 0.28026494 0.00622648 0.01371618 0.01100508 0.18318601 0.00299506
9.30046502 1.93098641 0.00026835 0.00017520 0.00020108 0.00335914 0.47106484 0.02466639 0.28153414 0.00568456 0.01271092 0.01061450 0.18451490 0.00520599
9.40047002 1.93064845 0.00018317 0.00018154 0.00012007 0.00163634 0.47364622 0.02524036 0.28158391 0.00510721 0.01279326 0.00864419 0.18579507 0.00506865
9.50047502 1.93045379 0.00025854 0.00017991 0.00016686 0.00304574 0.47483842 0.02058337 0.28156414 0.00789903 0.01299643 0.00773062 0.18642110 0.00431584
9.60048002 1.93007127 0.00018901 0.00020117 0.00008790 0.00190495 0.47957465 0.01931084 0.28370780 0.00572013 0.01374685 0.00430611 0.18876953 0.00248105
9.70048502 1.92852439 0.00028375 0.00016494 0.00023838 0.00538055 0.47686902 0.01906255 0.28893747 0.00414858 0.01074700 0.00437956 0.18528157 0.00450663
9.80049002 1.92685597 0.00027544 0.00016151 0.00023109 0.00636978 0.47817009 0.02008082 0.28776020 0.00573020 0.01068384 0.00413903 0.18322436 0.00317364
9.90049502 1.92662610 0.00017305 0.00016251 0.00013168 0.00369005 0.48087183 0.02187113 0.28451360 0.00474883 0.01010683 0.00637819 0.18234524 0.00500706
10.00050003 1.92460901 0.00015606 0.00016666 0.00005939 0.00020370 0.48074530 0.01798841 0.28306091 0.00958388 0.01422765 0.01152924 0.17779948 0.00447932
10.10050503 1.92446384 0.00015232 0.00014205 0.00003178 0.00008706 0.48167759 0.01984633 0.28299449 0.00874824 0.01185483 0.01388711 0.17733104 0.00324716
10.20051003 1.92400313 0.00009846 0.00019597 0.00002337 0.00005715 0.48066545 0.01966649 0.28329137 0.00588545 0.01725964 0.01082761 0.17858757 0.00344147
10.30051503 1.92285978 0.00020420 0.00015479 0.00015402 0.00338513 0.48207486 0.01813675 0.28556485 0.00437898 0.01474767 0.01042274 0.17745783 0.00331817
10.40052003 1.92291106 0.00022736 0.00015051 0.00017429 0.00339316 0.48285267 0.01985602 0.28732992 0.00353216 0.01467059 0.00792291 0.17699631 0.00289409
10.50052503 1.92274263 0.00028147 0.00012878 0.00012979 0.00326956 0.48333353 0.01842214 0.28683116 0.00722256 0.01246623 0.00985155 0.17524030 0.00282293
10.60053003 1.92248149 0.00017170 0.00012815 0.00011228 0.00181901 0.48387037 0.01819261 0.28639738 0.00511420 0.01219901 0.01167326 0.17540509 0.00491694
10.70053503 1.92204256 0.00014485 0.00014149 0.00011997 0.00180432 0.48424948 0.02084369 0.28432870 0.00332770 0.01394856 0.01111614 0.17533178 0.00464334
10.80054003 1.92115888 0.00009498 0.00014280 0.00004882 0.00006520 0.48844566 0.02108255 0.28275860 0.00340696 0.01364841 0.01085975 0.17500453 0.00444173
10.90054503 1.92052141 0.00012062 0.00014293 0.00003281 0.00011284 0.48886899 0.01908392 0.28488274 0.00489704 0.01350820 0.01094512 0.17459714 0.00280766
11.00055003 1.91911443 0.00016487 0.00013991 0.00008647 0.00179328 0.48726403 0.01718517 0.28678561 0.00449435 0.01177792 0.01336527 0.17403253 0.00291058
11.10055503 1.91789244 0.00015692 0.00014845 0.00008258 0.00178180 0.48554966 0.01775946 0.28708017 0.00426225 0.01383584 0.01288193 0.17338589 0.00307506
11.20056003 1.91586087 0.00015273 0.00016874 0.00007783 0.00180637 0.49025644 0.01461700 0.28916192 0.00408898 0.01238704 0.01229044 0.17202586 0.00296665
11.30056503 1.91390316 0.00016171 0.00016673 0.00008689 0.00194067 0.48880058 0.01738586 0.28726169 0.00398441 0.01228757 0.01174200 0.17348343 0.00269846
11.40057003 1.91304033 0.00011048 0.00015705 0.00003566 0.00010768 0.48883277 0.01873099 0.28488603 0.00358110 0.01095251 0.01487717 0.17517165 0.00255692
11.50057503 1.91284466 0.00013523 0.00013515 0.00002996 0.00007374 0.48854919 0.01916036 0.28682909 0.00585852 0.00907132 0.01404840 0.17341525 0.00269380
11.60058003 1.91277159 0.00023619 0.00012389 0.00013723 0.00348023 0.48837909 0.01814359 0.28650586 0.00527039 0.00893709 0.01163159 0.17405407 0.00310078
11.70058503 1.91150326 0.00010736 0.00016549 0.00005771 0.00007373 0.48838197 0.01993685 0.28655323 0.00429511 0.01305319 0.00865998 0.17384612 0.00486926
11.80059003 1.90951480 0.00028710 0.00013824 0.00023623 0.00542355 0.48707516 0.02049170 0.28477117 0.00373547 0.01214563 0.00938156 0.17186981 0.00444438
11.90059503 1.90891622 0.00010457 0.00017253 0.00012268 0.00199296 0.49052182 0.01824034 0.28489537 0.00203248 0.01204073 0.00840779 0.17636956 0.00509917
12.00060003 1.90734814 0.00006691 0.00016849 0.00009962 0.00007972 0.48844949 0.01942941 0.28472589 0.00196469 0.01049199 0.00838439 0.18016414 0.00597527
12.10060503 1.90480618 0.00015823 0.00019033 0.00011514 0.00391898 0.48697327 0.01875339 0.28285736 0.00385777 0.01300284 0.00692414 0.17897620 0.00427235
12.20061003 1.90330517 0.00034635 0.00016714 0.00034421 0.00663754 0.49175455 0.01492537 0.27892819 0.00234830 0.01309360 0.00863349 0.17805653 0.00476475
12.30061503 1.90092843 0.00015551 0.00022132 0.00015753 0.00350254 0.49254702 0.01378073 0.27914635 0.00148094 0.01520024 0.00699748 0.18288508 0.00392528
12.40062003 1.90065003 0.00009820 0.00019543 0.00003648 0.00013035 0.48873802 0.01558955 0.28421987 0.00356504 0.01521495 0.01215768 0.17763173 0.00242270
12.50062503 1.89973133 0.00022429 0.00017770 0.00020474 0.00561890 0.48471021 0.01241384 0.28696080 0.00333105 0.01506667 0.00810899 0.17908461 0.00409820
12.60063003 1.89813564 0.00019273 0.00016568 0.00019866 0.00552925 0.48469368 0.01270370 0.28760492 0.00191288 0.01502611 0.00756863 0.17850961 0.00589415
12.70063503 1.89744260 0.00006976 0.00018394 0.00007433 0.00005951 0.48631194 0.01571886 0.28619848 0.00196845 0.01698047 0.00907345 0.17832518 0.00503565
12.80064003 1.89593329 0.00014540 0.00017169 0.00013773 0.00165359 0.48590571 0.01194439 0.28792860 0.00352201 0.01646883 0.00921551 0.17752517 0.00538137
12.90064503 1.89613139 0.00017453 0.00016257 0.00014316 0.00351424 0.48754260 0.01364181 0.28920451 0.00197069 0.01473261 0.00840219 0.17835772 0.00215338
13.00065003 1.89405968 0.00020830 0.00015968 0.00013575 0.00347124 0.48386313 0.01425588 0.29081568 0.00407068 0.01458106 0.00770354 0.17858045 0.00215461
13.10065503 1.89251360 0.00026030 0.00016562 0.00018269 0.00501975 0.48153714 0.01478335 0.28695067 0.00252730 0.01640279 0.01096663 0.17894378 0.00225998
13.20066003 1.89261291 0.00019761 0.00014328 0.00017869 0.00357056 0.48079166 0.01819806 0.28826655 0.00234020 0.01284884 0.00924757 0.17994967 0.00426732
13.30066503 1.89139515 0.00018099 0.00015531 0.00011183 0.00196947 0.47873199 0.01776167 0.28755027 0.00438133 0.01084394 0.00893984 0.18471849 0.00465486
13.40067003 1.89102224 0.00014006 0.00015316 0.00008333 0.00011989 0.47821187 0.01640036 0.28678405 0.00594623 0.00939962 0.01131713 0.18545129 0.00599300
13.50067503 1.89088286 0.00013614 0.00014076 0.00007338 0.00013363 0.47843615 0.01893167 0.28251013 0.00539482 0.00744671 0.01423027 0.18746625 0.00510009
13.60068003 1.88962917 0.00016966 0.00014171 0.00011803 0.00192213 0.47855417 0.01905906 0.28213021 0.00471973 0.00749076 0.01359744 0.18768315 0.00441394
13.70068503 1.88955339 0.00024277 0.00015723 0.00018564 0.00341803 0.47687133 0.01894493 0.28195284 0.00435129 0.00914457 0.01559974 0.18587402 0.00325761
13.80069003 1.88900146 0.00011781 0.00013859 0.00009361 0.00098795 0.47621168 0.01704017 0.28397824 0.00461164 0.00919578 0.01561544 0.18847572 0.00353339
13.90069503 1.88710064 0.00009519 0.00015824 0.00004055 0.00019832 0.48004387 0.01548469 0.28406091 0.00524945 0.01118086 0.01162321 0.18855612 0.00330859
14.00070004 1.88640834 0.00029196 0.00012600 0.00022387 0.00548561 0.47762117 0.01568082 0.28212319 0.00500234 0.00762244 0.01376391 0.18850719 0.00355148
14.10070504 1.88523689 0.00017620 0.00013766 0.00009196 0.00386823 0.47579623 0.01805063 0.28417438 0.00494656 0.00937511 0.01359655 0.18651663 0.00326987
14.20071004 1.88459046 0.00008344 0.00015379 0.00002999 0.00007167 0.47986957 0.01781449 0.28400670 0.00273016 0.00949540 0.01382632 0.18847454 0.00344393
14.30071504 1.88500868 0.00013429 0.00013384 0.00008028 0.00196340 0.47958335 0.01864094 0.28374079 0.00292480 0.00724488 0.01301927 0.18929714 0.00323702
14.40072004 1.88479833 0.00021166 0.00013529 0.00011842 0.00168857 0.48086205 0.02072516 0.28343689 0.00407929 0.00579722 0.00856331 0.19176854 0.00261360
14.50072504 1.88459300 0.00015525 0.00013188 0.00006784 0.00076681 0.48219476 0.01918819 0.28527461 0.00431832 0.00595307 0.00666508 0.19244568 0.00283850
14.60073004 1.88304261 0.00013771 0.00014521 0.00009572 0.00171361 0.48517185 0.01949215 0.28045485 0.00274343 0.00613772 0.00853338 0.19209038 0.00328400
14.70073504 1.88195110 0.00015327 0.00012640 0.00009211 0.00186721 0.48475236 0.02100327 0.28026506 0.00232685 0.00617418 0.00751482 0.19268201 0.00304246
14.80074004 1.88121645 0.00009453 0.00014041 0.00002387 0.00005751 0.48437036 0.02285921 0.27882957 0.00245056 0.00813944 0.00716205 0.19252023 0.00335227
14.90074504 1.87983058 0.00017273 0.00012679 0.00008740 0.00184475 0.48594674 0.02295012 0.27683401 0.00384923 0.00759944 0.00599445 0.19149302 0.00310131
15.00075004 1.87759150 0.00009582 0.00012700 0.00005610 0.00008202 0.48619485 0.01937313 0.27852983 0.00356512 0.00737357 0.00774270 0.19177475 0.00508511
15.10075504 1.87813999 0.00018713 0.00012374 0.00003782 0.00213510 0.48734719 0.01635566 0.27835763 0.00738350 0.00726518 0.00544775 0.19290625 0.00245304
15.20076004 1.87896267 0.00026929 0.00012130 0.00014243 0.00358365 0.48422818 0.01785720 0.27862322 0.00879958 0.00726297 0.00345218 0.19376434 0.00189568
15.30076504 1.87866075 0.00017509 0.00015270 0.00008363 0.00187205 0.48513653 0.01771532 0.28084936 0.00552121 0.00950619 0.00291123 0.19435522 0.00172146
15.40077004 1.87805149 0.00020782 0.00014625 0.00012920 0.00359420 0.48693150 0.01455614 0.27738354 0.00459695 0.00919295 0.00323927 0.19634576 0.00367642
15.50077504 1.87703420 0.00024412 0.00014870 0.00015360 0.00331455 0.48692046 0.01545736 0.27542823 0.00565095 0.00738220 0.00317521 0.20012041 0.00200421
15.60078004 1.87660303 0.00034601 0.00013574 0.00029814 0.00722425 0.48854542 0.01167543 0.27201793 0.00492761 0.00757347 0.00373323 0.19972743 0.00379533
15.70078504 1.87603244 0.00015087 0.00013884 0.00010603 0.00187423 0.49261539 0.01402948 0.27406436 0.00412557 0.00622534 0.00451238 0.19895607 0.00320145
15.80079004 1.87385430 0.00021509 0.00014031 0.00019649 0.00330081 0.49115474 0.01551943 0.27627617 0.00311628 0.00616655 0.00384540 0.19626224 0.00380650
15.90079504 1.87321930 0.00011222 0.00017067 0.00008490 0.00174901 0.48758696 0.01522069 0.27585575 0.00166879 0.01018783 0.00740050 0.19819879 0.00176388
16.00080004 1.87354733 0.00008395 0.00014197 0.00002017 0.00006067 0.48737637 0.01526281 0.27562233 0.00362584 0.01000652 0.00703344 0.19885281 0.00191311
16.10080504 1.87130768 0.00007520 0.00016006 0.00004902 0.00004146 0.48765397 0.01514129 0.27053259 0.00328940 0.01521042 0.00524654 0.19844296 0.00415708
16.20081004 1.87016673 0.00008706 0.00014618 0.00005591 0.00009566 0.49015665 0.01329642 0.26871017 0.00344689 0.01285333 0.00875411 0.19813368 0.00426394
16.30081504 1.87035266 0.00010928 0.00015005 0.00008509 0.00188587 0.49214798 0.01183907 0.27067998 0.00102078 0.01269066 0.00698445 0.20033134 0.00207546
16.40082004 1.86815840 0.00014425 0.00015587 0.00009199 0.00185592 0.49043188 0.01248892 0.27158151 0.00279873 0.01406090 0.00708067 0.19776983 0.00153952
16.50082504 1.86425265 0.00016899 0.00017448 0.00018484 0.00339867 0.48906041 0.01226488 0.26906710 0.00138311 0.01615894 0.00876728 0.19553907 0.00383225
16.60083004 1.86384178 0.00019736 0.00020293 0.00019296 0.00345210 0.48445664 0.01415590 0.26688873 0.00151502 0.02179356 0.00881273 0.19465814 0.00367394
16.70083504 1.86391914 0.00008981 0.00018640 0.00006203 0.00007080 0.48415726 0.01287689 0.26660869 0.00366598 0.02355917 0.00813818 0.19548848 0.00509631
16.80084004 1.86269736 0.00018843 0.00017537 0.00016427 0.00357874 0.48590999 0.01134263 0.26682762 0.00327673 0.02285388 0.00496840 0.19623315 0.00448082
16.90084504 1.86233022 0.00006572 0.00016838 0.00005035 0.00005831 0.48975586 0.01362337 0.26498749 0.00256830 0.02226730 0.00602625 0.19682096 0.00360771
17.00085004 1.86220791 0.00010109 0.00017820 0.00010230 0.00178904 0.49359057 0.01003606 0.26337435 0.00225072 0.02211073 0.00612087 0.19674615 0.00359993
17.10085504 1.86048588 0.00012899 0.00018284 0.00013057 0.00364711 0.49599628 0.00835937 0.25974749 0.00122851 0.02013634 0.00937458 0.19793705 0.00313086
17.20086004 1.85981029 0.00024583 0.00016301 0.00024905 0.00687804 0.49569544 0.00867239 0.25777723 0.00174941 0.01850613 0.01117188 0.19585819 0.00303339
17.30086504 1.85834882 0.00029107 0.00018380 0.00027019 0.00705126 0.49646246 0.01275790 0.25394258 0.00165144 0.01879599 0.00938264 0.19661516 0.00259550
17.40087004 1.85773099 0.00008853 0.00017419 0.00003683 0.00009451 0.50016982 0.01486804 0.25236368 0.00371224 0.01877264 0.01079755 0.19651967 0.00240229
17.50087504 1.85718601 0.00012938 0.00018518 0.00010080 0.00159379 0.50186780 0.01448872 0.25133299 0.00231544 0.02078277 0.00945291 0.19583125 0.00191895
17.60088004 1.85668989 0.00013060 0.00020295 0.00002055 0.00013122 0.50245410 0.01463123 0.25269473 0.00569771 0.01790835 0.00579549 0.19873987 0.00159321
17.70088504 1.85537988 0.00025926 0.00017018 0.00010293 0.00173929 0.50636555 0.01111960 0.25147200 0.00892704 0.01595751 0.00643506 0.19603476 0.00141682
17.80089004 1.85510465 0.00021862 0.00015370 0.00013402 0.00367732 0.50696494 0.01083544 0.25336256 0.00609546 0.01425821 0.00766378 0.19526059 0.00137537
17.90089504 1.85428210 0.00021338 0.00016212 0.00015039 0.00339441 0.50568075 0.01289951 0.25325200 0.00537156 0.01428238 0.00626916 0.19662276 0.00170159
18.00090005 1.85326261 0.00018528 0.00018485 0.00014336 0.00364562 0.50594982 0.01410964 0.25159612 0.00232611 0.01822972 0.00565596 0.19603950 0.00193404
18.10090505 1.85280843 0.00009395 0.00016124 0.00005634 0.00007993 0.50622781 0.01211171 0.25542835 0.00422265 0.01270668 0.00766531 0.19747592 0.00377011
18.20091005 1.85417210 0.00006268 0.00016289 0.00004023 0.00004862 0.51055603 0.01208608 0.25205440 0.00237449 0.01282076 0.00775492 0.19840592 0.00363298
18.30091505 1.85357949 0.00010239 0.00015071 0.00007462 0.00196852 0.51301200 0.01263861 0.25034765 0.00231778 0.01122068 0.00782239 0.19726896 0.00307569
18.40092005 1.85390626 0.00013434 0.00015837 0.00007969 0.00172150 0.51352267 0.01249587 0.25037416 0.00359046 0.01168254 0.00649616 0.19826225 0.00148199
18.50092505 1.85256423 0.00009035 0.00018476 0.00001734 0.00008777 0.51317073 0.01230922 0.24727356 0.00558274 0.01545528 0.00624097 0.19791568 0.00167161
18.60093005 1.85160266 0.00023077 0.00016092 0.00014362 0.00346419 0.51606405 0.01099693 0.24279550 0.00534809 0.01497216 0.00801622 0.19600737 0.00180019
18.70093505 1.85108542 0.00014774 0.00015764 0.00008544 0.00194862 0.51843171 0.01384161 0.24045280 0.00324776 0.01649112 0.00922522 0.19446672 0.00150362
18.80094005 1.85078550 0.00022133 0.00014122 0.00018142 0.00498307 0.52085281 0.01316807 0.23927462 0.00314703 0.01439559 0.00822441 0.19333577 0.00207468
18.90094505 1.85133171 0.00011242 0.00017588 0.00006954 0.00170502 0.52158613 0.01251034 0.24159884 0.00209397 0.01425406 0.00729180 0.19638509 0.00221690
19.00095005 1.84879161 0.00014132 0.00020640 0.00013726 0.00161445 0.51778980 0.01468941 0.23796601 0.00216925 0.01643619 0.00712276 0.19760159 0.00412555
19.10095505 1.84655718 0.00017643 0.00019701 0.00017069 0.00365030 0.52006824 0.01040102 0.24197644 0.00167204 0.01677566 0.00622343 0.19498264 0.00370610
19.20096005 1.84373325 0.00016782 0.00019357 0.00017508 0.00537505 0.51523540 0.01111200 0.24594842 0.00131671 0.01752922 0.00894077 0.19109339 0.00291256
19.30096505 1.84333859 0.00015429 0.00015413 0.00015706 0.00168867 0.51572964 0.01321533 0.24576711 0.00151486 0.01541368 0.01069107 0.19093543 0.00457873
19.40097005 1.84316608 0.00005810 0.00014158 0.00008471 0.00009456 0.51669644 0.01340349 0.24511572 0.00180699 0.01350051 0.01222737 0.19054575 0.00632477
19.50097505 1.84127148 0.00017118 0.00013754 0.00015789 0.00361573 0.51392265 0.01359449 0.24716525 0.00238121 0.00969674 0.01347559 0.19107781 0.00460391
19.60098005 1.84015832 0.00013832 0.00019561 0.00010748 0.00171342 0.51273074 0.01340946 0.24177843 0.00335432 0.01529024 0.01345525 0.19400497 0.00382175
19.70098505 1.84051225 0.00023782 0.00017086 0.00021134 0.00549203 0.51182443 0.01414828 0.24005677 0.00336869 0.01130368 0.01304940 0.19664426 0.00349244
19.80099005 1.83788799 0.00022675 0.00017600 0.00015999 0.00358677 0.51204139 0.01200954 0.24039198 0.00524297 0.01370616 0.01397647 0.19368446 0.00479751
19.90099505 1.83765613 0.00011140 0.00018150 0.00005879 0.00011271 0.51663694 0.01585419 0.24049296 0.00503772 0.01531455 0.00844288 0.19337405 0.00438230
20.00100005 1.83744906 0.00019859 0.00017633 0.00016349 0.00358645 0.51758556 0.01452247 0.23895710 0.00321633 0.01515215 0.01014004 0.19212886 0.00417263
20.10100505 1.83673363 0.00026975 0.00018983 0.00026209 0.00717959 0.51842876 0.01112370 0.23763164 0.00221042 0.01518072 0.00874784 0.19456905 0.00420661
20.20101005 1.83549284 0.00031476 0.00022154 0.00026382 0.00684915 0.52023770 0.00812247 0.23949710 0.00155643 0.01503491 0.00505129 0.20100876 0.00184209
20.30101505 1.83538382 0.00018572 0.00018208 0.00011024 0.00364285 0.52856925 0.00837670 0.24032313 0.00346616 0.01339715 0.00461894 0.19552839 0.00159940
20.40102005 1.83527144 0.00018998 0.00016105 0.00012122 0.00256793 0.53071728 0.00882794 0.24092438 0.00383928 0.01332791 0.00465540 0.19286937 0.00179825
20.50102505 1.83436542 0.00018748 0.00016270 0.00012330 0.00340851 0.53054973 0.00935684 0.24223538 0.00219576 0.01209744 0.00657512 0.19095475 0.00215300
20.60103005 1.83222922 0.00017071 0.00013940 0.00014506 0.00226723 0.52922171 0.01386121 0.23929954 0.00257026 0.01172197 0.00471637 0.18961739 0.00626916
20.70103505 1.83288530 0.00011820 0.00013795 0.00009335 0.00172631 0.52949946 0.01414950 0.24329268 0.00214510 0.00967829 0.00434745 0.19139162 0.00342009
20.80104005 1.83232952 0.00017870 0.00015779 0.00009766 0.00165538 0.52818979 0.01316408 0.24177810 0.00375386 0.01141761 0.00528422 0.19245671 0.00186611
20.90104505 1.83157698 0.00018172 0.00014735 0.00012845 0.00372221 0.52776021 0.01476952 0.23964762 0.00198127 0.01285900 0.00708693 0.18958582 0.00212991
21.00105005 1.83043911 0.00006909 0.00016202 0.00005239 0.00006282 0.52724846 0.01448317 0.23885413 0.00210668 0.01271591 0.00699009 0.19301949 0.00423576
21.10105505 1.82814045 0.00017631 0.00016106 0.00015882 0.00353192 0.52655793 0.01455847 0.23554634 0.00189628 0.01232008 0.00609633 0.19541460 0.00358187
21.20106005 1.82542176 0.00021270 0.00014783 0.00016467 0.00374956 0.52572920 0.01453416 0.23583882 0.00340425 0.01227489 0.00687401 0.19400925 0.00306065
21.30106505 1.82496722 0.00014454 0.00014390 0.00010677 0.00163969 0.52824943 0.01645571 0.23584826 0.00330365 0.01240641 0.00582436 0.19335201 0.00252528
21.40107005 1.82381771 0.00015540 0.00014485 0.00008792 0.00195374 0.53343723 0.01443252 0.23584774 0.00460593 0.01076180 0.00468777 0.19180837 0.00207672
21.50107505 1.82205583 0.00020982 0.00016318 0.00018126 0.00347430 0.53665279 0.01299701 0.23519146 0.00246543 0.01211218 0.00294615 0.18988039 0.00372603
21.60108005 1.82288465 0.00016624 0.00015632 0.00007676 0.00190085 0.53763902 0.01415570 0.23567513 0.00452910 0.01380666 0.00128318 0.18872287 0.00188817
21.70108505 1.82204774 0.00019298 0.00014000 0.00010430 0.00167041 0.54171081 0.01209937 0.23625573 0.00562986 0.01176232 0.00108679 0.18813114 0.00121629
21.80109005 1.82031454 0.00023186 0.00014475 0.00016124 0.00343439 0.54430043 0.01019170 0.23521803 0.00517992 0.01182021 0.00148733 0.18651659 0.00131356
21.90109505 1.81948853 0.00005938 0.00015559 0.00000965 0.00003536 0.54219712 0.01216031 0.23715255 0.00410800 0.01191011 0.00216895 0.18858464 0.00145836
22.00110006 1.81899297 0.00011281 0.00013606 0.00004433 0.00196562 0.54355798 0.01174007 0.23400654 0.00451479 0.01145641 0.00207611 0.18884302 0.00154627
22.10110506 1.81878660 0.00014968 0.00015213 0.00007876 0.00189411 0.54301891 0.01147965 0.23023712 0.00410356 0.01310338 0.00260950 0.19148846 0.00168474
22.20111006 1.81737868 0.00019515 0.00015788 0.00009043 0.00169467 0.54068150 0.01177799 0.22624546 0.00735541 0.01309621 0.00525738 0.19181895 0.00162897
22.30111506 1.81726314 0.00013378 0.00013227 0.00001622 0.00008712 0.54245075 0.00986795 0.22796641 0.00712254 0.01251788 0.00717947 0.19093268 0.00159292
22.40112006 1.81531511 0.00013916 0.00013231 0.00012047 0.00187296 0.54132793 0.01007660 0.22784447 0.00396209 0.01093681 0.01026873 0.18975848 0.00355999
22.50112506 1.81499123 0.00008512 0.00011877 0.00004215 0.00008204 0.54299424 0.01187085 0.22769045 0.00500729 0.00911340 0.00925282 0.19008314 0.00365972
22.60113006 1.81477954 0.00011367 0.00011874 0.00009594 0.00180714 0.54321693 0.01039425 0.22962325 0.00294794 0.00890253 0.00945454 0.19013855 0.00318652
22.70113506 1.81442846 0.00014646 0.00011597 0.00010436 0.00162358 0.54301487 0.00994276 0.23149682 0.00308255 0.00885379 0.00913517 0.19051855 0.00196511
22.80114006 1.81379375 0.00013070 0.00013134 0.00008483 0.00186498 0.54220708 0.00992857 0.23256588 0.00297867 0.00919157 0.00902671 0.18990413 0.00198554
22.90114506 1.81119660 0.00012932 0.00013622 0.00012055 0.00196564 0.54017886 0.01192827 0.23170615 0.00230975 0.00932031 0.00964339 0.18865846 0.00390307
23.00115006 1.80997638 0.00006879 0.00013813 0.00004344 0.00006419 0.54064605 0.01229888 0.23181404 0.00244879 0.00900212 0.00929344 0.19039966 0.00378247
23.10115506 1.80781805 0.00022363 0.00010782 0.00015826 0.00360189 0.53559782 0.01324990 0.22986440 0.00466440 0.00865685 0.01272582 0.18777311 0.00337610
23.20116006 1.80711126 0.00017341 0.00012676 0.00010194 0.00187760 0.53779993 0.01562621 0.22801891 0.00437175 0.01040063 0.01085528 0.18765377 0.00299381
23.30116506 1.80676938 0.00009647 0.00013661 0.00002701 0.00005605 0.53737150 0.01929414 0.22620992 0.00300580 0.01038236 0.01130622 0.18989961 0.00221431
23.40117006 1.80648856 0.00011303 0.00013773 0.00001837 0.00005332 0.54290789 0.01527979 0.22592682 0.00456883 0.00853512 0.00809183 0.19249244 0.00187483
23.50117506 1.80402212 0.00016497 0.00016870 0.00007476 0.00182145 0.54420993 0.01040479 0.22363030 0.00441573 0.00858774 0.00953609 0.19540333 0.00158221
23.60118006 1.80217615 0.00015273 0.00018881 0.00004145 0.00205354 0.54189456 0.01072328 0.22059605 0.00470836 0.00928154 0.01069523 0.19803903 0.00162542
23.70118506 1.80207917 0.00012022 0.00017258 0.00004322 0.00200042 0.54582257 0.01021645 0.22039762 0.00383738 0.00792128 0.01012797 0.19768595 0.00165433
23.80119006 1.80238052 0.00017283 0.00014196 0.00012289 0.00356621 0.54909048 0.01151833 0.21872489 0.00334233 0.00849946 0.00941579 0.19354321 0.00186162
23.90119506 1.80111734 0.00006857 0.00013704 0.00005659 0.00006007 0.55466444 0.00819208 0.21756845 0.00303925 0.00863809 0.01119055 0.19299198 0.00339290
24.00120006 1.80056959 0.00005875 0.00014931 0.00003878 0.00004133 0.55204547 0.00790580 0.21779991 0.00267633 0.01191355 0.01018509 0.19409176 0.00309392
24.10120506 1.79855929 0.00014779 0.00013781 0.00012658 0.00366392 0.54751688 0.00802647 0.21653418 0.00431685 0.01337479 0.00901158 0.19243634 0.00470681
24.20121006 1.79755732 0.00014826 0.00015006 0.00016208 0.00164508 0.54744454 0.00699799 0.21687767 0.00412212 0.01667809 0.00712869 0.19284965 0.00579579
24.30121506 1.79572818 0.00014510 0.00015346 0.00022743 0.00352684 0.54993245 0.00820801 0.21581414 0.00091270 0.01604142 0.00376510 0.19405852 0.00721483
24.40122006 1.79592290 0.00018983 0.00016990 0.00017330 0.00372308 0.54999881 0.00757990 0.21822718 0.00226409 0.01592440 0.00336500 0.19567971 0.00270482
24.50122506 1.79458568 0.00020655 0.00015980 0.00017129 0.00369377 0.54986046 0.00804701 0.21807675 0.00415375 0.01285020 0.00295486 0.19705280 0.00277277
24.60123006 1.79216594 0.00006288 0.00020204 0.00003794 0.00007133 0.54689839 0.00989035 0.21930272 0.00254133 0.01517977 0.00272601 0.20041708 0.00267016
24.70123506 1.79170603 0.00009853 0.00016177 0.00011169 0.00174506 0.54616473 0.01005570 0.22136637 0.00252254 0.01317844 0.00303922 0.19712869 0.00442726
24.80124006 1.78845423 0.00018477 0.00016948 0.00015929 0.00352398 0.54297531 0.00803904 0.22166908 0.00416473 0.01354450 0.00471147 0.19764163 0.00321672
24.90124506 1.78736312 0.00020311 0.00015494 0.00019313 0.00349252 0.54723188 0.00798078 0.22348277 0.00106263 0.01021540 0.00802329 0.19491502 0.00304454
25.00125006 1.78629270 0.00018300 0.00013834 0.00016241 0.00350865 0.54559803 0.00837725 0.22481783 0.00113004 0.00676569 0.01107774 0.19668011 0.00156091
25.10125506 1.78604799 0.00003404 0.00014245 0.00001381 0.00002167 0.54741261 0.00973399 0.22439712 0.00108040 0.00677408 0.00924353 0.19927374 0.00187257
25.20126006 1.78578062 0.00003077 0.00013030 0.00001516 0.00001771 0.54993247 0.00965802 0.22376891 0.00112565 0.00672478 0.00731845 0.19944354 0.00183423
25.30126506 1.78410858 0.00003816 0.00012501 0.00002381 0.00002036 0.55255012 0.01192937 0.22194647 0.00132459 0.00632536 0.00700691 0.19705304 0.00165681
25.40127006 1.78350018 0.00013521 0.00011761 0.00010574 0.00164655 0.55190382 0.01158416 0.22219359 0.00143102 0.00629726 0.00538125 0.19748771 0.00171607
25.50127506 1.78343429 0.00015407 0.00010782 0.00016440 0.00333017 0.55144188 0.00976072 0.22013879 0.00158499 0.00628850 0.00530957 0.19802300 0.00369609
25.60128006 1.78247345 0.00007427 0.00011566 0.00009313 0.00119223 0.54953340 0.01054593 0.22183005 0.00178116 0.00446987 0.00706354 0.20005103 0.00324974
25.70128506 1.78287914 0.00013836 0.00011252 0.00013018 0.00412055 0.54971405 0.01119126 0.21928571 0.00174911 0.00426768 0.00772941 0.19862004 0.00294113
