0.00000000 1.00000000 0.00000000 0.00000000 0.00000000 0.00000000 0.00000000 0.00000000 0.00000000 1.00000000 0.00000000 0.00000000 0.00000000 0.00000000
0.10000500 1.00160397 0.01720624 0.00079351 0.00505601 0.09812326 0.10687372 0.13844564 0.01627176 0.48579914 0.04485727 0.05881983 0.00720374 0.02054987
0.20001000 1.00214731 0.00685579 0.00098571 0.00346827 0.04623651 0.15107257 0.20976345 0.04705138 0.28430285 0.06506030 0.11313714 0.03183004 0.04023599
0.30001500 1.00236343 0.00364898 0.00079588 0.00181104 0.02013451 0.17217381 0.22484643 0.07370747 0.19814594 0.07272049 0.14664141 0.04260235 0.04277170
0.40002000 1.00276282 0.00324704 0.00072069 0.00162961 0.01907922 0.18699481 0.21117670 0.08393745 0.15306365 0.08071024 0.16731719 0.04963682 0.04248659
0.50002500 1.00317306 0.00377603 0.00066283 0.00183661 0.02601327 0.19875757 0.18860671 0.09072565 0.13635975 0.08967809 0.17703106 0.04617586 0.04037658
0.60003000 1.00316652 0.00371681 0.00074338 0.00179282 0.02391329 0.21897127 0.17202703 0.09549255 0.11847301 0.09542319 0.17430326 0.05336961 0.04177378
0.70003500 1.00302994 0.00329734 0.00074756 0.00171324 0.02433856 0.22890448 0.14995063 0.10120986 0.10269081 0.09159059 0.18945628 0.06554752 0.04055315
0.80004000 1.00263700 0.00283561 0.00065548 0.00176727 0.02314251 0.24564057 0.14516411 0.11104291 0.08497014 0.09505842 0.17477623 0.06960264 0.04534413
0.90004500 1.00285154 0.00251133 0.00069779 0.00174748 0.01959945 0.24725911 0.15753529 0.11822639 0.06709109 0.09384382 0.16326944 0.08197289 0.04624593
1.00005000 1.00244989 0.00252233 0.00057888 0.00174749 0.02119486 0.24826044 0.15697900 0.12907684 0.06810328 0.08764630 0.15481747 0.08243754 0.04663558
1.10005500 1.00224546 0.00280261 0.00060649 0.00213017 0.03062250 0.25781113 0.14766231 0.13820852 0.06093871 0.08572084 0.13756608 0.08565301 0.05027761
1.20006000 1.00152335 0.00259984 0.00058722 0.00207928 0.02148356 0.26571380 0.15206921 0.14495441 0.06221917 0.08347955 0.12452918 0.08726502 0.05301977
1.30006500 1.00145919 0.00197235 0.00057398 0.00160700 0.01371866 0.27686772 0.16681085 0.15733222 0.04930128 0.07429476 0.11290923 0.09293132 0.05168062
1.40007000 1.00161993 0.00195606 0.00054902 0.00133651 0.01589300 0.29057894 0.16600130 0.15872371 0.04912955 0.06895856 0.10797215 0.09718977 0.04171143
1.50007500 1.00118546 0.00202223 0.00060755 0.00119067 0.01452414 0.30044734 0.16076387 0.16387528 0.05093872 0.07375567 0.09171793 0.10331416 0.03684244
1.60008000 1.00146774 0.00169193 0.00066690 0.00099657 0.01416388 0.31262841 0.15606450 0.16585358 0.04179667 0.07768509 0.07957229 0.11316601 0.03571416
1.70008500 1.00024113 0.00179481 0.00058852 0.00082346 0.00724499 0.31489238 0.15623573 0.17207111 0.05010120 0.08284284 0.06948342 0.10960515 0.03431638
1.80009000 0.99987600 0.00243107 0.00054398 0.00150571 0.02402131 0.31738823 0.15517011 0.17176362 0.04504544 0.08277534 0.06177254 0.10752883 0.03005382
1.90009500 0.99830223 0.00205191 0.00064398 0.00088315 0.00892972 0.32176365 0.13921957 0.19135100 0.05854229 0.07811899 0.05439575 0.11412237 0.02997761
2.00010001 0.99889210 0.00218043 0.00055316 0.00135637 0.01770993 0.33366573 0.13203632 0.19497835 0.04601320 0.06729332 0.05755317 0.11750944 0.02915057
2.10010501 0.99889453 0.00166884 0.00048098 0.00093789 0.01246345 0.34134925 0.14349820 0.19838053 0.03866055 0.06110114 0.05738958 0.11668809 0.02738149
2.20011001 0.99858025 0.00157301 0.00047002 0.00096765 0.01403159 0.33651147 0.13890806 0.20354725 0.03438586 0.05252434 0.06719589 0.12094693 0.02893793
2.30011501 0.99836218 0.00157601 0.00047939 0.00078804 0.00820139 0.33542230 0.13141250 0.21499255 0.03911099 0.05507613 0.06318270 0.12202963 0.02772838
2.40012001 0.99819544 0.00118046 0.00053565 0.00061855 0.00668355 0.33740271 0.13351793 0.21812643 0.02825067 0.06666842 0.05686903 0.12326678 0.02687982
2.50012501 0.99701285 0.00109233 0.00044382 0.00064429 0.00891099 0.34280821 0.12909169 0.21794457 0.02642380 0.06259137 0.05764752 0.12421202 0.02818938
2.60013001 0.99730043 0.00125781 0.00040049 0.00087924 0.01622434 0.34453266 0.12320706 0.22139548 0.02494004 0.05956884 0.05128953 0.12610253 0.03020198
2.70013501 0.99692533 0.00126026 0.00039428 0.00079131 0.00801457 0.34547831 0.12463156 0.22454779 0.02529586 0.05526357 0.05320442 0.13231605 0.02880202
2.80014001 0.99736054 0.00148548 0.00036256 0.00107866 0.01272234 0.35226023 0.12091668 0.22787580 0.02133662 0.05617308 0.04177204 0.13332833 0.03068817
2.90014501 0.99660458 0.00110816 0.00038243 0.00047296 0.00640375 0.35603858 0.12030486 0.23443250 0.02215557 0.05772144 0.03856569 0.13742505 0.02498899
3.00015001 0.99581888 0.00137681 0.00042866 0.00087621 0.01278662 0.36071269 0.11712315 0.23207919 0.02169899 0.05339550 0.03349116 0.14138397 0.02464707
3.10015501 0.99574562 0.00111495 0.00041588 0.00075224 0.00886319 0.36461668 0.12003132 0.23162091 0.01736986 0.05161638 0.03256733 0.14573015 0.02530111
3.20016001 0.99523673 0.00117795 0.00039215 0.00073780 0.00971309 0.36953497 0.11833920 0.23189340 0.01852960 0.04665145 0.03438785 0.14752804 0.02111450
3.30016501 0.99446436 0.00091397 0.00037701 0.00040328 0.00339519 0.36550422 0.11604190 0.23295378 0.02390976 0.05041504 0.03673154 0.14674994 0.02260435
3.40017001 0.99262390 0.00084762 0.00048437 0.00040283 0.00382313 0.37404988 0.10829232 0.23762695 0.01842232 0.04979435 0.03459464 0.15004444 0.02161714
3.50017501 0.99233698 0.00106795 0.00036427 0.00064338 0.01074409 0.37807058 0.09897990 0.24210006 0.01825517 0.04306850 0.03403713 0.15039660 0.02227237
3.60018001 0.98980332 0.00167244 0.00035096 0.00113639 0.01689933 0.38476090 0.08700522 0.23759235 0.02088194 0.04125561 0.03506934 0.15204019 0.02133534
3.70018501 0.98819370 0.00101208 0.00036485 0.00062535 0.00582929 0.38696865 0.08771248 0.23822374 0.02334492 0.04072587 0.03472274 0.15771690 0.02275314
3.80019001 0.98680610 0.00075214 0.00035285 0.00033493 0.00504823 0.38953976 0.08381734 0.24247828 0.01876883 0.04097262 0.03895535 0.16065649 0.01832317
3.90019501 0.98538936 0.00092169 0.00035438 0.00050259 0.00737483 0.39248631 0.08193485 0.24151321 0.01907468 0.03952429 0.03961984 0.16012181 0.01657152
4.00020001 0.98542346 0.00079748 0.00029059 0.00021849 0.00262061 0.39064939 0.07853842 0.24413302 0.02717744 0.03854949 0.03584785 0.16437750 0.01679971
4.10020501 0.98586422 0.00091096 0.00029627 0.00049430 0.00657241 0.39668277 0.07363976 0.24825908 0.02086474 0.03492523 0.03505768 0.16583664 0.01646016
4.20021001 0.98356622 0.00107947 0.00028879 0.00068537 0.01208194 0.39541889 0.07109299 0.24534581 0.02255738 0.03808118 0.03090524 0.16686533 0.01559761
4.30021501 0.98317224 0.00092056 0.00031020 0.00057954 0.00581077 0.40106295 0.06653613 0.24494795 0.02383261 0.04078866 0.02879156 0.16689024 0.01952882
4.40022001 0.98296899 0.00080188 0.00034321 0.00052334 0.00727328 0.40300791 0.06514372 0.24393656 0.01925034 0.03690418 0.03221773 0.17380814 0.01678971
4.50022501 0.98118957 0.00080489 0.00032673 0.00042980 0.00590719 0.40107765 0.06287828 0.24758517 0.02226753 0.04039033 0.02721624 0.17462012 0.01649608
4.60023001 0.98001429 0.00117618 0.00031452 0.00094403 0.01401579 0.39694982 0.06232750 0.24618027 0.01729516 0.04131084 0.02682143 0.17724455 0.01541990
4.70023501 0.97824607 0.00082122 0.00030013 0.00089550 0.00697267 0.40057620 0.06764336 0.24628527 0.01453115 0.03447055 0.02474111 0.18036785 0.02239500
4.80024001 0.97840116 0.00068437 0.00030712 0.00060861 0.00824475 0.40359898 0.06794865 0.25406953 0.01268552 0.03480484 0.02355573 0.17721953 0.01627238
4.90024501 0.97608581 0.00062250 0.00033254 0.00044624 0.00519080 0.41077407 0.07482978 0.24990671 0.01090437 0.03196191 0.02258258 0.17902476 0.01342373
5.00025001 0.97500528 0.00083958 0.00029339 0.00069279 0.00985418 0.40600584 0.07222628 0.25118183 0.00972107 0.03137110 0.02212030 0.18114785 0.01454581
5.10025501 0.97477994 0.00049191 0.00028392 0.00037083 0.00168592 0.41262164 0.07072068 0.25441737 0.01038731 0.02947789 0.02312781 0.17919918 0.01721554
5.20026001 0.97343232 0.00075628 0.00028068 0.00059545 0.00708808 0.41168425 0.06802659 0.25230196 0.00936135 0.03135521 0.02444232 0.17837791 0.01572992
5.30026501 0.97195331 0.00054855 0.00030693 0.00029145 0.00501508 0.41293494 0.06322675 0.25575795 0.01019457 0.03092527 0.02254368 0.18407490 0.01417991
5.40027001 0.97214116 0.00039603 0.00031118 0.00030041 0.00206213 0.41951264 0.05652356 0.25481191 0.00829033 0.03128960 0.02521374 0.18407466 0.01721379
5.50027501 0.97113825 0.00031548 0.00030546 0.00019223 0.00024796 0.42399050 0.05929744 0.25154722 0.00903667 0.03325413 0.02264041 0.18490269 0.01426980
5.60028001 0.97097562 0.00031975 0.00027830 0.00029065 0.00033876 0.42303600 0.05452294 0.25541312 0.00980261 0.03239458 0.01819363 0.18887800 0.01653166
5.70028501 0.97080640 0.00026735 0.00024852 0.00017672 0.00223339 0.42384336 0.05821157 0.25916015 0.00643567 0.03100676 0.01617600 0.18774121 0.01449929
5.80029001 0.97006353 0.00047171 0.00027928 0.00034737 0.00572722 0.43205684 0.05561293 0.25220359 0.00597609 0.03071519 0.01871546 0.18674510 0.01114922
5.90029501 0.96985734 0.00056598 0.00023755 0.00043749 0.00833692 0.43706283 0.04690832 0.25169088 0.00638214 0.02709140 0.02202120 0.18791733 0.01134795
6.00030002 0.96927098 0.00030956 0.00025779 0.00014104 0.00032976 0.43815335 0.04967718 0.25010586 0.00809392 0.02899178 0.02196499 0.19049122 0.01148354
6.10030502 0.96904644 0.00042312 0.00025559 0.00021159 0.00195648 0.44150389 0.04859570 0.24843159 0.00904204 0.03068114 0.01732437 0.19112780 0.01044669
6.20031002 0.96869267 0.00023890 0.00023752 0.00006717 0.00016152 0.44859157 0.04818933 0.25472381 0.00827153 0.02360078 0.01413198 0.19284632 0.00893957
6.30031502 0.96798744 0.00028285 0.00022576 0.00007881 0.00029980 0.44830898 0.04383597 0.25285555 0.00791723 0.02531961 0.01905369 0.19329009 0.00853165
6.40032002 0.96800745 0.00037789 0.00019416 0.00019202 0.00345170 0.44602966 0.04331137 0.25254398 0.00801692 0.02342402 0.01994473 0.19380818 0.00870536
6.50032502 0.96755147 0.00023504 0.00020871 0.00015251 0.00019375 0.44792871 0.03875049 0.25627039 0.00706975 0.02518273 0.01824652 0.19440946 0.01135193
6.60033002 0.96738093 0.00038721 0.00025111 0.00022355 0.00345514 0.45051313 0.03113558 0.25685783 0.00870684 0.02772556 0.01756472 0.19465236 0.00852698
6.70033502 0.96638847 0.00027241 0.00024517 0.00007833 0.00021305 0.44946312 0.03259423 0.25857507 0.00943470 0.02868096 0.01623249 0.19703568 0.00717479
6.80034002 0.96590771 0.00035156 0.00027155 0.00021514 0.00396940 0.45352501 0.02696974 0.25670543 0.00931242 0.02887084 0.01354576 0.19862717 0.00763598
6.90034502 0.96495053 0.00030998 0.00023071 0.00012016 0.00404293 0.45811391 0.02412553 0.25859708 0.01016687 0.02680068 0.01484330 0.19825761 0.00439123
7.00035002 0.96532093 0.00034028 0.00021787 0.00016339 0.00160463 0.46107532 0.02616523 0.25997398 0.00998307 0.02491262 0.01153326 0.19782021 0.00621013
7.10035502 0.96459815 0.00024247 0.00023703 0.00020650 0.00152355 0.46135105 0.02751038 0.26352044 0.00626853 0.02479692 0.00906852 0.19809456 0.00718004
7.20036002 0.96307977 0.00030590 0.00022739 0.00011021 0.00212052 0.45968169 0.02822053 0.26146123 0.00983737 0.02196815 0.01116793 0.19866155 0.00623754
7.30036502 0.96196692 0.00071751 0.00017249 0.00054951 0.00787158 0.46354919 0.02538366 0.25966827 0.01135574 0.01837829 0.01067084 0.19623175 0.00545116
7.40037002 0.96298054 0.00044651 0.00020104 0.00025788 0.00521952 0.46321689 0.02523078 0.25905514 0.01072553 0.01984976 0.01105433 0.19767716 0.00706545
7.50037502 0.96228672 0.00019482 0.00021535 0.00008150 0.00210989 0.46217129 0.02803973 0.26507537 0.00685122 0.01808947 0.01051642 0.20044852 0.00620642
7.60038002 0.96136941 0.00019242 0.00021782 0.00007425 0.00209250 0.46783713 0.02589808 0.26275665 0.00708530 0.01822409 0.01108892 0.19896431 0.00556852
7.70038502 0.96079049 0.00039112 0.00020606 0.00020417 0.00381040 0.46820299 0.02484789 0.26148310 0.00881180 0.02036474 0.00914643 0.19774311 0.00478818
7.80039002 0.96011382 0.00058892 0.00017996 0.00052283 0.01027594 0.46700975 0.02184987 0.26484049 0.00466938 0.01819094 0.01126803 0.19577885 0.00482504
7.90039502 0.95890862 0.00052919 0.00020838 0.00046273 0.00549340 0.47016738 0.02151080 0.26680447 0.00431947 0.01998809 0.00905780 0.19483167 0.00662662
8.00040002 0.95823519 0.00056843 0.00017832 0.00037816 0.00464713 0.47308529 0.02201850 0.26705491 0.00945805 0.01330330 0.01034604 0.19237818 0.00658369
8.10040502 0.95683948 0.00037285 0.00019532 0.00026242 0.00323561 0.47239883 0.02439808 0.26665315 0.00801885 0.01679562 0.00798561 0.19395707 0.00572659
8.20041002 0.95712931 0.00043070 0.00013672 0.00031860 0.00523397 0.47312810 0.02669833 0.26837317 0.00708949 0.01250240 0.00878283 0.19185961 0.00544610
8.30041502 0.95614724 0.00030095 0.00013543 0.00016364 0.00144469 0.47441243 0.02936244 0.26800040 0.00845194 0.01233075 0.00934773 0.19112098 0.00492860
8.40042002 0.95543802 0.00031058 0.00016287 0.00021922 0.00291014 0.47871837 0.02476400 0.26993856 0.00627690 0.01098378 0.01101433 0.19019642 0.00450485
8.50042502 0.95504392 0.00014958 0.00020119 0.00015640 0.00206590 0.48106834 0.02509486 0.26800839 0.00358416 0.01262848 0.00577296 0.19409359 0.00717615
8.60043002 0.95407805 0.00028499 0.00018141 0.00028478 0.00333566 0.48333676 0.02012855 0.26973513 0.00440041 0.01093417 0.00368638 0.19581254 0.00787923
8.70043502 0.95381931 0.00025404 0.00016668 0.00022782 0.00145039 0.48756425 0.01894726 0.27158647 0.00377078 0.00970176 0.00480774 0.19498083 0.00654198
8.80044002 0.95378580 0.00030263 0.00014889 0.00026033 0.00327678 0.48799392 0.01800448 0.27171220 0.00452180 0.01004205 0.00527635 0.19410294 0.00435762
8.90044502 0.95373199 0.00017757 0.00014635 0.00014584 0.00142221 0.48935412 0.01982528 0.27185274 0.00376339 0.01011847 0.00761213 0.19252833 0.00305357
9.00045002 0.95359415 0.00013204 0.00013171 0.00003484 0.00012789 0.49009618 0.01947312 0.27218117 0.00512741 0.00999796 0.00782245 0.19159299 0.00328224
9.10045502 0.95281837 0.00013758 0.00013381 0.00002888 0.00012663 0.49271665 0.01957278 0.27115203 0.00487438 0.00972583 0.00593120 0.19227168 0.00332854
9.20046002 0.95108622 0.00027503 0.00015073 0.00020755 0.00296311 0.49237634 0.01633462 0.27288172 0.00456825 0.01150075 0.00630596 0.18909045 0.00334549
9.30046502 0.95083803 0.00020390 0.00013728 0.00009934 0.00149651 0.49506302 0.01592693 0.27258047 0.00489648 0.01117964 0.00592414 0.18903959 0.00345271
9.40047002 0.94830993 0.00035948 0.00014421 0.00029095 0.00540873 0.49414688 0.01328619 0.27548291 0.00380465 0.01090809 0.00598320 0.18731790 0.00286681
9.50047502 0.94603489 0.00033355 0.00016338 0.00014005 0.00154559 0.49363857 0.01342418 0.27351239 0.00728103 0.01268185 0.00633992 0.18800381 0.00293568
9.60048002 0.94417210 0.00017078 0.00018566 0.00008464 0.00046677 0.49244243 0.01517585 0.27059897 0.00478142 0.01631837 0.01003550 0.18645457 0.00328505
9.70048502 0.94405456 0.00015830 0.00016345 0.00010728 0.00150113 0.49242459 0.01667811 0.27200408 0.00303447 0.01581541 0.00929652 0.18559248 0.00322419
9.80049002 0.94347825 0.00016396 0.00015125 0.00009790 0.00191128 0.49502784 0.01646248 0.27031325 0.00310661 0.01538065 0.00894281 0.18512702 0.00331496
9.90049502 0.94315810 0.00009488 0.00014684 0.00007773 0.00009551 0.49749002 0.01500936 0.27192363 0.00317648 0.01343855 0.00855064 0.18500095 0.00499540
10.00050003 0.94144676 0.00020648 0.00015024 0.00018082 0.00178084 0.49947745 0.01693878 0.26706392 0.00290816 0.01333710 0.00682367 0.18397130 0.00716125
10.10050503 0.94099078 0.00025617 0.00016034 0.00013368 0.00187301 0.49776060 0.02130456 0.26507069 0.00477681 0.01335717 0.00643929 0.18565121 0.00321648
10.20051003 0.94095810 0.00022556 0.00018169 0.00002287 0.00018287 0.50001028 0.01773207 0.26540339 0.00770731 0.01358873 0.00504660 0.18681591 0.00308272
10.30051503 0.94060560 0.00012777 0.00015765 0.00003059 0.00007656 0.50228861 0.01587827 0.26544926 0.00778309 0.01355885 0.00510934 0.18454564 0.00499437
10.40052003 0.94066146 0.00026664 0.00014273 0.00013916 0.00173066 0.50252454 0.01594309 0.26616908 0.00749728 0.01191678 0.00554241 0.18324686 0.00488076
10.50052503 0.94031646 0.00010223 0.00014354 0.00005100 0.00009006 0.50684517 0.01656895 0.26664479 0.00440349 0.01185847 0.00695295 0.18250804 0.00383131
10.60053003 0.94029521 0.00015173 0.00013658 0.00009690 0.00153730 0.50904295 0.01547525 0.26465266 0.00307406 0.01175994 0.00864363 0.18240788 0.00302113
10.70053503 0.94018082 0.00010089 0.00015250 0.00003803 0.00005353 0.50723560 0.01778110 0.26629069 0.00285163 0.01200659 0.00844238 0.18231463 0.00273244
10.80054003 0.93973872 0.00014881 0.00014987 0.00002282 0.00005982 0.50898645 0.01584923 0.26770537 0.00507394 0.01011126 0.00804133 0.18104704 0.00280404
10.90054503 0.93781847 0.00010050 0.00015815 0.00007399 0.00011019 0.50984873 0.01395549 0.26745205 0.00329231 0.01188034 0.00781330 0.18066072 0.00465422
11.00055003 0.93686159 0.00010244 0.00013814 0.00002430 0.00005863 0.51092931 0.01570298 0.26702235 0.00328324 0.01167098 0.00779826 0.18023922 0.00303016
11.10055503 0.93678446 0.00014569 0.00012351 0.00002536 0.00013674 0.51067765 0.01424637 0.26725271 0.00486461 0.01141435 0.00766315 0.18053178 0.00291808
11.20056003 0.93633260 0.00009120 0.00012916 0.00011602 0.00011383 0.51195961 0.01641402 0.26499159 0.00260307 0.00860999 0.00628078 0.18230964 0.00638108
11.30056503 0.93643789 0.00008907 0.00014285 0.00012344 0.00012855 0.51160285 0.01639311 0.26496619 0.00250815 0.00856022 0.00461719 0.18472789 0.00614049
11.40057003 0.93697825 0.00010977 0.00013964 0.00005650 0.00009173 0.51058589 0.01664610 0.26469513 0.00279173 0.00867739 0.00829244 0.18390194 0.00401173
11.50057503 0.93572065 0.00030144 0.00012477 0.00027522 0.00295034 0.50786245 0.01582714 0.26584913 0.00348329 0.00871185 0.00757026 0.18145180 0.00559230
11.60058003 0.93511455 0.00029055 0.00013886 0.00021488 0.00398609 0.50433028 0.01276062 0.26959429 0.00530522 0.01056536 0.00565832 0.18137121 0.00578431
11.70058503 0.93384000 0.00018594 0.00019423 0.00015447 0.00170119 0.50374518 0.01546965 0.26904780 0.00323671 0.01620798 0.00576525 0.18080480 0.00348678
11.80059003 0.93264582 0.00033787 0.00012952 0.00025609 0.00349557 0.50400529 0.01560302 0.26792712 0.00345247 0.01200165 0.00841222 0.17993642 0.00444276
11.90059503 0.93263435 0.00016014 0.00014790 0.00012454 0.00195007 0.50586787 0.01589800 0.26635052 0.00345141 0.01182534 0.00809781 0.18180837 0.00431804
12.00060003 0.93283948 0.00015119 0.00013040 0.00016861 0.00390350 0.50567002 0.01575086 0.26828972 0.00207344 0.01005184 0.00604692 0.18185801 0.00590548
12.10060503 0.93172113 0.00021801 0.00015920 0.00012416 0.00027289 0.50593319 0.01408447 0.26670178 0.00729469 0.01007269 0.00514170 0.18313314 0.00686409
12.20061003 0.92956715 0.00025145 0.00014772 0.00015500 0.00198936 0.50426569 0.01741108 0.26593368 0.00587026 0.00692659 0.01047117 0.18272631 0.00385167
12.30061503 0.92962891 0.00028457 0.00014510 0.00026486 0.00338062 0.50976733 0.01466916 0.26598845 0.00431557 0.00419510 0.01075837 0.18190401 0.00432684
12.40062003 0.92999758 0.00015964 0.00012191 0.00004347 0.00013617 0.51300827 0.01645378 0.26377472 0.00499514 0.00411787 0.01361093 0.18097724 0.00260088
12.50062503 0.93094289 0.00024708 0.00010907 0.00016735 0.00183806 0.51215395 0.01540944 0.26403790 0.00545528 0.00422595 0.00985923 0.18147313 0.00502356
12.60063003 0.93099249 0.00025641 0.00009920 0.00016712 0.00181254 0.50939802 0.01732573 0.26401430 0.00565631 0.00410583 0.00984222 0.18238265 0.00493966
12.70063503 0.93003771 0.00022739 0.00010663 0.00014056 0.00150736 0.51349326 0.01804665 0.26064478 0.00563149 0.00385177 0.01007319 0.18190357 0.00437336
12.80064003 0.92815187 0.00018437 0.00013678 0.00012336 0.00192400 0.51255974 0.02012639 0.25723861 0.00376613 0.00760150 0.00996063 0.18246337 0.00391512
12.90064503 0.92784300 0.00010282 0.00011837 0.00008586 0.00010163 0.51142456 0.01672504 0.25911591 0.00319960 0.00899804 0.01052791 0.18434312 0.00525715
13.00065003 0.92732402 0.00017682 0.00011972 0.00009133 0.00201376 0.51402754 0.01659981 0.25644756 0.00472391 0.00685762 0.00920875 0.18454757 0.00518563
13.10065503 0.92701152 0.00023393 0.00013247 0.00016294 0.00146382 0.51278712 0.01855557 0.25491001 0.00439265 0.00723085 0.01041791 0.18493955 0.00477317
13.20066003 0.92684239 0.00026138 0.00013596 0.00019504 0.00370632 0.51397485 0.01773880 0.25658197 0.00309201 0.00715176 0.00554702 0.18815547 0.00345944
13.30066503 0.92677493 0.00023977 0.00015729 0.00018233 0.00365116 0.51129169 0.01532822 0.25873981 0.00280674 0.00886618 0.00481903 0.19094503 0.00297276
13.40067003 0.92723655 0.00009804 0.00016513 0.00003273 0.00009241 0.51060660 0.01604816 0.26012699 0.00276807 0.01078414 0.00627207 0.19031715 0.00268853
13.50067503 0.92692629 0.00009753 0.00014376 0.00003019 0.00008629 0.51096419 0.01630752 0.25921921 0.00227372 0.01220200 0.00664622 0.18947083 0.00255854
13.60068003 0.92669842 0.00011046 0.00014294 0.00002762 0.00009711 0.51037158 0.01595383 0.25671081 0.00265880 0.00993793 0.00822436 0.19283674 0.00292782
13.70068503 0.92612203 0.00009202 0.00014403 0.00002030 0.00005332 0.51189855 0.01662304 0.25603018 0.00214791 0.01015397 0.00585854 0.19377326 0.00320488
13.80069003 0.92577021 0.00014802 0.00012449 0.00008979 0.00149763 0.51157157 0.01485482 0.25565073 0.00228362 0.01007518 0.00579154 0.19457804 0.00333458
13.90069503 0.92444320 0.00006982 0.00015860 0.00001810 0.00004677 0.51166065 0.01320490 0.25778571 0.00189905 0.01009575 0.00570632 0.19629929 0.00305504
14.00070004 0.92310096 0.00006281 0.00014114 0.00006634 0.00009931 0.50955524 0.01187234 0.26158457 0.00175343 0.00876914 0.00550837 0.19594991 0.00463740
14.10070504 0.92272589 0.00005731 0.00015046 0.00001779 0.00004442 0.50897471 0.01080266 0.26353421 0.00167203 0.00915507 0.00495933 0.19818555 0.00244647
14.20071004 0.92249053 0.00005837 0.00014521 0.00006961 0.00007787 0.50826752 0.01057953 0.26385815 0.00153892 0.00946143 0.00368882 0.19826769 0.00398687
14.30071504 0.92139384 0.00012172 0.00018058 0.00014543 0.00196648 0.50564913 0.01100166 0.25956155 0.00162110 0.00953780 0.00376216 0.20107095 0.00538145
14.40072004 0.92107149 0.00007534 0.00014624 0.00011872 0.00009188 0.50728092 0.01175653 0.25759801 0.00176628 0.00965801 0.00598862 0.19931681 0.00620262
14.50072504 0.91999575 0.00007496 0.00017957 0.00002995 0.00009089 0.50573411 0.01061524 0.26314155 0.00184001 0.00807402 0.00520485 0.20287074 0.00214410
14.60073004 0.91940999 0.00021939 0.00014849 0.00012295 0.00153215 0.50554053 0.00932721 0.25959103 0.00465295 0.00835221 0.00602658 0.20236774 0.00211877
14.70073504 0.91879736 0.00026726 0.00016285 0.00025667 0.00513268 0.50485751 0.00869857 0.25910040 0.00093475 0.01034727 0.00696542 0.20153198 0.00174464
14.80074004 0.91810707 0.00017906 0.00015288 0.00017010 0.00328293 0.50395279 0.01109770 0.25867231 0.00130543 0.00954308 0.00625226 0.20367893 0.00171252
14.90074504 0.91743008 0.00007783 0.00014720 0.00004283 0.00009537 0.50207678 0.01467865 0.25645606 0.00134257 0.00928208 0.00793273 0.20603787 0.00183002
15.00075004 0.91345139 0.00018453 0.00018002 0.00009769 0.00196295 0.49805726 0.01427610 0.25443388 0.00340305 0.01305877 0.00792563 0.20427008 0.00215005
15.10075504 0.91279656 0.00007904 0.00015360 0.00001605 0.00004265 0.50181161 0.01374303 0.25484815 0.00203831 0.01275167 0.00735901 0.20443497 0.00272191
15.20076004 0.91283813 0.00009059 0.00013997 0.00002127 0.00007533 0.50164734 0.01334774 0.25536679 0.00205089 0.01261474 0.00745296 0.20423117 0.00296121
15.30076504 0.91300540 0.00008423 0.00015131 0.00001638 0.00005543 0.50142309 0.01319244 0.25427401 0.00219879 0.01450269 0.00722911 0.20364890 0.00322363
15.40077004 0.91260144 0.00007847 0.00013474 0.00002097 0.00205465 0.50093286 0.01323864 0.25406203 0.00223368 0.01388849 0.00711751 0.20298188 0.00325608
15.50077504 0.91097461 0.00014255 0.00018141 0.00014863 0.00160649 0.49890731 0.01211383 0.25238756 0.00232057 0.01609625 0.00679964 0.20442747 0.00486829
15.60078004 0.91102736 0.00024301 0.00015580 0.00017981 0.00299056 0.49973659 0.01196200 0.25180741 0.00193072 0.01550646 0.00604899 0.20479374 0.00464490
15.70078504 0.91042983 0.00018965 0.00018870 0.00018544 0.00214785 0.50190202 0.01000292 0.24951506 0.00212564 0.01035904 0.00977973 0.20803518 0.00556877
15.80079004 0.90752852 0.00029875 0.00013792 0.00022967 0.00332470 0.49711375 0.01607905 0.25105191 0.00385512 0.00883173 0.01074832 0.20486469 0.00346438
15.90079504 0.90655683 0.00017277 0.00015003 0.00016376 0.00164362 0.49554972 0.01627338 0.25043677 0.00403189 0.01097377 0.01042387 0.20488971 0.00529070
16.00080004 0.90583755 0.00042972 0.00013532 0.00040163 0.00495302 0.49595711 0.01773048 0.24939275 0.00353925 0.00924412 0.01017939 0.20327070 0.00476651
16.10080504 0.90632727 0.00011187 0.00017432 0.00006723 0.00010534 0.49437636 0.01902784 0.25315930 0.00346221 0.01080161 0.01149337 0.20348841 0.00373214
16.20081004 0.90591118 0.00016564 0.00016728 0.00011502 0.00156075 0.49621122 0.01880281 0.25127600 0.00343321 0.01087519 0.00842714 0.20547032 0.00349544
16.30081504 0.90580054 0.00028038 0.00014472 0.00024360 0.00301445 0.49802989 0.01967324 0.25086479 0.00253563 0.00947523 0.00669705 0.20548537 0.00355565
16.40082004 0.90561423 0.00018472 0.00013695 0.00012461 0.00186883 0.49992020 0.02021726 0.25057014 0.00227272 0.00952401 0.00597437 0.20584869 0.00335750
16.50082504 0.90527641 0.00015414 0.00012503 0.00003126 0.00014404 0.50187640 0.02060244 0.25031617 0.00409191 0.00782947 0.00553295 0.20585293 0.00344327
16.60083004 0.90523018 0.00011409 0.00011857 0.00002707 0.00006691 0.50405642 0.01986560 0.25023969 0.00359845 0.00770805 0.00522315 0.20587728 0.00310472
16.70083504 0.90500052 0.00010014 0.00013444 0.00006274 0.00011176 0.50960320 0.01698263 0.24820794 0.00331476 0.00572035 0.00468257 0.20633407 0.00474540
16.80084004 0.90462765 0.00019192 0.00013381 0.00014616 0.00173120 0.50771392 0.01539917 0.24840647 0.00318913 0.00777106 0.00489066 0.20597473 0.00445175
16.90084504 0.90473415 0.00020700 0.00011262 0.00015618 0.00182989 0.50764596 0.01637047 0.24709494 0.00307032 0.00759804 0.00679588 0.20554844 0.00357025
17.00085004 0.90403239 0.00018455 0.00014812 0.00015890 0.00141722 0.51148509 0.01418138 0.24413316 0.00209467 0.00930467 0.00697288 0.20692895 0.00299041
17.10085504 0.90375488 0.00008266 0.00012041 0.00003143 0.00006313 0.51142346 0.01633462 0.24623239 0.00211881 0.00887816 0.00648152 0.20534559 0.00288783
17.20086004 0.90343939 0.00016091 0.00014349 0.00012547 0.00180544 0.51349448 0.01389379 0.24617179 0.00130295 0.01070461 0.00416983 0.20548563 0.00254161
17.30086504 0.90196806 0.00017541 0.00012504 0.00009667 0.00157393 0.51421352 0.01236116 0.24640055 0.00335129 0.00875378 0.00580526 0.20450711 0.00263627
17.40087004 0.90198990 0.00019346 0.00014337 0.00007417 0.00200844 0.51456041 0.01165896 0.24441350 0.00455713 0.01072884 0.00517882 0.20415389 0.00232901
17.50087504 0.90195305 0.00012226 0.00012490 0.00001446 0.00010721 0.51506631 0.00999261 0.24642570 0.00560209 0.01049739 0.00572530 0.20388570 0.00243606
17.60088004 0.90028847 0.00008003 0.00014653 0.00001378 0.00004344 0.51457345 0.00787015 0.24622899 0.00447799 0.01212900 0.00770193 0.20492203 0.00181267
17.70088504 0.89964006 0.00006403 0.00017543 0.00002582 0.00004097 0.51338985 0.00978762 0.24445390 0.00281631 0.01571497 0.00749614 0.20426585 0.00176912
17.80089004 0.89813823 0.00007312 0.00017733 0.00002904 0.00007334 0.51239413 0.00949147 0.24267669 0.00264416 0.01741512 0.00991461 0.20333672 0.00177426
17.90089504 0.89655259 0.00021818 0.00014177 0.00019672 0.00145615 0.51519827 0.01118330 0.23909943 0.00319314 0.01470101 0.00972942 0.20085951 0.00402308
18.00090005 0.89613412 0.00016241 0.00014790 0.00009864 0.00187124 0.51767013 0.01076680 0.24281157 0.00268427 0.01127284 0.00807103 0.20209756 0.00234561
18.10090505 0.89498170 0.00013605 0.00015002 0.00002190 0.00013978 0.51683423 0.01070056 0.24256258 0.00478956 0.01004013 0.00968205 0.20241305 0.00253011
18.20091005 0.89501553 0.00009850 0.00018530 0.00002189 0.00005961 0.51576217 0.01276292 0.23942821 0.00318918 0.01413173 0.00916675 0.20249259 0.00270115
18.30091505 0.89490992 0.00014129 0.00014960 0.00010847 0.00143183 0.51857855 0.01309140 0.24167794 0.00236847 0.01233757 0.00666262 0.20125633 0.00219593
18.40092005 0.89467454 0.00012312 0.00014589 0.00007050 0.00212565 0.51914431 0.00987386 0.24349128 0.00409981 0.01053074 0.00589674 0.20068778 0.00381032
18.50092505 0.89443603 0.00021165 0.00012032 0.00017510 0.00181740 0.51965296 0.01045029 0.24338622 0.00399892 0.00734877 0.00962104 0.19949173 0.00372560
18.60093005 0.89437072 0.00008840 0.00012070 0.00009231 0.00011660 0.52237109 0.01261649 0.24338090 0.00330305 0.00742215 0.00673471 0.19870516 0.00504845
18.70093505 0.89439263 0.00009843 0.00012200 0.00003949 0.00006495 0.52504910 0.01564525 0.24179832 0.00334158 0.00742095 0.00633397 0.19760962 0.00247631
18.80094005 0.89413054 0.00010975 0.00011250 0.00002700 0.00006755 0.52586104 0.01566841 0.24190566 0.00361653 0.00733741 0.00607483 0.19678339 0.00243592
18.90094505 0.89407204 0.00016809 0.00011109 0.00009292 0.00149040 0.52661669 0.01472851 0.24244886 0.00340542 0.00717002 0.00542094 0.19565334 0.00269372
19.00095005 0.89239081 0.00025595 0.00016608 0.00017203 0.00232204 0.52957477 0.01003597 0.24117366 0.00409900 0.00917085 0.00450481 0.19591463 0.00261019
19.10095505 0.89234271 0.00018779 0.00012218 0.00011526 0.00169143 0.53015843 0.01381413 0.24113089 0.00289382 0.00879720 0.00309083 0.19579131 0.00220673
19.20096005 0.89223982 0.00006034 0.00013256 0.00002050 0.00003944 0.53062732 0.01529849 0.24092718 0.00138675 0.00863793 0.00283183 0.19767501 0.00236265
19.30096505 0.89118457 0.00006670 0.00012805 0.00001600 0.00004486 0.52968183 0.01490100 0.24257261 0.00155561 0.00877076 0.00278787 0.19684675 0.00262796
19.40097005 0.89100118 0.00005632 0.00017985 0.00001304 0.00004260 0.53029882 0.01165799 0.24072940 0.00128053 0.01468930 0.00266473 0.19610263 0.00228480
19.50097505 0.89025641 0.00008947 0.00014255 0.00005288 0.00195762 0.53109009 0.01277978 0.23921477 0.00074193 0.01242330 0.00200193 0.19712928 0.00237639
19.60098005 0.88867521 0.00032400 0.00014920 0.00021833 0.00333596 0.53005081 0.01196252 0.23873962 0.00263382 0.00856909 0.00348526 0.19849129 0.00204011
19.70098505 0.88773682 0.00025600 0.00011955 0.00018789 0.00192830 0.52784526 0.01207388 0.23898391 0.00481965 0.00717269 0.00799623 0.19587859 0.00273805
19.80099005 0.88749003 0.00008916 0.00011459 0.00008919 0.00010443 0.52871716 0.01314689 0.23948510 0.00385125 0.00744031 0.00810190 0.19424284 0.00461719
19.90099505 0.88671048 0.00006721 0.00013400 0.00005399 0.00006020 0.52992218 0.01320876 0.23988944 0.00256791 0.00949095 0.00789210 0.19256342 0.00414984
20.00100005 0.88612910 0.00009668 0.00012032 0.00006884 0.00201587 0.53053857 0.01535530 0.23865430 0.00246988 0.00926030 0.00664339 0.19142651 0.00335003
20.10100505 0.88460056 0.00023068 0.00011922 0.00017138 0.00144263 0.52958461 0.01587980 0.24122809 0.00272957 0.00893665 0.00675459 0.19013143 0.00279134
20.20101005 0.88422683 0.00028565 0.00012732 0.00024030 0.00344219 0.52985200 0.01580941 0.24066949 0.00162697 0.00851941 0.00589353 0.19083179 0.00270195
20.30101505 0.88215438 0.00017863 0.00013520 0.00016820 0.00181695 0.52975700 0.01546921 0.24059687 0.00177848 0.01038743 0.00580910 0.18912350 0.00477942
20.40102005 0.88207424 0.00014606 0.00010771 0.00013450 0.00147674 0.53027486 0.01872870 0.24048600 0.00195352 0.00979007 0.00553946 0.18734136 0.00402103
20.50102505 0.87968979 0.00015055 0.00014662 0.00006769 0.00199284 0.52884255 0.01607900 0.24174686 0.00332620 0.01373841 0.00373622 0.18752555 0.00264749
20.60103005 0.87927074 0.00025618 0.00016190 0.00013267 0.00202745 0.52929206 0.01284872 0.23983074 0.00697710 0.01335674 0.00346566 0.18735857 0.00429222
20.70103505 0.87796693 0.00011637 0.00017531 0.00004512 0.00008744 0.52794549 0.01306754 0.23951266 0.00431649 0.01690548 0.00420742 0.18946106 0.00415962
20.80104005 0.87760272 0.00007951 0.00015331 0.00006726 0.00011511 0.52815859 0.01307157 0.23938248 0.00342922 0.01644383 0.00467392 0.18986179 0.00456341
20.90104505 0.87658964 0.00011898 0.00014351 0.00007144 0.00200185 0.52880672 0.01521714 0.24080669 0.00449879 0.01250578 0.00576151 0.18773729 0.00233028
21.00105005 0.87514756 0.00035497 0.00016717 0.00027885 0.00490811 0.53347236 0.01150921 0.23524609 0.00654800 0.01421342 0.00598745 0.18490096 0.00241341
21.10105505 0.87504720 0.00030431 0.00013317 0.00013092 0.00189452 0.53513709 0.01331932 0.23718008 0.00745416 0.01089094 0.00647445 0.18465872 0.00242232
21.20106005 0.87421986 0.00008085 0.00015597 0.00002604 0.00004981 0.53858894 0.01292980 0.23579018 0.00355648 0.01113275 0.00678065 0.18633216 0.00457638
21.30106505 0.87260462 0.00017836 0.00016890 0.00015945 0.00181305 0.54019217 0.01126413 0.23364196 0.00317116 0.01238700 0.00721449 0.18560997 0.00419936
21.40107005 0.87034035 0.00022191 0.00016701 0.00019872 0.00303875 0.53816393 0.01157533 0.23345752 0.00339650 0.01262071 0.00963412 0.18359083 0.00393466
21.50107505 0.87037154 0.00009592 0.00012969 0.00003061 0.00008707 0.53972071 0.01319794 0.23352404 0.00308978 0.01196792 0.01076778 0.18465763 0.00273090
21.60108005 0.86990428 0.00020039 0.00014174 0.00013442 0.00177328 0.53921516 0.01196520 0.23035544 0.00322712 0.01153032 0.01186303 0.18675734 0.00283656
21.70108505 0.86978378 0.00021316 0.00012456 0.00018796 0.00141912 0.54080988 0.01227539 0.22873746 0.00368658 0.00989447 0.01139120 0.18643362 0.00482659
21.80109005 0.86945415 0.00020621 0.00011624 0.00012908 0.00075371 0.54252600 0.01129930 0.22876863 0.00722900 0.00846387 0.01017671 0.18612525 0.00420599
21.90109505 0.86811888 0.00025941 0.00013231 0.00018961 0.00319706 0.54254342 0.01247449 0.23084364 0.00439148 0.00891549 0.00863489 0.18556514 0.00285306
22.00110006 0.86785724 0.00022453 0.00010995 0.00015596 0.00145628 0.54215860 0.01302495 0.23091785 0.00414338 0.00872203 0.01022558 0.18609156 0.00276933
22.10110506 0.86765292 0.00014237 0.00015669 0.00001948 0.00013804 0.54169881 0.01148037 0.23318934 0.00632256 0.01237996 0.00557660 0.18657520 0.00232057
22.20111006 0.86697865 0.00028259 0.00015708 0.00014765 0.00146882 0.54097473 0.01229054 0.23436895 0.00556088 0.01240629 0.00423839 0.18609295 0.00201114
22.30111506 0.86545933 0.00016068 0.00013372 0.00008724 0.00145980 0.54316075 0.01218915 0.23416205 0.00431710 0.01174375 0.00363887 0.18679973 0.00214715
22.40112006 0.86351325 0.00029139 0.00014803 0.00020698 0.00335318 0.54155742 0.01188630 0.23216458 0.00404132 0.01367521 0.00254890 0.18645476 0.00367193
22.50112506 0.86335837 0.00012664 0.00011893 0.00006443 0.00009067 0.54123001 0.01418283 0.23210098 0.00377935 0.01314071 0.00257702 0.18740938 0.00517907
22.60113006 0.86320160 0.00017573 0.00011926 0.00018323 0.00173815 0.54276349 0.01232221 0.23201012 0.00274997 0.01289648 0.00240920 0.18821065 0.00442152
22.70113506 0.86288223 0.00017742 0.00012730 0.00013275 0.00175364 0.54213787 0.01216606 0.23379507 0.00219421 0.01290359 0.00403133 0.18903616 0.00154459
22.80114006 0.86183614 0.00011629 0.00014809 0.00001893 0.00005131 0.54184339 0.01154405 0.23333386 0.00397201 0.01332805 0.00448619 0.18934661 0.00181123
22.90114506 0.86107183 0.00013795 0.00015237 0.00001497 0.00010459 0.54117901 0.00774075 0.23504096 0.00506579 0.01504287 0.00358799 0.19058479 0.00134797
23.00115006 0.85981627 0.00010208 0.00017344 0.00003443 0.00208243 0.53628276 0.00606796 0.23463791 0.00289506 0.01670119 0.00754155 0.19220470 0.00127649
23.10115506 0.85719479 0.00012939 0.00014525 0.00013566 0.00150741 0.53566817 0.00611477 0.23584199 0.00292039 0.01328674 0.00969904 0.19105785 0.00349334
23.20116006 0.85645024 0.00016225 0.00015905 0.00012643 0.00185257 0.53372396 0.00872394 0.23574164 0.00223356 0.01355804 0.00940170 0.19281730 0.00149955
23.30116506 0.85631941 0.00005640 0.00016640 0.00002357 0.00002806 0.53545592 0.01055190 0.23418453 0.00181655 0.01389796 0.00797683 0.19429519 0.00154669
23.40117006 0.85611885 0.00006585 0.00017026 0.00001606 0.00003499 0.53482497 0.01021981 0.23283039 0.00241013 0.01390763 0.00735635 0.19626675 0.00189682
23.50117506 0.85577574 0.00012900 0.00014685 0.00003066 0.00016122 0.53408286 0.00859175 0.23179551 0.00452648 0.01391412 0.01061486 0.19406066 0.00194603
23.60118006 0.85589073 0.00014427 0.00019001 0.00008988 0.00157981 0.53245499 0.00863760 0.23333422 0.00269718 0.01590638 0.00679925 0.19611440 0.00205200
23.70118506 0.85456674 0.00018449 0.00019787 0.00017859 0.00184988 0.52977956 0.00939282 0.23117005 0.00270468 0.01588533 0.00609352 0.19896719 0.00359604
23.80119006 0.85376864 0.00017403 0.00018492 0.00014560 0.00167645 0.53006184 0.00692494 0.22819097 0.00287743 0.01617644 0.01140823 0.19938584 0.00279332
23.90119506 0.85216349 0.00009662 0.00018652 0.00003964 0.00006977 0.52849346 0.00943733 0.23050870 0.00330940 0.01492335 0.01061074 0.19988797 0.00243650
24.00120006 0.85030217 0.00036487 0.00018817 0.00032683 0.00524787 0.52932464 0.00553719 0.23074268 0.00440458 0.01371074 0.00853254 0.19803377 0.00358613
24.10120506 0.85019838 0.00020068 0.00013733 0.00017988 0.00179089 0.53218499 0.01249153 0.23004240 0.00283618 0.00968525 0.01374002 0.19395003 0.00276082
24.20121006 0.85037333 0.00017419 0.00012161 0.00013582 0.00360209 0.53217995 0.01214035 0.23150202 0.00300333 0.00920229 0.01046719 0.19499412 0.00247704
24.30121506 0.85019891 0.00020796 0.00013843 0.00011622 0.00140427 0.53337216 0.01028579 0.23124155 0.00505905 0.01089286 0.00870391 0.19635500 0.00222279
24.40122006 0.84915551 0.00016546 0.00011259 0.00004496 0.00019188 0.53237596 0.01259710 0.22924947 0.00484791 0.00901979 0.01202463 0.19724218 0.00212806
24.50122506 0.84825734 0.00016897 0.00013501 0.00006555 0.00203413 0.53195754 0.01054673 0.23156213 0.00519984 0.01072584 0.00835661 0.19761947 0.00162815
24.60123006 0.84702714 0.00014366 0.00011476 0.00001950 0.00005502 0.52977488 0.01245661 0.23144847 0.00739043 0.01049206 0.00791283 0.19816983 0.00202194
24.70123506 0.84637548 0.00014494 0.00013516 0.00002924 0.00010812 0.52894102 0.01309132 0.22790744 0.00517366 0.01031944 0.00940624 0.20269695 0.00204649
24.80124006 0.84685206 0.00022506 0.00014425 0.00017375 0.00186716 0.52823466 0.01084414 0.22782365 0.00490539 0.00883887 0.00810598 0.20495857 0.00387851
24.90124506 0.84590962 0.00016592 0.00013806 0.00002547 0.00013759 0.52604785 0.00922024 0.23149582 0.00663907 0.00895123 0.01177697 0.20336705 0.00203474
25.00125006 0.84591952 0.00022828 0.00013228 0.00012732 0.00179266 0.52744685 0.00940730 0.23138796 0.00578366 0.00890081 0.01054595 0.20213209 0.00211482
25.10125506 0.84524548 0.00027358 0.00012925 0.00020288 0.00303714 0.52537106 0.01163810 0.23089428 0.00530728 0.00917253 0.00930942 0.20243287 0.00223160
25.20126006 0.84475174 0.00039830 0.00013262 0.00026034 0.00327922 0.52307495 0.01392177 0.23402166 0.00631394 0.00911826 0.00616450 0.20165250 0.00166193
25.30126506 0.84185068 0.00019353 0.00013637 0.00016289 0.00441034 0.51851790 0.01425348 0.24151197 0.00353032 0.00905982 0.00521644 0.20077394 0.00223300
25.40127006 0.84047757 0.00011855 0.00011700 0.00003580 0.00005417 0.52312885 0.01478050 0.24098891 0.00398246 0.00862617 0.00448484 0.20113907 0.00254368
25.50127506 0.84016012 0.00017590 0.00011104 0.00010659 0.00141221 0.52162198 0.01449983 0.24004406 0.00396822 0.00850053 0.00498861 0.20172238 0.00284863
25.60128006 0.83975233 0.00018402 0.00011478 0.00012405 0.00174200 0.52325777 0.01429215 0.23783739 0.00334617 0.00849030 0.00544293 0.20229976 0.00286869
25.70128506 0.83943365 0.00011839 0.00015175 0.00002182 0.00009962 0.52250423 0.01412838 0.23629305 0.00485008 0.00706143 0.00586211 0.20598953 0.00291960
