0.00000000 1.00000000 0.00000000 0.00000000 0.00000000 0.00000000 0.00000000 0.00000000 0.00000000 1.00000000 0.00000000 0.00000000 0.00000000 0.00000000
0.10000500 1.00178606 0.02162654 0.00111349 0.00651349 0.10035929 0.09098883 0.15568054 0.01637537 0.44639055 0.04635824 0.07083230 0.01916407 0.02459730
0.20001000 1.00256473 0.00858387 0.00106656 0.00495219 0.06026684 0.13090511 0.23007496 0.03017869 0.25746949 0.06196294 0.14176817 0.03588670 0.03688449
0.30001500 1.00245659 0.00529704 0.00077252 0.00318472 0.02959779 0.15328685 0.25745892 0.04437867 0.19006345 0.06254062 0.17299573 0.04302134 0.03740235
0.40002000 1.00275309 0.00444646 0.00080390 0.00262529 0.02481564 0.15285757 0.23730171 0.04974713 0.16244686 0.07640232 0.19336722 0.05018907 0.04499683
0.50002500 1.00308778 0.00489210 0.00074004 0.00230357 0.02558379 0.15668051 0.21243599 0.06429453 0.15618197 0.07953438 0.20600046 0.04875053 0.04260211
0.60003000 1.00334349 0.00400877 0.00081231 0.00168220 0.01253977 0.16593101 0.19648409 0.08459335 0.13369142 0.07715059 0.21820970 0.05951274 0.04538406
0.70003500 1.00311275 0.00361311 0.00088043 0.00168750 0.01426933 0.18326702 0.18620554 0.08232847 0.11831848 0.07849160 0.21157761 0.06903248 0.05032842
0.80004000 1.00293716 0.00332270 0.00076679 0.00202048 0.02231515 0.20018273 0.17410323 0.08694390 0.09203849 0.07518417 0.21666520 0.07292241 0.05353475
0.90004500 1.00261972 0.00289804 0.00076522 0.00173543 0.01340937 0.21187517 0.16948029 0.09928785 0.08374159 0.07553792 0.20710325 0.07853384 0.05563202
1.00005000 1.00255837 0.00300384 0.00069240 0.00167164 0.01595302 0.21284585 0.16856639 0.10440376 0.08559098 0.07566723 0.19845309 0.08239077 0.05076104
1.10005500 1.00232374 0.00273019 0.00062459 0.00135002 0.01152828 0.22725067 0.17802549 0.11091844 0.08223335 0.07290361 0.18360768 0.07830269 0.05052498
1.20006000 1.00181537 0.00232258 0.00066344 0.00144398 0.01276412 0.24046707 0.18434588 0.11824676 0.06847511 0.06854268 0.16112427 0.08408005 0.05752406
1.30006500 1.00169654 0.00254577 0.00058939 0.00161414 0.01378597 0.24845937 0.19127608 0.12081385 0.07319173 0.06558518 0.14218583 0.08455221 0.05540048
1.40007000 1.00099040 0.00327569 0.00065635 0.00236815 0.02245117 0.26522044 0.17912314 0.12440115 0.06923784 0.06775525 0.12276633 0.08596681 0.05677768
1.50007500 1.00083116 0.00345153 0.00058732 0.00225507 0.02155556 0.27398577 0.19009969 0.12826033 0.06665216 0.06383699 0.10886382 0.09332959 0.04712218
1.60008000 1.00003364 0.00280769 0.00061618 0.00149123 0.01299721 0.29317230 0.18791305 0.13350084 0.06778947 0.06224511 0.09324192 0.09846557 0.04575943
1.70008500 0.99887060 0.00266792 0.00075708 0.00141928 0.01555982 0.29775965 0.17701463 0.14154060 0.05886480 0.07582088 0.08802713 0.10012179 0.04044641
1.80009000 0.99834026 0.00259424 0.00081018 0.00134319 0.01706038 0.31443537 0.15805942 0.14808655 0.05679456 0.07872007 0.07544136 0.10994784 0.03670685
1.90009500 0.99759154 0.00288604 0.00077633 0.00187852 0.02542609 0.31835168 0.13810238 0.15621522 0.05401185 0.08477365 0.06642291 0.11588312 0.03527221
2.00010001 0.99685096 0.00233816 0.00082134 0.00140616 0.01555203 0.32713238 0.13545929 0.16060589 0.04720923 0.08509670 0.06674564 0.12234368 0.03528949
2.10010501 0.99627530 0.00242226 0.00070985 0.00177150 0.01746840 0.32949047 0.13427032 0.16569559 0.03940722 0.08199557 0.06790225 0.12610853 0.03275805
2.20011001 0.99555658 0.00191139 0.00069928 0.00122600 0.00940283 0.33626732 0.13250278 0.17199800 0.04219096 0.07952563 0.06855078 0.12350977 0.03221525
2.30011501 0.99512456 0.00186058 0.00074580 0.00089400 0.00923310 0.33472735 0.12794127 0.17380244 0.04391062 0.08560154 0.06388640 0.12512287 0.03227403
2.40012001 0.99457926 0.00162791 0.00061304 0.00100620 0.00946362 0.34367843 0.12942213 0.18175535 0.03530233 0.07896719 0.06330716 0.12698598 0.02787065
2.50012501 0.99401422 0.00117994 0.00055291 0.00054635 0.00572262 0.37035152 0.11980096 0.18579666 0.03204696 0.06918771 0.05878106 0.12811120 0.02792211
2.60013001 0.99228186 0.00127746 0.00060066 0.00077636 0.00519651 0.37258947 0.11409807 0.18707876 0.02836489 0.06721288 0.05830917 0.13451823 0.02997753
2.70013501 0.99223815 0.00136071 0.00058700 0.00094573 0.00731164 0.37724887 0.10637101 0.19298337 0.02715050 0.06402061 0.05288272 0.14116015 0.02797769
2.80014001 0.99129232 0.00168273 0.00050813 0.00108324 0.01081585 0.38064616 0.09767716 0.19841906 0.03380861 0.06097027 0.04766139 0.13945638 0.02727103
2.90014501 0.99074645 0.00172264 0.00053322 0.00092665 0.01284251 0.38877352 0.09011694 0.20843017 0.03204174 0.05577956 0.04511572 0.14248352 0.02123380
3.00015001 0.99052061 0.00138026 0.00048381 0.00088168 0.00825089 0.39651467 0.09325811 0.21501697 0.02674853 0.05192635 0.04114384 0.14205820 0.02233670
3.10015501 0.99022754 0.00108813 0.00045060 0.00060283 0.00357911 0.39450655 0.09277762 0.22239069 0.02705823 0.04705559 0.04061131 0.14559657 0.02428278
3.20016001 0.98769878 0.00164308 0.00045913 0.00090150 0.00913404 0.39323801 0.09003016 0.22128249 0.02839648 0.04890297 0.03732124 0.14811739 0.02057349
3.30016501 0.98610807 0.00147319 0.00040534 0.00123223 0.01397193 0.39514021 0.08118609 0.22606482 0.02303200 0.04277270 0.04127975 0.15161692 0.02182481
3.40017001 0.98600918 0.00118953 0.00045627 0.00084402 0.00538051 0.39958903 0.07962681 0.23151961 0.02322145 0.04245733 0.03720130 0.15397775 0.02453638
3.50017501 0.98565683 0.00114153 0.00040337 0.00102943 0.00866753 0.40095896 0.07442581 0.23070111 0.02032831 0.04144581 0.03742024 0.15849075 0.02498716
3.60018001 0.98366537 0.00105884 0.00039332 0.00080504 0.00937598 0.39874891 0.06894237 0.24616156 0.01830242 0.04138526 0.03594102 0.15731095 0.02157433
3.70018501 0.98038902 0.00064924 0.00035934 0.00041326 0.00064284 0.39686995 0.07250238 0.24744794 0.01979745 0.04280873 0.03731971 0.15851404 0.02267513
3.80019001 0.97924935 0.00122213 0.00032511 0.00101516 0.01154249 0.39434005 0.06939970 0.25014197 0.01580279 0.04154194 0.03746979 0.15965094 0.01754793
3.90019501 0.97916022 0.00076516 0.00032837 0.00045759 0.00427556 0.39596649 0.06597853 0.25553610 0.01787225 0.04292019 0.03679100 0.16124885 0.01785991
4.00020001 0.97912355 0.00078065 0.00032820 0.00045453 0.00392055 0.40156116 0.06324758 0.25501596 0.01802879 0.03740468 0.04087456 0.16169000 0.01669334
4.10020501 0.97729854 0.00083567 0.00036725 0.00045326 0.00361534 0.40181278 0.05780967 0.24888093 0.02236985 0.04108164 0.04000358 0.16185740 0.02091264
4.20021001 0.97443342 0.00075102 0.00035344 0.00040329 0.00408139 0.40052716 0.05974256 0.25441418 0.01977536 0.03968576 0.04067816 0.16301946 0.01656822
4.30021501 0.97375944 0.00075692 0.00039977 0.00038356 0.00513309 0.40479190 0.05313875 0.25357555 0.01898789 0.03883165 0.03825554 0.17040112 0.01534425
4.40022001 0.96964895 0.00075281 0.00038731 0.00035133 0.00164562 0.41330539 0.05294431 0.25336302 0.02028418 0.03903739 0.03463395 0.16790688 0.01538779
4.50022501 0.97020269 0.00090124 0.00035178 0.00050412 0.00488250 0.41715914 0.05019769 0.25418896 0.01807995 0.03764568 0.03430199 0.16865445 0.01313250
4.60023001 0.96912955 0.00068042 0.00033190 0.00032578 0.00590460 0.41358649 0.05103394 0.25454176 0.01639725 0.03963985 0.03524192 0.16989999 0.01241608
4.70023501 0.96864500 0.00078678 0.00035663 0.00059245 0.00453784 0.41369579 0.04639919 0.26208467 0.01598450 0.03398664 0.03280418 0.17387626 0.01489506
4.80024001 0.96740380 0.00080668 0.00035688 0.00038838 0.00435946 0.40907898 0.05078349 0.26396034 0.01894086 0.03399747 0.02651929 0.17860633 0.01220184
4.90024501 0.96685425 0.00054094 0.00041475 0.00019986 0.00245582 0.41202883 0.04644100 0.26628514 0.01728491 0.04174116 0.02362461 0.17753013 0.01145285
5.00025001 0.96473405 0.00050312 0.00038610 0.00037132 0.00290757 0.41088238 0.04587135 0.26975663 0.01216319 0.04281271 0.02359645 0.17816219 0.01258700
5.10025501 0.96311054 0.00050194 0.00034042 0.00039023 0.00154555 0.40892424 0.04503629 0.27207894 0.01328517 0.04152868 0.02121843 0.18112772 0.01402239
5.20026001 0.96223298 0.00068305 0.00033025 0.00046411 0.00445623 0.40849649 0.04696317 0.27135679 0.01274166 0.04058400 0.01996085 0.18323247 0.01073093
5.30026501 0.96190437 0.00046703 0.00028173 0.00023309 0.00147054 0.41359106 0.04889346 0.27108191 0.01213753 0.03825192 0.02057626 0.18279339 0.01022210
5.40027001 0.96174578 0.00068111 0.00031183 0.00036648 0.00485608 0.41293615 0.04583062 0.27280020 0.01298115 0.03838984 0.01650539 0.18556198 0.00877918
5.50027501 0.96148454 0.00045831 0.00032537 0.00026671 0.00142469 0.41165699 0.05078208 0.27400703 0.00965333 0.04012973 0.01461991 0.18588089 0.01079496
5.60028001 0.96089579 0.00045896 0.00040778 0.00022772 0.00172670 0.41355553 0.04354655 0.27376396 0.00962251 0.04428534 0.01660218 0.18598740 0.00981538
5.70028501 0.96039867 0.00065960 0.00031395 0.00037953 0.00503941 0.41727910 0.03852086 0.27796185 0.01189167 0.03798694 0.01545150 0.18645816 0.00805744
5.80029001 0.96025804 0.00045317 0.00027024 0.00022725 0.00145078 0.42073170 0.04217222 0.27771905 0.00905817 0.03551288 0.01679456 0.18776613 0.00784384
5.90029501 0.95681857 0.00050881 0.00030853 0.00020094 0.00189832 0.41713155 0.03713896 0.28184298 0.01232209 0.03731125 0.01624573 0.18740569 0.00768515
6.00030002 0.95419861 0.00042730 0.00036780 0.00022036 0.00183745 0.41752863 0.03980345 0.27828207 0.00787888 0.03757828 0.01759445 0.19024322 0.00823812
6.10030502 0.95406517 0.00034585 0.00032010 0.00005340 0.00017504 0.41917389 0.03529149 0.28036130 0.01174260 0.03744763 0.01652220 0.19069708 0.00786940
6.20031002 0.95249746 0.00031783 0.00029197 0.00008014 0.00022998 0.41969849 0.03541159 0.28049129 0.00854340 0.03698851 0.01975705 0.19052973 0.00766002
6.30031502 0.95279244 0.00056084 0.00026156 0.00039179 0.00342727 0.41916511 0.03322399 0.27866429 0.01028603 0.03380862 0.02093723 0.19010042 0.00917284
6.40032002 0.95250592 0.00053516 0.00025614 0.00040452 0.00357564 0.41876998 0.03446505 0.27851541 0.01165694 0.03351855 0.01720824 0.19093992 0.01015444
6.50032502 0.95217064 0.00056784 0.00032508 0.00034973 0.00343449 0.42217933 0.03059330 0.28412084 0.00949382 0.03365370 0.01375933 0.19372105 0.00780149
6.60033002 0.95113805 0.00041667 0.00030101 0.00024927 0.00328891 0.42754093 0.03034033 0.28054496 0.00755464 0.03338520 0.01623783 0.19422791 0.00591236
6.70033502 0.95026737 0.00041921 0.00028744 0.00027317 0.00330901 0.43005610 0.02963453 0.28190103 0.00663562 0.03225699 0.01549912 0.19349844 0.00622934
6.80034002 0.94986516 0.00089966 0.00026820 0.00067502 0.00782525 0.42945052 0.02642201 0.28365658 0.00840307 0.02992645 0.01396508 0.19269824 0.00580992
6.90034502 0.94963325 0.00050090 0.00027735 0.00034975 0.00332064 0.43895678 0.02939133 0.28189315 0.00540389 0.02784249 0.01115335 0.19503024 0.00588013
7.00035002 0.94941973 0.00025075 0.00026513 0.00005038 0.00019321 0.44045372 0.02902820 0.28389378 0.00677795 0.02791581 0.00974863 0.19547155 0.00595087
7.10035502 0.94970791 0.00054708 0.00028745 0.00031285 0.00332026 0.44355043 0.02130557 0.28747665 0.00705560 0.02847617 0.00853724 0.19420930 0.00492140
7.20036002 0.94924318 0.00018007 0.00026090 0.00004827 0.00011534 0.44290511 0.02535441 0.28925586 0.00580582 0.02649920 0.00813410 0.19707893 0.00436199
7.30036502 0.94689105 0.00040428 0.00031056 0.00032747 0.00454821 0.43966450 0.02131511 0.28763282 0.00432444 0.02809301 0.00876169 0.20029911 0.00431881
7.40037002 0.94623555 0.00040583 0.00030187 0.00031065 0.00321888 0.43837958 0.02465962 0.28762689 0.00373671 0.02835318 0.00750196 0.20133847 0.00416634
7.50037502 0.94500570 0.00024001 0.00033529 0.00023801 0.00137171 0.44134257 0.01984559 0.28778800 0.00352323 0.02988274 0.00681620 0.20065140 0.00796524
7.60038002 0.94366082 0.00022827 0.00031685 0.00019562 0.00129570 0.44078428 0.01927994 0.28826695 0.00368629 0.03158973 0.00721285 0.20104219 0.00610132
7.70038502 0.94358532 0.00012218 0.00031544 0.00006083 0.00009321 0.44379649 0.01789135 0.28882351 0.00315443 0.03157081 0.00752541 0.20149374 0.00515258
7.80039002 0.94265642 0.00025694 0.00028434 0.00008091 0.00027568 0.44453565 0.01546548 0.28729048 0.00604214 0.03127362 0.01187205 0.19861591 0.00400680
7.90039502 0.94003503 0.00047153 0.00025160 0.00041582 0.00477013 0.44262849 0.01329884 0.28936056 0.00440366 0.03073150 0.01073043 0.19702785 0.00590958
8.00040002 0.93983524 0.00044678 0.00023744 0.00038927 0.00503308 0.44355809 0.01436191 0.28940094 0.00401091 0.03029951 0.01052580 0.19650403 0.00523225
8.10040502 0.93959239 0.00015701 0.00027051 0.00004119 0.00005561 0.44647816 0.01811641 0.29530150 0.00617328 0.02859497 0.00474205 0.19735487 0.00271446
8.20041002 0.93950511 0.00030753 0.00025238 0.00018101 0.00165492 0.44714744 0.01952760 0.29584775 0.00433543 0.02593707 0.00679938 0.19481535 0.00319414
8.30041502 0.93923848 0.00026655 0.00024607 0.00016053 0.00159860 0.44828135 0.01954107 0.29558191 0.00424616 0.02442350 0.00666358 0.19546717 0.00352352
8.40042002 0.93663577 0.00013280 0.00029494 0.00005852 0.00007862 0.44789567 0.01785398 0.29419337 0.00391691 0.03010406 0.00660296 0.19351195 0.00535620
8.50042502 0.93664915 0.00011925 0.00024406 0.00008032 0.00007092 0.44908829 0.01908691 0.29408146 0.00320955 0.02914178 0.00649914 0.19344441 0.00493392
8.60043002 0.93668459 0.00013573 0.00023015 0.00006663 0.00010551 0.45096021 0.01873087 0.29491200 0.00357507 0.02345051 0.00872207 0.19444714 0.00466412
8.70043502 0.93525735 0.00038475 0.00023715 0.00030173 0.00325217 0.45390324 0.01717449 0.29495710 0.00335857 0.02339130 0.00666156 0.19351121 0.00286673
8.80044002 0.93286551 0.00041580 0.00022823 0.00034343 0.00439342 0.45134542 0.01670224 0.29648899 0.00380959 0.02363364 0.00683407 0.19230372 0.00350144
8.90044502 0.93288816 0.00012711 0.00025994 0.00010526 0.00009273 0.45746073 0.01927727 0.29458506 0.00253866 0.02095728 0.00658629 0.19273699 0.00527268
9.00045002 0.93305949 0.00027104 0.00020506 0.00025019 0.00269734 0.45787406 0.02031630 0.29304566 0.00312911 0.01746341 0.00754472 0.19141181 0.00579129
9.10045502 0.93317797 0.00022900 0.00021277 0.00023429 0.00392320 0.45821445 0.01813616 0.29374488 0.00265164 0.01749514 0.00789868 0.19033276 0.00692703
9.20046002 0.93310641 0.00049276 0.00020397 0.00040406 0.00448531 0.45718540 0.01979728 0.29229869 0.00457002 0.01894249 0.00793486 0.18936945 0.00431572
9.30046502 0.93299233 0.00017448 0.00017467 0.00024867 0.00026908 0.45770607 0.01829223 0.29244244 0.00551523 0.01818162 0.00818798 0.18949520 0.00931233
9.40047002 0.93253179 0.00034686 0.00016824 0.00036476 0.00295143 0.45814117 0.01945458 0.29080698 0.00519762 0.01770742 0.00837513 0.18917619 0.00730962
9.50047502 0.93100873 0.00060058 0.00018947 0.00054333 0.00754272 0.45732027 0.01806886 0.29066901 0.00517696 0.01957079 0.00788609 0.18825046 0.00418147
9.60048002 0.92845196 0.00038732 0.00022041 0.00029538 0.00307929 0.45890588 0.02332422 0.29050598 0.00435119 0.01804357 0.00857685 0.18832416 0.00398576
9.70048502 0.92806869 0.00028821 0.00019854 0.00017230 0.00177728 0.45986171 0.02133351 0.29269662 0.00443291 0.01953222 0.01010631 0.18571091 0.00388948
9.80049002 0.92755714 0.00038814 0.00021437 0.00017256 0.00178786 0.46433240 0.01899156 0.29385902 0.00671548 0.01771275 0.00827153 0.18388146 0.00367287
9.90049502 0.92626345 0.00016704 0.00019729 0.00007899 0.00009017 0.46486367 0.01749160 0.29581152 0.00586218 0.01758302 0.00889133 0.18354450 0.00541870
10.00050003 0.92600881 0.00011605 0.00021723 0.00006313 0.00008468 0.46532361 0.01759106 0.29504167 0.00421234 0.01954746 0.00920848 0.18387002 0.00472426
10.10050503 0.92577898 0.00011737 0.00019767 0.00005583 0.00008549 0.46598385 0.01963714 0.29619922 0.00377497 0.01759130 0.00820639 0.18402796 0.00412280
10.20051003 0.92382301 0.00018660 0.00018536 0.00014787 0.00133607 0.46669541 0.02011734 0.29430617 0.00310859 0.01722780 0.00929502 0.18358526 0.00380852
10.30051503 0.92354621 0.00025404 0.00016754 0.00027222 0.00274776 0.46718376 0.01901879 0.29375407 0.00351390 0.01546794 0.00863704 0.18342669 0.00555625
10.40052003 0.92112859 0.00023655 0.00027727 0.00016630 0.00130574 0.47072734 0.01578847 0.29378336 0.00359953 0.01927599 0.00754399 0.18393604 0.00335942
10.50052503 0.92022210 0.00027522 0.00022718 0.00018548 0.00175120 0.47482715 0.01603010 0.29256136 0.00343147 0.01404556 0.00900370 0.18433875 0.00332282
10.60053003 0.92016218 0.00012956 0.00022087 0.00002856 0.00008202 0.47331719 0.01789957 0.29467724 0.00370032 0.01457342 0.00667368 0.18521128 0.00348629
10.70053503 0.92058586 0.00021647 0.00019742 0.00013226 0.00545343 0.47193600 0.01541679 0.29679454 0.00334163 0.01329333 0.00587180 0.18377871 0.00356763
10.80054003 0.92030240 0.00018932 0.00026205 0.00019200 0.00194764 0.47265170 0.01528205 0.29702331 0.00196636 0.01521467 0.00363887 0.18684826 0.00478374
10.90054503 0.91844273 0.00033292 0.00022524 0.00032551 0.00265957 0.47365764 0.01350820 0.29781209 0.00224914 0.01689636 0.00479619 0.18340866 0.00412847
11.00055003 0.91765815 0.00008705 0.00021638 0.00006403 0.00006246 0.47559389 0.01411356 0.29777024 0.00183716 0.02005862 0.00455173 0.18236087 0.00328401
11.10055503 0.91747879 0.00014564 0.00017796 0.00003883 0.00007275 0.47638812 0.01276004 0.29823125 0.00389662 0.01920581 0.00437234 0.18199686 0.00271378
11.20056003 0.91457681 0.00010036 0.00021915 0.00004399 0.00009987 0.47413698 0.01463788 0.29868557 0.00224060 0.01885288 0.00616508 0.18210542 0.00271222
11.30056503 0.91444345 0.00009703 0.00019827 0.00002348 0.00006656 0.47471746 0.01427183 0.29858124 0.00255083 0.01897554 0.00594692 0.18152749 0.00304334
11.40057003 0.91355275 0.00010650 0.00019374 0.00002937 0.00205890 0.47358764 0.01465791 0.29822438 0.00259332 0.01912738 0.00557302 0.18086686 0.00298099
11.50057503 0.91323378 0.00031751 0.00018168 0.00017536 0.00174184 0.47363207 0.01325146 0.29776532 0.00431932 0.01759118 0.00728858 0.18082974 0.00290592
11.60058003 0.91275652 0.00029250 0.00016188 0.00012883 0.00144796 0.47311940 0.01357204 0.29903368 0.00741453 0.01395840 0.00814152 0.17972665 0.00300261
11.70058503 0.91136419 0.00013607 0.00021772 0.00003278 0.00010878 0.47174477 0.01353502 0.30065334 0.00377186 0.01584410 0.00939741 0.18154008 0.00301809
11.80059003 0.90998723 0.00011286 0.00017048 0.00004302 0.00008909 0.47086499 0.01551143 0.30038273 0.00269173 0.01525926 0.01045100 0.18132254 0.00310087
11.90059503 0.90850191 0.00022397 0.00020011 0.00018543 0.00141147 0.47067226 0.01112193 0.30166183 0.00467094 0.01702876 0.00797367 0.18043704 0.00441257
12.00060003 0.90829029 0.00031571 0.00017592 0.00020920 0.00182851 0.47096735 0.01048036 0.30154760 0.00572384 0.01680578 0.00797382 0.18050334 0.00346855
12.10060503 0.90673629 0.00024090 0.00017616 0.00020818 0.00133165 0.47273985 0.01375477 0.30026516 0.00401584 0.01658335 0.00786057 0.18023547 0.00258809
12.20061003 0.90657064 0.00020457 0.00017399 0.00014011 0.00184206 0.47242269 0.01358300 0.30224078 0.00351694 0.01651939 0.00639294 0.18064315 0.00232037
12.30061503 0.90734589 0.00034212 0.00018963 0.00026639 0.00530154 0.47406014 0.00937138 0.30060463 0.00479765 0.01831311 0.00432715 0.18083251 0.00159378
12.40062003 0.90674805 0.00019624 0.00023103 0.00002804 0.00016891 0.47232706 0.01066334 0.30281778 0.00565384 0.02184242 0.00370074 0.18078171 0.00158889
12.50062503 0.90654405 0.00010844 0.00019152 0.00006671 0.00011346 0.47251333 0.00990307 0.30302743 0.00436741 0.02124618 0.00387123 0.18102154 0.00356967
12.60063003 0.90578863 0.00022385 0.00023166 0.00016112 0.00165975 0.47580657 0.00934163 0.30135866 0.00284106 0.02251335 0.00386236 0.18008976 0.00191024
12.70063503 0.90402393 0.00013578 0.00023430 0.00012988 0.00199652 0.47395842 0.00906491 0.30082169 0.00271936 0.02154121 0.00600209 0.17944437 0.00395146
12.80064003 0.90399970 0.00007157 0.00024305 0.00008776 0.00010652 0.47429166 0.00856471 0.30034691 0.00206696 0.02298571 0.00518484 0.18213267 0.00391765
12.90064503 0.90382771 0.00007025 0.00021925 0.00006094 0.00005697 0.47578697 0.00837687 0.30005369 0.00190314 0.02121642 0.00475089 0.18472366 0.00278093
13.00065003 0.90353584 0.00011752 0.00020748 0.00004420 0.00013468 0.47517842 0.00861502 0.29998232 0.00344310 0.02181505 0.00361240 0.18481673 0.00203308
13.10065503 0.90314952 0.00039525 0.00025790 0.00035484 0.00513914 0.47472514 0.00825275 0.29674791 0.00247256 0.01859796 0.00358484 0.18767108 0.00180063
13.20066003 0.90276227 0.00028699 0.00022065 0.00025838 0.00302676 0.47444766 0.00852247 0.29936365 0.00229239 0.01884086 0.00562253 0.18512718 0.00199049
13.30066503 0.90202265 0.00016445 0.00019885 0.00004991 0.00208161 0.47418310 0.00862107 0.30173413 0.00387546 0.01679445 0.00521871 0.18508947 0.00198880
13.40067003 0.89896635 0.00009744 0.00023362 0.00002526 0.00009887 0.47589553 0.00888089 0.29918065 0.00357337 0.01675537 0.00724588 0.18593483 0.00207828
13.50067503 0.89692565 0.00015483 0.00022125 0.00002346 0.00012876 0.47357199 0.01108147 0.30106972 0.00491619 0.01833996 0.00562817 0.18279707 0.00206711
13.60068003 0.89689013 0.00015879 0.00019340 0.00001584 0.00006922 0.47257112 0.01100032 0.30259185 0.00576847 0.01673032 0.00486676 0.18391332 0.00212060
13.70068503 0.89671441 0.00014513 0.00017019 0.00001434 0.00008963 0.47176142 0.01107213 0.30222228 0.00516378 0.01631262 0.00527107 0.18553349 0.00224393
13.80069003 0.89417026 0.00021729 0.00017441 0.00011940 0.00185112 0.46815900 0.01108495 0.30374235 0.00458732 0.01614247 0.00580509 0.18578178 0.00233483
13.90069503 0.89400824 0.00020343 0.00016597 0.00012104 0.00151534 0.46759508 0.01088058 0.30332439 0.00437503 0.01449244 0.00835921 0.18642213 0.00254537
14.00070004 0.89394608 0.00011075 0.00016134 0.00002569 0.00006306 0.46726364 0.01254128 0.30486296 0.00408620 0.01274152 0.00855561 0.18697054 0.00261741
14.10070504 0.89389597 0.00010644 0.00016504 0.00002255 0.00006168 0.46704126 0.01210805 0.30428485 0.00399839 0.01106740 0.00885486 0.18944145 0.00284804
14.20071004 0.89385912 0.00012641 0.00014121 0.00004097 0.00012747 0.46661783 0.01183706 0.30378991 0.00397194 0.00791917 0.01278962 0.18953188 0.00310653
14.30071504 0.89329540 0.00013667 0.00019547 0.00002786 0.00005269 0.47003548 0.01122109 0.30190614 0.00438945 0.00810941 0.00934097 0.19175349 0.00283127
14.40072004 0.89181040 0.00007339 0.00015532 0.00002111 0.00004705 0.47392003 0.01097914 0.30196063 0.00412830 0.00776183 0.00781796 0.19020219 0.00293305
14.50072504 0.89145269 0.00012264 0.00013527 0.00010018 0.00013488 0.47295865 0.01016589 0.30228530 0.00347520 0.00765501 0.00774674 0.19096577 0.00425447
14.60073004 0.89084070 0.00007413 0.00013701 0.00006674 0.00006788 0.47407961 0.01239425 0.30106964 0.00221350 0.00765631 0.00747963 0.19105742 0.00370387
14.70073504 0.88900372 0.00009087 0.00017369 0.00006447 0.00201856 0.47399828 0.01134610 0.30170297 0.00203105 0.00962539 0.00568432 0.19049968 0.00276462
14.80074004 0.88661502 0.00020254 0.00018474 0.00023824 0.00162522 0.47120065 0.01124643 0.30359147 0.00223219 0.00938507 0.00464495 0.19163807 0.00381042
14.90074504 0.88663634 0.00015865 0.00016355 0.00012055 0.00143688 0.47257752 0.01329349 0.30345505 0.00195459 0.00936922 0.00307885 0.19243466 0.00195700
15.00075004 0.88562288 0.00009479 0.00015917 0.00002711 0.00009318 0.47035091 0.01273433 0.30521471 0.00213891 0.00943553 0.00466746 0.19283967 0.00224423
15.10075504 0.88644239 0.00008525 0.00022341 0.00002185 0.00004220 0.47166226 0.01424498 0.30346399 0.00163615 0.01047657 0.00175692 0.19417377 0.00221265
15.20076004 0.88637698 0.00016667 0.00017519 0.00012296 0.00325588 0.47033638 0.01201730 0.30275155 0.00181904 0.01157420 0.00216779 0.19316268 0.00245036
15.30076504 0.88455073 0.00019850 0.00016776 0.00014574 0.00154439 0.46876790 0.01338536 0.30409962 0.00165259 0.01121103 0.00248832 0.19375369 0.00258511
15.40077004 0.88307864 0.00013042 0.00018367 0.00007493 0.00018917 0.46533394 0.01276239 0.30371926 0.00331150 0.01247971 0.00296146 0.19428341 0.00457012
15.50077504 0.88331831 0.00008581 0.00016267 0.00005291 0.00005491 0.46717383 0.01129138 0.30487731 0.00249253 0.01048965 0.00396622 0.19529654 0.00405625
15.60078004 0.88151658 0.00007112 0.00015149 0.00005286 0.00007563 0.46536455 0.01145874 0.30440942 0.00187505 0.01041131 0.00693884 0.19566323 0.00352777
15.70078504 0.88032702 0.00021442 0.00013507 0.00019362 0.00166536 0.46330335 0.01160195 0.30565917 0.00181624 0.00720630 0.00918071 0.19569611 0.00332771
15.80079004 0.87976667 0.00027930 0.00017170 0.00018162 0.00174374 0.46439282 0.01070760 0.30247884 0.00359915 0.00726014 0.00852208 0.19769651 0.00296651
15.90079504 0.87962133 0.00006291 0.00017826 0.00002557 0.00005143 0.46819383 0.01069826 0.30263182 0.00211205 0.00755520 0.00812763 0.19744088 0.00292214
16.00080004 0.87864296 0.00031033 0.00014620 0.00021401 0.00533954 0.46744460 0.00886932 0.30082001 0.00389615 0.00741560 0.00684829 0.19617359 0.00252235
16.10080504 0.87866335 0.00040718 0.00013918 0.00035076 0.00488795 0.46718344 0.00934775 0.30081082 0.00355701 0.00744566 0.00687245 0.19642090 0.00257690
16.20081004 0.87824768 0.00027541 0.00015896 0.00017018 0.00141747 0.46703580 0.01013493 0.30122276 0.00283617 0.00924321 0.00705421 0.19833927 0.00211164
16.30081504 0.87676271 0.00008287 0.00019581 0.00001481 0.00005533 0.46556629 0.01016874 0.30119059 0.00289497 0.01083363 0.00649110 0.20021367 0.00229219
16.40082004 0.87631542 0.00010345 0.00016228 0.00002311 0.00008370 0.46423344 0.01027394 0.30069500 0.00325894 0.01061570 0.00780329 0.20029359 0.00245356
16.50082504 0.87577457 0.00029907 0.00015244 0.00024658 0.00286851 0.46422561 0.00969197 0.29907512 0.00324000 0.00914866 0.00893143 0.19939818 0.00272245
16.60083004 0.87537288 0.00009558 0.00015678 0.00003075 0.00005504 0.46375359 0.01239704 0.30122840 0.00299773 0.00908409 0.00804357 0.19977714 0.00238029
16.70083504 0.87200070 0.00043844 0.00019650 0.00038198 0.00634847 0.46059238 0.00824810 0.29795771 0.00470759 0.01089159 0.00797089 0.20036182 0.00190452
16.80084004 0.87159585 0.00045204 0.00016477 0.00034622 0.00382025 0.46274353 0.01019425 0.29633017 0.00467498 0.01060060 0.00622199 0.20016093 0.00429026
16.90084504 0.87111137 0.00042327 0.00022714 0.00022653 0.00302505 0.46618887 0.01011105 0.29415488 0.00777141 0.01094072 0.00615551 0.19848838 0.00228718
17.00085004 0.87006945 0.00024327 0.00018220 0.00011507 0.00142287 0.46666622 0.01398951 0.29372382 0.00576641 0.01004697 0.00606185 0.19938079 0.00240102
17.10085504 0.86930378 0.00014007 0.00015649 0.00002499 0.00006840 0.46629530 0.01578950 0.29400268 0.00521136 0.00990897 0.00621932 0.19963655 0.00254635
17.20086004 0.86759093 0.00013608 0.00019549 0.00002678 0.00205193 0.46614104 0.01423738 0.29206153 0.00493943 0.01164930 0.00605356 0.19995264 0.00255484
17.30086504 0.86491083 0.00011925 0.00018321 0.00002311 0.00006922 0.46678943 0.01308866 0.29396178 0.00415150 0.01171335 0.00787230 0.19935223 0.00267594
17.40087004 0.86464962 0.00023820 0.00016420 0.00015281 0.00377803 0.46454087 0.01204114 0.29595661 0.00348239 0.01173436 0.00562993 0.19960395 0.00267750
17.50087504 0.86388244 0.00031329 0.00019662 0.00027565 0.00275280 0.46459213 0.01138959 0.29470880 0.00286948 0.01356250 0.00579363 0.20093995 0.00260554
17.60088004 0.86245843 0.00010655 0.00017303 0.00011510 0.00056929 0.46954121 0.01279407 0.29451792 0.00272824 0.01024581 0.00723367 0.19952203 0.00245308
17.70088504 0.86238455 0.00014870 0.00018047 0.00004228 0.00017247 0.47149691 0.01192920 0.29285745 0.00445494 0.00724591 0.00674970 0.20221925 0.00250271
17.80089004 0.86210685 0.00016179 0.00017614 0.00010465 0.00140259 0.47123944 0.01147247 0.29462001 0.00318998 0.00715579 0.00688539 0.20080862 0.00278312
17.90089504 0.86199563 0.00009498 0.00016432 0.00002410 0.00005137 0.47028622 0.01297857 0.29603156 0.00323150 0.00748902 0.00691548 0.20002889 0.00270400
18.00090005 0.85986588 0.00014973 0.00018256 0.00016673 0.00195908 0.46815579 0.01200134 0.29769194 0.00230986 0.01034537 0.00508545 0.19762434 0.00432781
18.10090505 0.86001802 0.00051777 0.00016164 0.00033757 0.00296565 0.46998729 0.00955022 0.29404213 0.00594687 0.00994057 0.00671283 0.19786837 0.00196909
18.20091005 0.85933265 0.00019679 0.00016315 0.00019134 0.00142355 0.47260505 0.00939510 0.29196244 0.00394512 0.00772609 0.00686025 0.20154327 0.00398785
18.30091505 0.85772528 0.00044616 0.00016304 0.00024843 0.00393017 0.47166385 0.00848961 0.29003161 0.00733913 0.00803864 0.00673691 0.20010287 0.00280959
18.40092005 0.85715083 0.00014360 0.00022599 0.00006808 0.00195443 0.47615518 0.01040180 0.28835213 0.00345939 0.01038595 0.00582936 0.20088075 0.00214334
18.50092505 0.85746480 0.00011380 0.00020981 0.00001546 0.00006889 0.48036085 0.00898618 0.28699888 0.00391924 0.01050267 0.00481609 0.20192779 0.00208035
18.60093005 0.85622744 0.00011175 0.00018820 0.00002762 0.00010743 0.47695863 0.00919952 0.28970943 0.00362144 0.01037155 0.00683206 0.20077218 0.00210017
18.70093505 0.85470813 0.00008118 0.00018303 0.00001662 0.00006114 0.47557366 0.00949239 0.29010841 0.00338219 0.01059941 0.00675888 0.20153550 0.00220760
18.80094005 0.85375991 0.00009686 0.00016611 0.00002716 0.00010128 0.47580885 0.00958817 0.28905680 0.00333314 0.01082952 0.00855430 0.20013872 0.00229909
18.90094505 0.85296657 0.00016095 0.00015207 0.00003048 0.00018143 0.47832886 0.00845918 0.28789050 0.00489299 0.00923110 0.00991577 0.19839747 0.00235921
19.00095005 0.85220506 0.00024454 0.00015918 0.00015942 0.00171119 0.48116532 0.00737422 0.28867966 0.00394837 0.00923135 0.00832466 0.19676449 0.00223760
19.10095505 0.84981236 0.00049204 0.00017318 0.00037534 0.00390355 0.47908765 0.00580522 0.28713837 0.00737752 0.01071657 0.00780419 0.19488423 0.00224214
19.20096005 0.84954858 0.00035639 0.00018099 0.00018518 0.00175293 0.48144677 0.00741942 0.28397978 0.00755048 0.01220728 0.00917520 0.19418518 0.00156040
19.30096505 0.84847750 0.00031929 0.00017904 0.00023158 0.00293385 0.48239222 0.00595121 0.28542378 0.00527729 0.01343090 0.00795993 0.19457406 0.00132686
19.40097005 0.84688080 0.00014612 0.00018269 0.00005111 0.00012846 0.48284248 0.00405381 0.28554143 0.00570803 0.01483442 0.00695978 0.19659899 0.00295270
19.50097505 0.84671489 0.00038288 0.00016107 0.00030589 0.00301266 0.48269338 0.00434400 0.28686976 0.00523209 0.00986347 0.00948318 0.19641233 0.00123931
19.60098005 0.84641071 0.00014047 0.00016546 0.00010136 0.00123474 0.48709851 0.00315578 0.28836770 0.00432411 0.00987660 0.00798389 0.19649173 0.00105964
19.70098505 0.84508545 0.00007571 0.00018330 0.00001668 0.00002952 0.48817597 0.00503390 0.28780058 0.00390671 0.00836704 0.00798041 0.19747310 0.00095708
19.80099005 0.84424441 0.00006742 0.00017159 0.00002226 0.00201016 0.49235088 0.00481437 0.28474263 0.00323359 0.00842727 0.00720395 0.19630764 0.00064824
19.90099505 0.84090913 0.00009617 0.00016184 0.00004048 0.00010985 0.49021381 0.00642012 0.28603578 0.00344395 0.00694505 0.01095722 0.19464352 0.00093221
20.00100005 0.83907561 0.00008337 0.00017123 0.00002841 0.00010480 0.49192848 0.00436550 0.28784507 0.00312855 0.00701755 0.01129156 0.19303767 0.00099780
20.10100505 0.83932365 0.00019917 0.00015052 0.00014022 0.00175709 0.49183124 0.00581009 0.28592560 0.00310527 0.00710223 0.00956160 0.19299042 0.00142656
20.20101005 0.83662375 0.00027199 0.00017753 0.00016643 0.00137098 0.48932514 0.00566143 0.28572194 0.00362469 0.00914613 0.00913797 0.19362925 0.00176652
20.30101505 0.83522514 0.00011848 0.00017297 0.00002737 0.00007991 0.48869803 0.00749397 0.28411662 0.00524694 0.00886500 0.00927102 0.19414737 0.00176230
20.40102005 0.83504082 0.00023831 0.00014458 0.00013678 0.00154959 0.48944208 0.00858639 0.28454302 0.00415772 0.01028534 0.00741694 0.19158498 0.00191427
20.50102505 0.83369900 0.00008798 0.00013316 0.00007930 0.00006695 0.48883165 0.00875190 0.28665170 0.00378397 0.00977589 0.00730558 0.19060760 0.00392431
20.60103005 0.83331550 0.00016547 0.00012245 0.00009339 0.00218123 0.48952742 0.00841346 0.28645144 0.00449122 0.00797075 0.00743627 0.18992794 0.00321894
20.70103505 0.83284021 0.00009012 0.00013276 0.00017389 0.00017893 0.49184383 0.00967311 0.28459178 0.00263811 0.00791149 0.00821797 0.18952014 0.00502786
20.80104005 0.83459758 0.00011933 0.00014363 0.00003922 0.00013454 0.48908432 0.00943625 0.28812134 0.00336810 0.00785548 0.01098920 0.18879523 0.00191335
20.90104505 0.83426591 0.00018328 0.00016729 0.00001788 0.00016424 0.48915185 0.00948203 0.28605892 0.00568811 0.00781985 0.00830175 0.19080208 0.00216271
21.00105005 0.83201000 0.00013581 0.00019528 0.00001453 0.00007757 0.48929579 0.00989183 0.28344423 0.00563831 0.00779027 0.00799443 0.19327443 0.00224751
21.10105505 0.83097774 0.00020504 0.00014659 0.00007731 0.00022558 0.49118714 0.01032317 0.28479228 0.00711527 0.00480391 0.00799971 0.18907007 0.00405392
21.20106005 0.83103767 0.00020727 0.00016874 0.00005845 0.00019284 0.49050852 0.01022849 0.28665779 0.00763703 0.00536270 0.00814503 0.18730226 0.00353088
21.30106505 0.83065874 0.00014018 0.00014946 0.00005214 0.00011788 0.49116086 0.00910301 0.28863306 0.00602816 0.00344407 0.01007825 0.18861256 0.00248039
21.40107005 0.82881319 0.00031280 0.00017324 0.00025182 0.00319506 0.49515819 0.00854463 0.28390623 0.00454059 0.00546362 0.00891488 0.18729872 0.00224021
21.50107505 0.82827578 0.00019451 0.00019118 0.00023294 0.00361787 0.49864936 0.00749528 0.27964752 0.00287266 0.00557165 0.01026202 0.18794030 0.00332470
21.60108005 0.82803446 0.00015124 0.00014148 0.00014852 0.00131429 0.49833175 0.00965227 0.28005399 0.00354044 0.00565840 0.00992405 0.18781437 0.00326918
21.70108505 0.82655432 0.00014159 0.00017483 0.00005044 0.00006658 0.49566398 0.01179319 0.27835058 0.00583455 0.00732259 0.00940628 0.18848802 0.00270736
21.80109005 0.82619926 0.00028021 0.00016544 0.00023879 0.00307500 0.49803854 0.01086213 0.27719388 0.00339964 0.00893568 0.00761119 0.18766645 0.00253304
21.90109505 0.82530614 0.00015472 0.00020842 0.00001389 0.00007286 0.49863273 0.00842812 0.27989348 0.00506029 0.00852093 0.00622145 0.19074444 0.00204867
22.00110006 0.82506367 0.00013329 0.00018966 0.00001798 0.00006885 0.49914021 0.00942588 0.28029366 0.00455643 0.00898211 0.00594708 0.18939435 0.00185049
22.10110506 0.82455350 0.00012182 0.00015317 0.00002947 0.00008131 0.49836798 0.01164187 0.27948805 0.00421796 0.00836387 0.00780858 0.18762692 0.00209900
22.20111006 0.82342924 0.00010029 0.00017083 0.00002116 0.00005286 0.49690096 0.01288937 0.28099321 0.00351681 0.00838787 0.00526814 0.18954713 0.00215137
22.30111506 0.82303923 0.00016545 0.00015226 0.00002009 0.00014969 0.49697657 0.01155471 0.28065159 0.00491499 0.00845452 0.00494560 0.18976506 0.00224947
22.40112006 0.82146969 0.00011029 0.00015314 0.00001651 0.00005987 0.49952890 0.01133440 0.27880173 0.00439359 0.00841662 0.00566627 0.18909961 0.00241907
22.50112506 0.82018372 0.00009254 0.00014505 0.00001798 0.00005921 0.49822037 0.01119853 0.28092939 0.00382002 0.00836663 0.00630078 0.18833856 0.00251095
22.60113006 0.81932571 0.00025535 0.00020503 0.00002684 0.00022326 0.49708881 0.01053195 0.28096046 0.00726181 0.00896896 0.00379350 0.18877675 0.00190730
22.70113506 0.81898938 0.00019375 0.00019563 0.00015616 0.00156303 0.50525291 0.01069648 0.27593694 0.00190852 0.01045230 0.00368277 0.18816222 0.00179930
22.80114006 0.81689110 0.00026984 0.00015787 0.00021776 0.00335926 0.50198567 0.01010024 0.27660389 0.00219042 0.00986991 0.00573199 0.18738266 0.00213048
22.90114506 0.81680038 0.00043774 0.00016358 0.00027153 0.00258468 0.50131730 0.00821003 0.27492498 0.00257323 0.00974854 0.00759776 0.18984559 0.00232503
23.00115006 0.81688728 0.00017000 0.00017935 0.00015925 0.00125950 0.50014500 0.01110841 0.27497386 0.00124425 0.00958955 0.00789661 0.19111224 0.00216198
23.10115506 0.81612822 0.00006575 0.00017955 0.00009500 0.00010826 0.50148518 0.01082956 0.27535678 0.00137136 0.01005108 0.00548602 0.19092741 0.00404405
23.20116006 0.81452009 0.00021298 0.00019989 0.00020267 0.00170810 0.50265251 0.01089429 0.27364092 0.00149721 0.01339089 0.00391914 0.18811579 0.00356561
23.30116506 0.81254946 0.00005882 0.00017750 0.00003997 0.00005872 0.50472155 0.00984652 0.28177434 0.00139399 0.00792529 0.00395163 0.18740133 0.00265035
23.40117006 0.81230521 0.00006483 0.00018359 0.00003089 0.00005301 0.50443652 0.01106999 0.27743949 0.00147468 0.00808367 0.00326575 0.19185673 0.00204084
23.50117506 0.81212734 0.00005777 0.00017315 0.00003960 0.00003613 0.50256467 0.01036274 0.27873807 0.00116685 0.00842915 0.00266433 0.19209496 0.00367257
23.60118006 0.81083938 0.00009150 0.00017152 0.00005293 0.00194585 0.50461235 0.00956974 0.27800048 0.00081255 0.00994939 0.00162638 0.19126627 0.00190105
23.70118506 0.80836693 0.00031828 0.00014300 0.00029036 0.00508256 0.50110517 0.00874807 0.27954983 0.00092249 0.00953470 0.00107157 0.19166731 0.00156666
23.80119006 0.80718705 0.00011891 0.00016908 0.00002722 0.00209511 0.50071631 0.00879233 0.27866197 0.00449949 0.01084689 0.00108590 0.19160575 0.00138104
23.90119506 0.80693371 0.00007327 0.00014573 0.00001653 0.00003234 0.50253990 0.01051627 0.27834904 0.00216176 0.01052415 0.00157651 0.19244117 0.00162332
24.00120006 0.80673158 0.00015231 0.00014437 0.00012777 0.00150419 0.50459224 0.00822898 0.27813098 0.00083221 0.01030171 0.00145783 0.19283071 0.00169671
24.10120506 0.80521654 0.00010989 0.00020101 0.00001096 0.00012752 0.50234927 0.00670795 0.27691991 0.00238321 0.01232014 0.00121180 0.19620968 0.00144867
24.20121006 0.80394664 0.00005413 0.00021099 0.00000700 0.00003140 0.50118193 0.00668264 0.27746404 0.00181920 0.01434056 0.00184256 0.19480248 0.00156306
24.30121506 0.80312516 0.00008624 0.00015969 0.00006168 0.00196816 0.50630305 0.00527183 0.27442488 0.00118847 0.01075883 0.00606064 0.19235356 0.00136299
24.40122006 0.80275971 0.00018153 0.00015074 0.00016135 0.00168500 0.50725822 0.00610525 0.27477085 0.00118402 0.01084567 0.00356576 0.19297452 0.00111709
24.50122506 0.80344884 0.00010299 0.00015712 0.00009288 0.00129095 0.50667251 0.00592244 0.27535406 0.00157907 0.01089295 0.00364926 0.19292336 0.00136239
24.60123006 0.80326121 0.00011056 0.00014540 0.00001271 0.00003241 0.50591114 0.00627474 0.27544026 0.00337652 0.01089808 0.00317902 0.19360511 0.00101404
24.70123506 0.80320148 0.00008590 0.00017512 0.00000813 0.00004580 0.50551378 0.00487700 0.27537390 0.00297669 0.01275767 0.00309586 0.19417953 0.00091061
24.80124006 0.80241047 0.00017591 0.00014710 0.00014618 0.00126070 0.50716715 0.00492346 0.27358254 0.00279360 0.01062838 0.00357548 0.19447482 0.00112467
24.90124506 0.80216363 0.00004777 0.00014493 0.00000646 0.00002768 0.50673127 0.00488583 0.27529803 0.00218306 0.01047264 0.00371210 0.19535313 0.00113709
25.00125006 0.80194612 0.00004809 0.00013613 0.00001206 0.00005426 0.50607331 0.00350160 0.27493150 0.00191777 0.01032123 0.00555591 0.19653784 0.00091031
25.10125506 0.80027673 0.00006037 0.00014171 0.00002614 0.00006023 0.50488600 0.00525855 0.27445471 0.00158003 0.01014338 0.00602829 0.19637419 0.00098639
25.20126006 0.79885694 0.00004622 0.00017645 0.00000931 0.00002278 0.50267831 0.00496468 0.27407453 0.00172388 0.01008757 0.00414717 0.20098315 0.00108596
25.30126506 0.79849381 0.00005673 0.00017592 0.00001736 0.00006773 0.50230639 0.00364669 0.27424298 0.00188838 0.01037663 0.00549046 0.20089808 0.00083264
25.40127006 0.79810675 0.00003299 0.00016196 0.00001091 0.00201151 0.50255500 0.00273892 0.27406490 0.00134566 0.01070310 0.00493896 0.20051504 0.00092106
25.50127506 0.79782042 0.00004388 0.00015353 0.00001907 0.00005508 0.50306875 0.00284278 0.27395468 0.00148226 0.01077297 0.00653511 0.20005006 0.00102183
25.60128006 0.79855148 0.00021931 0.00018613 0.00021131 0.00288005 0.50292090 0.00261685 0.27182388 0.00133845 0.01058531 0.00360767 0.20248378 0.00112636
25.70128506 0.79876425 0.00046517 0.00015074 0.00039042 0.00473704 0.50285112 0.00450865 0.27042942 0.00273956 0.01033622 0.00219882 0.20023250 0.00096033
