0.00000000 4.00000000 0.00000000 0.00000000 0.00000000 0.00000000 0.00000000 0.00000000 0.00000000 1.00000000 0.00000000 0.00000000 0.00000000 0.00000000
0.10000500 4.00144914 0.01247214 0.00047697 0.00318133 0.08356192 0.08329980 0.13441814 0.01223597 0.56007164 0.04315472 0.04288700 0.00683254 0.01740782
0.20001000 4.00172251 0.00623682 0.00062933 0.00258706 0.05713767 0.12534331 0.21886354 0.03114751 0.35024527 0.07235425 0.08364965 0.01852560 0.03327997
0.30001500 4.00092305 0.00376056 0.00058269 0.00168215 0.03106311 0.16194167 0.23944656 0.06557729 0.24181668 0.06531134 0.11915424 0.03258700 0.03707670
0.40002000 4.00049624 0.00303545 0.00058526 0.00136547 0.03129781 0.18219628 0.23930826 0.07178390 0.17648915 0.08231715 0.13050560 0.03911741 0.04199826
0.50002500 3.99989924 0.00343363 0.00059500 0.00172344 0.03613969 0.19256466 0.22961312 0.07233982 0.14397783 0.09137323 0.14109578 0.04512729 0.04201652
0.60003000 3.99920221 0.00296644 0.00064916 0.00143806 0.03048685 0.21540441 0.21100989 0.09379795 0.11501538 0.09140612 0.14859944 0.05074236 0.03848394
0.70003500 3.99867940 0.00249014 0.00066194 0.00118900 0.02195406 0.22193468 0.19207985 0.10872299 0.10089501 0.09284059 0.14831652 0.06183980 0.04707541
0.80004000 3.99879763 0.00253267 0.00060746 0.00147711 0.02740104 0.22347853 0.20715879 0.10871943 0.08105517 0.08749498 0.14483387 0.06969960 0.04554135
0.90004500 3.99842422 0.00209162 0.00058590 0.00139987 0.02553606 0.22668827 0.20572988 0.12035402 0.06143412 0.08326798 0.14165560 0.07910383 0.05215285
1.00005000 3.99760481 0.00159589 0.00053430 0.00114072 0.01772415 0.24084507 0.21510464 0.13126386 0.04705070 0.07794931 0.13790119 0.07740745 0.05148271
1.10005500 3.99495972 0.00162645 0.00052471 0.00112464 0.01772912 0.24827448 0.21366904 0.13960990 0.04364418 0.07494274 0.13311744 0.07864818 0.04708912
1.20006000 3.99337446 0.00164193 0.00044337 0.00111495 0.02339294 0.26004808 0.21579196 0.14915316 0.04244054 0.06547805 0.11936778 0.07487733 0.04624990
1.30006500 3.99165889 0.00192927 0.00043647 0.00120095 0.02060230 0.26532557 0.20006492 0.15583922 0.05394872 0.06283295 0.11051165 0.08156580 0.04574219
1.40007000 3.99001319 0.00171195 0.00044334 0.00102444 0.02003858 0.27669894 0.18578272 0.16926427 0.05442490 0.06064113 0.09915407 0.08495233 0.04586334
1.50007500 3.98857074 0.00147417 0.00049309 0.00088476 0.01308937 0.28922107 0.18010514 0.17263559 0.04536454 0.06237090 0.09674717 0.09527935 0.04233486
1.60008000 3.98626352 0.00188980 0.00046463 0.00120034 0.02886684 0.30239398 0.16963859 0.17455222 0.04731109 0.06072188 0.08374620 0.09586729 0.03334715
1.70008500 3.98550815 0.00178965 0.00047034 0.00129936 0.02511390 0.30909170 0.16373766 0.18545614 0.04242385 0.05598149 0.07517583 0.09900033 0.04045975
1.80009000 3.97943841 0.00153224 0.00051108 0.00107321 0.01953907 0.31557308 0.15496473 0.19330855 0.04110597 0.06095962 0.06591882 0.10364767 0.04186596
1.90009500 3.97619069 0.00119753 0.00053701 0.00066977 0.00955288 0.32356684 0.16038252 0.20655423 0.03818355 0.06308009 0.05409268 0.11026183 0.03192107
2.00010001 3.97570754 0.00125675 0.00050781 0.00079742 0.01597954 0.33354499 0.15162563 0.21197383 0.03209685 0.06127615 0.05110694 0.11269721 0.02713687
2.10010501 3.97224611 0.00110834 0.00046814 0.00063137 0.00900417 0.33868254 0.14747314 0.21284282 0.03442258 0.06085725 0.05038264 0.11514924 0.02897777
2.20011001 3.96905327 0.00100792 0.00048822 0.00068043 0.01267117 0.34390617 0.13543986 0.22427877 0.02696153 0.06142597 0.04512555 0.11790087 0.03011354
2.30011501 3.96736744 0.00083751 0.00041883 0.00059219 0.00762328 0.35000850 0.12992423 0.22616074 0.02758139 0.05441215 0.05422677 0.11699978 0.03121462
2.40012001 3.96687229 0.00071706 0.00046030 0.00042885 0.00573975 0.35439083 0.12516032 0.22485925 0.02353072 0.05656961 0.05612321 0.12372000 0.02830010
2.50012501 3.96553857 0.00083388 0.00043545 0.00053734 0.00761311 0.36092285 0.12206915 0.22904729 0.02207596 0.05423771 0.05155358 0.12535670 0.02531698
2.60013001 3.96471506 0.00085564 0.00042076 0.00064210 0.01085001 0.36006443 0.11370419 0.23301973 0.02002489 0.05648910 0.05123771 0.12600599 0.02668545
2.70013501 3.96390822 0.00103559 0.00039618 0.00070201 0.01426354 0.36105994 0.10334318 0.23839201 0.02334399 0.05073447 0.05455117 0.13141740 0.02076053
2.80014001 3.96416217 0.00094648 0.00035849 0.00056344 0.01073090 0.36625429 0.10389183 0.23700181 0.02710692 0.04869174 0.05168097 0.12969367 0.02307947
2.90014501 3.96061156 0.00096833 0.00042180 0.00064480 0.01260097 0.37122936 0.09862089 0.23059389 0.02695171 0.05345016 0.04974122 0.13230480 0.02247207
3.00015001 3.96044785 0.00078045 0.00040062 0.00060476 0.00983780 0.37606958 0.10225406 0.23185392 0.01954548 0.05097461 0.04794140 0.13670128 0.02303605
3.10015501 3.95960278 0.00064865 0.00036717 0.00048003 0.00635890 0.38082358 0.10636812 0.23932292 0.01696289 0.04900933 0.04620401 0.13247701 0.02097741
3.20016001 3.95857599 0.00058839 0.00034201 0.00038297 0.00385418 0.38390944 0.10524152 0.24345603 0.01753219 0.04706395 0.04248023 0.13322856 0.02192052
3.30016501 3.95649352 0.00054304 0.00037330 0.00030494 0.00793545 0.38896262 0.10112146 0.24562605 0.01244987 0.05009245 0.03816221 0.13894556 0.01548304
3.40017001 3.95594920 0.00051914 0.00038460 0.00020803 0.00411290 0.39574750 0.08984542 0.25001731 0.01523888 0.04629268 0.03786387 0.14555792 0.01421176
3.50017501 3.95628640 0.00045017 0.00036732 0.00023675 0.00408605 0.39787548 0.08644371 0.24781887 0.01277053 0.04598714 0.03788895 0.14795118 0.01812385
3.60018001 3.95242727 0.00056562 0.00038531 0.00037265 0.00749765 0.40004645 0.08041806 0.25175560 0.01205721 0.04558515 0.03304708 0.15222749 0.01604174
3.70018501 3.95099353 0.00033631 0.00038918 0.00016085 0.00225814 0.40392424 0.07964848 0.25669457 0.01192085 0.04474851 0.03046935 0.15424350 0.01520602
3.80019001 3.95080942 0.00043096 0.00034662 0.00023719 0.00413638 0.41213683 0.07441747 0.25522378 0.01217878 0.04116319 0.02887362 0.15512958 0.01572559
3.90019501 3.94788896 0.00050038 0.00033335 0.00040019 0.00962650 0.41086599 0.06943225 0.25997522 0.01106029 0.03939032 0.02530491 0.15543512 0.01767547
4.00020001 3.94479708 0.00064763 0.00034848 0.00051367 0.00934664 0.41437682 0.06423388 0.26141052 0.00933026 0.03913957 0.02348333 0.15872462 0.01844459
4.10020501 3.94174451 0.00043673 0.00037125 0.00030792 0.00568961 0.41579802 0.06371885 0.26242744 0.00920847 0.03889062 0.02579064 0.16451266 0.01284778
4.20021001 3.93856057 0.00065426 0.00032534 0.00050503 0.00890026 0.41392500 0.06708453 0.26021191 0.01110303 0.03541767 0.02582750 0.16212007 0.01392539
4.30021501 3.93938632 0.00058616 0.00034344 0.00050428 0.00709284 0.41649063 0.05884862 0.26133251 0.01408849 0.03374500 0.02257320 0.16608843 0.01830641
4.40022001 3.93792541 0.00070393 0.00029347 0.00051394 0.01073987 0.41494362 0.05969912 0.26291145 0.01611962 0.03056434 0.02219996 0.16728712 0.01402355
4.50022501 3.93382833 0.00057577 0.00032505 0.00043017 0.00887506 0.41419412 0.05929463 0.27032034 0.01166657 0.03358804 0.02117857 0.16757245 0.01197924
4.60023001 3.93092769 0.00065434 0.00027765 0.00049087 0.01053186 0.42070364 0.05483575 0.26964504 0.01534096 0.02551922 0.02167219 0.16585445 0.01447404
4.70023501 3.92977355 0.00051592 0.00034614 0.00029698 0.00521669 0.42445828 0.05871895 0.27389348 0.01320976 0.02602755 0.01497792 0.17327457 0.00906378
4.80024001 3.92789936 0.00051302 0.00036521 0.00035819 0.00885954 0.42362313 0.05762095 0.27583195 0.00862927 0.02811442 0.01178783 0.17806529 0.00623120
4.90024501 3.92850733 0.00043677 0.00032893 0.00030013 0.00665375 0.42498431 0.05470443 0.27815892 0.00766489 0.02712910 0.01512578 0.17739874 0.00711426
5.00025001 3.92528174 0.00044919 0.00030746 0.00037246 0.00928422 0.42484227 0.05278442 0.27755234 0.00743242 0.03031177 0.00966346 0.17498615 0.01201383
5.10025501 3.92356373 0.00023771 0.00031037 0.00012771 0.00018874 0.42512666 0.05239793 0.27929303 0.01058548 0.03162493 0.01061814 0.17764501 0.01184429
5.20026001 3.92123898 0.00029919 0.00028274 0.00015460 0.00394197 0.42953013 0.04524483 0.28291056 0.00955132 0.02587612 0.01553980 0.17740045 0.00926829
5.30026501 3.92108601 0.00033300 0.00028702 0.00029593 0.00543369 0.43005735 0.04310053 0.28414333 0.00698203 0.02720383 0.01185358 0.18030847 0.01000124
5.40027001 3.91779025 0.00041567 0.00029568 0.00030635 0.00528123 0.43855625 0.03958133 0.28516500 0.00565816 0.02036640 0.01391101 0.18161667 0.00884624
5.50027501 3.91611442 0.00044866 0.00025363 0.00034120 0.00827254 0.43703970 0.04023575 0.28482162 0.00819520 0.02021666 0.01074106 0.17966839 0.00976561
5.60028001 3.91403595 0.00042491 0.00023708 0.00036392 0.00697694 0.43964513 0.04301757 0.28451689 0.00579862 0.01804551 0.01067055 0.18155538 0.00874749
5.70028501 3.91161687 0.00032614 0.00027619 0.00030233 0.00553724 0.44112527 0.04322312 0.28386766 0.00419704 0.01965351 0.00946753 0.18307737 0.00894660
5.80029001 3.90770945 0.00038003 0.00023913 0.00029610 0.00531259 0.44164334 0.03706290 0.28707189 0.01007573 0.01749530 0.00923426 0.18155035 0.00963840
5.90029501 3.90548087 0.00024129 0.00024743 0.00013794 0.00189825 0.44855411 0.03574193 0.29039971 0.00881000 0.01428249 0.00741079 0.18451625 0.00775979
6.00030002 3.90383736 0.00015661 0.00024768 0.00005411 0.00010928 0.45022540 0.03788022 0.28818929 0.00764490 0.01488734 0.00981236 0.18445030 0.00634252
6.10030502 3.90157721 0.00029274 0.00023580 0.00024057 0.00566874 0.44753684 0.03483907 0.28645927 0.00570886 0.01469762 0.00965785 0.18707047 0.00759217
6.20031002 3.90022290 0.00035170 0.00020797 0.00026885 0.00535241 0.44481824 0.04003057 0.28694702 0.00545950 0.01255906 0.00961222 0.18746771 0.00692474
6.30031502 3.89573479 0.00034879 0.00021662 0.00019085 0.00346049 0.43945946 0.03940735 0.28676428 0.00678476 0.01209213 0.01693052 0.18746752 0.00687723
6.40032002 3.89186132 0.00022194 0.00019881 0.00019158 0.00170985 0.44222864 0.03947417 0.28863702 0.00470982 0.01016130 0.01694671 0.18477424 0.01074593
6.50032502 3.88990233 0.00026638 0.00022625 0.00021804 0.00582587 0.44021485 0.03962985 0.28609045 0.00427425 0.01378153 0.01557783 0.18368691 0.01020778
6.60033002 3.88933415 0.00014817 0.00020655 0.00011489 0.00013967 0.44200355 0.04004147 0.28751509 0.00427548 0.01337191 0.01748384 0.18490290 0.00979648
6.70033502 3.88809258 0.00022717 0.00022162 0.00015302 0.00397284 0.44240516 0.03398770 0.28724543 0.00567717 0.01694664 0.01566845 0.18518115 0.00831364
6.80034002 3.88699021 0.00025157 0.00019540 0.00015909 0.00171980 0.44659093 0.03851671 0.28509301 0.00695941 0.01426245 0.01306438 0.18585820 0.00732904
6.90034502 3.88511695 0.00038805 0.00019917 0.00035324 0.00676050 0.44923358 0.03306077 0.28499575 0.00589651 0.01553948 0.00808392 0.18603201 0.00945701
7.00035002 3.88329582 0.00030938 0.00018524 0.00028397 0.00693869 0.45031020 0.03591931 0.28485806 0.00553659 0.01382292 0.00821674 0.18482358 0.00879532
7.10035502 3.88303466 0.00024363 0.00018948 0.00018202 0.00411961 0.45212325 0.03879880 0.28484572 0.00542980 0.01009145 0.00986143 0.18675011 0.00736470
7.20036002 3.88108433 0.00023744 0.00021351 0.00011862 0.00189822 0.45428882 0.03864914 0.28090262 0.00732546 0.01074053 0.01166017 0.18785452 0.00611095
7.30036502 3.88081211 0.00032431 0.00022793 0.00022992 0.00335532 0.45475883 0.03007945 0.28265404 0.00704806 0.01462112 0.01198021 0.18773808 0.00698273
7.40037002 3.87918560 0.00027287 0.00020099 0.00024706 0.00351348 0.45285670 0.03084083 0.28246332 0.00600543 0.01441489 0.01231809 0.18806411 0.00880222
7.50037502 3.87623782 0.00021295 0.00022357 0.00019825 0.00358108 0.45251885 0.02804251 0.28567437 0.00389083 0.01563984 0.01200736 0.18994337 0.00806701
7.60038002 3.87464262 0.00023806 0.00020863 0.00023040 0.00368640 0.45824814 0.02230362 0.28307862 0.00506291 0.01356662 0.01410901 0.19089799 0.00836959
7.70038502 3.87433179 0.00014830 0.00023790 0.00019391 0.00198417 0.46235669 0.02109223 0.28273608 0.00298008 0.01349539 0.01243339 0.19317395 0.00916792
7.80039002 3.86970066 0.00025270 0.00022214 0.00024275 0.00348381 0.45957833 0.02468915 0.28121326 0.00427897 0.01233988 0.01533174 0.19064640 0.00772088
7.90039502 3.87001539 0.00026255 0.00021339 0.00021099 0.00376144 0.45934987 0.02499073 0.28112345 0.00437104 0.01124953 0.01840468 0.19006376 0.00599856
8.00040002 3.86616328 0.00024065 0.00021635 0.00022455 0.00561393 0.45607588 0.02421023 0.28310760 0.00408745 0.01093055 0.01843549 0.18766963 0.00918770
8.10040502 3.86512084 0.00039855 0.00021111 0.00038674 0.00684427 0.45493881 0.02315621 0.28764048 0.00469052 0.01084225 0.01596400 0.18636735 0.00855972
8.20041002 3.86426309 0.00017875 0.00021156 0.00022875 0.00268100 0.45930073 0.02467005 0.28774923 0.00338106 0.01284418 0.01490005 0.18589430 0.00796034
8.30041502 3.86265831 0.00019610 0.00019747 0.00015850 0.00205266 0.46061221 0.02252149 0.28939854 0.00487367 0.01262850 0.01526804 0.18516328 0.00692953
8.40042002 3.85980761 0.00028407 0.00022026 0.00022342 0.00520418 0.46019479 0.02069549 0.29129469 0.00340045 0.01637648 0.01477913 0.18391377 0.00341326
8.50042502 3.85777164 0.00019577 0.00021776 0.00018242 0.00472669 0.46216018 0.02128429 0.29081928 0.00283963 0.01404498 0.01295932 0.18675781 0.00381188
8.60043002 3.85607222 0.00025677 0.00019296 0.00022981 0.00350909 0.46509196 0.02023166 0.29077725 0.00304505 0.01193177 0.01556327 0.18400606 0.00516435
8.70043502 3.85409365 0.00025821 0.00023589 0.00017931 0.00347527 0.46575840 0.01705326 0.28846433 0.00482863 0.01249897 0.01713191 0.18704242 0.00307341
8.80044002 3.85202067 0.00019899 0.00022183 0.00014596 0.00365014 0.46632522 0.01576671 0.28870277 0.00323280 0.01232564 0.01806039 0.18842454 0.00294501
8.90044502 3.85248672 0.00019040 0.00021331 0.00010159 0.00170047 0.47054250 0.01531682 0.28702889 0.00330276 0.01237490 0.01612691 0.18984039 0.00326105
9.00045002 3.85006463 0.00017194 0.00021084 0.00010611 0.00161284 0.47393801 0.01591741 0.28482230 0.00365708 0.01223153 0.01525115 0.18879732 0.00328348
9.10045502 3.84858674 0.00024228 0.00020044 0.00016063 0.00358991 0.47253857 0.02061013 0.28325225 0.00467896 0.01274367 0.01346302 0.18526507 0.00325507
9.20046002 3.84768009 0.00022528 0.00020183 0.00017992 0.00337198 0.47468460 0.02594962 0.28246433 0.00272722 0.01419809 0.01024909 0.18245115 0.00329689
9.30046502 3.84654524 0.00011601 0.00020339 0.00006578 0.00009482 0.47676376 0.02700808 0.28160565 0.00427642 0.01368113 0.00716789 0.18374606 0.00527100
9.40047002 3.84421059 0.00019625 0.00020574 0.00011010 0.00181262 0.47938822 0.02525357 0.27666505 0.00613815 0.01528487 0.00554167 0.18445612 0.00494764
9.50047502 3.83869565 0.00024930 0.00022177 0.00018055 0.00533749 0.47700346 0.02474552 0.27675952 0.00384367 0.01875693 0.00621073 0.18325832 0.00343274
9.60048002 3.83651103 0.00020704 0.00023198 0.00014163 0.00352608 0.47791519 0.02692616 0.27668271 0.00349949 0.02050370 0.00432978 0.18266642 0.00336982
9.70048502 3.83389947 0.00018383 0.00023752 0.00011124 0.00385839 0.47697913 0.02680681 0.27704577 0.00310586 0.02050638 0.00441653 0.18323121 0.00351734
9.80049002 3.83092383 0.00022501 0.00020546 0.00011842 0.00162913 0.47466461 0.03010639 0.27566417 0.00513938 0.01839387 0.00873778 0.18107189 0.00404389
9.90049502 3.82800074 0.00024789 0.00020348 0.00010520 0.00188286 0.47028951 0.03181627 0.27226037 0.00686740 0.01647370 0.01464918 0.18077293 0.00443121
10.00050003 3.82709957 0.00024407 0.00022812 0.00015357 0.00353297 0.47083277 0.02810550 0.27067629 0.00613762 0.02024379 0.01546433 0.18001902 0.00436194
10.10050503 3.82561870 0.00010363 0.00024420 0.00006551 0.00009365 0.47200399 0.02725570 0.27098894 0.00486727 0.02189733 0.01518422 0.18086555 0.00643003
10.20051003 3.82441354 0.00018167 0.00023256 0.00011544 0.00182717 0.47375722 0.02391288 0.27055539 0.00635165 0.01992206 0.01544601 0.18153277 0.00616518
10.30051503 3.82179478 0.00021941 0.00021421 0.00012027 0.00169470 0.47394491 0.02483031 0.27218861 0.00754209 0.01813974 0.01750163 0.17951253 0.00409158
10.40052003 3.82005014 0.00030703 0.00022948 0.00022507 0.00560041 0.47398466 0.02086802 0.27679546 0.00629221 0.01864591 0.01750802 0.17634449 0.00319924
10.50052503 3.81850938 0.00020595 0.00022490 0.00013691 0.00382587 0.48030847 0.02184854 0.27642670 0.00436877 0.01641569 0.01611255 0.17662424 0.00350139
10.60053003 3.81477689 0.00022570 0.00020256 0.00019301 0.00369721 0.47928626 0.02210521 0.27628261 0.00422433 0.01473740 0.01601294 0.17549117 0.00754161
10.70053503 3.81427230 0.00011671 0.00021162 0.00008755 0.00208267 0.48186424 0.02242194 0.27605284 0.00436171 0.01533568 0.01546426 0.17453561 0.00746516
10.80054003 3.81362227 0.00023013 0.00019530 0.00016385 0.00170539 0.48349459 0.02159883 0.27610894 0.00451901 0.01487700 0.01705596 0.17332417 0.00672683
10.90054503 3.81173357 0.00015238 0.00020795 0.00005696 0.00208164 0.48244439 0.02305000 0.27514347 0.00549173 0.01666210 0.01420794 0.17554209 0.00495936
11.00055003 3.81134686 0.00024700 0.00018839 0.00016981 0.00565931 0.48655027 0.02264475 0.27459149 0.00451963 0.01316831 0.01221060 0.17550154 0.00454889
11.10055503 3.81078584 0.00021888 0.00021723 0.00017821 0.00541506 0.48856685 0.02091426 0.27491908 0.00281565 0.01349989 0.01042275 0.17879695 0.00403519
11.20056003 3.80710579 0.00018624 0.00022395 0.00012857 0.00369985 0.49049730 0.01956546 0.27462301 0.00282429 0.01316504 0.01474590 0.17749071 0.00284970
11.30056503 3.80278500 0.00033787 0.00019941 0.00030377 0.00530320 0.48058550 0.01805805 0.27445193 0.00511376 0.01336952 0.01998379 0.17539364 0.00689956
11.40057003 3.80137383 0.00022623 0.00024015 0.00022442 0.00264375 0.48150659 0.01835948 0.27631063 0.00567226 0.01204294 0.01606869 0.17989969 0.00680517
11.50057503 3.80082937 0.00017042 0.00022367 0.00010325 0.00167766 0.48719581 0.01895855 0.27991518 0.00474774 0.00893730 0.01347584 0.17972804 0.00486655
11.60058003 3.79943876 0.00016281 0.00022383 0.00010487 0.00191073 0.48772396 0.02238425 0.27987738 0.00379659 0.01140314 0.00932954 0.17877169 0.00431121
11.70058503 3.79761036 0.00016977 0.00019976 0.00008974 0.00174933 0.48801960 0.02103309 0.28180605 0.00568667 0.01115267 0.00927271 0.17682192 0.00399869
11.80059003 3.79640466 0.00023768 0.00020032 0.00022754 0.00752327 0.48925804 0.02046246 0.27802247 0.00321563 0.01093144 0.00923642 0.17558773 0.00509700
11.90059503 3.79521461 0.00014602 0.00021402 0.00007588 0.00208589 0.48947566 0.02261705 0.27537431 0.00492131 0.01427288 0.01116838 0.17466314 0.00498547
12.00060003 3.79534998 0.00023921 0.00017244 0.00017669 0.00370439 0.48940706 0.02259694 0.27562599 0.00440431 0.01202251 0.01205897 0.17477199 0.00481949
12.10060503 3.79138491 0.00016379 0.00020441 0.00003687 0.00014659 0.48999335 0.01976969 0.27828621 0.00779311 0.01198314 0.01194084 0.17553290 0.00414910
12.20061003 3.79124288 0.00012564 0.00018561 0.00003774 0.00007576 0.49386153 0.02207916 0.27798731 0.00549273 0.01013707 0.01032928 0.17582847 0.00385969
12.30061503 3.78911833 0.00021955 0.00018415 0.00016340 0.00191417 0.49094799 0.02111883 0.27686947 0.00671637 0.00570409 0.01072275 0.17829430 0.00714493
12.40062003 3.78657607 0.00031080 0.00017182 0.00014804 0.00399934 0.49242218 0.01681446 0.27487883 0.00973130 0.00434952 0.01654671 0.17617766 0.00444934
12.50062503 3.78258292 0.00012154 0.00018342 0.00013908 0.00212322 0.49413370 0.02475423 0.27350423 0.00372492 0.00633109 0.01318009 0.17384757 0.00795692
12.60063003 3.77933866 0.00026960 0.00019719 0.00024145 0.00490795 0.48991277 0.02176427 0.27519518 0.00362865 0.00834212 0.01556873 0.17635275 0.00361935
12.70063503 3.77595718 0.00025151 0.00018790 0.00022146 0.00320938 0.48821219 0.02278484 0.27613390 0.00265623 0.00821366 0.01922487 0.17525234 0.00365171
12.80064003 3.77407169 0.00007898 0.00020564 0.00003729 0.00005924 0.49585002 0.01949043 0.27301579 0.00291721 0.00988958 0.01785598 0.17703896 0.00356086
12.90064503 3.77298523 0.00009607 0.00019664 0.00004201 0.00007103 0.49340018 0.02338093 0.27688397 0.00308447 0.00927759 0.01566260 0.17424162 0.00366290
13.00065003 3.76915143 0.00013323 0.00019687 0.00010329 0.00016095 0.49330747 0.02327372 0.26966558 0.00496855 0.00892405 0.01361772 0.17790603 0.00774256
13.10065503 3.76711883 0.00054123 0.00016473 0.00046166 0.01042330 0.49041744 0.01729590 0.26916261 0.00865969 0.00706761 0.01378683 0.17518761 0.00683138
13.20066003 3.76440358 0.00031922 0.00016707 0.00018984 0.00388535 0.49199873 0.02213457 0.27034606 0.01012627 0.00685399 0.01361039 0.17463414 0.00573435
13.30066503 3.75710937 0.00017271 0.00020905 0.00006185 0.00012702 0.48916524 0.02810028 0.26936715 0.00665926 0.00882868 0.01703350 0.17642988 0.00384537
13.40067003 3.75603241 0.00017374 0.00020265 0.00004716 0.00013212 0.48832809 0.02645821 0.26619605 0.00861498 0.00916029 0.01859773 0.17811292 0.00397606
13.50067503 3.75256683 0.00014934 0.00021023 0.00010418 0.00208547 0.48689202 0.01840426 0.27589237 0.00746222 0.00969421 0.01493903 0.17731117 0.00685552
13.60068003 3.75088104 0.00037538 0.00019032 0.00030154 0.00711391 0.48892285 0.01851875 0.27226720 0.00603318 0.00970058 0.01471768 0.17691906 0.00493956
13.70068503 3.74947783 0.00039627 0.00018956 0.00029111 0.00724851 0.49061653 0.01670376 0.27343327 0.00708916 0.00769333 0.01396498 0.17806730 0.00430620
13.80069003 3.74724937 0.00021364 0.00018817 0.00010472 0.00183022 0.49623393 0.01678184 0.27152050 0.00749388 0.00755497 0.01398714 0.17850243 0.00558856
13.90069503 3.74625887 0.00023133 0.00020768 0.00021008 0.00346014 0.49357137 0.01541762 0.27173078 0.00564300 0.00839883 0.01442822 0.18009135 0.00660961
14.00070004 3.74412745 0.00015481 0.00022433 0.00007235 0.00013048 0.49300848 0.01482492 0.26985032 0.00912821 0.01022138 0.01385878 0.18269550 0.00583045
14.10070504 3.74141723 0.00045095 0.00020288 0.00032902 0.00674503 0.49224522 0.01198681 0.27094125 0.01281647 0.00954466 0.00915732 0.18106598 0.00451440
14.20071004 3.74045246 0.00023597 0.00021310 0.00009900 0.00387465 0.49232217 0.01201589 0.27495324 0.01073914 0.01133513 0.00907102 0.18317636 0.00196432
14.30071504 3.73917610 0.00008524 0.00021514 0.00006484 0.00004351 0.49117307 0.01943212 0.27456160 0.00539955 0.01517774 0.00729582 0.18287245 0.00367891
14.40072004 3.73717620 0.00021947 0.00019552 0.00016396 0.00357043 0.48915152 0.01572216 0.27297632 0.00522460 0.01641720 0.01152600 0.18125944 0.00357339
14.50072504 3.73623459 0.00015426 0.00020185 0.00009799 0.00372491 0.48950011 0.01512633 0.27297038 0.00481847 0.01609069 0.01305782 0.18123697 0.00302021
14.60073004 3.73378054 0.00029045 0.00021122 0.00023709 0.00496258 0.48986348 0.01364813 0.27312569 0.00443598 0.01382490 0.01156291 0.18497471 0.00286285
14.70073504 3.72956289 0.00016292 0.00024059 0.00014996 0.00693599 0.49197048 0.01288114 0.26665277 0.00346346 0.01750266 0.00948951 0.18563351 0.00491702
14.80074004 3.72744880 0.00008628 0.00027766 0.00005036 0.00397943 0.49293036 0.01436139 0.27033757 0.00192109 0.02148044 0.00701585 0.18497396 0.00258561
14.90074504 3.72722606 0.00029376 0.00024179 0.00031230 0.00706812 0.48936419 0.01422912 0.27225631 0.00148939 0.01972235 0.00648297 0.18441536 0.00412434
15.00075004 3.72704808 0.00018322 0.00026230 0.00017682 0.00542085 0.48624644 0.01854178 0.27319281 0.00151247 0.01813191 0.00610732 0.18816655 0.00205753
15.10075504 3.72594131 0.00011933 0.00023033 0.00012721 0.00192848 0.48431923 0.02234992 0.26912970 0.00157885 0.01635396 0.00980937 0.18996679 0.00408684
15.20076004 3.72282947 0.00018001 0.00024757 0.00013813 0.00357933 0.47933885 0.02553334 0.26903018 0.00196961 0.01496432 0.00964942 0.19241908 0.00295014
15.30076504 3.72163016 0.00027163 0.00021843 0.00018727 0.00379728 0.47858391 0.02206317 0.26890840 0.00586973 0.01450745 0.00892370 0.19178181 0.00488721
15.40077004 3.72022233 0.00025117 0.00020040 0.00024459 0.00338573 0.48072819 0.01876769 0.26928244 0.00587970 0.01261026 0.01064756 0.18917871 0.00882357
15.50077504 3.71903998 0.00027544 0.00020746 0.00019069 0.00354001 0.48202219 0.01691198 0.26919564 0.00831888 0.01432012 0.00967071 0.19025459 0.00509229
15.60078004 3.71483903 0.00031564 0.00021334 0.00024128 0.00334010 0.48179657 0.01740457 0.26943205 0.00687594 0.01455906 0.01363643 0.18799898 0.00418604
15.70078504 3.71373309 0.00028355 0.00020722 0.00016847 0.00349311 0.48437130 0.02279515 0.26796656 0.00923361 0.01125001 0.00943726 0.18820491 0.00258885
15.80079004 3.71240027 0.00012566 0.00020513 0.00013767 0.00017317 0.48307145 0.01909297 0.26980606 0.00746358 0.01120942 0.01087463 0.18970794 0.00813233
15.90079504 3.71116693 0.00025702 0.00020033 0.00019867 0.00372315 0.48120783 0.02091058 0.26958431 0.00645349 0.01321100 0.00986029 0.18979653 0.00459681
16.00080004 3.70947220 0.00017789 0.00019535 0.00007684 0.00169817 0.48097204 0.02263832 0.27339379 0.00612706 0.01073029 0.00999247 0.19070853 0.00328924
16.10080504 3.70659633 0.00011640 0.00020919 0.00002852 0.00207975 0.48292758 0.02037537 0.27265140 0.00422225 0.01419621 0.01171019 0.18801562 0.00346752
16.20081004 3.70604812 0.00011802 0.00021239 0.00005587 0.00007473 0.48264599 0.01725173 0.27190999 0.00624095 0.01747823 0.01129262 0.18775340 0.00496608
16.30081504 3.70343324 0.00017784 0.00022066 0.00004111 0.00024750 0.48269852 0.01521632 0.26896586 0.00811298 0.01874093 0.01370676 0.18937404 0.00249749
16.40082004 3.70335563 0.00008977 0.00023425 0.00002741 0.00006929 0.48273128 0.01540766 0.27075172 0.00408131 0.02232192 0.01178441 0.18996084 0.00254015
16.50082504 3.70054290 0.00035395 0.00020394 0.00026301 0.00699197 0.47948102 0.01578397 0.26874647 0.00617691 0.01665115 0.01147504 0.19091742 0.00295516
16.60083004 3.70010348 0.00024337 0.00021136 0.00020587 0.00741503 0.48206436 0.01468689 0.27158446 0.00494422 0.01634711 0.01025466 0.18779272 0.00424997
16.70083504 3.69619476 0.00030600 0.00020949 0.00023381 0.00543675 0.47951915 0.01995309 0.27068741 0.00424388 0.01453761 0.01334158 0.18904635 0.00248490
16.80084004 3.69548436 0.00017596 0.00018196 0.00010498 0.00193926 0.47886546 0.02699786 0.26859621 0.00369726 0.01430719 0.01405014 0.18804918 0.00303453
16.90084504 3.69053980 0.00035583 0.00017523 0.00033825 0.00915648 0.47737645 0.02578186 0.26659831 0.00347812 0.01095142 0.01348242 0.18689859 0.00540704
17.00085004 3.69016901 0.00050290 0.00018053 0.00046817 0.01305846 0.48148145 0.02212994 0.26444618 0.00371770 0.00766400 0.01273569 0.18822783 0.00538713
17.10085504 3.69009093 0.00017633 0.00018979 0.00013627 0.00019981 0.48183539 0.02446121 0.26256492 0.00762521 0.00969339 0.01449201 0.18971651 0.00890916
17.20086004 3.68675884 0.00019892 0.00020727 0.00016692 0.00389074 0.48076183 0.02300015 0.26279285 0.00555481 0.01209450 0.01316864 0.19014354 0.00801983
17.30086504 3.68245400 0.00034871 0.00019234 0.00028049 0.00533307 0.47783524 0.02411651 0.26473229 0.00587290 0.00998369 0.01649540 0.18725644 0.00755291
17.40087004 3.68016936 0.00018956 0.00019930 0.00014353 0.00191861 0.47863410 0.02397835 0.27209584 0.00455394 0.01087049 0.01411905 0.18620027 0.00709697
17.50087504 3.67695132 0.00020003 0.00022930 0.00011713 0.00200512 0.47796152 0.02329535 0.26835337 0.00625709 0.01253466 0.01381078 0.18892115 0.00631449
17.60088004 3.67293802 0.00016637 0.00021415 0.00006239 0.00013774 0.48313118 0.02017451 0.26634868 0.00768763 0.01175880 0.01839772 0.18654719 0.00537363
17.70088504 3.67286753 0.00038884 0.00020049 0.00030781 0.00695263 0.48096852 0.02094684 0.26320616 0.00699588 0.01385790 0.01659364 0.18576694 0.00381436
17.80089004 3.67047929 0.00021936 0.00018246 0.00017144 0.00372271 0.48012131 0.02518280 0.26339823 0.00642666 0.01353929 0.01670378 0.18475871 0.00557325
17.90089504 3.66904875 0.00016440 0.00018660 0.00008617 0.00017568 0.47876844 0.02636259 0.26544538 0.00769655 0.01328709 0.01973619 0.18231249 0.00577841
18.00090005 3.66460881 0.00020086 0.00022163 0.00012116 0.00388217 0.47766626 0.02200179 0.27009781 0.00625553 0.01340968 0.01746406 0.18260462 0.00607443
18.10090505 3.66320244 0.00023041 0.00025265 0.00015882 0.00371839 0.48187762 0.02061483 0.26758801 0.00653627 0.01157562 0.01277249 0.18870610 0.00596878
18.20091005 3.65940133 0.00018027 0.00026194 0.00019468 0.00401729 0.47802391 0.02201084 0.26679631 0.00490810 0.01784158 0.00904049 0.18707626 0.00964834
18.30091505 3.65723362 0.00021917 0.00022368 0.00023496 0.00361535 0.47524370 0.02430571 0.26644346 0.00332750 0.01811873 0.01352511 0.18597043 0.00877221
18.40092005 3.65498976 0.00022128 0.00020275 0.00019150 0.00344070 0.47848897 0.02653387 0.26842445 0.00349694 0.01616228 0.01301748 0.18472155 0.00509823
18.50092505 3.65235244 0.00023976 0.00021265 0.00015621 0.00338248 0.48093605 0.02462508 0.26933365 0.00529381 0.01414355 0.01239835 0.18537409 0.00390431
18.60093005 3.65109123 0.00016018 0.00022604 0.00014685 0.00185701 0.48548603 0.02278786 0.26830233 0.00463520 0.01449325 0.00874261 0.18549236 0.00767030
18.70093505 3.65027907 0.00013828 0.00021076 0.00005378 0.00009953 0.48562269 0.02474196 0.26843144 0.00677017 0.01469107 0.00848683 0.18504404 0.00570946
18.80094005 3.64728502 0.00020612 0.00021836 0.00012376 0.00169249 0.48338013 0.02499431 0.26921882 0.00595502 0.01853316 0.00780895 0.18264954 0.00521935
18.90094505 3.64298969 0.00016446 0.00022798 0.00013369 0.00310381 0.48246173 0.02315338 0.27197413 0.00407900 0.02001521 0.00851022 0.18132095 0.00485543
19.00095005 3.64153998 0.00011263 0.00022664 0.00007213 0.00013199 0.48281408 0.02273609 0.27236136 0.00362359 0.02147758 0.00713609 0.18112035 0.00818748
19.10095505 3.64041579 0.00009839 0.00020244 0.00009288 0.00009202 0.48375750 0.02301317 0.27266042 0.00344797 0.02031984 0.00867802 0.18105979 0.00657754
19.20096005 3.63998756 0.00015218 0.00020040 0.00013117 0.00187671 0.48808516 0.01843925 0.27454549 0.00316318 0.01969451 0.00718981 0.18147444 0.00504769
19.30096505 3.63749880 0.00017894 0.00021189 0.00012445 0.00198870 0.48426201 0.01963226 0.27763972 0.00494099 0.01345703 0.01096072 0.18242935 0.00417393
19.40097005 3.63646199 0.00011433 0.00019892 0.00008788 0.00015444 0.48510634 0.01913003 0.27925910 0.00484096 0.01187783 0.01243898 0.18155781 0.00523338
19.50097505 3.63386672 0.00014089 0.00020578 0.00005608 0.00012040 0.48584460 0.01797785 0.28061177 0.00770418 0.01014274 0.01166770 0.18119510 0.00433290
19.60098005 3.63229042 0.00013706 0.00022998 0.00011033 0.00165505 0.48266764 0.02168043 0.28166693 0.00330434 0.01290017 0.00908926 0.18253528 0.00402353
19.70098505 3.63034827 0.00016690 0.00019136 0.00010084 0.00164218 0.48295580 0.02173682 0.28129560 0.00498485 0.01249176 0.00752921 0.18306548 0.00383919
19.80099005 3.62976294 0.00007894 0.00019051 0.00003238 0.00005182 0.48565479 0.02395981 0.28069325 0.00254486 0.01213541 0.00584980 0.18532604 0.00348239
19.90099505 3.62879724 0.00011419 0.00019394 0.00002972 0.00005439 0.48210584 0.02577481 0.28123706 0.00434575 0.01424463 0.00422222 0.18421853 0.00345892
20.00100005 3.62375390 0.00025596 0.00017929 0.00020602 0.00338885 0.47939373 0.02763441 0.28106475 0.00445111 0.01049284 0.00639060 0.18086939 0.00567306
20.10100505 3.62183219 0.00011251 0.00017782 0.00005842 0.00007706 0.48023523 0.03152982 0.28154046 0.00399369 0.01035553 0.00655404 0.17969096 0.00567447
20.20101005 3.62066426 0.00011919 0.00017393 0.00005530 0.00007488 0.48168008 0.03529609 0.27766765 0.00382113 0.01010770 0.00696450 0.17837064 0.00566892
20.30101505 3.61802210 0.00011466 0.00018095 0.00004838 0.00007556 0.48602315 0.03188767 0.27631461 0.00369987 0.01044880 0.00896719 0.17703249 0.00520667
20.40102005 3.61782760 0.00028195 0.00017157 0.00023835 0.00530698 0.48909825 0.02441292 0.27553748 0.00499827 0.00865208 0.00828182 0.17654061 0.00647973
20.50102505 3.61782243 0.00025657 0.00018386 0.00018011 0.00338815 0.48838163 0.02492039 0.27136356 0.00642095 0.00846671 0.01071889 0.17960424 0.00611493
20.60103005 3.61556337 0.00027005 0.00022002 0.00021259 0.00532107 0.49201622 0.02215352 0.26828700 0.00393772 0.01443483 0.00989832 0.17904193 0.00420674
20.70103505 3.61371192 0.00024568 0.00018308 0.00009174 0.00169919 0.48885572 0.02620923 0.27035261 0.00733749 0.01010297 0.01199633 0.17850562 0.00442035
20.80104005 3.61225242 0.00015129 0.00017885 0.00003530 0.00008304 0.48917271 0.02828979 0.26996140 0.00855174 0.00844202 0.01043698 0.18024502 0.00445186
20.90104505 3.61175990 0.00019219 0.00018920 0.00007061 0.00014978 0.48761750 0.02981815 0.26690877 0.00958654 0.00694652 0.01206126 0.18033802 0.00612146
21.00105005 3.61132075 0.00019547 0.00017876 0.00006011 0.00017318 0.49120886 0.02837031 0.26497102 0.00946299 0.00718433 0.01185578 0.18045703 0.00588216
21.10105505 3.60859535 0.00017365 0.00019809 0.00005071 0.00015310 0.49010851 0.02704304 0.26630401 0.00836440 0.01308296 0.01109910 0.17830643 0.00511599
21.20106005 3.60738372 0.00019602 0.00018196 0.00009170 0.00174353 0.49148954 0.02410146 0.26693831 0.00740555 0.01458590 0.01004645 0.17880429 0.00441529
21.30106505 3.60319807 0.00013263 0.00022139 0.00003738 0.00010607 0.49063224 0.02399676 0.26768894 0.00582086 0.01612577 0.01171449 0.17933165 0.00419181
21.40107005 3.60223501 0.00010006 0.00021964 0.00003850 0.00008388 0.49602452 0.02534542 0.26604261 0.00356398 0.01579756 0.01127366 0.17791566 0.00359449
21.50107505 3.60022922 0.00015108 0.00020006 0.00009787 0.00182491 0.49709468 0.02665779 0.26446917 0.00272696 0.01361218 0.01059717 0.17862390 0.00394422
21.60108005 3.59388098 0.00034623 0.00020564 0.00023842 0.00752996 0.49911310 0.02157361 0.25844404 0.00635833 0.01342660 0.01241475 0.17681061 0.00353870
21.70108505 3.59323722 0.00024876 0.00023051 0.00009044 0.00190071 0.49961490 0.02063092 0.25819305 0.00970590 0.01565613 0.01198526 0.17830542 0.00343801
21.80109005 3.59122602 0.00015362 0.00021893 0.00003989 0.00012978 0.49934395 0.02481463 0.25561550 0.00741725 0.01738719 0.01365814 0.17743443 0.00378670
21.90109505 3.59056916 0.00014897 0.00019700 0.00006632 0.00200555 0.49850003 0.02324650 0.25780782 0.00558758 0.01714100 0.01307044 0.17835414 0.00387464
22.00110006 3.58627039 0.00029552 0.00022843 0.00027083 0.00537269 0.49984849 0.01792997 0.25355307 0.00465558 0.02107873 0.01452189 0.17729129 0.00495353
22.10110506 3.58272533 0.00019430 0.00023370 0.00003571 0.00018233 0.50133989 0.02143656 0.25232668 0.00962692 0.02206944 0.01152339 0.17803028 0.00300080
22.20111006 3.57930004 0.00018978 0.00020796 0.00006351 0.00204920 0.50003674 0.02047502 0.25432592 0.00755483 0.02146616 0.01254688 0.17796322 0.00312077
22.30111506 3.57370827 0.00019320 0.00024373 0.00010562 0.00590349 0.49464433 0.02215638 0.25392968 0.00510344 0.02683412 0.01108852 0.17634815 0.00344934
22.40112006 3.57290071 0.00014359 0.00022746 0.00003276 0.00012027 0.49612139 0.02246000 0.25574639 0.00835820 0.02311468 0.01133814 0.17879008 0.00354704
22.50112506 3.57112412 0.00018550 0.00028167 0.00002503 0.00014746 0.49424885 0.02250159 0.25342176 0.00912142 0.02531178 0.01048287 0.18073594 0.00353613
22.60113006 3.56892856 0.00031990 0.00026106 0.00019176 0.00322081 0.49028582 0.02128306 0.25520793 0.00880822 0.02604670 0.01069102 0.18019850 0.00348523
22.70113506 3.56902100 0.00020043 0.00023525 0.00013440 0.00397289 0.48835199 0.02537247 0.25514838 0.00577601 0.02548538 0.00928705 0.18077901 0.00525676
22.80114006 3.56816118 0.00018314 0.00024766 0.00012591 0.00164933 0.49161715 0.02881265 0.25303646 0.00398459 0.02712190 0.00802176 0.17997683 0.00522262
22.90114506 3.56779929 0.00023183 0.00024247 0.00015896 0.00357511 0.49612544 0.02459490 0.25279522 0.00473963 0.02385472 0.00617175 0.18298215 0.00452783
23.00115006 3.56528067 0.00020573 0.00023799 0.00009289 0.00190213 0.49665831 0.02249764 0.25694492 0.00608169 0.02205789 0.00791805 0.18210088 0.00330187
23.10115506 3.56197199 0.00027731 0.00024701 0.00017955 0.00354300 0.49338926 0.02231806 0.25397063 0.00722794 0.02581489 0.00669930 0.18057820 0.00575484
23.20116006 3.56065524 0.00018135 0.00027504 0.00012351 0.00373951 0.49363218 0.02267549 0.25163377 0.00554596 0.02503592 0.00822717 0.18342308 0.00550700
23.30116506 3.56043207 0.00037865 0.00024748 0.00035934 0.00822250 0.49199204 0.02290554 0.25197701 0.00482889 0.02172375 0.00811576 0.18405972 0.00518933
23.40117006 3.56040359 0.00031608 0.00023823 0.00025484 0.00522345 0.49001400 0.02452215 0.25422809 0.00513961 0.02355826 0.01181925 0.17996142 0.00472461
23.50117506 3.55939135 0.00016273 0.00022876 0.00004710 0.00008931 0.49021265 0.02634222 0.25605249 0.00793189 0.02354143 0.01094541 0.17996467 0.00448134
23.60118006 3.55780493 0.00013326 0.00021770 0.00008725 0.00013308 0.48836266 0.03014797 0.25594877 0.00456746 0.02183915 0.01240396 0.17963172 0.00652702
23.70118506 3.55825083 0.00017439 0.00023088 0.00004417 0.00016655 0.48641190 0.03005791 0.25724744 0.00798262 0.01857004 0.01098662 0.18353975 0.00458773
23.80119006 3.55535582 0.00022746 0.00024084 0.00015618 0.00351224 0.48935276 0.02967354 0.25482561 0.00412825 0.01835037 0.00950230 0.18523043 0.00480002
23.90119506 3.55249951 0.00023469 0.00023672 0.00014009 0.00360686 0.48560689 0.03082844 0.25322671 0.00566359 0.02007792 0.01103516 0.18485176 0.00449118
24.00120006 3.55228739 0.00023000 0.00021859 0.00010214 0.00186007 0.48703895 0.03468359 0.25219226 0.00704892 0.02103019 0.00945709 0.18152001 0.00461818
24.10120506 3.55194188 0.00014762 0.00021927 0.00003765 0.00008086 0.48491487 0.03459708 0.25634450 0.00620611 0.02069999 0.00812669 0.18382137 0.00480399
24.20121006 3.55173521 0.00023627 0.00021238 0.00015317 0.00379620 0.48626880 0.03073801 0.25595552 0.00450793 0.01979996 0.00970696 0.18376335 0.00486146
24.30121506 3.54956873 0.00022984 0.00020198 0.00015409 0.00345389 0.48498560 0.03461947 0.25541831 0.00445410 0.02124785 0.00792909 0.18214626 0.00515952
24.40122006 3.54668367 0.00027771 0.00021122 0.00023752 0.00690678 0.48337045 0.03147101 0.25461491 0.00416682 0.02271918 0.00795117 0.18108424 0.00698898
24.50122506 3.54295872 0.00038398 0.00024205 0.00025603 0.00515062 0.48769139 0.02491554 0.25288604 0.00984173 0.02283631 0.00883317 0.18234422 0.00461893
24.60123006 3.54096114 0.00038723 0.00019817 0.00029165 0.00912624 0.48531338 0.03195584 0.25084952 0.00701841 0.01763424 0.01082924 0.18000469 0.00639140
24.70123506 3.53604436 0.00043944 0.00020032 0.00040886 0.00854490 0.48248173 0.03179888 0.25317478 0.00587478 0.01770570 0.01281756 0.17843747 0.00811558
24.80124006 3.53389104 0.00042575 0.00019060 0.00034403 0.00683154 0.47963767 0.03100789 0.25813360 0.01023142 0.01411210 0.01348495 0.17792603 0.00767442
24.90124506 3.53238205 0.00026887 0.00023426 0.00017241 0.00365771 0.48311385 0.02782710 0.25794507 0.00956205 0.01858207 0.01378516 0.17812475 0.00672669
25.00125006 3.53056815 0.00018548 0.00022223 0.00015196 0.00166034 0.48290801 0.03094600 0.25729262 0.00545015 0.01661409 0.01600776 0.18296304 0.00559832
25.10125506 3.52937811 0.00017833 0.00021403 0.00012268 0.00395750 0.48212928 0.02749588 0.25945774 0.00494917 0.01479165 0.01630799 0.18540730 0.00498846
25.20126006 3.52528797 0.00031394 0.00021709 0.00024417 0.00527575 0.48099736 0.02474824 0.26477279 0.00331603 0.01496462 0.01737337 0.18304814 0.00472850
25.30126506 3.52060788 0.00011160 0.00020322 0.00008310 0.00012576 0.47974172 0.02840025 0.26771000 0.00263533 0.01339958 0.01797648 0.18294547 0.00666748
25.40127006 3.51984345 0.00015531 0.00019511 0.00010586 0.00362914 0.48193885 0.02680614 0.26695233 0.00279580 0.01343832 0.01578907 0.18347539 0.00471868
25.50127506 3.51759120 0.00022261 0.00020653 0.00016887 0.00366229 0.48359493 0.02788419 0.26118487 0.00435955 0.01549793 0.01308306 0.18551573 0.00461944
25.60128006 3.51748814 0.00015645 0.00020731 0.00017498 0.00195287 0.48495894 0.02502856 0.26084454 0.00268245 0.01549177 0.01388655 0.18649745 0.00811814
25.70128506 3.51586441 0.00018753 0.00019860 0.00012258 0.00190337 0.48153455 0.02577326 0.26482846 0.00467251 0.01536492 0.01365063 0.18607347 0.00569012
