0.00000000 4.00000000 0.00000000 0.00000000 0.00000000 0.00000000 0.00000000 0.00000000 0.00000000 1.00000000 0.00000000 0.00000000 0.00000000 0.00000000
0.20004001 4.00112942 0.08305494 0.00032512 0.01380787 0.10355822 0.01053151 0.28035524 0.00549036 0.13033663 0.00626049 0.27984873 0.00139252 0.08503837
0.40008002 4.00743766 0.02303210 0.00040053 0.02267138 0.06151150 0.01480048 0.33745836 0.00480479 0.23762467 0.00437390 0.23117424 0.00762030 0.05452774
0.60012002 4.02972841 0.03543678 0.00103136 0.00945560 0.08948958 0.02518179 0.10211876 0.00941620 0.45384314 0.00786406 0.15176563 0.01050658 0.10389051
0.80016003 4.05648126 0.03240532 0.00095012 0.01168269 0.07442804 0.02437290 0.13613099 0.01411708 0.05028327 0.01520725 0.58119015 0.01335263 0.04587956
1.00020004 4.06637008 0.03790992 0.00105424 0.01246263 0.07680420 0.02706673 0.09610261 0.01484183 0.27535789 0.01560836 0.32786276 0.01942883 0.09549999
1.20024005 4.09630763 0.03482630 0.00158611 0.00972680 0.07888428 0.03515178 0.18800698 0.01713658 0.29600169 0.02695070 0.22412153 0.01517481 0.07243244
1.40028006 4.09787761 0.00944069 0.00133607 0.01153133 0.05718237 0.03600511 0.35497296 0.02212436 0.08122034 0.02193411 0.31362629 0.02460032 0.06602603
1.60032006 4.10500134 0.03921465 0.00192254 0.01121698 0.08726087 0.03742854 0.20947942 0.02572674 0.30346132 0.02513231 0.18123761 0.02578985 0.05212918
1.80036007 4.08136444 0.02327732 0.00157789 0.01174238 0.05201475 0.04755058 0.11040020 0.02687310 0.35854877 0.02852239 0.25264715 0.02147601 0.06536946
2.00040008 4.04935985 0.01364278 0.00165690 0.00850611 0.04726428 0.04904477 0.20739529 0.02721406 0.10456402 0.02617597 0.37059200 0.02790828 0.11603554
2.20044009 4.02781529 0.02540749 0.00199436 0.01274897 0.05479694 0.04056061 0.14499222 0.03075162 0.31083453 0.03298723 0.26666620 0.02970616 0.04855367
2.40048010 4.00716559 0.02301346 0.00195617 0.00985694 0.04241359 0.04370371 0.17237473 0.03504237 0.29655423 0.03223941 0.25529429 0.02905831 0.05849278
2.60052010 3.99385881 0.01844065 0.00197886 0.00808489 0.04482533 0.04648283 0.23180324 0.03749537 0.12328132 0.03416506 0.35158477 0.02787785 0.07397984
2.80056011 3.98294039 0.02797399 0.00227517 0.01169484 0.04056257 0.04624578 0.07923285 0.03914209 0.46574448 0.03419437 0.15016402 0.03214257 0.07062729
3.00060012 3.97005908 0.03088445 0.00232318 0.00828342 0.05862717 0.04663923 0.24482900 0.04117605 0.26959562 0.03734201 0.17862051 0.03451950 0.04715986
3.20064013 3.96605970 0.01400943 0.00240424 0.00869249 0.03949133 0.04889420 0.29919268 0.04437155 0.15402127 0.03533569 0.27394722 0.03699428 0.04264561
3.40068014 3.95830241 0.03746459 0.00284876 0.00981633 0.05939810 0.05040007 0.11812638 0.04536672 0.36868141 0.04245266 0.18461538 0.03493177 0.04589785
3.60072014 3.96811882 0.01772167 0.00267193 0.00866444 0.04367509 0.05345970 0.12482370 0.04885467 0.14561834 0.03764530 0.39137099 0.03736836 0.08812579
3.80076015 3.97206576 0.02076182 0.00305434 0.00778339 0.04017617 0.05021268 0.11534768 0.05020464 0.17557678 0.04260974 0.39797127 0.03791858 0.05838292
4.00080016 3.98959683 0.02376910 0.00305852 0.00682416 0.04805895 0.05038472 0.14256321 0.05333758 0.29914663 0.04215399 0.23142075 0.04106515 0.05821725
4.20084017 3.99606902 0.01115047 0.00316520 0.00943960 0.04052106 0.05472114 0.24661634 0.05425882 0.14594462 0.04253164 0.29901216 0.04132316 0.05131579
4.40088018 4.00141225 0.01685999 0.00325178 0.00631896 0.03751611 0.05789733 0.19598540 0.05706773 0.27003057 0.04465930 0.20621442 0.03912382 0.06507459
4.60092018 4.00107929 0.01860718 0.00338863 0.00637943 0.03431747 0.05461122 0.15492075 0.05752335 0.33919043 0.04442307 0.17618016 0.04805368 0.06240462
4.80096019 3.98533183 0.01163500 0.00341651 0.00724538 0.03310585 0.06164418 0.19915772 0.05990645 0.16867280 0.04847479 0.30653538 0.04455803 0.05564791
5.00100020 3.97395609 0.01378714 0.00350536 0.00677226 0.03195477 0.06272710 0.17260006 0.05814105 0.22618730 0.05085727 0.26532438 0.04676918 0.06137414
5.20104021 3.95697713 0.01791872 0.00365608 0.00763874 0.03478784 0.06501261 0.12542791 0.05905214 0.25534078 0.05069108 0.27553815 0.04958805 0.05534789
5.40108022 3.94302021 0.01259575 0.00363517 0.00785259 0.03508651 0.06584786 0.15831192 0.06084723 0.11582307 0.05398205 0.36818857 0.04768764 0.07014163
5.60112022 3.93138882 0.02260145 0.00351041 0.00756478 0.04444392 0.06703230 0.11359773 0.05961897 0.28714917 0.05463709 0.24304661 0.04520120 0.05159639
5.80116023 3.92209561 0.02115383 0.00377467 0.00749553 0.04260995 0.07447621 0.17333602 0.05366922 0.27701271 0.05886827 0.18567350 0.05121159 0.05071851
6.00120024 3.91925354 0.01031167 0.00377901 0.00726363 0.03935872 0.07223465 0.27701106 0.05517171 0.14271685 0.06147015 0.23644460 0.05334444 0.04089352
6.20124025 3.90589854 0.02379689 0.00368433 0.00693733 0.04277788 0.07568441 0.13908088 0.06014502 0.31619617 0.06233103 0.16799582 0.05215517 0.04921508
6.40128026 3.90208833 0.01687022 0.00398286 0.00666095 0.03284667 0.08480047 0.11997430 0.05991708 0.21675795 0.06537934 0.28904985 0.05192020 0.05184011
6.60132026 3.89565804 0.01391130 0.00390513 0.00640366 0.03626019 0.07861527 0.13690660 0.05745343 0.14905098 0.06470388 0.33406515 0.05732224 0.06140216
6.80136027 3.89640085 0.01650405 0.00419198 0.00710487 0.03295146 0.08362740 0.11320021 0.05995320 0.24686573 0.06858648 0.26471127 0.05564089 0.04666246
7.00140028 3.89482178 0.01131933 0.00436286 0.00630385 0.03124254 0.08701184 0.17264988 0.06014833 0.15621753 0.07087112 0.29001154 0.05560580 0.05425539
7.20144029 3.89272836 0.01479659 0.00419825 0.00686174 0.03219978 0.08217226 0.15144416 0.06147597 0.22183682 0.07263133 0.23911485 0.05752214 0.05574612
7.40148030 3.89825759 0.01674582 0.00402530 0.00749857 0.04091061 0.08040236 0.15559589 0.05869695 0.27313538 0.07184431 0.18189030 0.06103103 0.04822348
7.60152030 3.88970230 0.01207602 0.00434458 0.00748383 0.03609387 0.08297310 0.20224399 0.06062739 0.19703939 0.07374094 0.20859844 0.05831394 0.05646451
7.80156031 3.88215961 0.01222222 0.00425654 0.00698796 0.03615753 0.08193773 0.17941079 0.06427400 0.19779225 0.07420709 0.23983027 0.05532459 0.04759905
8.00160032 3.87054733 0.01580616 0.00425835 0.00687209 0.03486513 0.08250020 0.12722147 0.06264187 0.22698191 0.07579520 0.24802271 0.05680433 0.05823059
8.20164033 3.85520538 0.01233031 0.00452203 0.00690805 0.03671877 0.07930784 0.13458668 0.06462616 0.14631787 0.07415419 0.31887239 0.06138974 0.06026598
8.40168034 3.85154675 0.01460540 0.00438710 0.00778686 0.03760910 0.08024262 0.12292150 0.06452473 0.17727077 0.07682243 0.29575858 0.05602307 0.06204783
8.60172034 3.84608988 0.01763254 0.00438640 0.00601708 0.03778676 0.07883405 0.13965722 0.06566781 0.25884558 0.07754081 0.20544456 0.06157088 0.04661630
8.80176035 3.84488884 0.01206723 0.00433889 0.00737902 0.03831598 0.07561891 0.21846205 0.06529915 0.16361135 0.07496159 0.23031128 0.06378140 0.04585314
9.00180036 3.83455131 0.01713127 0.00444543 0.00774485 0.03640110 0.07591060 0.18674366 0.06845502 0.24452069 0.07845407 0.18003857 0.05673483 0.04341991
9.20184037 3.82479878 0.01689498 0.00442966 0.00598539 0.03598503 0.08184570 0.13392013 0.07328135 0.26104184 0.07554798 0.20018210 0.05889525 0.05199059
9.40188038 3.81656077 0.01110556 0.00448793 0.00577085 0.03662196 0.07774945 0.16023319 0.06781251 0.15425772 0.07895651 0.29684339 0.06099354 0.04516738
9.60192038 3.80571190 0.01567807 0.00449267 0.00607889 0.03630189 0.08192202 0.12167714 0.07037519 0.22204832 0.07404416 0.25665184 0.06116591 0.04956390
9.80196039 3.80597986 0.01221365 0.00448801 0.00662529 0.03121151 0.08076858 0.13574239 0.07330241 0.17111706 0.07759953 0.29924562 0.05784142 0.04984453
10.00200040 3.80265690 0.01188670 0.00462722 0.00581795 0.03240999 0.08458566 0.13696541 0.06977304 0.18026444 0.07914187 0.27886863 0.06187216 0.05378694
10.20204041 3.80509771 0.01575320 0.00440721 0.00649456 0.03641253 0.08054592 0.14517994 0.06838558 0.24784150 0.07813671 0.20549834 0.06452452 0.04681999
10.40208042 3.80646181 0.01259929 0.00489374 0.00604211 0.03354889 0.08377595 0.19232693 0.07544125 0.19889765 0.08423897 0.20589465 0.05965003 0.04269054
10.60212042 3.80066614 0.01222169 0.00451282 0.00602157 0.03247440 0.08640206 0.18021278 0.07562655 0.21075056 0.08071951 0.20255963 0.06273901 0.04575942
10.80216043 3.79487146 0.01317102 0.00507490 0.00551364 0.03158804 0.08527701 0.15065776 0.07126294 0.21276889 0.08723914 0.22747399 0.06514595 0.04482672
11.00220044 3.78445759 0.01072793 0.00467761 0.00417578 0.02770725 0.08825080 0.13075961 0.07469078 0.17699490 0.08614165 0.27419455 0.06623910 0.05544004
11.20224045 3.78076314 0.01039020 0.00472562 0.00504131 0.02592181 0.08483630 0.12504802 0.07944677 0.15774324 0.08723877 0.30437687 0.06375247 0.05147862
11.40228046 3.77690476 0.01379315 0.00496383 0.00489194 0.02583085 0.08664936 0.11868014 0.07407915 0.21086376 0.08636872 0.25504302 0.06593888 0.05289721
11.60232046 3.77292806 0.01011691 0.00501608 0.00481552 0.02931720 0.08680570 0.16998530 0.07628575 0.18799252 0.08743624 0.23200554 0.06645618 0.04376707
11.80236047 3.77317966 0.01093970 0.00495255 0.00496146 0.03021449 0.08335065 0.18331084 0.08102363 0.19495881 0.08818317 0.20872890 0.06648994 0.04288586
12.00240048 3.76202044 0.01523242 0.00501708 0.00501364 0.02984736 0.09039697 0.14640005 0.08276852 0.25788594 0.08684645 0.17518321 0.06297092 0.04243744
12.20244049 3.75207596 0.01077092 0.00506778 0.00459952 0.02991788 0.09061793 0.16917519 0.07454759 0.17739395 0.09176287 0.23669175 0.06400378 0.04545084
12.40248050 3.74283278 0.01287736 0.00477266 0.00551541 0.03201763 0.08782222 0.14135024 0.07453170 0.19485377 0.08866068 0.24338519 0.07021267 0.04400047
12.60252050 3.73381080 0.01276725 0.00481577 0.00532897 0.03268582 0.09274055 0.12150469 0.07877685 0.18123859 0.09075931 0.26719617 0.06290745 0.04927859
12.80256051 3.73219634 0.01034857 0.00479201 0.00522425 0.03547131 0.09745179 0.12129379 0.07710299 0.14811360 0.08934172 0.29403016 0.06531142 0.05151838
13.00260052 3.73197562 0.01378988 0.00495900 0.00524613 0.03207440 0.09189357 0.11975281 0.07631193 0.21880047 0.09309748 0.22636076 0.07173796 0.04597561
13.20264053 3.73213603 0.01172194 0.00477035 0.00587196 0.03549491 0.09173790 0.17164949 0.07902874 0.18609615 0.09231146 0.21161035 0.06615148 0.04355527
13.40268054 3.72854719 0.01184012 0.00473553 0.00643950 0.03362261 0.09608402 0.17641443 0.07800228 0.20381177 0.09244088 0.19355569 0.06273723 0.04031595
13.60272054 3.72639912 0.01326949 0.00483508 0.00611453 0.03137486 0.09681606 0.16148117 0.07554250 0.21854955 0.09353777 0.18896178 0.06526853 0.04424867
13.80276055 3.71672049 0.01097264 0.00496344 0.00512915 0.03008362 0.10013781 0.14587071 0.07410584 0.18323131 0.09578072 0.23451790 0.06701213 0.04819474
14.00280056 3.70963119 0.01196023 0.00498101 0.00630322 0.03352059 0.09955528 0.11935286 0.07080131 0.16657454 0.09484168 0.26940780 0.06982067 0.05288084
14.20284057 3.70614609 0.01209024 0.00479314 0.00649624 0.03491811 0.10247452 0.11288585 0.07090882 0.17435198 0.09212161 0.27227747 0.06770186 0.04898017
14.40288058 3.70207575 0.01079729 0.00505081 0.00469721 0.03079978 0.09695240 0.13489465 0.07494549 0.18474823 0.09659116 0.24676047 0.06646007 0.04730244
14.60292058 3.69909855 0.00995594 0.00469943 0.00530035 0.03267298 0.09777234 0.16558674 0.07308486 0.17115041 0.09554277 0.23006209 0.06890052 0.04527155
14.80296059 3.69438710 0.01351941 0.00509925 0.00589811 0.03779101 0.10173405 0.15006280 0.07191465 0.22151358 0.09816698 0.18265319 0.07108501 0.04056197
15.00300060 3.68834092 0.01161995 0.00532732 0.00552637 0.03455611 0.10635447 0.16247012 0.07224244 0.19928541 0.09931098 0.18907249 0.07076472 0.04346961
15.20304061 3.67163289 0.01120557 0.00510301 0.00544591 0.03794616 0.10366475 0.15709664 0.07316992 0.17838732 0.09696208 0.21750895 0.07110016 0.04240952
15.40308062 3.66061820 0.01303159 0.00551740 0.00600254 0.03600626 0.10495038 0.11794230 0.07034198 0.19163856 0.10017068 0.23350682 0.07501949 0.04587198
15.60312062 3.65644481 0.01010574 0.00548807 0.00568996 0.03758927 0.10586317 0.11485364 0.07241770 0.14578655 0.10214328 0.27770249 0.07608770 0.04627241
15.80316063 3.65163893 0.01207307 0.00581163 0.00456923 0.02979955 0.10503818 0.11101417 0.07614793 0.18256314 0.10623876 0.24427336 0.07476343 0.04770754
16.00320064 3.65063123 0.01105672 0.00562905 0.00618246 0.03045995 0.10609666 0.13927429 0.07616667 0.17890928 0.10616618 0.22137052 0.07794137 0.04074686
16.20324065 3.64481976 0.01055148 0.00569424 0.00519888 0.03266616 0.10534581 0.15981906 0.07660718 0.18006961 0.10686355 0.19996220 0.07748915 0.03973268
16.40328066 3.63994279 0.01132893 0.00596287 0.00386576 0.03100471 0.10640365 0.14879547 0.07789485 0.21753682 0.10630128 0.17265322 0.07743727 0.04081516
16.60332066 3.62969998 0.00990826 0.00575098 0.00461773 0.02785155 0.11049721 0.15518655 0.07506562 0.18259615 0.10541737 0.20463914 0.07726876 0.04120069
16.80336067 3.61882968 0.01053151 0.00572703 0.00437572 0.02684562 0.10697449 0.13225904 0.07444442 0.17980448 0.10703845 0.22787835 0.07781555 0.04630534
17.00340068 3.61196177 0.01076467 0.00557752 0.00509278 0.02735661 0.10339983 0.11628536 0.08301973 0.16753203 0.10501216 0.25536527 0.07499069 0.04560335
17.20344069 3.60822268 0.01266741 0.00571728 0.00675092 0.03109175 0.10648390 0.11404228 0.08286577 0.16729809 0.10705778 0.24936284 0.07187521 0.04478678
17.40348070 3.60900932 0.01018460 0.00577891 0.00551521 0.03345945 0.10201787 0.12833684 0.07888433 0.17060645 0.10741904 0.23383593 0.07989978 0.04406159
17.60352070 3.60892554 0.01062921 0.00580742 0.00503323 0.03444301 0.09899333 0.13904991 0.08088358 0.18119239 0.11199473 0.20990354 0.08032088 0.04174878
17.80356071 3.60229119 0.01122948 0.00600199 0.00516510 0.02885969 0.10530597 0.14726560 0.08628666 0.20203139 0.11282751 0.17866150 0.07957780 0.03678731
18.00360072 3.59853986 0.00967537 0.00591209 0.00513188 0.02768450 0.10844871 0.15840363 0.08636848 0.17818877 0.11485152 0.19529986 0.07441912 0.03561605
18.20364073 3.59010842 0.01038610 0.00600722 0.00324676 0.02631481 0.10705218 0.12746901 0.08122570 0.18926352 0.11477026 0.20897784 0.08294457 0.04234203
18.40368074 3.57728096 0.00943009 0.00564687 0.00432326 0.03040948 0.10550404 0.11508009 0.08074873 0.16246288 0.11235287 0.24956190 0.07974742 0.04473237
18.60372074 3.57098836 0.01165069 0.00556247 0.00588140 0.03014798 0.10251120 0.10920787 0.08717326 0.16846824 0.11368957 0.24958856 0.07306342 0.04305533
18.80376075 3.56569394 0.00967142 0.00572829 0.00404407 0.02517075 0.09892384 0.12494130 0.09383178 0.17455945 0.11466613 0.23030703 0.07684988 0.04130606
19.00380076 3.56561157 0.00888219 0.00568768 0.00428271 0.02784882 0.09808391 0.14374356 0.08449852 0.16178718 0.11649063 0.22679348 0.08123919 0.04066212
19.20384077 3.56076718 0.01152943 0.00536145 0.00446114 0.02772392 0.09788159 0.13420544 0.08583023 0.21139379 0.11658065 0.18539904 0.08034601 0.03928730
19.40388078 3.55696460 0.01069551 0.00544194 0.00547723 0.02844282 0.09666406 0.15166138 0.09151741 0.18476987 0.12048818 0.19185806 0.07388833 0.03909520
19.60392078 3.54625567 0.01117923 0.00555870 0.00566088 0.02943586 0.09823085 0.14267121 0.08953150 0.17902964 0.12147520 0.20283260 0.07520368 0.03919064
19.80396079 3.53686851 0.01070226 0.00553487 0.00512801 0.02906928 0.10574690 0.11797178 0.08443219 0.17617476 0.12124059 0.22452282 0.07704538 0.04243117
20.00400080 3.53550287 0.01000794 0.00552315 0.00511915 0.02955332 0.09966115 0.11616784 0.08769642 0.15511936 0.12084004 0.24616540 0.07827917 0.04586706
20.20404081 3.52704466 0.01017987 0.00568114 0.00488156 0.02532133 0.09938985 0.11676766 0.09517697 0.17090183 0.12215177 0.23008688 0.07760019 0.04186095
20.40408082 3.52671632 0.00884553 0.00548492 0.00417839 0.02636181 0.10680766 0.12941475 0.09243469 0.15925556 0.12289496 0.22602104 0.07437770 0.04392299
20.60412082 3.52234293 0.01086850 0.00543052 0.00538536 0.03110867 0.10759295 0.13577676 0.08880821 0.18126822 0.12049696 0.19275178 0.07967129 0.04084077
20.80416083 3.52173872 0.01096605 0.00554048 0.00655380 0.03198751 0.10492169 0.14719552 0.08927486 0.18545147 0.12340804 0.17881814 0.07685485 0.03902759
21.00420084 3.51938013 0.00984889 0.00541546 0.00430428 0.02719391 0.10942274 0.14762992 0.09336371 0.17388285 0.12137434 0.18876032 0.07842367 0.04037991
21.20424085 3.50545619 0.00997437 0.00566054 0.00457275 0.02835431 0.10816537 0.12301642 0.09139246 0.17378336 0.12426402 0.21137536 0.07651753 0.04292352
21.40428086 3.49544663 0.01117053 0.00568377 0.00608006 0.02958616 0.10697576 0.11644728 0.09187241 0.15436746 0.12454376 0.23316994 0.07692422 0.04317864
21.60432086 3.48576110 0.01191959 0.00519689 0.00713532 0.02885294 0.10344184 0.11655900 0.09257823 0.16186167 0.12438182 0.22692913 0.08040115 0.04074242
21.80436087 3.48261023 0.00923740 0.00542379 0.00442028 0.03070818 0.10262153 0.12539313 0.09813153 0.14795369 0.12789948 0.22941981 0.07792358 0.04086758
22.00440088 3.48059486 0.01031148 0.00551624 0.00470658 0.03134794 0.11128078 0.12346204 0.09661034 0.17502644 0.12575962 0.19784832 0.07883293 0.03929728
22.20444089 3.47608659 0.01148384 0.00539815 0.00577405 0.03692032 0.11616538 0.13326829 0.09136659 0.17778538 0.12982049 0.17535781 0.07724930 0.03941040
22.40448090 3.47282934 0.01037588 0.00551058 0.00589707 0.03114927 0.11269481 0.14823207 0.09391637 0.16444974 0.13275010 0.17756818 0.08112806 0.03632787
22.60452090 3.46261651 0.01179357 0.00528939 0.00638201 0.03752183 0.11123655 0.13029335 0.09383952 0.17502544 0.13050430 0.17908273 0.08113016 0.03790114
22.80456091 3.44923304 0.00960813 0.00560559 0.00532827 0.03711991 0.12437705 0.11493960 0.08963357 0.14720475 0.13480554 0.21282143 0.07757817 0.04097799
23.00460092 3.44129723 0.01028821 0.00558636 0.00553032 0.03190816 0.11646212 0.10018150 0.09333165 0.15559440 0.13263807 0.21799754 0.08798172 0.04249995
23.20464093 3.43823436 0.01169413 0.00573428 0.00678187 0.03459997 0.10987295 0.10562042 0.09655633 0.14690784 0.13655756 0.21950695 0.08527880 0.04088890
23.40468094 3.43408406 0.00851885 0.00564007 0.00405950 0.02910239 0.11574715 0.12182885 0.09743297 0.15245188 0.13552480 0.20751636 0.08365492 0.03852226
23.60472094 3.42720214 0.01095336 0.00597325 0.00520613 0.03156854 0.11773094 0.12780670 0.09117203 0.17329410 0.13928695 0.17358536 0.08583675 0.03758590
23.80476095 3.42602996 0.00883689 0.00602982 0.00439604 0.02779560 0.11591701 0.13637022 0.09414412 0.16706090 0.13995934 0.17295024 0.08994963 0.03659019
24.00480096 3.41916070 0.00954526 0.00597726 0.00414866 0.02606999 0.11471601 0.12905192 0.09846562 0.17057587 0.14046200 0.17888929 0.08437902 0.03771911
24.20484097 3.41126520 0.00954943 0.00648250 0.00434615 0.02337209 0.11940224 0.12056926 0.09606210 0.15801284 0.14392108 0.19594923 0.08613200 0.03620107
24.40488098 3.40163768 0.00908922 0.00658870 0.00424453 0.02651747 0.11772740 0.11005039 0.09222107 0.14827210 0.14574480 0.20785121 0.09371795 0.03797518
24.60492098 3.39814495 0.01032965 0.00675780 0.00660356 0.02872331 0.10862962 0.10447073 0.10050125 0.14008260 0.14407237 0.21893861 0.09403887 0.03685164
24.80496099 3.39237625 0.01007322 0.00658416 0.00507681 0.02617910 0.10896709 0.11026327 0.10362542 0.14598031 0.14559230 0.20617060 0.09123094 0.04025678
25.00500100 3.38693088 0.00957036 0.00662734 0.00421985 0.03089208 0.11407218 0.12104468 0.09323066 0.16550651 0.14499087 0.17970644 0.09307887 0.03706015
25.20504101 3.38318789 0.00939884 0.00663466 0.00553274 0.03419233 0.10895260 0.13926485 0.08802455 0.15575613 0.15071467 0.17088240 0.09367343 0.03697279
25.40508102 3.38137674 0.01084461 0.00642157 0.00604342 0.03175891 0.10817017 0.13263784 0.09368534 0.16818993 0.14661339 0.16480195 0.09310944 0.03772342
25.60512102 3.36813626 0.00995744 0.00659413 0.00566330 0.02635655 0.10939773 0.12372778 0.09433201 0.15316868 0.15278566 0.19066101 0.08689038 0.04046533
25.80516103 3.36530896 0.01101824 0.00666863 0.00610349 0.02975559 0.10899506 0.11112196 0.09038022 0.14779111 0.15185370 0.20363176 0.09010231 0.04257794
26.00520104 3.35776302 0.00969249 0.00671458 0.00579850 0.02863977 0.10569794 0.10836161 0.08971099 0.14767111 0.15248506 0.21085964 0.09339133 0.04097697
26.20524105 3.34779955 0.00761084 0.00661522 0.00334798 0.02959378 0.09960875 0.11941248 0.09361971 0.13339279 0.15648928 0.21468543 0.09166697 0.04395678
26.40528106 3.34179052 0.01047465 0.00653413 0.00547202 0.02651480 0.10187113 0.11819235 0.09337413 0.16500204 0.15583110 0.18601021 0.09038943 0.04033403
26.60532106 3.34115212 0.00940541 0.00667718 0.00460496 0.02561969 0.10338997 0.13201149 0.09096263 0.15741974 0.15966780 0.17722540 0.09130234 0.04171339
26.80536107 3.33466597 0.01055654 0.00613079 0.00580723 0.02758055 0.10336941 0.13509744 0.09057178 0.16084312 0.15323858 0.17143752 0.09668935 0.03867769
27.00540108 3.32892145 0.01135959 0.00628310 0.00623256 0.02666593 0.10812507 0.12860016 0.09154800 0.16251578 0.15855112 0.17435139 0.08549262 0.04027467
27.20544109 3.32277249 0.00831991 0.00607216 0.00486830 0.02487989 0.11515117 0.12146090 0.09649082 0.14506283 0.15589708 0.19753922 0.08638869 0.03786904
27.40548110 3.31651439 0.00830626 0.00622134 0.00308039 0.02192666 0.11778824 0.10425592 0.09192901 0.14996532 0.15878968 0.20376744 0.09327165 0.04069810
27.60552110 3.31082833 0.00812941 0.00646176 0.00411893 0.02180107 0.11375000 0.10879838 0.09236630 0.13761555 0.15923599 0.21285568 0.09218586 0.04268107
27.80556111 3.30886025 0.00888848 0.00605317 0.00474849 0.02302594 0.11474718 0.11601528 0.09711932 0.14813944 0.15656910 0.19451056 0.09151115 0.03867190
28.00560112 3.31154309 0.00802904 0.00623685 0.00330422 0.02070618 0.11268023 0.12719441 0.09706397 0.15719740 0.16296435 0.17585646 0.09105450 0.03771239
28.20564113 3.30971205 0.00732497 0.00619088 0.00264283 0.02058488 0.11944896 0.13302507 0.09291517 0.15671285 0.15524403 0.17311287 0.09620086 0.03659662
28.40568114 3.30734368 0.00843145 0.00596848 0.00381671 0.02179225 0.12073662 0.12783696 0.09014276 0.16006220 0.15801471 0.17282070 0.09113735 0.03923982
28.60572114 3.30328315 0.00860822 0.00593080 0.00449440 0.02287310 0.11712651 0.12390233 0.09421347 0.15234592 0.15666327 0.19021077 0.08806585 0.03556535
28.80576115 3.29254434 0.00873716 0.00571806 0.00432764 0.02274058 0.11629528 0.11559014 0.09323321 0.15011926 0.15479182 0.20022116 0.08596154 0.04226414
29.00580116 3.28511670 0.00841187 0.00582640 0.00399254 0.02289203 0.11728655 0.11319917 0.09277003 0.13733944 0.15474434 0.21526332 0.08737259 0.04090172
29.20584117 3.27819745 0.00988153 0.00586613 0.00530012 0.02335857 0.11740588 0.10905198 0.09443143 0.14930578 0.15698063 0.19807416 0.09131584 0.03902795
29.40588118 3.27839381 0.00939579 0.00600392 0.00439016 0.02409342 0.11712949 0.11944173 0.10009449 0.15305108 0.15745026 0.18339431 0.08932175 0.03623359
29.60592118 3.27645632 0.00706165 0.00591162 0.00255150 0.02238428 0.12073573 0.13334115 0.10000142 0.15044918 0.15711895 0.17725435 0.08623218 0.03695797
29.80596119 3.27122356 0.00919345 0.00603535 0.00412685 0.02314308 0.12312184 0.13037078 0.09587859 0.16062505 0.15627557 0.16253587 0.09468855 0.03400501
30.00600120 3.26448980 0.00853505 0.00602974 0.00389354 0.02506752 0.12457150 0.12729276 0.09902370 0.14601404 0.15895358 0.17639346 0.08942138 0.03480371
30.20604121 3.25238188 0.00930660 0.00603451 0.00500357 0.02727153 0.12119349 0.11166653 0.10356659 0.14705847 0.15956130 0.18576539 0.08564402 0.03792800
30.40608122 3.24474611 0.00955636 0.00597763 0.00487609 0.02696274 0.11648568 0.10541022 0.10505150 0.13660322 0.15540489 0.20303130 0.09108021 0.03956017
30.60612122 3.23641912 0.00886956 0.00598861 0.00512371 0.02440961 0.11226743 0.11107238 0.10860502 0.13461362 0.15888300 0.20089111 0.09025586 0.03902011
30.80616123 3.23150950 0.00941305 0.00601743 0.00495328 0.02565618 0.10972975 0.11749374 0.10754916 0.15010930 0.15887622 0.18419924 0.08982735 0.03617529
31.00620124 3.23258044 0.00840333 0.00598732 0.00386947 0.02193212 0.10898831 0.12855427 0.11187176 0.14617047 0.15573071 0.18057582 0.09142181 0.03649460
31.20624125 3.22749863 0.00956692 0.00609864 0.00438351 0.02318874 0.10968610 0.12899015 0.11187631 0.15831195 0.16129807 0.16313740 0.08904079 0.03442143
31.40628126 3.22175707 0.00852334 0.00596060 0.00387706 0.02073010 0.11102597 0.13209707 0.10952409 0.15452259 0.15785976 0.16590440 0.09362950 0.03634554
31.60632126 3.21281513 0.00827457 0.00597567 0.00324312 0.02488827 0.11035637 0.12270440 0.11236662 0.14724743 0.16008078 0.18165978 0.08722046 0.03598252
31.80636127 3.20357876 0.00813493 0.00581380 0.00321460 0.02212936 0.10592876 0.11334911 0.11416306 0.14084714 0.16072277 0.19914261 0.08737152 0.03918233
32.00640128 3.19932714 0.00782274 0.00595106 0.00292769 0.02144240 0.10180320 0.10806889 0.11214331 0.13669583 0.16129946 0.20790315 0.09480289 0.03913939
32.20644129 3.19093802 0.00852609 0.00622254 0.00316395 0.02156108 0.10172742 0.11266485 0.11289752 0.14543982 0.16071703 0.19437645 0.09243539 0.04026784
32.40648130 3.18896976 0.00872657 0.00630299 0.00429366 0.01955523 0.10233291 0.12853207 0.11429159 0.14288762 0.16112889 0.18371363 0.08994352 0.03829131
32.60652130 3.18149871 0.00890744 0.00612497 0.00389618 0.02131699 0.10102862 0.13253464 0.11131112 0.15904551 0.15590044 0.16729324 0.09563476 0.03700609
32.80656131 3.17951304 0.00843313 0.00649343 0.00333744 0.01682610 0.10268060 0.13695297 0.11014348 0.15544827 0.16458374 0.16615292 0.09209867 0.03684927
33.00660132 3.16828281 0.00930667 0.00616992 0.00489086 0.02112474 0.10238265 0.13423595 0.11054587 0.14842457 0.15835174 0.17641632 0.08854974 0.03960097
33.20664133 3.15742276 0.00955668 0.00619932 0.00396558 0.02843340 0.10292061 0.11310397 0.10718237 0.14741499 0.16204036 0.18944835 0.08765725 0.04207712
33.40668134 3.15052348 0.00851269 0.00620467 0.00438962 0.02611942 0.09683906 0.11047324 0.10625390 0.13368398 0.16284986 0.21270069 0.09185242 0.04012043
33.60672134 3.14532394 0.00964167 0.00601186 0.00477794 0.02427192 0.10094468 0.11342355 0.10606653 0.14114474 0.15966488 0.19730064 0.09531197 0.04143963
33.80676135 3.14389317 0.00944239 0.00637737 0.00528768 0.02546740 0.10149792 0.12210372 0.10542606 0.14340371 0.16834442 0.18690796 0.08835414 0.03738723
34.00680136 3.14237761 0.00934405 0.00617663 0.00478242 0.02699949 0.10635856 0.12659095 0.10608555 0.14944409 0.15956732 0.17345853 0.09381185 0.03738057
34.20684137 3.13910672 0.00950434 0.00620706 0.00409524 0.02959215 0.10725913 0.13010347 0.10107287 0.15950164 0.16284913 0.16031320 0.09461173 0.03489005
34.40688138 3.13254432 0.00858447 0.00641274 0.00430168 0.02295726 0.11240039 0.13261263 0.10399319 0.14927259 0.16670759 0.16571615 0.09048600 0.03655532
34.60692138 3.12350827 0.00869572 0.00608690 0.00363652 0.02508070 0.11508504 0.11691242 0.10646509 0.14600264 0.15676228 0.18346082 0.09560059 0.03621128
34.80696139 3.11707709 0.00801024 0.00683065 0.00382190 0.02504705 0.11544714 0.10703596 0.10367326 0.13436373 0.16817795 0.19766605 0.09187091 0.03805515
35.00700140 3.10799304 0.00911307 0.00644375 0.00443357 0.02660561 0.11873683 0.10685776 0.10193415 0.13532485 0.16138175 0.19518137 0.09750344 0.03648386
35.20704141 3.10609852 0.00879874 0.00632107 0.00506252 0.02856867 0.11538052 0.11247834 0.10166669 0.13521109 0.16341737 0.18780724 0.09721426 0.03807349
35.40708142 3.10364021 0.00843722 0.00635399 0.00428070 0.02802769 0.11776269 0.11932269 0.10163225 0.14251294 0.16781976 0.17676338 0.09243121 0.03465547
35.60712142 3.09668005 0.00971677 0.00609595 0.00442993 0.02518472 0.12129663 0.12721534 0.10388397 0.15159481 0.16314318 0.15973756 0.09358017 0.03412096
35.80716143 3.09231844 0.00834008 0.00630583 0.00420146 0.02535615 0.11562982 0.13313645 0.09861123 0.14947552 0.16954855 0.16327600 0.09190448 0.03421442
36.00720144 3.08707890 0.00857983 0.00612842 0.00299296 0.02782291 0.11604175 0.12107295 0.09626273 0.15065483 0.16549690 0.17177024 0.09607011 0.03710637
36.20724145 3.07712282 0.00874661 0.00599537 0.00454886 0.02909988 0.11617775 0.11736334 0.09405009 0.13698212 0.16514902 0.18967107 0.09462768 0.03758822
36.40728146 3.06990432 0.00946280 0.00603134 0.00487553 0.02861436 0.11313917 0.11257420 0.09337409 0.13825242 0.16921687 0.19777351 0.08823845 0.03844727
36.60732146 3.06527581 0.00857999 0.00581071 0.00392828 0.02669924 0.11428907 0.11140191 0.09647590 0.14202945 0.16353954 0.19613053 0.09188469 0.03923068
36.80736147 3.06363165 0.00766249 0.00615911 0.00354492 0.02872988 0.11487229 0.11911876 0.09399704 0.13391114 0.17095187 0.19263110 0.09201960 0.03640179
37.00740148 3.05456773 0.00972339 0.00586068 0.00492446 0.03132472 0.11256492 0.12226323 0.09617727 0.15374189 0.16639551 0.16790298 0.09300153 0.03611943
37.20744149 3.04789821 0.00956643 0.00594469 0.00513846 0.02616783 0.11467766 0.13389371 0.09724695 0.15087670 0.17073299 0.16289865 0.08939762 0.03345830
37.40748150 3.04302230 0.00918872 0.00599437 0.00405809 0.02553030 0.11505477 0.12687386 0.09711727 0.15092699 0.17049134 0.16708638 0.09134216 0.03633575
37.60752150 3.03458364 0.00905035 0.00550694 0.00417813 0.02807618 0.11294376 0.11386998 0.09809327 0.14865764 0.16610215 0.17981929 0.09735379 0.03634852
37.80756151 3.02847687 0.00984420 0.00570600 0.00572848 0.02530768 0.11141217 0.11332424 0.09613866 0.13889372 0.17061005 0.19317083 0.09013304 0.03973093
38.00760152 3.02522306 0.00962626 0.00579625 0.00522046 0.02431506 0.11097661 0.11206165 0.10314590 0.13822903 0.16816282 0.19165140 0.09191833 0.03889624
38.20764153 3.02372966 0.00848275 0.00588584 0.00462008 0.02613404 0.10719792 0.11480526 0.10393188 0.13693813 0.17117016 0.18905909 0.09381410 0.03796074
38.40768154 3.02059476 0.00910969 0.00580423 0.00442362 0.02811477 0.10814534 0.11508412 0.10309398 0.14496537 0.16985737 0.17743391 0.09509900 0.03886862
38.60772154 3.01058815 0.00830413 0.00619510 0.00401008 0.02451456 0.10982074 0.11913876 0.10642811 0.14812076 0.17264891 0.16903837 0.09290705 0.03887341
38.80776155 3.00704544 0.00916569 0.00611362 0.00480637 0.02028577 0.10886772 0.12306210 0.10586145 0.15073982 0.17388831 0.16537522 0.09526881 0.03656512
39.00780156 2.99767373 0.00851459 0.00602464 0.00482488 0.02559380 0.10525818 0.12436609 0.10604995 0.14215490 0.17356429 0.17232838 0.09510285 0.03621744
39.20784157 2.99207316 0.00855854 0.00627728 0.00420429 0.02004896 0.10451589 0.11699172 0.10460695 0.14242780 0.17448932 0.18423150 0.09411047 0.03953728
39.40788158 2.98665311 0.00891666 0.00625393 0.00345897 0.01950849 0.10504943 0.10560235 0.10658606 0.14815488 0.17522740 0.18711800 0.09488309 0.03924075
39.60792158 2.97810873 0.00810986 0.00639670 0.00391569 0.02371673 0.10255368 0.11052340 0.10462555 0.13211774 0.18071182 0.19667400 0.09171215 0.03894267
39.80796159 2.97009944 0.00853270 0.00613144 0.00432686 0.02294314 0.10256969 0.11531154 0.10700440 0.14183140 0.17535486 0.18255213 0.09693952 0.03650231
40.00800160 2.96161569 0.00982260 0.00627300 0.00448107 0.02370334 0.10426874 0.12274399 0.10369884 0.14717315 0.18170948 0.16656916 0.09204984 0.03750677
40.20804161 2.95778424 0.00873766 0.00615355 0.00448880 0.02320503 0.10891489 0.11845873 0.10609532 0.14270625 0.17884937 0.17338219 0.09198678 0.03702143
40.40808162 2.95006592 0.01068208 0.00616440 0.00572368 0.02949733 0.10761973 0.10687477 0.10400673 0.15470347 0.17793542 0.16643990 0.09427362 0.03607886
40.60812162 2.94563852 0.00987037 0.00596324 0.00600111 0.02597091 0.10907977 0.12125642 0.10377325 0.13820982 0.17965715 0.17588005 0.08952650 0.03481143
40.80816163 2.94100033 0.00881881 0.00596688 0.00427503 0.02404033 0.11449384 0.11348374 0.10859437 0.13710979 0.17630827 0.18234531 0.08863655 0.03592708
41.00820164 2.93444305 0.00898047 0.00606983 0.00395152 0.02903459 0.11050118 0.09855537 0.10396942 0.14200740 0.18091680 0.18604369 0.09254267 0.03742706
41.20824165 2.93299629 0.00841548 0.00619482 0.00446112 0.02494131 0.10799354 0.10352899 0.10557740 0.13408307 0.17717050 0.19009029 0.10106364 0.03647983
41.40828166 2.93105881 0.00838445 0.00616449 0.00394749 0.02318705 0.11124843 0.11417875 0.11248755 0.14233287 0.18190746 0.16981185 0.09019197 0.03615763
41.60832166 2.92985888 0.00746462 0.00594256 0.00345984 0.02741206 0.11297093 0.11808565 0.11258846 0.14583118 0.17945051 0.16393779 0.09104744 0.03180895
41.80836167 2.92271142 0.00820572 0.00594977 0.00385961 0.02401133 0.11300916 0.11475547 0.10256965 0.14457914 0.17980471 0.17095822 0.09666661 0.03563061
42.00840168 2.91548132 0.00871939 0.00586460 0.00440034 0.02378438 0.11890144 0.10835929 0.10399826 0.14278630 0.18297968 0.17036875 0.09425593 0.03558164
42.20844169 2.91081111 0.00965856 0.00579570 0.00554881 0.02360607 0.12070397 0.10440784 0.10757438 0.14406992 0.18474234 0.17310867 0.08918351 0.03160023
42.40848170 2.90220420 0.00830939 0.00608555 0.00455477 0.02372957 0.11747481 0.10320180 0.10722637 0.13083358 0.18566821 0.18324211 0.09554497 0.03412886
42.60852170 2.89773307 0.00777348 0.00614781 0.00356681 0.02438507 0.11802122 0.09867291 0.10275959 0.13369252 0.18833705 0.18486041 0.10073424 0.03104891
42.80856171 2.89157095 0.00742213 0.00595079 0.00293019 0.01852881 0.11387411 0.10192498 0.11152294 0.14164704 0.18714032 0.17399504 0.09951175 0.03555190
43.00860172 2.88900659 0.00727047 0.00585142 0.00328951 0.01801295 0.11508605 0.11592598 0.11341687 0.13674952 0.18774299 0.17361497 0.09190257 0.03113670
43.20864173 2.88435535 0.00865737 0.00598887 0.00402485 0.02077892 0.12050580 0.10798009 0.10451931 0.14748624 0.18668437 0.16352998 0.09630156 0.03354265
43.40868174 2.87660402 0.00922958 0.00600404 0.00491132 0.02097581 0.12413999 0.11000448 0.10204656 0.14036288 0.18660716 0.16646197 0.09920215 0.03005406
43.60872174 2.86777151 0.00833271 0.00597393 0.00515315 0.02364804 0.12080110 0.10402989 0.10925573 0.13412028 0.19096938 0.16794929 0.09499977 0.03476675
43.80876175 2.86257351 0.00924510 0.00587029 0.00483399 0.02604479 0.12247188 0.09595768 0.10843519 0.14063627 0.18622083 0.16850101 0.09900171 0.03278126
44.00880176 2.85592888 0.00792873 0.00607477 0.00412617 0.02871768 0.12032606 0.09597470 0.10869527 0.12545607 0.19192812 0.17737743 0.09697568 0.03641932
44.20884177 2.84833772 0.00826597 0.00619656 0.00486820 0.03028819 0.11627345 0.09988412 0.11536783 0.12999150 0.18814799 0.16536365 0.10201407 0.03333848
44.40888178 2.84443094 0.00838787 0.00605071 0.00503366 0.02552420 0.11357641 0.10509286 0.11774114 0.13580914 0.18929672 0.15625981 0.10133493 0.03589257
44.60892178 2.84271707 0.00854860 0.00627900 0.00468369 0.02692812 0.11854701 0.10295081 0.10976491 0.13403881 0.19004398 0.16523721 0.09936500 0.03361285
44.80896179 2.83867335 0.00830380 0.00593815 0.00484898 0.02814771 0.11961430 0.10234541 0.11348420 0.13336222 0.18236668 0.16297013 0.10259658 0.03602184
45.00900180 2.83495512 0.00748869 0.00643463 0.00371674 0.02984574 0.11741921 0.10643322 0.11533354 0.13005210 0.19177776 0.16138356 0.09503476 0.03508004
45.20904181 2.82639031 0.00800866 0.00609112 0.00448374 0.02631671 0.12253203 0.10145352 0.11317854 0.12886111 0.18393406 0.16926852 0.09826415 0.03760785
45.40908182 2.81873851 0.00894175 0.00610189 0.00515998 0.02728549 0.11427371 0.09872989 0.11045140 0.13048936 0.18682470 0.17546010 0.10034820 0.03593353
45.60912182 2.80863006 0.00822314 0.00607883 0.00433904 0.03104755 0.10930050 0.10214951 0.11433437 0.13649608 0.18842733 0.16791075 0.09585886 0.03583404
45.80916183 2.80265158 0.00814804 0.00585640 0.00447003 0.03428207 0.10837620 0.11030794 0.11977743 0.13181413 0.18650188 0.16067356 0.09348799 0.03630433
46.00920184 2.79949358 0.00884588 0.00614843 0.00540014 0.03421299 0.10251748 0.10795475 0.11108143 0.13579700 0.19348848 0.15949381 0.10076408 0.03429553
46.20924185 2.79045889 0.00994584 0.00614036 0.00695910 0.03211468 0.10679950 0.10444892 0.11197036 0.13485554 0.18735075 0.15826553 0.10573893 0.03541049
46.40928186 2.78183403 0.01051297 0.00609126 0.00640415 0.03729820 0.11059918 0.10266284 0.11565255 0.13236681 0.19145088 0.15972504 0.09020603 0.03703009
46.60932186 2.77463239 0.00925290 0.00602637 0.00580134 0.03565044 0.11182830 0.09453580 0.11622665 0.13397147 0.18968299 0.16486605 0.09623560 0.03592209
46.80936187 2.76489409 0.00933197 0.00642257 0.00606744 0.03517623 0.10463013 0.09611020 0.11884300 0.12373229 0.19142855 0.17060283 0.10067565 0.03697915
47.00940188 2.75705324 0.00896146 0.00632023 0.00554319 0.03467155 0.10810002 0.09814777 0.11636609 0.12733704 0.19117198 0.16859069 0.09804157 0.03674839
47.20944189 2.75242240 0.00928791 0.00608658 0.00585887 0.03494625 0.10612639 0.10427995 0.12041888 0.13044048 0.18665870 0.16330425 0.09870935 0.03388239
47.40948190 2.74815667 0.00888981 0.00624506 0.00510719 0.03546276 0.10431032 0.10263950 0.11568056 0.13122600 0.19489609 0.16091893 0.09686788 0.03775590
47.60952190 2.74250003 0.00881476 0.00588324 0.00568930 0.03181593 0.10488604 0.10439822 0.11424197 0.13567350 0.18956732 0.15955762 0.10542135 0.03405077
47.80956191 2.73796425 0.00908450 0.00590813 0.00544307 0.02940007 0.10858216 0.11085537 0.11469954 0.13109317 0.19472219 0.15438936 0.09608789 0.03973457
48.00960192 2.73365524 0.00889277 0.00577322 0.00510144 0.02893044 0.11057548 0.10779239 0.11425389 0.13287343 0.19195825 0.16347461 0.09343908 0.03693501
48.20964193 2.73047756 0.00852876 0.00566053 0.00552874 0.02827448 0.11247140 0.09946696 0.11411480 0.12874272 0.19038228 0.17010559 0.09537090 0.04135285
48.40968194 2.72779740 0.00830420 0.00575888 0.00518891 0.02976437 0.10853128 0.10076358 0.11535083 0.12507858 0.19585693 0.16919422 0.09650198 0.03970624
48.60972194 2.72191312 0.00803398 0.00568269 0.00526983 0.02871383 0.11054589 0.10736048 0.11823727 0.12648739 0.18756852 0.16326158 0.09796553 0.04087301
48.80976195 2.72085234 0.00789835 0.00601854 0.00476284 0.02431753 0.11018982 0.10782108 0.11508279 0.13250125 0.19437682 0.15939356 0.10033193 0.03730550
49.00980196 2.71782133 0.00824940 0.00590656 0.00483836 0.02940432 0.10981524 0.10414221 0.11504612 0.13048224 0.19076715 0.15628273 0.10446482 0.04060085
49.20984197 2.71307658 0.00887986 0.00606744 0.00613732 0.02597827 0.11461785 0.10584743 0.12002784 0.12908877 0.19189414 0.15760633 0.09739264 0.03646212
49.40988198 2.70747250 0.00847916 0.00607656 0.00517944 0.02776231 0.11919371 0.10354822 0.11689628 0.12896059 0.19527730 0.15152419 0.09855605 0.03854619
49.60992198 2.70108475 0.00829624 0.00586960 0.00516242 0.03008877 0.11733856 0.09763313 0.11382685 0.12405124 0.19253083 0.16563337 0.10243406 0.03713493
49.80996199 2.69515495 0.00838674 0.00619942 0.00560521 0.03022892 0.11727457 0.09480365 0.12140208 0.12025386 0.19236541 0.16450719 0.10075841 0.03821452
50.01000200 2.69008951 0.00887360 0.00615300 0.00566966 0.03421424 0.11470665 0.09999644 0.12542145 0.12362520 0.19370538 0.15315504 0.10001342 0.03446592
50.21004201 2.68610844 0.00772300 0.00621897 0.00552867 0.03367404 0.11474655 0.09906362 0.12200603 0.12066078 0.19141514 0.15745052 0.10361320 0.03789947
50.41008202 2.68328019 0.00911620 0.00614869 0.00563715 0.03009121 0.11545620 0.10071586 0.11733172 0.12576555 0.18928236 0.15522646 0.10778093 0.03744768
50.61012202 2.67278243 0.00819769 0.00660055 0.00474687 0.02987543 0.11739221 0.10402132 0.11985049 0.12938375 0.19529931 0.15053711 0.09885734 0.03523794
50.81016203 2.66980733 0.00761520 0.00595781 0.00508565 0.02681712 0.11672933 0.10782912 0.12446402 0.12251830 0.19275907 0.15234946 0.10208968 0.03578525
51.01020204 2.66649438 0.00808474 0.00630249 0.00419698 0.02160723 0.12202102 0.10124500 0.11866096 0.12611967 0.19697930 0.15434929 0.10203613 0.03839719
51.21024205 2.66158726 0.00833303 0.00651675 0.00506944 0.02411126 0.12270444 0.09481365 0.11896264 0.12272041 0.19400082 0.16001846 0.10581523 0.03693386
51.41028206 2.65647923 0.00842327 0.00611832 0.00541883 0.02472574 0.11551544 0.10448342 0.12389285 0.11991201 0.19300850 0.15601055 0.10546478 0.03702627
