0.00000000 1.00000000 0.00000000 0.00000000 0.00000000 0.00000000 0.00000000 0.00000000 0.00000000 1.00000000 0.00000000 0.00000000 0.00000000 0.00000000
0.10000500 1.00215890 0.02455021 0.00157562 0.00748369 0.09261431 0.12631100 0.14647304 0.01447275 0.41065898 0.05606864 0.07494729 0.01557200 0.02927248
0.20001000 1.00284512 0.00708925 0.00150114 0.00430273 0.04709628 0.18757717 0.20870131 0.03882382 0.21530529 0.07924961 0.13543157 0.03284826 0.04207356
0.30001500 1.00284009 0.00496343 0.00112340 0.00266779 0.02276906 0.18908103 0.21751914 0.04760317 0.16534744 0.08458789 0.16933987 0.05560450 0.03939327
0.40002000 1.00289189 0.00480102 0.00094163 0.00272849 0.02483881 0.17809388 0.19964424 0.06517396 0.14645273 0.09032062 0.18836521 0.06146991 0.03716950
0.50002500 1.00338724 0.00545148 0.00089442 0.00284312 0.02938426 0.18473609 0.17215351 0.08121941 0.14597468 0.09095284 0.18865522 0.06419723 0.03353775
0.60003000 1.00392241 0.00418320 0.00086652 0.00195942 0.01691080 0.19692500 0.16003830 0.09467859 0.12559364 0.09303072 0.19892987 0.06849917 0.03838477
0.70003500 1.00311957 0.00397042 0.00100184 0.00194489 0.01934087 0.20717471 0.13970700 0.10410209 0.10913489 0.10191336 0.19756442 0.06980800 0.04433752
0.80004000 1.00277688 0.00337115 0.00083300 0.00161977 0.01322650 0.21435107 0.13153091 0.10328772 0.10239458 0.10216049 0.20303434 0.07736771 0.04682275
0.90004500 1.00307667 0.00284672 0.00074640 0.00146084 0.01588063 0.22820299 0.13031329 0.10467081 0.08962963 0.10212297 0.19912997 0.08225683 0.04273891
1.00005000 1.00261015 0.00212826 0.00081913 0.00094960 0.00530636 0.23490178 0.13460200 0.11457124 0.08003890 0.10275434 0.18977836 0.09095353 0.04319652
1.10005500 1.00227952 0.00236555 0.00081424 0.00111175 0.01018244 0.23811363 0.13698235 0.12207887 0.07824630 0.10132839 0.17594368 0.09366487 0.03916793
1.20006000 1.00152971 0.00280262 0.00066700 0.00138486 0.00981573 0.24833458 0.14937972 0.12890330 0.07978526 0.09443832 0.15237061 0.09365680 0.03846120
1.30006500 1.00095892 0.00286462 0.00085991 0.00156830 0.02224424 0.26077993 0.14295949 0.13645462 0.07368157 0.09691266 0.12925723 0.09499288 0.03742454
1.40007000 0.99947025 0.00288968 0.00076562 0.00182936 0.01532059 0.27173545 0.15387183 0.13944742 0.07190224 0.09097774 0.11572441 0.09307376 0.04246187
1.50007500 0.99779781 0.00337524 0.00091836 0.00178147 0.01796669 0.27525091 0.14760354 0.14882107 0.07547138 0.09259014 0.10058729 0.10041951 0.03521439
1.60008000 0.99750529 0.00327429 0.00085784 0.00177995 0.01308283 0.28600738 0.15204004 0.16015391 0.06765492 0.09270766 0.08528232 0.10027321 0.03688565
1.70008500 0.99704165 0.00302758 0.00071380 0.00166134 0.01028681 0.29682019 0.15158092 0.16149440 0.06674259 0.08804574 0.08255719 0.10092587 0.03614357
1.80009000 0.99631027 0.00302929 0.00082189 0.00157721 0.01720238 0.30668791 0.14260033 0.16651877 0.06502806 0.08842473 0.07650334 0.10354671 0.02805939
1.90009500 0.99495922 0.00267388 0.00075518 0.00121879 0.01184419 0.31934948 0.13631756 0.16882068 0.06180010 0.08573174 0.07619316 0.10534291 0.02995233
2.00010001 0.99313668 0.00256355 0.00071869 0.00121278 0.01462341 0.32470515 0.12637653 0.17467106 0.05592120 0.08418925 0.07622569 0.10571584 0.03307682
2.10010501 0.99258180 0.00298123 0.00061086 0.00171563 0.01531850 0.33160497 0.11853861 0.17579133 0.05406861 0.07888337 0.08171323 0.10710947 0.03166419
2.20011001 0.99221030 0.00138382 0.00075363 0.00081485 0.00224406 0.34077713 0.11939883 0.18148410 0.04274182 0.08138331 0.07680975 0.11560182 0.03660687
2.30011501 0.99232995 0.00179164 0.00055710 0.00124756 0.00861187 0.34224967 0.11347481 0.18834552 0.03748880 0.06978733 0.08344187 0.11906039 0.03394344
2.40012001 0.99186695 0.00138617 0.00064473 0.00094410 0.00781523 0.34082382 0.10830720 0.18991298 0.03420880 0.07375452 0.07899178 0.12886396 0.03434671
2.50012501 0.99134199 0.00168687 0.00065460 0.00099722 0.00837540 0.33911393 0.10108837 0.18935960 0.03472980 0.06987403 0.08485497 0.14099784 0.02826737
2.60013001 0.99031494 0.00199692 0.00063259 0.00124869 0.01294218 0.34610153 0.09831509 0.19498480 0.03813399 0.06061681 0.07668787 0.13966427 0.02867525
2.70013501 0.99024436 0.00159467 0.00058863 0.00083726 0.00666290 0.35345312 0.10827557 0.19541775 0.03588865 0.05838562 0.07188898 0.14015488 0.02685198
2.80014001 0.98973145 0.00118164 0.00058271 0.00054848 0.00370679 0.35717661 0.10456395 0.20038124 0.03574004 0.06309565 0.06566681 0.13876379 0.02859230
2.90014501 0.98920455 0.00190835 0.00054304 0.00141600 0.01055514 0.36324248 0.10302536 0.20842005 0.02977959 0.06201967 0.05535798 0.13777475 0.02595758
3.00015001 0.98930094 0.00139783 0.00065238 0.00070225 0.00680948 0.37105574 0.10070488 0.20849636 0.03029276 0.06199765 0.04952754 0.14379787 0.02456527
3.10015501 0.98984135 0.00154021 0.00050982 0.00097284 0.00729206 0.37736851 0.09071021 0.21308138 0.03195931 0.05723874 0.04697696 0.14580154 0.02654842
3.20016001 0.98955423 0.00131642 0.00047045 0.00080330 0.00584954 0.38649693 0.08916767 0.21334871 0.02924461 0.05238278 0.05198770 0.14330113 0.02563077
3.30016501 0.98927669 0.00124289 0.00046890 0.00067805 0.00783221 0.38858099 0.08966620 0.21467946 0.02849949 0.05202115 0.05072287 0.14224950 0.02335829
3.40017001 0.98769476 0.00142811 0.00043857 0.00045534 0.00286440 0.38768415 0.08842561 0.21873605 0.03387342 0.05214166 0.04650339 0.14499957 0.02244972
3.50017501 0.98591810 0.00089374 0.00046078 0.00043452 0.00083102 0.38890273 0.08882853 0.22245712 0.02786976 0.04973453 0.04855367 0.14844483 0.02258877
3.60018001 0.98405018 0.00112153 0.00054129 0.00048652 0.00393870 0.39855833 0.08033769 0.22167161 0.02777187 0.04741562 0.04331712 0.15581315 0.01902657
3.70018501 0.98360753 0.00112987 0.00053703 0.00064316 0.00513789 0.40311950 0.07435395 0.22025173 0.02336269 0.04824580 0.04138023 0.16184594 0.01999222
3.80019001 0.97989879 0.00129476 0.00049347 0.00089972 0.00480733 0.40148685 0.07388735 0.22099986 0.02391784 0.04717798 0.04127596 0.16184184 0.02191704
3.90019501 0.97931378 0.00089644 0.00041898 0.00042835 0.00370834 0.40616465 0.07537293 0.22430345 0.02297052 0.04373406 0.03844843 0.16337885 0.02017498
4.00020001 0.97926615 0.00100862 0.00039653 0.00053720 0.00373452 0.40341216 0.07750784 0.22504794 0.02059734 0.04367409 0.03916505 0.16546928 0.01944944
4.10020501 0.97902441 0.00082169 0.00039902 0.00033057 0.00338415 0.40561510 0.07338877 0.22784234 0.01973663 0.04290115 0.03687035 0.17124239 0.01746785
4.20021001 0.97880267 0.00070882 0.00037314 0.00021890 0.00062318 0.40770037 0.07365592 0.23386501 0.01947564 0.03482206 0.03851403 0.17123942 0.01880351
4.30021501 0.97644565 0.00091532 0.00043764 0.00043488 0.00361779 0.40759689 0.06383934 0.23229137 0.02146117 0.03708478 0.04023483 0.17258933 0.01949668
4.40022001 0.97597765 0.00087098 0.00035746 0.00038663 0.00442741 0.41342135 0.05818149 0.23253222 0.02130281 0.03438105 0.04345021 0.17330793 0.01738046
4.50022501 0.97412989 0.00096363 0.00037579 0.00046603 0.00323135 0.41469472 0.05862236 0.23607662 0.02194789 0.03530511 0.03658870 0.17554776 0.01618004
4.60023001 0.97224212 0.00143819 0.00040207 0.00109368 0.00991183 0.41695815 0.05257678 0.23809699 0.01692387 0.03853243 0.03062371 0.17801036 0.01543193
4.70023501 0.97035455 0.00089816 0.00044214 0.00056685 0.00373927 0.41918678 0.05026826 0.24071650 0.02010096 0.03815110 0.03121875 0.17950348 0.01520775
4.80024001 0.96955093 0.00116145 0.00039097 0.00095442 0.00794837 0.41795710 0.05332006 0.24176508 0.01551916 0.03425533 0.03152187 0.18163152 0.01357467
4.90024501 0.96681317 0.00112679 0.00042669 0.00069310 0.00882376 0.42289855 0.04788590 0.24642343 0.01941911 0.03152285 0.02955605 0.17872848 0.01249529
5.00025001 0.96536753 0.00097670 0.00038645 0.00066898 0.00651863 0.42415546 0.04993634 0.24813858 0.01712773 0.03151140 0.02570981 0.18180810 0.01306181
5.10025501 0.96158426 0.00090476 0.00038692 0.00035104 0.00282033 0.42017017 0.05366810 0.24962765 0.01788049 0.03301746 0.02794675 0.18079780 0.01242855
5.20026001 0.95890129 0.00147707 0.00032260 0.00098508 0.01092373 0.41957658 0.04792937 0.24903640 0.01992313 0.02713029 0.02732418 0.18393413 0.01143745
5.30026501 0.95790540 0.00088125 0.00046333 0.00039688 0.00313529 0.41620515 0.04900069 0.24918118 0.01880348 0.02545826 0.02798310 0.19669209 0.01179930
5.40027001 0.95693376 0.00102023 0.00034994 0.00062894 0.00798338 0.41624757 0.04474643 0.25124575 0.01771738 0.02607743 0.02812483 0.19407931 0.01177881
5.50027501 0.95729021 0.00057187 0.00036897 0.00034911 0.00231360 0.41807520 0.04672327 0.25038029 0.01551023 0.03045236 0.02866964 0.19272318 0.01386229
5.60028001 0.95675051 0.00057694 0.00033685 0.00032715 0.00177043 0.41781947 0.04671697 0.25095005 0.01475116 0.02800901 0.03063523 0.19488461 0.01322212
5.70028501 0.95512594 0.00055778 0.00033821 0.00035264 0.00359798 0.41504075 0.04295832 0.25647120 0.01528955 0.02544861 0.02923140 0.19670122 0.01401234
5.80029001 0.94906237 0.00104271 0.00036250 0.00069490 0.00591457 0.41592614 0.04155900 0.25306437 0.01639242 0.02704792 0.03206013 0.19359906 0.01233627
5.90029501 0.94486714 0.00117312 0.00032529 0.00089590 0.00638056 0.41861789 0.04300402 0.24937794 0.01744401 0.02651307 0.03035824 0.19116581 0.01474415
6.00030002 0.94330136 0.00115990 0.00034238 0.00080037 0.00619306 0.41722670 0.04641657 0.24940438 0.01760496 0.02602610 0.02818499 0.19500044 0.01164015
6.10030502 0.94136915 0.00083417 0.00032991 0.00063203 0.00659153 0.41823119 0.04479877 0.25164734 0.01649081 0.02634454 0.02963650 0.19344702 0.01101620
6.20031002 0.93805247 0.00057488 0.00031634 0.00026030 0.00212327 0.42393862 0.04676115 0.25794813 0.01543595 0.02306073 0.02985337 0.18873618 0.01099109
6.30031502 0.93786423 0.00065666 0.00027053 0.00034728 0.00208347 0.42403300 0.04500896 0.26111219 0.01559194 0.02264188 0.02810249 0.18794239 0.01220921
6.40032002 0.93768803 0.00085355 0.00026545 0.00052660 0.00826423 0.42284255 0.04366501 0.25765894 0.01774960 0.02137863 0.02607801 0.18985443 0.01086300
6.50032502 0.93734513 0.00080974 0.00033859 0.00047395 0.00586832 0.42409330 0.04332881 0.25975242 0.01500525 0.02152715 0.02327521 0.19428854 0.01123871
6.60033002 0.93598975 0.00094392 0.00041062 0.00053707 0.00814221 0.42444215 0.04131891 0.26112248 0.01453617 0.02671898 0.01816561 0.19530578 0.00835612
6.70033502 0.93588773 0.00101153 0.00030807 0.00076248 0.00543972 0.42814041 0.04253640 0.26064636 0.01301117 0.02411745 0.01700081 0.19678771 0.01023789
6.80034002 0.93438666 0.00052113 0.00027878 0.00055615 0.00337417 0.42653379 0.04120232 0.26023645 0.01196034 0.02521135 0.01810903 0.19573963 0.01627685
6.90034502 0.93351764 0.00054394 0.00028343 0.00036520 0.00281995 0.42940215 0.04220783 0.25978788 0.01304011 0.02329829 0.01991567 0.19722824 0.01110730
7.00035002 0.93285689 0.00059970 0.00032381 0.00045982 0.00481162 0.43064555 0.04120865 0.25989534 0.00949853 0.02560391 0.02265798 0.19553140 0.00876369
7.10035502 0.93061564 0.00065262 0.00026783 0.00044338 0.00605804 0.42933530 0.04091337 0.26280367 0.01034783 0.02356772 0.02265140 0.19402548 0.00893337
7.20036002 0.92770839 0.00052251 0.00037559 0.00035832 0.00271416 0.43469450 0.03769985 0.26280191 0.00930665 0.02722108 0.01896205 0.19290692 0.01243646
7.30036502 0.92754450 0.00038371 0.00026602 0.00037019 0.00327200 0.43651937 0.03662625 0.26283381 0.00761066 0.02480361 0.02007096 0.19357718 0.01366624
7.40037002 0.92668312 0.00043716 0.00025710 0.00030420 0.00147940 0.43680756 0.03706968 0.26156831 0.00919973 0.02617518 0.02219981 0.19319185 0.01131003
7.50037502 0.92716439 0.00032647 0.00030884 0.00026741 0.00146495 0.43957151 0.03461853 0.26527191 0.00840614 0.02270231 0.02073953 0.19614542 0.01017696
7.60038002 0.92622687 0.00044574 0.00033099 0.00026746 0.00170451 0.44100132 0.03065885 0.26730279 0.00950501 0.02724457 0.01969202 0.19212033 0.00972640
7.70038502 0.92616098 0.00050308 0.00027440 0.00013483 0.00054433 0.44473245 0.03140464 0.26728913 0.01165989 0.02480330 0.01887887 0.19090072 0.00887435
7.80039002 0.92446253 0.00062395 0.00025899 0.00029370 0.00373416 0.45039397 0.02751780 0.26352726 0.01331591 0.02574323 0.01750940 0.19007655 0.00700509
7.90039502 0.92286852 0.00058910 0.00026427 0.00046750 0.00306600 0.45721423 0.02598774 0.26351578 0.00957607 0.02524236 0.01626068 0.18976336 0.00805291
8.00040002 0.92219527 0.00029475 0.00034426 0.00023898 0.00141899 0.45767317 0.02727976 0.26279385 0.00820099 0.02954655 0.01392337 0.18964217 0.00864315
8.10040502 0.92116847 0.00024402 0.00037795 0.00010468 0.00017004 0.45596939 0.02834896 0.26242854 0.00717371 0.03107056 0.01657912 0.19215355 0.00537947
8.20041002 0.92098938 0.00025311 0.00030879 0.00009896 0.00013563 0.46038992 0.02482266 0.26245848 0.00940641 0.02891360 0.01386456 0.19192921 0.00741867
8.30041502 0.92041600 0.00028891 0.00029232 0.00013083 0.00022303 0.45784240 0.02196580 0.26272927 0.00845069 0.03175069 0.01788482 0.19138533 0.00705592
8.40042002 0.91471643 0.00091112 0.00037055 0.00088434 0.00713879 0.45342607 0.01960824 0.25980414 0.00748477 0.03472796 0.01712515 0.19167127 0.00684759
8.50042502 0.91284962 0.00065829 0.00034776 0.00047040 0.00375031 0.45656030 0.01927855 0.26075853 0.00936824 0.03276976 0.01971236 0.19156365 0.00476186
8.60043002 0.91037046 0.00097976 0.00034935 0.00085884 0.00748411 0.45687517 0.01695402 0.26338404 0.01148893 0.03024487 0.01690166 0.18914658 0.00533267
8.70043502 0.90982399 0.00084815 0.00031685 0.00060978 0.00533332 0.46293178 0.02105033 0.26336836 0.01040879 0.03024107 0.01312277 0.18714194 0.00462686
8.80044002 0.90817793 0.00075086 0.00032352 0.00048372 0.00579500 0.46375007 0.02082052 0.26507574 0.01047251 0.02916509 0.01161846 0.18768558 0.00405894
8.90044502 0.90755493 0.00037074 0.00031458 0.00020529 0.00262307 0.47080641 0.02102480 0.26348997 0.00992881 0.02954754 0.01162592 0.18584150 0.00422137
9.00045002 0.90422029 0.00044229 0.00033903 0.00033925 0.00417209 0.47828475 0.01820219 0.26275751 0.00768656 0.03176158 0.00963222 0.18285713 0.00352541
9.10045502 0.90443176 0.00037991 0.00031199 0.00018816 0.00140462 0.48135239 0.01647545 0.26521771 0.00787806 0.03126834 0.01025981 0.18184957 0.00341400
9.20046002 0.90148607 0.00049399 0.00037388 0.00028791 0.00296674 0.48130645 0.01513556 0.26395717 0.00777693 0.03087515 0.00949585 0.18348735 0.00384302
9.30046502 0.90186050 0.00041496 0.00035350 0.00029112 0.00286248 0.48003371 0.01433701 0.26433839 0.00678943 0.03033846 0.01117621 0.18493595 0.00412877
9.40047002 0.90162178 0.00016961 0.00028735 0.00012462 0.00016093 0.48033523 0.01569105 0.26399261 0.00565822 0.02896589 0.01441110 0.18441892 0.00578447
9.50047502 0.90114756 0.00014514 0.00029050 0.00008109 0.00009391 0.48301597 0.01364128 0.26365462 0.00655555 0.02928674 0.01452877 0.18375216 0.00495426
9.60048002 0.89936391 0.00031342 0.00029365 0.00026386 0.00161719 0.48205737 0.01383512 0.26332902 0.00459544 0.03085607 0.01696759 0.18146389 0.00440739
9.70048502 0.89650016 0.00040191 0.00027174 0.00035293 0.00286426 0.48203636 0.01513766 0.26157684 0.00515243 0.03042047 0.01784741 0.17969459 0.00424341
9.80049002 0.89653178 0.00019452 0.00028466 0.00010800 0.00196414 0.48469784 0.01574926 0.26572255 0.00484552 0.02711581 0.01522350 0.18017914 0.00391505
9.90049502 0.89485953 0.00019696 0.00026942 0.00020265 0.00139790 0.48952916 0.01387272 0.26625708 0.00464620 0.02527067 0.01382842 0.17867367 0.00585515
10.00050003 0.89372046 0.00039167 0.00028968 0.00047199 0.00476412 0.48970537 0.01285502 0.26701394 0.00438334 0.02553755 0.01019736 0.17745346 0.00693651
10.10050503 0.89352791 0.00029813 0.00027379 0.00023400 0.00139295 0.48815439 0.01334621 0.27053081 0.00586296 0.02532951 0.01144332 0.17771150 0.00542243
10.20051003 0.89325795 0.00033403 0.00028094 0.00017913 0.00350645 0.48794149 0.01328941 0.27185583 0.00608303 0.02562828 0.00897762 0.17829347 0.00363033
10.30051503 0.89288631 0.00033658 0.00026186 0.00031339 0.00165463 0.49043380 0.01433909 0.27316216 0.00523695 0.02370694 0.00746473 0.17843524 0.00465463
10.40052003 0.89220182 0.00024282 0.00027450 0.00019298 0.00392946 0.48866651 0.01612292 0.27222206 0.00445160 0.02186769 0.00866108 0.17896924 0.00439915
10.50052503 0.89159956 0.00017661 0.00024115 0.00010016 0.00020411 0.48949582 0.01690724 0.27066589 0.00462898 0.02165805 0.01414725 0.17793909 0.00383565
10.60053003 0.89112528 0.00025935 0.00025935 0.00018577 0.00179808 0.49221644 0.01260192 0.27290291 0.00423151 0.02295049 0.00998983 0.17767081 0.00493354
10.70053503 0.89046556 0.00013114 0.00024351 0.00008836 0.00011686 0.49812559 0.01089736 0.27132897 0.00385732 0.02095303 0.01044255 0.17934890 0.00446643
10.80054003 0.89110848 0.00012637 0.00026879 0.00007815 0.00013716 0.49930489 0.01040444 0.26941788 0.00362141 0.02081614 0.01185993 0.18019230 0.00377255
10.90054503 0.89104532 0.00032734 0.00026962 0.00019221 0.00180417 0.50071013 0.01002597 0.26915375 0.00565998 0.02159660 0.00920447 0.17826990 0.00278586
11.00055003 0.89046925 0.00027503 0.00022237 0.00018796 0.00246210 0.50064930 0.01087030 0.26908800 0.00591749 0.01978421 0.00920844 0.17825613 0.00307867
11.10055503 0.88679761 0.00025249 0.00020576 0.00004607 0.00023620 0.49713253 0.01029935 0.27250631 0.00882309 0.01934527 0.01185848 0.17681013 0.00248433
11.20056003 0.88646459 0.00028462 0.00019569 0.00008983 0.00209198 0.49741708 0.01097932 0.27265881 0.00774721 0.01909565 0.01054104 0.17663277 0.00226600
11.30056503 0.88304924 0.00015569 0.00023742 0.00003242 0.00008739 0.49403248 0.01501915 0.27507026 0.00605046 0.01906133 0.01003778 0.17759851 0.00261712
11.40057003 0.88283780 0.00016943 0.00026503 0.00003672 0.00012586 0.49541966 0.01390529 0.27145077 0.00596013 0.01922032 0.01089277 0.17964422 0.00290980
11.50057503 0.88270906 0.00017317 0.00023279 0.00003292 0.00008616 0.49440019 0.01568223 0.27360062 0.00583736 0.01816767 0.00933257 0.17959874 0.00285558
11.60058003 0.87934584 0.00027168 0.00026515 0.00013890 0.00123825 0.49257917 0.01499326 0.27372673 0.00657246 0.01531784 0.00936714 0.18211112 0.00341831
11.70058503 0.87910258 0.00039801 0.00022728 0.00029692 0.00498548 0.49266534 0.01532274 0.27194337 0.00463757 0.01719779 0.00896123 0.17996622 0.00339804
11.80059003 0.87770808 0.00031911 0.00021185 0.00023647 0.00209730 0.49216106 0.01557962 0.27301511 0.00522703 0.01660359 0.01164730 0.17800838 0.00489316
11.90059503 0.87613378 0.00031319 0.00023501 0.00017842 0.00148377 0.49270877 0.01721257 0.27161326 0.00636416 0.01795079 0.00965168 0.17749216 0.00479621
12.00060003 0.87462442 0.00026192 0.00019316 0.00023652 0.00128476 0.49237032 0.01986398 0.27036751 0.00537242 0.01731876 0.00909118 0.17775025 0.00588922
12.10060503 0.87337368 0.00042128 0.00018136 0.00023494 0.00173781 0.49221220 0.01959094 0.27191516 0.00608610 0.01556219 0.01003824 0.17812908 0.00389070
12.20061003 0.87306429 0.00022948 0.00023336 0.00003190 0.00015614 0.49105674 0.01874667 0.27345266 0.00647889 0.01407152 0.00999240 0.18118572 0.00436451
12.30061503 0.87001185 0.00051218 0.00031193 0.00035508 0.00301713 0.49161867 0.01720134 0.27598980 0.00554097 0.01363162 0.00546938 0.18244798 0.00390392
12.40062003 0.86929694 0.00027212 0.00027788 0.00003120 0.00023083 0.49113146 0.01643578 0.27750810 0.00617118 0.01383238 0.00544127 0.18525017 0.00341763
12.50062503 0.86857197 0.00014819 0.00021948 0.00010606 0.00018214 0.49088907 0.01598768 0.27960854 0.00419500 0.01336205 0.00591640 0.18392085 0.00546453
12.60063003 0.86685788 0.00033486 0.00019618 0.00022996 0.00156911 0.48908356 0.01808868 0.27963108 0.00387049 0.01324228 0.00628850 0.18384690 0.00361840
12.70063503 0.86669741 0.00015573 0.00019023 0.00008368 0.00012359 0.48850026 0.01738481 0.27938635 0.00408716 0.01012593 0.00836680 0.18579724 0.00579821
12.80064003 0.86659930 0.00019689 0.00020379 0.00003348 0.00019844 0.49163218 0.01509000 0.28133722 0.00484713 0.01031593 0.00594231 0.18651088 0.00369175
12.90064503 0.86588713 0.00019179 0.00020698 0.00003349 0.00020428 0.49204169 0.01469491 0.27935712 0.00463933 0.01003455 0.00643434 0.18835966 0.00380185
13.00065003 0.86416350 0.00009102 0.00020129 0.00003607 0.00006422 0.49513867 0.01447466 0.27906289 0.00184159 0.01023705 0.00598764 0.18936010 0.00350480
13.10065503 0.86323132 0.00025002 0.00020211 0.00014878 0.00148587 0.49579456 0.01004561 0.27969309 0.00345081 0.01028853 0.00554939 0.19002171 0.00306951
13.20066003 0.86130792 0.00033011 0.00018050 0.00030361 0.00281235 0.49363078 0.01084931 0.27943084 0.00190936 0.01020199 0.00683506 0.19055589 0.00296019
13.30066503 0.85864155 0.00041360 0.00019941 0.00030185 0.00340652 0.49358476 0.01122017 0.27662871 0.00213939 0.01167259 0.00511493 0.19191453 0.00340355
13.40067003 0.85869244 0.00009245 0.00023586 0.00009863 0.00014046 0.49212956 0.01278847 0.27826654 0.00198645 0.01121186 0.00438467 0.19415618 0.00450886
13.50067503 0.85748315 0.00033952 0.00020730 0.00033196 0.00276807 0.49046588 0.01136314 0.27989139 0.00237642 0.00994176 0.00467481 0.19349368 0.00414609
13.60068003 0.85629794 0.00033739 0.00018375 0.00024473 0.00371294 0.48760495 0.01453757 0.27965427 0.00390367 0.00894081 0.00437954 0.19361622 0.00288416
13.70068503 0.85534390 0.00021312 0.00019590 0.00011344 0.00196000 0.48652239 0.01663788 0.27803567 0.00367692 0.01087289 0.00449928 0.19437315 0.00289936
13.80069003 0.85502078 0.00012990 0.00016545 0.00002857 0.00008546 0.48596379 0.01830454 0.27799857 0.00344938 0.01031827 0.00460512 0.19555392 0.00339702
13.90069503 0.85353075 0.00017693 0.00018404 0.00007456 0.00196047 0.48432621 0.01503699 0.27786337 0.00310331 0.01177532 0.00432322 0.19785107 0.00332453
14.00070004 0.85302690 0.00013999 0.00017795 0.00003364 0.00007646 0.48425191 0.01702068 0.27792154 0.00312386 0.01144914 0.00429720 0.19819945 0.00330818
14.10070504 0.85042087 0.00030562 0.00018747 0.00020268 0.00147706 0.48352410 0.01711011 0.27735180 0.00335530 0.01175102 0.00422130 0.19718560 0.00332793
14.20071004 0.84831061 0.00027592 0.00018392 0.00020658 0.00366508 0.48511899 0.01449684 0.27909344 0.00211455 0.01133143 0.00429937 0.19627221 0.00294167
14.30071504 0.84673518 0.00011395 0.00018817 0.00003984 0.00008579 0.48260207 0.01544710 0.27894360 0.00224871 0.01129989 0.00668411 0.19896627 0.00338050
14.40072004 0.84544978 0.00039927 0.00021115 0.00035834 0.00269736 0.48063109 0.01346673 0.28011001 0.00224217 0.01182044 0.00543643 0.19922732 0.00339970
14.50072504 0.84495172 0.00008674 0.00019011 0.00002888 0.00204794 0.48000602 0.01365871 0.28184263 0.00170569 0.01158293 0.00528453 0.20037830 0.00318752
14.60073004 0.84463558 0.00017124 0.00016405 0.00010337 0.00192017 0.47960864 0.01294074 0.28151357 0.00183220 0.00968872 0.00744373 0.20102503 0.00358855
14.70073504 0.84388868 0.00008177 0.00020795 0.00009552 0.00008871 0.47937081 0.01104127 0.27971342 0.00179092 0.01329459 0.00744487 0.20141321 0.00545693
14.80074004 0.84150957 0.00008005 0.00020361 0.00014526 0.00007709 0.47774290 0.01134933 0.27806086 0.00196475 0.01466153 0.00755917 0.20133110 0.00682436
14.90074504 0.84120279 0.00007873 0.00017148 0.00007399 0.00007541 0.47934255 0.00987764 0.28014738 0.00190842 0.01374922 0.00869407 0.20258937 0.00329174
15.00075004 0.83985118 0.00007849 0.00021357 0.00005289 0.00008166 0.47679557 0.01088163 0.28208557 0.00234476 0.01201595 0.00781494 0.20488934 0.00274563
15.10075504 0.83902137 0.00015421 0.00020421 0.00003802 0.00019384 0.47596273 0.01103286 0.28189082 0.00372317 0.01253610 0.00620460 0.20540614 0.00265330
15.20076004 0.83729992 0.00007993 0.00021759 0.00002131 0.00006778 0.47418465 0.01134175 0.28526271 0.00231905 0.01298798 0.00537475 0.20534707 0.00279544
15.30076504 0.83611160 0.00007526 0.00034181 0.00001467 0.00005849 0.47463456 0.00921343 0.28339853 0.00221788 0.01548611 0.00414194 0.20813899 0.00227833
15.40077004 0.83458674 0.00010670 0.00025288 0.00003416 0.00015628 0.47745463 0.00830457 0.28191448 0.00239444 0.01365954 0.00698393 0.20671847 0.00201992
15.50077504 0.83363047 0.00011105 0.00021226 0.00002051 0.00008835 0.47488021 0.00858829 0.28373088 0.00302979 0.01348998 0.00773234 0.20568667 0.00242967
15.60078004 0.83055111 0.00029911 0.00022883 0.00020652 0.00157026 0.47475811 0.00774094 0.27986616 0.00355109 0.01345144 0.01028147 0.20569545 0.00235061
15.70078504 0.82860948 0.00017974 0.00024090 0.00018674 0.00320241 0.47366993 0.00394011 0.28170542 0.00244280 0.01549268 0.01014344 0.20489107 0.00390476
15.80079004 0.82777254 0.00007943 0.00022020 0.00008838 0.00003953 0.47426049 0.00812293 0.28283421 0.00229126 0.01530447 0.00810765 0.20538064 0.00327083
15.90079504 0.82820192 0.00017770 0.00020314 0.00012957 0.00136865 0.47568993 0.00785276 0.28081417 0.00293304 0.01364929 0.00941931 0.20564347 0.00211899
16.00080004 0.82821103 0.00026680 0.00020969 0.00021689 0.00360884 0.47691108 0.00785604 0.28201685 0.00237549 0.01323423 0.00590294 0.20562815 0.00177300
16.10080504 0.82410397 0.00087379 0.00018982 0.00069539 0.00614214 0.47242557 0.00789593 0.27998859 0.00654437 0.01318804 0.00576289 0.20420797 0.00208548
16.20081004 0.82337768 0.00022853 0.00018783 0.00011701 0.00030480 0.47248467 0.01098582 0.28231454 0.00565364 0.01300639 0.00707269 0.20400657 0.00363752
16.30081504 0.82396547 0.00011074 0.00017938 0.00013806 0.00012585 0.47399841 0.01149620 0.28163510 0.00345129 0.01269162 0.00753788 0.20349550 0.00513998
16.40082004 0.82434288 0.00034590 0.00017234 0.00030717 0.00201236 0.47388184 0.00915253 0.27979096 0.00676946 0.01260231 0.00592079 0.20355255 0.00549178
16.50082504 0.82395524 0.00015684 0.00019216 0.00001725 0.00010070 0.47562807 0.00912258 0.28338128 0.00568244 0.01261092 0.00674087 0.20418757 0.00217932
16.60083004 0.82234769 0.00009170 0.00023001 0.00002624 0.00005234 0.47636538 0.00974659 0.28220188 0.00414661 0.01271530 0.00621961 0.20648744 0.00171691
16.70083504 0.82044335 0.00008539 0.00022233 0.00002072 0.00004484 0.47699199 0.00938989 0.28218242 0.00382066 0.01287561 0.00684389 0.20572765 0.00179462
16.80084004 0.81820415 0.00009505 0.00022464 0.00001578 0.00004659 0.47461996 0.00865604 0.28385206 0.00386182 0.01486593 0.00731858 0.20443742 0.00200615
16.90084504 0.81659138 0.00009387 0.00020053 0.00008794 0.00006254 0.47993099 0.00818956 0.28205084 0.00262315 0.01310108 0.00722341 0.20271656 0.00371952
17.00085004 0.81207024 0.00024282 0.00017799 0.00017981 0.00137969 0.47778859 0.00665963 0.28093064 0.00484726 0.01258786 0.01115333 0.20051492 0.00353746
17.10085504 0.81070412 0.00035149 0.00021243 0.00022706 0.00182546 0.47679710 0.00800874 0.28107282 0.00549237 0.01239308 0.00952487 0.20152456 0.00257001
17.20086004 0.81027350 0.00018890 0.00024631 0.00016068 0.00119310 0.47709478 0.01059900 0.28102292 0.00303169 0.01444078 0.00678865 0.20319521 0.00203798
17.30086504 0.80912297 0.00023202 0.00021429 0.00016759 0.00179503 0.47619509 0.01086664 0.28087982 0.00289944 0.01458159 0.00804170 0.20212920 0.00199757
17.40087004 0.80652449 0.00019223 0.00021207 0.00012211 0.00129666 0.47541732 0.01056890 0.27955639 0.00374003 0.01475983 0.01139875 0.20005439 0.00268130
17.50087504 0.80593586 0.00030005 0.00023134 0.00019528 0.00147883 0.47770510 0.01115480 0.27746391 0.00412789 0.01487246 0.00987670 0.19972719 0.00286645
17.60088004 0.80503143 0.00053511 0.00022235 0.00030470 0.00274790 0.47883830 0.01068912 0.27614344 0.00645955 0.01525653 0.00858593 0.19753937 0.00267769
17.70088504 0.80512873 0.00029715 0.00021291 0.00009790 0.00213524 0.47996431 0.01262440 0.27341525 0.00639660 0.01672847 0.00982844 0.19567907 0.00262027
17.80089004 0.80450120 0.00048427 0.00018968 0.00029944 0.00290788 0.48076197 0.01208415 0.27231565 0.00834155 0.01452884 0.00930285 0.19620385 0.00257985
17.90089504 0.80541951 0.00034786 0.00017469 0.00027851 0.00148682 0.48173242 0.01045700 0.27429702 0.00876139 0.01401719 0.00887575 0.19377868 0.00579266
18.00090005 0.80577229 0.00034058 0.00019257 0.00019535 0.00196950 0.48377412 0.01142203 0.27442232 0.00724582 0.01614499 0.00811884 0.19346600 0.00270788
18.10090505 0.80575426 0.00012211 0.00022908 0.00013365 0.00016669 0.48800714 0.01095163 0.27574288 0.00490730 0.01457921 0.00786072 0.19344169 0.00385790
18.20091005 0.80372377 0.00020643 0.00020381 0.00016916 0.00125689 0.48971586 0.01120705 0.27309231 0.00552160 0.01449469 0.00813001 0.19249333 0.00350886
18.30091505 0.80237442 0.00028074 0.00019985 0.00021312 0.00147049 0.49358201 0.00909686 0.27064358 0.00590978 0.01427728 0.00877784 0.19129728 0.00425117
18.40092005 0.80214845 0.00017306 0.00025132 0.00013685 0.00122058 0.49526770 0.01202867 0.27017087 0.00269895 0.01779290 0.00727531 0.19051720 0.00246658
18.50092505 0.80113167 0.00021317 0.00021516 0.00002035 0.00014139 0.49936276 0.00919014 0.27091345 0.00475218 0.01711207 0.00545225 0.19039656 0.00223051
18.60093005 0.79941839 0.00009100 0.00020493 0.00002111 0.00006417 0.49776538 0.00921522 0.27105093 0.00285207 0.01674794 0.00722664 0.19223081 0.00252979
18.70093505 0.79899442 0.00014126 0.00023340 0.00002431 0.00012919 0.49654894 0.00873540 0.27112977 0.00444394 0.02058615 0.00640157 0.18950175 0.00212432
18.80094005 0.79685666 0.00016926 0.00023755 0.00009206 0.00127740 0.50080165 0.00624081 0.26934513 0.00426433 0.02032157 0.00606035 0.18929409 0.00189580
18.90094505 0.79665965 0.00035410 0.00020069 0.00033238 0.00380508 0.50073167 0.00742167 0.26922102 0.00423331 0.01705831 0.00600895 0.18878831 0.00184451
19.00095005 0.79642601 0.00020534 0.00023289 0.00015518 0.00138586 0.50180992 0.00923353 0.27268195 0.00312812 0.01548616 0.00441928 0.18978908 0.00147270
19.10095505 0.79544492 0.00020006 0.00022882 0.00015863 0.00317138 0.50601974 0.01154207 0.26639200 0.00343530 0.01437015 0.00400181 0.18898930 0.00149075
19.20096005 0.79393089 0.00040520 0.00020450 0.00035640 0.00408064 0.50502758 0.01078021 0.26675045 0.00291015 0.01476090 0.00528425 0.18725657 0.00218316
19.30096505 0.79362372 0.00018002 0.00024270 0.00020473 0.00207816 0.50945527 0.00533848 0.26709400 0.00322652 0.01553090 0.00446242 0.18767713 0.00450968
19.40097005 0.79206299 0.00025683 0.00019846 0.00029979 0.00262101 0.50936898 0.00938447 0.26862950 0.00331858 0.01272756 0.00485534 0.18507550 0.00326398
19.50097505 0.79188102 0.00026703 0.00017011 0.00026861 0.00254970 0.50937544 0.00913842 0.26833612 0.00348213 0.01238770 0.00530107 0.18573063 0.00299304
19.60098005 0.78992708 0.00030615 0.00018839 0.00022611 0.00351291 0.51474796 0.00819518 0.26777487 0.00331383 0.01065956 0.00470371 0.18462922 0.00174211
19.70098505 0.78881702 0.00031995 0.00021266 0.00034302 0.00261350 0.51571088 0.00700204 0.26692353 0.00306094 0.01110134 0.00476605 0.18405159 0.00389450
19.80099005 0.78855998 0.00015072 0.00020959 0.00015725 0.00119405 0.51616470 0.00706350 0.26682659 0.00281155 0.01135143 0.00715610 0.18344769 0.00346682
19.90099505 0.78821957 0.00020901 0.00015160 0.00010310 0.00280092 0.51487762 0.01016933 0.26540731 0.00434231 0.01050622 0.00545666 0.18305726 0.00291867
20.00100005 0.78600728 0.00016062 0.00018368 0.00003458 0.00013192 0.51687898 0.01094167 0.26613143 0.00399755 0.00842911 0.00667488 0.18437680 0.00205879
20.10100505 0.78449101 0.00011795 0.00017122 0.00003052 0.00010158 0.51708233 0.01214672 0.26795719 0.00263720 0.00859413 0.00656803 0.18219513 0.00239801
20.20101005 0.78303170 0.00011693 0.00016851 0.00001702 0.00006458 0.51476063 0.01167844 0.26962056 0.00319359 0.00902589 0.00611642 0.18242441 0.00281302
20.30101505 0.78170859 0.00041716 0.00018473 0.00035712 0.00278942 0.51306206 0.00963292 0.26759568 0.00311439 0.00944150 0.00888495 0.18171604 0.00280405
20.40102005 0.77978479 0.00033702 0.00017405 0.00032366 0.00426718 0.51395784 0.00938347 0.27124552 0.00246397 0.00745349 0.00647936 0.18116910 0.00274533
20.50102505 0.77948118 0.00018985 0.00019262 0.00014097 0.00127403 0.51975512 0.00594951 0.27490138 0.00297407 0.00582283 0.00362016 0.18332805 0.00185141
20.60103005 0.77951151 0.00009958 0.00018017 0.00009393 0.00126387 0.52340261 0.00589637 0.27481101 0.00104112 0.00599815 0.00368786 0.18160806 0.00191728
20.70103505 0.77943750 0.00004823 0.00015238 0.00002356 0.00003202 0.52223544 0.00784585 0.27302206 0.00086603 0.00619505 0.00543466 0.18239507 0.00174966
20.80104005 0.77928769 0.00023354 0.00013075 0.00020402 0.00359152 0.52113398 0.00648215 0.27270713 0.00107705 0.00453696 0.00470432 0.18349117 0.00170740
20.90104505 0.77764478 0.00012170 0.00015453 0.00009259 0.00123587 0.51866444 0.00726549 0.27680015 0.00175558 0.00428974 0.00376926 0.18409114 0.00175951
21.00105005 0.77718361 0.00030924 0.00014496 0.00020969 0.00164798 0.52027658 0.00595542 0.27620571 0.00268421 0.00419217 0.00211652 0.18518058 0.00107693
21.10105505 0.77717698 0.00008437 0.00013531 0.00001583 0.00004350 0.52023256 0.00582764 0.27561258 0.00242803 0.00410790 0.00422417 0.18591164 0.00137646
21.20106005 0.77686141 0.00023851 0.00012467 0.00018954 0.00159627 0.52017430 0.00552234 0.27532701 0.00174763 0.00401621 0.00319663 0.18635781 0.00150908
21.30106505 0.77650522 0.00005739 0.00012625 0.00001738 0.00003148 0.52180974 0.00532966 0.27521899 0.00164836 0.00242542 0.00541703 0.18641960 0.00149870
21.40107005 0.77475547 0.00005926 0.00011604 0.00007682 0.00010734 0.51956552 0.00518254 0.27532477 0.00176540 0.00236944 0.00541223 0.18662423 0.00339642
21.50107505 0.77393477 0.00018474 0.00011716 0.00025283 0.00129678 0.51699635 0.00514384 0.27566455 0.00217622 0.00232108 0.00562114 0.18690085 0.00332445
21.60108005 0.77359251 0.00007176 0.00011250 0.00015041 0.00065583 0.51620611 0.00565222 0.27547685 0.00210687 0.00226976 0.00623034 0.18793479 0.00313257
21.70108505 0.77203519 0.00019806 0.00012963 0.00025108 0.00130451 0.51801498 0.00405054 0.27516758 0.00210827 0.00222423 0.00486835 0.18846359 0.00321920
21.80109005 0.77173997 0.00004387 0.00014799 0.00001073 0.00003065 0.51753362 0.00423448 0.27701212 0.00182371 0.00244231 0.00457801 0.19086395 0.00127854
21.90109505 0.77069316 0.00022740 0.00013641 0.00019415 0.00148113 0.51710630 0.00452740 0.27543224 0.00196346 0.00276253 0.00427934 0.19056252 0.00132711
22.00110006 0.77013432 0.00026567 0.00012681 0.00017731 0.00136482 0.51673207 0.00576542 0.27564148 0.00209712 0.00278753 0.00332458 0.19071211 0.00100508
22.10110506 0.76982585 0.00023015 0.00014792 0.00018610 0.00162086 0.51614598 0.00404891 0.27588179 0.00207744 0.00258179 0.00292081 0.19324253 0.00091572
22.20111006 0.76968375 0.00014181 0.00014564 0.00011851 0.00134158 0.51538302 0.00340586 0.27607281 0.00161857 0.00439292 0.00242584 0.19400562 0.00094782
22.30111506 0.76810209 0.00004420 0.00016666 0.00000584 0.00003074 0.51386886 0.00362438 0.27754093 0.00161137 0.00421465 0.00193723 0.19620889 0.00074624
22.40112006 0.76701135 0.00012706 0.00015982 0.00000976 0.00014820 0.51224682 0.00255973 0.27924647 0.00323257 0.00441359 0.00145202 0.19593330 0.00047065
22.50112506 0.76540356 0.00005651 0.00015654 0.00001562 0.00006458 0.51250338 0.00259160 0.27852297 0.00169605 0.00472484 0.00306363 0.19609227 0.00051201
22.60113006 0.76418995 0.00004698 0.00015291 0.00000323 0.00002897 0.51185557 0.00260602 0.27891115 0.00187328 0.00478238 0.00280966 0.19629799 0.00063186
22.70113506 0.76263554 0.00005377 0.00013853 0.00001601 0.00006923 0.51174813 0.00138594 0.28081283 0.00180509 0.00301911 0.00429216 0.19628140 0.00037780
22.80114006 0.76232213 0.00004259 0.00012493 0.00000449 0.00001782 0.51095658 0.00125993 0.28071105 0.00191419 0.00295456 0.00423267 0.19725288 0.00052830
22.90114506 0.76203642 0.00008076 0.00012028 0.00001673 0.00008540 0.50998054 0.00229073 0.28051853 0.00248568 0.00290312 0.00262827 0.19847752 0.00041243
23.00115006 0.76187779 0.00002595 0.00012244 0.00001272 0.00000419 0.51086086 0.00393720 0.27863708 0.00079615 0.00273947 0.00265640 0.19964016 0.00056739
23.10115506 0.75812355 0.00017794 0.00015410 0.00016415 0.00172251 0.50818777 0.00208381 0.27813117 0.00081753 0.00264854 0.00447456 0.20087842 0.00055949
23.20116006 0.75785346 0.00011671 0.00014107 0.00009345 0.00022375 0.50741120 0.00219245 0.27789499 0.00257640 0.00293038 0.00240764 0.20162236 0.00238960
23.30116506 0.75633425 0.00015193 0.00016558 0.00013635 0.00135842 0.50530382 0.00224442 0.27971511 0.00118862 0.00497776 0.00216440 0.20183773 0.00075586
23.40117006 0.75432081 0.00003738 0.00017790 0.00001332 0.00001968 0.50202382 0.00436987 0.28195980 0.00113411 0.00461399 0.00183802 0.20322450 0.00058762
23.50117506 0.75438963 0.00004836 0.00018378 0.00001602 0.00004508 0.49992456 0.00429843 0.27884913 0.00133701 0.00603709 0.00357890 0.20500545 0.00067619
23.60118006 0.75403836 0.00004941 0.00015359 0.00000620 0.00002778 0.49939859 0.00420421 0.27891901 0.00168401 0.00601144 0.00310524 0.20551737 0.00092315
23.70118506 0.75335313 0.00005430 0.00019016 0.00000441 0.00003309 0.50058476 0.00418793 0.27572679 0.00190787 0.00601940 0.00279087 0.20747888 0.00102153
23.80119006 0.75235799 0.00005760 0.00018761 0.00000628 0.00003399 0.50055197 0.00420535 0.27562023 0.00203172 0.00797282 0.00266664 0.20566737 0.00099842
23.90119506 0.75097527 0.00006407 0.00018377 0.00001196 0.00202546 0.50023207 0.00420644 0.27273154 0.00206043 0.00622189 0.00265180 0.20863072 0.00097984
24.00120006 0.74958213 0.00003803 0.00021863 0.00000665 0.00002281 0.50236985 0.00304908 0.27479790 0.00132600 0.00482442 0.00268410 0.20978919 0.00087333
24.10120506 0.74789213 0.00011266 0.00017451 0.00009654 0.00129094 0.50246884 0.00301727 0.27491661 0.00145095 0.00512655 0.00292991 0.20731348 0.00110174
24.20121006 0.74761047 0.00002990 0.00015745 0.00009032 0.00203681 0.50203503 0.00197331 0.27524247 0.00101204 0.00540181 0.00258541 0.20716325 0.00227219
24.30121506 0.74592649 0.00028237 0.00014310 0.00028260 0.00279515 0.50012452 0.00192721 0.27542467 0.00129234 0.00533182 0.00455079 0.20697590 0.00086953
24.40122006 0.74608748 0.00012675 0.00015759 0.00010643 0.00182525 0.49815527 0.00396699 0.27537725 0.00124351 0.00513605 0.00395312 0.20917383 0.00077794
24.50122506 0.74557996 0.00013656 0.00014637 0.00013062 0.00116906 0.49767291 0.00390203 0.27529617 0.00186969 0.00511460 0.00371025 0.20976995 0.00108180
24.60123006 0.74492846 0.00007618 0.00013358 0.00003706 0.00007615 0.49890010 0.00773717 0.27529223 0.00143827 0.00302646 0.00375946 0.20864763 0.00087572
24.70123506 0.73937557 0.00009770 0.00015818 0.00004396 0.00397890 0.49480871 0.00751941 0.27478570 0.00180960 0.00307431 0.00336955 0.20917310 0.00118088
24.80124006 0.73903772 0.00013703 0.00013711 0.00007067 0.00190965 0.49852915 0.00701531 0.27458877 0.00214924 0.00307512 0.00324416 0.20766985 0.00147393
24.90124506 0.73740795 0.00020194 0.00012879 0.00017217 0.00239090 0.49658561 0.00661356 0.27445849 0.00288525 0.00306119 0.00369783 0.20776592 0.00203835
25.00125006 0.73492760 0.00022326 0.00012720 0.00010198 0.00124184 0.49665074 0.00842307 0.27276868 0.00439887 0.00292128 0.00373951 0.20753210 0.00187148
25.10125506 0.73289678 0.00022518 0.00014877 0.00011524 0.00134675 0.49622607 0.00909868 0.26945170 0.00378411 0.00284297 0.00574083 0.20933048 0.00168922
25.20126006 0.73302866 0.00015016 0.00018542 0.00002276 0.00004503 0.49769842 0.00932734 0.26812206 0.00400126 0.00299664 0.00475165 0.21099746 0.00170181
25.30126506 0.72860354 0.00034131 0.00019372 0.00027914 0.00477161 0.50021997 0.00464746 0.26654661 0.00332203 0.00307083 0.00501068 0.20996887 0.00162778
25.40127006 0.72712902 0.00021255 0.00019350 0.00003522 0.00023020 0.49825964 0.00750528 0.26858236 0.00567191 0.00515204 0.00518467 0.20781245 0.00116016
25.50127506 0.72495752 0.00035534 0.00021859 0.00030149 0.00275457 0.49566690 0.00580209 0.26977879 0.00413385 0.00749213 0.00523560 0.20684359 0.00141705
25.60128006 0.72411669 0.00034491 0.00021987 0.00014328 0.00145998 0.49925172 0.00460722 0.26751996 0.00485415 0.00863850 0.00539716 0.20636995 0.00119329
25.70128506 0.72135626 0.00020293 0.00014252 0.00014495 0.00142943 0.49860222 0.00397868 0.26747603 0.00461419 0.00609853 0.01064581 0.20568070 0.00098400
