0.00000000 6.00000000 0.00000000 0.00000000 0.00000000 0.00000000 0.00000000 0.00000000 0.00000000 1.00000000 0.00000000 0.00000000 0.00000000 0.00000000
0.20004001 6.00041115 0.08189825 0.00056698 0.01238829 0.09699213 0.00893783 0.28346016 0.00247752 0.13949958 0.00436388 0.27956151 0.00365378 0.08620007
0.40008002 6.00798130 0.02184418 0.00085434 0.02124748 0.06356255 0.01204497 0.33287536 0.00731347 0.23063045 0.01130579 0.23569225 0.00648142 0.05614774
0.60012002 6.03797205 0.03456131 0.00078188 0.00993992 0.09055772 0.01297209 0.11509744 0.01261701 0.44492969 0.01204144 0.15764377 0.00958757 0.09927016
0.80016003 6.07058922 0.03320352 0.00098446 0.01431243 0.07720556 0.02151779 0.15336562 0.00989306 0.06084134 0.01396990 0.55070399 0.01363476 0.05036756
1.00020004 6.08499649 0.03547176 0.00093551 0.01347482 0.08079108 0.02858830 0.10962109 0.01312869 0.25504554 0.01451100 0.33088306 0.01283649 0.10471266
1.20024005 6.12281641 0.03355552 0.00123931 0.00907418 0.08354334 0.02973296 0.17808187 0.01861750 0.29679964 0.01686858 0.23506776 0.01554164 0.08187771
1.40028006 6.11905324 0.01033676 0.00116279 0.01192386 0.06113800 0.03089496 0.35112976 0.02191832 0.10024746 0.01901065 0.30934660 0.01701326 0.06587757
1.60032006 6.12002678 0.03369887 0.00136106 0.01081049 0.08416365 0.03767178 0.24480451 0.01973524 0.25800659 0.02534321 0.20719210 0.01988869 0.05732382
1.80036007 6.08225702 0.02519679 0.00210390 0.01140394 0.05803509 0.04593028 0.10045309 0.02061239 0.36427796 0.03073645 0.24843842 0.02261696 0.07019474
2.00040008 6.03550105 0.01546793 0.00192287 0.00912240 0.05614492 0.04383548 0.17950826 0.02441439 0.11813414 0.03078946 0.37543792 0.02703777 0.11818447
2.20044009 6.00345792 0.02890515 0.00209608 0.01455254 0.06469380 0.04714885 0.13381648 0.02743406 0.28765350 0.03741773 0.27514741 0.02790324 0.05323115
2.40048010 5.98038266 0.02523024 0.00233382 0.01281524 0.04643764 0.05191342 0.16905256 0.02857058 0.33078847 0.04242794 0.20915543 0.02875420 0.05252045
2.60052010 5.97282370 0.01875523 0.00220113 0.00821048 0.06215738 0.05168025 0.26418644 0.03200061 0.10365290 0.04427618 0.31679692 0.03184180 0.06424068
2.80056011 5.96411068 0.02703239 0.00264455 0.01164933 0.04863243 0.04733998 0.08145381 0.03408572 0.45727733 0.04859593 0.13613799 0.03333378 0.07181675
3.00060012 5.96259084 0.03457792 0.00260806 0.01045398 0.06581066 0.04874261 0.19296246 0.04065253 0.29676601 0.05190685 0.16569898 0.03408991 0.05573002
3.20064013 5.96492674 0.01210180 0.00255180 0.00823074 0.04497585 0.05423553 0.27781806 0.04179569 0.12395764 0.05182157 0.29911359 0.03559538 0.04780236
3.40068014 5.96048241 0.03271961 0.00291947 0.00973537 0.05707775 0.06120448 0.12520760 0.04157731 0.32507920 0.05353064 0.19365673 0.04276805 0.05452377
3.60072014 5.97426083 0.01773389 0.00317761 0.01034039 0.04525507 0.06021657 0.12483104 0.04727824 0.15212812 0.05501469 0.35656450 0.04831283 0.07914704
3.80076015 5.98315874 0.01791939 0.00342138 0.00856463 0.04651710 0.06293176 0.10476275 0.05542036 0.14734142 0.05942866 0.38422488 0.04079779 0.06866988
4.00080016 6.00634437 0.02301231 0.00345478 0.00811467 0.04895220 0.06463379 0.12723059 0.05281833 0.29101634 0.05844874 0.21774698 0.04264431 0.06192694
4.20084017 6.00838006 0.01042261 0.00343721 0.00920796 0.04093712 0.06675478 0.23216037 0.05247950 0.17600587 0.05877352 0.24669411 0.04855495 0.05457201
4.40088018 6.00540888 0.01211214 0.00355119 0.00778875 0.03786420 0.06482990 0.22470289 0.05654363 0.20472439 0.06248332 0.21705488 0.05059190 0.05775280
4.60092018 5.99049588 0.01912804 0.00403849 0.00821140 0.03729152 0.06493962 0.12954074 0.05899169 0.32380117 0.06264489 0.16960758 0.05338526 0.06841961
4.80096019 5.96346032 0.01449289 0.00375443 0.00848077 0.03584149 0.07305141 0.13803358 0.05820922 0.18223886 0.06281634 0.31388228 0.04816854 0.06103019
5.00100020 5.94737383 0.01406395 0.00377039 0.00814444 0.03788689 0.06910742 0.14322942 0.06377045 0.18104088 0.06386081 0.29871988 0.05149088 0.06491459
5.20104021 5.92356623 0.02097098 0.00392739 0.00788172 0.03775563 0.06650785 0.11450600 0.06549193 0.29256151 0.06544192 0.22506998 0.05263086 0.04725423
5.40108022 5.91339619 0.01259051 0.00391966 0.00753863 0.04085988 0.06822288 0.19018821 0.07168117 0.11056449 0.06483759 0.32313374 0.05133865 0.05512460
5.60112022 5.90285356 0.02242715 0.00409328 0.00714648 0.04096082 0.07149416 0.12199794 0.07333303 0.28500649 0.06424776 0.21587005 0.05083172 0.04259114
5.80116023 5.89401485 0.02598245 0.00393955 0.00723801 0.04109562 0.07699543 0.12581157 0.06761577 0.32491564 0.06635815 0.15410056 0.05309104 0.05285621
6.00120024 5.89504822 0.00959665 0.00391378 0.00699787 0.03865007 0.07547656 0.24970139 0.07043611 0.12930056 0.06574646 0.25335306 0.05642702 0.04040046
6.20124025 5.88518371 0.02276326 0.00401093 0.00693972 0.04559365 0.07242399 0.14078413 0.07351145 0.27169274 0.06812064 0.19368228 0.05393293 0.04654429
6.40128026 5.88991228 0.01700850 0.00403880 0.00755691 0.03959581 0.08258425 0.10231195 0.07253002 0.21816484 0.06917954 0.28858294 0.05166732 0.04677912
6.60132026 5.89096582 0.01395852 0.00401709 0.00767097 0.04413779 0.08371057 0.11063427 0.06883769 0.13765634 0.07163028 0.33855441 0.05380431 0.06538777
6.80136027 5.90466060 0.01519089 0.00449024 0.00736551 0.04330623 0.08322162 0.10248606 0.07412092 0.23233401 0.07308345 0.25965133 0.05708371 0.04766602
7.00140028 5.91002641 0.01238430 0.00425894 0.00708982 0.04432092 0.08441207 0.16694964 0.07512536 0.20410707 0.07366097 0.22398887 0.05654260 0.04715943
7.20144029 5.90513738 0.01358101 0.00412481 0.00991605 0.04323409 0.09353200 0.18332973 0.06682052 0.19437037 0.07528338 0.21453800 0.05623923 0.04503081
7.40148030 5.90306598 0.01623265 0.00435550 0.00854129 0.04833514 0.09240439 0.14515628 0.06424570 0.25261443 0.07825881 0.18506804 0.05673553 0.04805224
7.60152030 5.88159175 0.01555382 0.00423562 0.00736330 0.05004504 0.09256905 0.13018388 0.07496445 0.22243102 0.07584460 0.21588762 0.05638621 0.05453540
7.80156031 5.86948228 0.01176977 0.00427532 0.00832556 0.04554229 0.09348838 0.14128829 0.07550995 0.14249325 0.07932286 0.29234004 0.05740343 0.04824086
8.00160032 5.85617894 0.01772357 0.00445548 0.00701706 0.04097330 0.10044066 0.10160506 0.07134206 0.23184201 0.08166220 0.23759101 0.06409952 0.04124806
8.20164033 5.84103393 0.01347837 0.00457736 0.00751864 0.03936360 0.10074495 0.13356501 0.07222777 0.15388268 0.08192942 0.27858963 0.06452044 0.04960213
8.40168034 5.83527426 0.01504863 0.00434741 0.00843582 0.04036919 0.09673662 0.12840557 0.07485722 0.17008898 0.08254537 0.26753978 0.06151332 0.05011210
8.60172034 5.82937975 0.02250302 0.00450236 0.00750991 0.04720886 0.09962053 0.10294402 0.07513395 0.30214071 0.08487540 0.14924245 0.06186768 0.04245109
8.80176035 5.82897190 0.01074789 0.00483473 0.00684138 0.04018673 0.10184405 0.19928045 0.07462302 0.15991147 0.08687600 0.21051972 0.06382212 0.04051243
9.00180036 5.81950468 0.01524638 0.00467706 0.00766853 0.04513638 0.09838207 0.16467585 0.07457159 0.21359212 0.08858478 0.18563569 0.06578442 0.03604513
9.20184037 5.81598060 0.01695478 0.00456713 0.00786614 0.04409047 0.09958661 0.10034191 0.07772738 0.23573652 0.08800847 0.21488326 0.06211035 0.04812700
9.40188038 5.81245257 0.01294090 0.00492959 0.00800518 0.03934053 0.09523887 0.10387347 0.07866909 0.15052897 0.09123718 0.30278994 0.06192519 0.05052107
9.60192038 5.81125958 0.01526051 0.00516519 0.00837127 0.04213675 0.09374022 0.09487284 0.07740860 0.19386917 0.09275296 0.25776890 0.06693296 0.05172063
9.80196039 5.81310732 0.01319254 0.00500716 0.00857656 0.04587738 0.09660117 0.12874534 0.07718492 0.18508248 0.08826457 0.24482557 0.06694211 0.03970019
10.00200040 5.81333734 0.01230474 0.00499882 0.00714530 0.03982229 0.09707158 0.14532556 0.07896439 0.19355265 0.09664774 0.21389251 0.06231741 0.04795701
10.20204041 5.81565633 0.01306880 0.00471457 0.00708574 0.03857986 0.09283987 0.15362446 0.08125263 0.21536179 0.09266859 0.19033694 0.06652427 0.04394250
10.40208042 5.80260028 0.01422166 0.00512044 0.00690865 0.03392040 0.09557260 0.13716076 0.08283989 0.22618969 0.09416100 0.19355224 0.06630600 0.04404666
10.60212042 5.78742853 0.01183758 0.00501753 0.00571874 0.03651374 0.09854840 0.14621079 0.08013957 0.17283523 0.09683316 0.24179011 0.06146126 0.04309388
10.80216043 5.77779687 0.01293162 0.00463203 0.00560671 0.03491286 0.09511098 0.11475604 0.08375042 0.19027813 0.09306575 0.25617811 0.06744075 0.04133659
11.00220044 5.76316486 0.01437221 0.00473993 0.00619305 0.03850701 0.09231330 0.10373628 0.08316381 0.19156336 0.09589746 0.26149089 0.06388543 0.04413727
11.20224045 5.75962211 0.01045370 0.00458712 0.00547684 0.03981786 0.09996061 0.12618097 0.08487649 0.14051642 0.09178752 0.28787705 0.06278818 0.04567723
11.40228046 5.75556572 0.01602966 0.00510692 0.00639390 0.03880805 0.10192415 0.10636508 0.08094569 0.24890449 0.09793293 0.19356061 0.06409023 0.03993829
11.60232046 5.75716853 0.01236168 0.00488962 0.00521640 0.03221759 0.10111218 0.16859594 0.08784730 0.20568520 0.09821319 0.18170653 0.06793763 0.03421673
11.80236047 5.74617773 0.01036130 0.00487345 0.00478728 0.03159691 0.09833397 0.17739690 0.08932602 0.18523675 0.09852039 0.19897084 0.06694609 0.03365009
12.00240048 5.73844824 0.01605323 0.00496740 0.00573135 0.03043952 0.10708898 0.11360358 0.08919668 0.24387908 0.09792498 0.18506022 0.06682187 0.03923311
12.20244049 5.73705188 0.01074537 0.00498157 0.00546653 0.02992481 0.10977411 0.11496418 0.08904829 0.16359375 0.10089021 0.25838464 0.06930574 0.04292080
12.40248050 5.72807799 0.01118607 0.00508745 0.00432017 0.02594571 0.10921818 0.10769933 0.09188980 0.16991820 0.10298148 0.26008758 0.06882301 0.04284301
12.60252050 5.72534429 0.01138743 0.00493073 0.00461736 0.02683594 0.10640914 0.11789243 0.09698947 0.17302021 0.10259435 0.24571874 0.06907622 0.04052799
12.80256051 5.72170025 0.01082775 0.00484061 0.00471514 0.02799847 0.10754742 0.12665276 0.09810277 0.18084099 0.10384891 0.22850502 0.06566020 0.04045994
13.00260052 5.72345296 0.01191102 0.00491783 0.00455173 0.02834035 0.10763548 0.13656912 0.09330603 0.20092037 0.10533642 0.19439191 0.07080415 0.04131558
13.20264053 5.71993536 0.01151682 0.00493052 0.00436039 0.02763366 0.10460049 0.14887375 0.09368795 0.20694044 0.10399510 0.18255960 0.07278586 0.03811542
13.40268054 5.70796388 0.01116412 0.00489444 0.00442128 0.03147729 0.10532669 0.14456970 0.09679399 0.19069037 0.10578736 0.20024727 0.06719743 0.03743006
13.60272054 5.69693601 0.01126841 0.00484005 0.00514688 0.03098066 0.10584354 0.13027244 0.09348513 0.17300638 0.10850151 0.23199832 0.06532968 0.03932699
13.80276055 5.68361934 0.01307260 0.00480719 0.00556165 0.03096284 0.11150692 0.09659122 0.08798817 0.18959012 0.10811364 0.23543789 0.06958401 0.04678376
14.00280056 5.67799054 0.01176639 0.00492111 0.00665682 0.03158473 0.10688906 0.11154816 0.09155979 0.14490957 0.10867875 0.27043809 0.06795122 0.04309633
14.20284057 5.67361307 0.01320690 0.00481908 0.00619462 0.03198553 0.11011237 0.10577071 0.09352446 0.19205415 0.10891774 0.22231179 0.06862626 0.04247638
14.40288058 5.66777382 0.01301201 0.00516462 0.00552397 0.03232243 0.11472670 0.13188593 0.08795448 0.20708169 0.11022917 0.18776760 0.06792495 0.03640646
14.60292058 5.67114284 0.00922724 0.00543525 0.00476924 0.02751538 0.11193212 0.16575506 0.08711872 0.16736523 0.11012035 0.19708886 0.07539348 0.03827908
14.80296059 5.66527587 0.01316002 0.00511531 0.00478389 0.02680905 0.11653149 0.12505934 0.09203430 0.22284090 0.10958808 0.17730497 0.07073074 0.03604192
15.00300060 5.66065102 0.01168364 0.00557973 0.00559005 0.02647965 0.11796894 0.12064458 0.08916327 0.17895745 0.11590617 0.21897152 0.06738181 0.04167319
15.20304061 5.64980656 0.01105618 0.00549171 0.00507126 0.02349951 0.11660209 0.11368814 0.08917418 0.16755063 0.11287963 0.23918586 0.07585231 0.03994852
15.40308062 5.64339002 0.01200086 0.00542619 0.00624593 0.02874130 0.11564974 0.10735988 0.09147620 0.16797719 0.11462028 0.24102198 0.06882751 0.04065294
15.60312062 5.64331906 0.01148203 0.00517129 0.00601536 0.02697788 0.11894065 0.11491177 0.09138081 0.16338910 0.11161895 0.23308637 0.07488821 0.04213756
15.80316063 5.63464242 0.01313235 0.00524375 0.00639772 0.03684266 0.11540302 0.11569401 0.09023751 0.19036780 0.11530547 0.19703254 0.07381017 0.04053300
16.00320064 5.63845753 0.01154652 0.00531907 0.00663834 0.03556653 0.11607148 0.13829064 0.09251596 0.18216492 0.11582872 0.18424374 0.07426469 0.03754938
16.20324065 5.63250592 0.01198898 0.00516068 0.00608178 0.03000609 0.12424738 0.13968613 0.09645428 0.18824840 0.11208277 0.17566489 0.07405480 0.03632383
16.40328066 5.62618060 0.01098990 0.00566501 0.00568538 0.02720138 0.12526232 0.12877539 0.09185591 0.17018837 0.12121075 0.20223469 0.07200592 0.03892499
16.60332066 5.61614277 0.01144847 0.00533250 0.00549585 0.03718762 0.12274262 0.10514738 0.09349753 0.17288543 0.11338477 0.21420596 0.07904249 0.03962939
16.80336067 5.60089588 0.01101676 0.00582996 0.00597327 0.03402154 0.12263103 0.10040373 0.09618205 0.14827568 0.12035409 0.23723333 0.07500277 0.04307578
17.00340068 5.59533973 0.01196087 0.00579985 0.00669206 0.03242428 0.12894311 0.10520607 0.09361661 0.15269149 0.11670517 0.22771200 0.07893517 0.03931330
17.20344069 5.58873013 0.01282233 0.00592338 0.00585947 0.03175823 0.12575805 0.11204616 0.09406618 0.19005014 0.12078515 0.18307919 0.07746714 0.04038458
17.40348070 5.59062424 0.01085559 0.00572999 0.00588629 0.03435064 0.12420926 0.14325296 0.09851599 0.15822332 0.11962660 0.18774801 0.07791807 0.03368329
17.60352070 5.58303737 0.01238864 0.00581335 0.00636725 0.03912912 0.12722569 0.12577291 0.09630831 0.19093198 0.11774574 0.16280003 0.07890683 0.03661017
17.80356071 5.57428738 0.01319478 0.00594092 0.00684458 0.03345008 0.13429729 0.12108354 0.09662811 0.17876079 0.12224874 0.17662640 0.07488484 0.03603992
18.00360072 5.56384317 0.01201983 0.00594373 0.00716761 0.03188815 0.13418033 0.11590065 0.09685493 0.15287513 0.12156330 0.20505518 0.07945762 0.03709354
18.20364073 5.55389169 0.01170699 0.00597220 0.00548551 0.03554953 0.12864166 0.09527659 0.09883029 0.15992781 0.12771840 0.21333689 0.07683735 0.04071677
18.40368074 5.55654701 0.01078627 0.00616336 0.00565813 0.03469214 0.13052562 0.09535106 0.10126200 0.14349369 0.12249177 0.22708802 0.08355716 0.03893079
18.60372074 5.55060544 0.01284186 0.00618688 0.00752988 0.03631224 0.13509239 0.10060294 0.09764510 0.16946620 0.12875757 0.19134436 0.07831797 0.03590261
18.80376075 5.55366201 0.00996897 0.00599352 0.00504796 0.03316126 0.13524519 0.13159257 0.10144270 0.15982526 0.12707480 0.17250340 0.08224368 0.03590067
19.00380076 5.54635814 0.01087482 0.00593701 0.00540488 0.03883195 0.13297934 0.12737868 0.10460056 0.17106562 0.12488047 0.16431410 0.08160252 0.03213004
19.20384077 5.54160286 0.01264042 0.00582099 0.00781010 0.03610877 0.13447370 0.11816082 0.10577710 0.16809348 0.12791334 0.17184205 0.07601478 0.03534445
19.40388078 5.53466170 0.01216044 0.00565179 0.00714036 0.03158404 0.14178802 0.10932067 0.10114643 0.15871193 0.12371431 0.19085419 0.07969936 0.03822847
19.60392078 5.52453975 0.01125773 0.00567426 0.00588638 0.03064698 0.13853529 0.10186426 0.09988751 0.15107278 0.12760164 0.20906814 0.07830120 0.04020383
19.80396079 5.52361745 0.00994340 0.00561555 0.00569394 0.03229725 0.13155152 0.10128736 0.10892929 0.13245285 0.12429647 0.22743447 0.08360707 0.03689082
20.00400080 5.51977341 0.01097932 0.00573338 0.00442562 0.02727951 0.14112620 0.09490257 0.11008649 0.16912137 0.12459971 0.19286642 0.08045413 0.03842528
20.20404081 5.52263285 0.01108577 0.00574458 0.00606104 0.02599929 0.14306578 0.12083091 0.11190933 0.15398799 0.12828515 0.18007449 0.07899506 0.03396060
20.40408082 5.52049759 0.00954467 0.00572368 0.00492072 0.02946224 0.13742142 0.13094793 0.11202586 0.16191606 0.12571952 0.16703697 0.08310943 0.03217152
20.60412082 5.51333716 0.01149591 0.00577720 0.00455157 0.02909643 0.13572471 0.12105566 0.11699381 0.18271526 0.12718018 0.15302489 0.08032400 0.03206038
20.80416083 5.50258413 0.01011492 0.00591205 0.00486910 0.02819167 0.13909034 0.12274226 0.11351868 0.15171225 0.13058143 0.18373003 0.07689740 0.03263987
21.00420084 5.48838632 0.01105712 0.00599894 0.00554840 0.02829700 0.14176828 0.09592931 0.10866639 0.15387954 0.12815865 0.19959850 0.08540763 0.03569023
21.20424085 5.47865212 0.00965197 0.00597787 0.00468867 0.02866565 0.13758795 0.09200619 0.11307834 0.13999287 0.13229181 0.21852997 0.07906392 0.03846478
21.40428086 5.47225184 0.01182425 0.00602568 0.00556196 0.02975916 0.13361982 0.09443672 0.11464133 0.15197845 0.13381167 0.19891653 0.08390141 0.03552304
21.60432086 5.47056886 0.01055087 0.00594333 0.00562347 0.02667939 0.13475851 0.11525333 0.11376562 0.15374684 0.13405002 0.18304165 0.08548243 0.03110455
21.80436087 5.46996096 0.00971089 0.00633313 0.00457888 0.02745823 0.13689619 0.12197392 0.11193857 0.16134033 0.14109042 0.16738766 0.07974159 0.03155019
22.00440088 5.46201893 0.01004050 0.00583055 0.00412669 0.02704792 0.13713913 0.11781047 0.11602248 0.17491506 0.13235127 0.15646613 0.08465647 0.03359333
22.20444089 5.45164851 0.01043410 0.00613746 0.00507737 0.03279914 0.13536579 0.11734531 0.11124020 0.15627880 0.14152457 0.17277968 0.07773188 0.03328571
22.40448090 5.43442311 0.01234970 0.00585780 0.00688508 0.03571271 0.13513811 0.10409763 0.10999349 0.15554298 0.13194683 0.18386384 0.08306367 0.03554816
22.60452090 5.42749060 0.01141159 0.00602604 0.00703899 0.03458109 0.13476949 0.09739068 0.10969716 0.13394280 0.13459598 0.20959669 0.08091122 0.04003826
22.80456091 5.41970262 0.01101587 0.00593660 0.00580375 0.03941273 0.13659884 0.09067438 0.10891542 0.14660739 0.13522084 0.20197419 0.07732821 0.04051179
23.00460092 5.41468056 0.01199906 0.00558529 0.00673313 0.04003266 0.13437541 0.09955340 0.10950340 0.15728526 0.12992576 0.18989644 0.07861004 0.03650014
23.20464093 5.41546137 0.01051837 0.00598099 0.00598164 0.03463688 0.12955526 0.12159552 0.10957054 0.15076738 0.13254142 0.17928793 0.08235169 0.03721237
23.40468094 5.40664849 0.01062241 0.00571267 0.00523314 0.03635932 0.13766102 0.12106424 0.11170404 0.17429950 0.12407125 0.15364124 0.08485092 0.03478025
23.60472094 5.40339005 0.00997397 0.00636314 0.00511304 0.03506144 0.14379198 0.11959348 0.10922061 0.15896476 0.13474038 0.16462482 0.07788378 0.03466859
23.80476095 5.39417463 0.01023138 0.00597762 0.00518655 0.02666303 0.14079128 0.10380056 0.11364123 0.16031904 0.12753632 0.18432934 0.08605345 0.03547020
24.00480096 5.38442105 0.00950776 0.00609979 0.00452945 0.02730729 0.13896671 0.09492732 0.11742130 0.14106671 0.13083657 0.20449904 0.08267552 0.04216253
24.20484097 5.37787962 0.00994122 0.00617697 0.00499412 0.02877799 0.14286356 0.09158978 0.11210455 0.14686922 0.13079456 0.20839657 0.08006026 0.03743121
24.40488098 5.37674974 0.01006970 0.00623965 0.00487021 0.02858268 0.14256647 0.09831663 0.11100712 0.15560367 0.13132053 0.19063414 0.08486613 0.03592308
24.60492098 5.37601235 0.00886513 0.00659972 0.00418326 0.02502312 0.13434465 0.11969704 0.11354200 0.14933867 0.13401074 0.18426494 0.08550279 0.03462796
24.80496099 5.37329492 0.01007045 0.00607265 0.00489172 0.02331941 0.13430918 0.12127459 0.11797986 0.16894748 0.13368848 0.15848308 0.08594974 0.03501338
25.00500100 5.36822169 0.01019932 0.00635386 0.00529473 0.03025723 0.13841082 0.11972364 0.10840075 0.16429561 0.13762751 0.16290044 0.08320697 0.03332914
25.20504101 5.36281052 0.00939280 0.00621787 0.00402623 0.02424034 0.13856349 0.11489629 0.11013816 0.15757951 0.13566781 0.18005688 0.08341257 0.03580805
25.40508102 5.35061627 0.00947531 0.00632140 0.00476313 0.02179119 0.13843896 0.10096931 0.11742499 0.14438124 0.13904094 0.19875165 0.07877360 0.03986827
25.60512102 5.34522592 0.00945357 0.00607848 0.00489929 0.02540993 0.14027146 0.09271575 0.11631245 0.14079431 0.13847609 0.20746741 0.08286142 0.03525984
25.80516103 5.33829212 0.00987514 0.00607703 0.00410906 0.02357587 0.14549883 0.09368814 0.10739369 0.15381634 0.13763671 0.19513122 0.08539365 0.03780433
26.00520104 5.33472146 0.00880239 0.00622994 0.00410080 0.02383534 0.14275701 0.11549940 0.10650342 0.14534091 0.14190552 0.18755689 0.08060400 0.03686437
26.20524105 5.33169889 0.01034953 0.00599407 0.00546827 0.02588886 0.13878864 0.11728196 0.11151751 0.16454816 0.14053972 0.16242552 0.08315996 0.03403781
26.40528106 5.32031854 0.01030289 0.00615079 0.00548118 0.02640574 0.14314637 0.12083176 0.10790614 0.16037081 0.14653518 0.15996776 0.08026141 0.03263996
26.60532106 5.30714340 0.00877614 0.00605738 0.00300338 0.02799908 0.14799932 0.11080136 0.10371256 0.15403376 0.14964155 0.16714935 0.08458908 0.03623703
26.80536107 5.29675472 0.00979746 0.00583692 0.00505811 0.02691422 0.14624990 0.10049443 0.10254321 0.14731403 0.14669367 0.18651249 0.08667619 0.03590937
27.00540108 5.29315005 0.00929057 0.00603220 0.00529215 0.02784062 0.15075949 0.09286269 0.10409139 0.13483993 0.15148983 0.19915438 0.07962698 0.03871976
27.20544109 5.28978826 0.00964814 0.00595347 0.00419560 0.02431832 0.14907496 0.09450857 0.10351046 0.14995653 0.15169202 0.18777785 0.08376899 0.03559508
27.40548110 5.28572099 0.00797967 0.00607270 0.00379134 0.02291350 0.14805298 0.10858871 0.10549114 0.14044299 0.15437038 0.17891710 0.08801270 0.03536680
27.60552110 5.28340676 0.00947532 0.00611790 0.00487239 0.02505760 0.14820396 0.11067663 0.10611083 0.15184593 0.15814439 0.16664851 0.08142281 0.03142373
27.80556111 5.27731797 0.00973859 0.00607066 0.00437786 0.02480508 0.14980610 0.10838597 0.11144046 0.16132663 0.15623624 0.15463556 0.08244642 0.03073041
28.00560112 5.27274741 0.00889965 0.00645732 0.00366632 0.02378094 0.14651676 0.11040429 0.11209879 0.14675724 0.16085114 0.16174726 0.08607587 0.03274441
28.20564113 5.26614934 0.00884267 0.00621751 0.00454931 0.02193685 0.15215427 0.10025415 0.11120762 0.14016824 0.16455574 0.17335787 0.08586475 0.03089102
28.40568114 5.25823196 0.00956824 0.00590686 0.00518216 0.02721632 0.15184433 0.08907500 0.10913469 0.13525343 0.15863564 0.18718601 0.08847837 0.03251896
28.60572114 5.25310941 0.00996814 0.00640523 0.00455993 0.02628799 0.15054777 0.08313661 0.10557620 0.14232343 0.16874945 0.18538992 0.08472124 0.03233409
28.80576115 5.25031652 0.00954955 0.00591217 0.00486962 0.02612092 0.14879496 0.09590464 0.11104836 0.13735664 0.15994489 0.17805340 0.09029951 0.03214534
29.00580116 5.24700608 0.00874947 0.00613640 0.00426326 0.03129684 0.14671655 0.10826124 0.11325605 0.14075639 0.16422807 0.16249375 0.08366283 0.03017916
29.20584117 5.24284197 0.00877896 0.00624338 0.00383224 0.02778337 0.15051869 0.10868746 0.11025814 0.15064497 0.16557280 0.15126588 0.08540688 0.03100723
29.40588118 5.23263241 0.01008636 0.00610621 0.00481328 0.02941814 0.14573845 0.11091066 0.10934523 0.14668823 0.16351651 0.15270625 0.08929348 0.03137719
29.60592118 5.22176916 0.01001240 0.00616185 0.00489003 0.02370672 0.13865974 0.10681001 0.10916527 0.14559306 0.16958236 0.16525093 0.08443067 0.03573695
29.80596119 5.21802043 0.00883061 0.00608632 0.00414570 0.02462530 0.14218878 0.09800178 0.11150612 0.13553112 0.16548603 0.18609138 0.08273265 0.03477422
30.00600120 5.21328606 0.00826248 0.00622517 0.00305261 0.01899289 0.14588845 0.09575007 0.11299659 0.13694288 0.17088623 0.18411468 0.08000345 0.03688449
30.20604121 5.20913823 0.00830304 0.00626229 0.00366434 0.01906795 0.14307066 0.09907005 0.11313091 0.13532998 0.16921052 0.18008337 0.08832551 0.03448138
30.40608122 5.20398565 0.00742770 0.00641186 0.00317900 0.01605932 0.13666641 0.10487311 0.11621684 0.13813611 0.17062067 0.17404988 0.09208412 0.03427499
30.60612122 5.19676924 0.00819690 0.00624234 0.00330710 0.01717693 0.13768412 0.11124857 0.11658629 0.15069689 0.16995273 0.15709551 0.08753441 0.03427821
30.80616123 5.19077981 0.00904691 0.00608539 0.00379898 0.01896640 0.14154690 0.11518236 0.11430007 0.14988223 0.16981852 0.15485655 0.08224901 0.03426670
31.00620124 5.17652788 0.00931847 0.00611452 0.00458068 0.02203609 0.13476825 0.10390873 0.11057099 0.15115140 0.16834242 0.16578824 0.08820372 0.03521649
31.20624125 5.17175758 0.00923903 0.00599002 0.00427040 0.01717605 0.13553326 0.09863848 0.11239334 0.13834446 0.16789028 0.18397707 0.09019299 0.03635462
31.40628126 5.16419434 0.00868700 0.00603548 0.00379627 0.01999416 0.14148008 0.09356756 0.10863030 0.14445047 0.17143754 0.18411964 0.08041649 0.03738501
31.60632126 5.16031155 0.01085069 0.00574832 0.00647912 0.02282197 0.14383630 0.10023486 0.11029836 0.13925562 0.16377187 0.18217646 0.08234504 0.03218140
31.80636127 5.15771386 0.00974818 0.00624658 0.00533846 0.02598200 0.13813599 0.09792657 0.11340871 0.13632766 0.17284248 0.17656462 0.08336613 0.03411262
32.00640128 5.14727165 0.01002200 0.00621629 0.00479476 0.02420944 0.13386196 0.09785269 0.11667570 0.15705861 0.16828499 0.15920783 0.09096095 0.03085477
32.20644129 5.14458444 0.00775217 0.00658145 0.00320728 0.02081861 0.14379287 0.11106098 0.11422136 0.14380583 0.17463963 0.15420231 0.08676457 0.03315293
32.40648130 5.13934832 0.00869002 0.00622358 0.00427376 0.02076670 0.14391045 0.10695329 0.11345178 0.14721696 0.17487514 0.15984709 0.08553894 0.02825228
32.60652130 5.13523702 0.00893078 0.00595270 0.00465271 0.01942373 0.13882540 0.09873985 0.11878507 0.13678598 0.17006812 0.17256527 0.09236861 0.03290180
32.80656131 5.12547645 0.00899393 0.00637978 0.00487663 0.02397269 0.14356639 0.08741636 0.11080774 0.13604983 0.17803773 0.18263127 0.08520825 0.03205940
33.00660132 5.11864370 0.00905896 0.00609775 0.00446211 0.02152698 0.14962949 0.08881870 0.11045395 0.14044774 0.17062013 0.17777915 0.08919857 0.03190648
33.20664133 5.11397022 0.00913697 0.00620379 0.00498931 0.02292137 0.14542456 0.09691176 0.11074657 0.13141227 0.17290710 0.17838411 0.08871786 0.03224433
33.40668134 5.10978360 0.00839868 0.00617078 0.00412320 0.02451447 0.14853761 0.09854034 0.11370513 0.14533756 0.17128606 0.16334811 0.08630030 0.02973776
33.60672134 5.10142863 0.00933424 0.00623140 0.00449113 0.02995823 0.14887271 0.10221751 0.11224626 0.14561541 0.16967339 0.15272320 0.08897614 0.02966040
33.80676135 5.09598225 0.00964604 0.00642022 0.00548245 0.02851407 0.14856313 0.09730065 0.10720760 0.14189337 0.17521532 0.16190850 0.08859361 0.02925504
34.00680136 5.09016404 0.00996099 0.00610478 0.00577297 0.02859424 0.14778115 0.08589012 0.10776847 0.14153247 0.16980306 0.17363511 0.09054243 0.03261421
34.20684137 5.08295509 0.00931524 0.00607220 0.00489489 0.03086984 0.15071874 0.08814948 0.10686817 0.13530040 0.17350827 0.17714807 0.08683252 0.03032219
34.40688138 5.07414490 0.00965613 0.00626169 0.00561482 0.02912876 0.15210893 0.08900821 0.10523342 0.13795009 0.17433100 0.17532422 0.08406486 0.03131788
34.60692138 5.07006361 0.00985289 0.00607254 0.00650158 0.03142764 0.15132003 0.09140943 0.10115837 0.13484312 0.17215055 0.17479571 0.08929839 0.03116974
34.80696139 5.06431664 0.00971547 0.00622888 0.00508623 0.03222654 0.15026653 0.08910377 0.10316736 0.14696172 0.17405471 0.16271047 0.08828240 0.03219591
35.00700140 5.05789080 0.00899319 0.00639614 0.00493104 0.02852683 0.14959022 0.09688686 0.10949934 0.14536013 0.17555780 0.15330215 0.08895638 0.03199991
35.20704141 5.05351285 0.00897850 0.00621713 0.00486238 0.02692467 0.14719375 0.10118222 0.11900986 0.13947334 0.17385371 0.15469859 0.08772543 0.02988041
35.40708142 5.04489359 0.00952203 0.00635646 0.00540879 0.02961781 0.14595162 0.09249721 0.10977529 0.13798223 0.18015327 0.16303673 0.08776325 0.03193532
35.60712142 5.04423529 0.00828692 0.00618464 0.00450295 0.02737835 0.14708006 0.08759355 0.10660808 0.13288583 0.17709876 0.17612026 0.09502835 0.03123225
35.80716143 5.04104101 0.00858425 0.00617469 0.00405982 0.02855055 0.14853530 0.08102060 0.11324514 0.13703803 0.17802915 0.17510189 0.08601560 0.03364497
36.00720144 5.03162750 0.00909847 0.00602483 0.00516737 0.03007344 0.14275432 0.08973261 0.11400768 0.13535353 0.18010443 0.17484367 0.08110862 0.03173104
36.20724145 5.02802464 0.01014607 0.00567846 0.00662579 0.02961707 0.13962852 0.09805803 0.10737820 0.14170855 0.17336214 0.16286396 0.09195257 0.03298065
36.40728146 5.02171486 0.00999022 0.00598786 0.00579366 0.02825430 0.13807206 0.10516407 0.10734180 0.14754771 0.17867214 0.15717230 0.08392603 0.03207785
36.60732146 5.01344601 0.01040133 0.00568806 0.00569474 0.03593458 0.13554305 0.09985371 0.11290253 0.14745676 0.17348009 0.15864695 0.08038616 0.03401204
36.80736147 5.00627007 0.00965883 0.00609898 0.00514162 0.03133649 0.12884498 0.09450764 0.11364094 0.14576514 0.17673908 0.16924344 0.08667590 0.03234694
37.00740148 5.00527913 0.00958477 0.00600915 0.00492440 0.02910472 0.13632938 0.09759344 0.10990605 0.13432958 0.17560279 0.17761406 0.08615252 0.03284915
37.20744149 4.99990285 0.00952962 0.00628896 0.00461713 0.02958283 0.14447140 0.09326026 0.11116263 0.14210875 0.17533139 0.17085191 0.08274551 0.03004962
37.40748150 4.99544776 0.00969028 0.00585734 0.00540548 0.02880504 0.14056399 0.09293802 0.11048281 0.13474658 0.17609446 0.17685253 0.08500128 0.03356219
37.60752150 4.99034787 0.01032747 0.00595646 0.00581889 0.03395058 0.13485233 0.09263915 0.10721364 0.14106332 0.17779057 0.17157292 0.08818689 0.03062777
37.80756151 4.98155598 0.00965349 0.00616702 0.00504365 0.03330457 0.13702277 0.10108070 0.10619913 0.14830569 0.17922464 0.15579731 0.08538632 0.03281471
38.00760152 4.98051636 0.00857837 0.00612511 0.00447294 0.03101484 0.13410125 0.11218223 0.11220039 0.14142656 0.17802535 0.15634438 0.08554779 0.02998079
38.20764153 4.97407007 0.00973586 0.00628207 0.00537285 0.03087933 0.13545244 0.09426898 0.10742367 0.14544647 0.18385056 0.16232668 0.08699114 0.03196994
38.40768154 4.97290767 0.00890545 0.00588327 0.00397027 0.02785938 0.13669412 0.09006696 0.10658581 0.13643318 0.17620140 0.17977563 0.09263529 0.03498924
38.60772154 4.96627347 0.00843156 0.00629568 0.00452708 0.02828540 0.13809646 0.09113047 0.11143373 0.13867532 0.18348723 0.17555196 0.08068679 0.03339832
38.80776155 4.96365002 0.00957447 0.00612789 0.00558787 0.02789259 0.14230758 0.09541711 0.11437366 0.13204460 0.17886465 0.17471336 0.08432610 0.02877012
39.00780156 4.96115967 0.00832723 0.00596571 0.00431240 0.02462357 0.14187423 0.09585549 0.10688225 0.13646090 0.17888888 0.17461839 0.08838881 0.03380214
39.20784157 4.95843650 0.00965205 0.00622653 0.00451058 0.02762011 0.13758893 0.09430309 0.11444776 0.14813457 0.18197662 0.15700374 0.08976005 0.02877597
39.40788158 4.95361696 0.00897139 0.00582957 0.00513651 0.02731758 0.13539384 0.10302431 0.11952105 0.14558061 0.17640968 0.15562097 0.08684574 0.03034874
39.60792158 4.94818288 0.00934624 0.00614508 0.00435880 0.03098333 0.13511480 0.09481426 0.11446655 0.14787739 0.18376363 0.15957125 0.08450982 0.02904884
39.80796159 4.94404493 0.00937213 0.00576603 0.00485039 0.02598268 0.13634452 0.09844789 0.11305328 0.13724890 0.17770719 0.17081562 0.09112885 0.02928251
40.00800160 4.93853327 0.00912598 0.00587328 0.00513785 0.03195599 0.13247475 0.09075236 0.11311245 0.13536723 0.18267242 0.17504725 0.08786699 0.03061345
40.20804161 4.92702457 0.01107235 0.00575158 0.00593164 0.02971457 0.13625959 0.08223709 0.11556986 0.13788032 0.18061995 0.18398831 0.07979890 0.03117583
40.40808162 4.92373569 0.00869320 0.00570834 0.00489604 0.02884944 0.14146098 0.08785048 0.10990699 0.13423757 0.18255417 0.17891464 0.08236940 0.03455874
40.60812162 4.91569733 0.01092714 0.00592599 0.00601605 0.03528901 0.13791201 0.09653461 0.10610683 0.13988182 0.18858900 0.15498151 0.08746606 0.03036997
40.80816163 4.91482131 0.01023766 0.00573419 0.00648966 0.03688936 0.13358683 0.10455899 0.11382456 0.14307612 0.18268361 0.14664924 0.08617070 0.03009907
41.00820164 4.90755303 0.01095118 0.00592914 0.00625924 0.03599028 0.13653099 0.10001559 0.11496824 0.14410393 0.18527690 0.15126477 0.07929461 0.02941512
41.20824165 4.90296557 0.01106587 0.00581757 0.00633368 0.03459787 0.13496481 0.09003581 0.10938051 0.13673854 0.18551008 0.16434584 0.08832691 0.03288250
41.40828166 4.89483981 0.00940234 0.00601746 0.00631753 0.03589697 0.13836383 0.08839084 0.10581859 0.13596365 0.18396003 0.16968531 0.09183997 0.02834348
41.60832166 4.88779213 0.00901511 0.00599881 0.00417388 0.03495671 0.13727351 0.08577767 0.11109429 0.13258172 0.18705833 0.17687666 0.08257494 0.03261837
41.80836167 4.88291774 0.00900202 0.00565344 0.00512509 0.03504470 0.13937585 0.08748634 0.11088701 0.13095641 0.18442708 0.18007010 0.08165650 0.03031545
42.00840168 4.87955072 0.00944039 0.00567426 0.00503798 0.03173666 0.13875584 0.09340918 0.10764679 0.14121951 0.18961527 0.16094739 0.08630772 0.03020900
42.20844169 4.87663845 0.00847982 0.00581347 0.00442082 0.02785579 0.13714821 0.10019387 0.11269603 0.14390110 0.18912520 0.15354019 0.08721697 0.02960854
42.40848170 4.87188881 0.00849620 0.00605645 0.00394890 0.02573434 0.13442306 0.10041776 0.11986406 0.14452677 0.18958621 0.15108715 0.08807011 0.02778899
42.60852170 4.86468780 0.00964376 0.00625406 0.00508910 0.02801384 0.13340033 0.09692257 0.11527004 0.13719801 0.19380690 0.15497653 0.09126855 0.02815632
42.80856171 4.85409760 0.00862427 0.00600214 0.00472158 0.02804496 0.13380670 0.09442140 0.11292308 0.13115042 0.19141172 0.16750361 0.09385624 0.02753386
43.00860172 4.85107451 0.00926682 0.00589484 0.00392175 0.02770311 0.13369763 0.08171872 0.11672135 0.13491536 0.19559120 0.17278339 0.08609486 0.03169097
43.20864173 4.84764865 0.00801157 0.00580781 0.00406175 0.02371507 0.13765508 0.08380973 0.11638711 0.12750928 0.19347337 0.18130348 0.08867651 0.02958924
43.40868174 4.84613832 0.00765262 0.00607508 0.00288411 0.02133630 0.14174145 0.09342777 0.11166959 0.13267794 0.19342717 0.16533791 0.09308659 0.03068347
43.60872174 4.83845462 0.00817433 0.00640374 0.00346300 0.02096330 0.13886474 0.10385845 0.11634375 0.13797699 0.19925274 0.14986913 0.08913490 0.02569493
43.80876175 4.83021825 0.00839238 0.00604688 0.00357094 0.01882488 0.13745391 0.09815617 0.12149139 0.14341164 0.19337528 0.15015483 0.09163243 0.02748927
44.00880176 4.82253693 0.00775539 0.00627012 0.00294205 0.02292796 0.13534861 0.09408351 0.11088518 0.14028761 0.19884200 0.15811785 0.09465398 0.02788575
44.20884177 4.81530113 0.00750461 0.00624376 0.00357327 0.02557132 0.13627834 0.09597948 0.10755525 0.13379302 0.19562856 0.16280772 0.09829398 0.02677069
44.40888178 4.81165619 0.00955541 0.00651926 0.00459125 0.02243952 0.13713889 0.08887307 0.11215219 0.13456498 0.20090949 0.16294140 0.09128005 0.02903448
44.60892178 4.80653547 0.00802436 0.00625259 0.00365040 0.02497402 0.13804629 0.08755411 0.11384644 0.12556297 0.19781913 0.17755611 0.08803543 0.02867814
44.80896179 4.80160132 0.00786262 0.00651962 0.00291718 0.02408732 0.13924879 0.08778955 0.10469976 0.13302699 0.20062044 0.16908892 0.09691128 0.02722754
45.00900180 4.79621802 0.00886234 0.00649003 0.00405667 0.02304665 0.13639443 0.09418677 0.10463865 0.13985084 0.20454456 0.15557035 0.09393222 0.02842649
45.20904181 4.79259074 0.00949413 0.00619433 0.00483246 0.02396205 0.13980853 0.09878037 0.10949210 0.13604117 0.19822747 0.15384693 0.09227745 0.02704300
45.40908182 4.78710340 0.00883973 0.00629446 0.00470903 0.02384384 0.13333207 0.09809657 0.10639740 0.13916194 0.20435252 0.15293943 0.09562343 0.02640958
45.60912182 4.78011646 0.00813937 0.00656672 0.00344800 0.02377957 0.13438091 0.09777182 0.10866680 0.12942500 0.20420202 0.15768487 0.09818343 0.02775149
45.80916183 4.77433127 0.00816108 0.00637943 0.00347573 0.02262782 0.13165755 0.08745231 0.11374432 0.13431854 0.20658900 0.16309048 0.09362958 0.02887417
46.00920184 4.77171420 0.00818120 0.00646999 0.00341326 0.01958258 0.13563684 0.07986443 0.11409174 0.13059341 0.20635394 0.16813144 0.09744738 0.03023379
46.20924185 4.77019987 0.00747542 0.00640915 0.00373017 0.01874732 0.13779435 0.09119326 0.10761036 0.12506614 0.20773700 0.16754479 0.10044900 0.02624303
46.40928186 4.76833778 0.00755835 0.00641139 0.00371226 0.01889054 0.13694986 0.09687381 0.10846814 0.13394948 0.20959843 0.15132159 0.09457206 0.03169409
46.60932186 4.76609243 0.00746125 0.00645670 0.00335966 0.02249471 0.13735320 0.09238953 0.11280709 0.13794206 0.20726352 0.14922062 0.09611937 0.02713230
46.80936187 4.76064274 0.00721125 0.00656066 0.00295447 0.01989891 0.13590791 0.09062746 0.10773434 0.13264217 0.21160783 0.15595128 0.09618913 0.03271459
47.00940188 4.75590910 0.00808982 0.00642187 0.00385498 0.02127734 0.13391312 0.09821166 0.10820571 0.13200149 0.21060862 0.15293372 0.09685057 0.02763111
47.20944189 4.74926494 0.00768059 0.00643696 0.00362153 0.02448008 0.13196049 0.09214271 0.11311228 0.13181462 0.21179976 0.15359561 0.09269039 0.03066497
47.40948190 4.74200987 0.00776468 0.00633362 0.00393608 0.02352426 0.13553086 0.09020440 0.10975965 0.12325850 0.20999838 0.16806654 0.09237738 0.02924567
47.60952190 4.74207357 0.00756533 0.00650032 0.00311938 0.01735936 0.14346639 0.08451082 0.10394466 0.12520513 0.21165727 0.16584742 0.09843123 0.03239267
47.80956191 4.73948678 0.00807780 0.00644422 0.00365907 0.01395064 0.14510418 0.09266068 0.10279235 0.12938746 0.21038809 0.15647660 0.10127104 0.02978787
48.00960192 4.73422727 0.00758426 0.00647234 0.00304899 0.01760185 0.14316482 0.09623343 0.10911060 0.12846068 0.21426155 0.15091604 0.09299057 0.03015487
48.20964193 4.72373372 0.00753066 0.00617977 0.00308850 0.02224702 0.13993694 0.09722091 0.11344503 0.13311395 0.21064273 0.14985285 0.08579541 0.03094624
48.40968194 4.71850982 0.00781674 0.00612038 0.00383052 0.01980902 0.13627500 0.10128963 0.10892104 0.12822654 0.21213661 0.15156842 0.09454685 0.02945924
48.60972194 4.71163776 0.00856218 0.00617656 0.00436616 0.01895762 0.13516104 0.09469120 0.10699768 0.13047613 0.20970634 0.15571765 0.09595826 0.03322918
48.80976195 4.70406916 0.00933827 0.00583933 0.00494509 0.02199640 0.13576263 0.08691580 0.11202940 0.13417106 0.20937090 0.16197239 0.08699762 0.03066112
49.00980196 4.70146962 0.00830264 0.00556602 0.00391760 0.02584857 0.13844570 0.09004402 0.10957915 0.12242336 0.20841122 0.16588750 0.08999778 0.03157642
49.20984197 4.70171543 0.00774001 0.00561164 0.00398484 0.02580702 0.13825656 0.09694496 0.10636838 0.12702003 0.20919611 0.15871660 0.09056720 0.02978667
49.40988198 4.70194048 0.00818919 0.00579465 0.00392181 0.02088593 0.14088173 0.09841363 0.10795162 0.13174960 0.21246135 0.14900189 0.08891053 0.03183806
49.60992198 4.69890853 0.00855144 0.00541170 0.00462611 0.02000413 0.13993094 0.09347170 0.11565188 0.13194485 0.20950117 0.15108601 0.08950418 0.03031587
49.80996199 4.69334048 0.00704297 0.00571959 0.00301892 0.02003824 0.13515151 0.09335437 0.11656228 0.13066240 0.21564644 0.15371183 0.08892006 0.03017139
50.01000200 4.68653093 0.00685361 0.00553676 0.00284193 0.02035797 0.13636082 0.09578468 0.11463317 0.12994195 0.21294288 0.15005652 0.09252626 0.03216346
50.21004201 4.68188698 0.00840568 0.00560078 0.00496355 0.01840536 0.13511811 0.09538315 0.11456694 0.12515435 0.21346240 0.15783402 0.09125165 0.02985401
50.41008202 4.67874738 0.00788198 0.00552447 0.00330953 0.02083925 0.13777624 0.08933233 0.11213098 0.12320031 0.21323477 0.16529697 0.08933342 0.03213975
50.61012202 4.67065441 0.00765908 0.00554090 0.00332948 0.02181427 0.14027861 0.08690939 0.11318078 0.12670219 0.21322105 0.16340602 0.08777855 0.03017970
50.81016203 4.66925827 0.00777404 0.00560418 0.00384242 0.02139501 0.13783818 0.09339438 0.11495486 0.12740526 0.21655312 0.15550442 0.08504954 0.03068458
51.01020204 4.66633397 0.00734380 0.00570621 0.00320241 0.01729613 0.14229555 0.10134405 0.11247701 0.13020148 0.21369580 0.14841529 0.08982531 0.02819695
51.21024205 4.65769967 0.00793433 0.00599693 0.00337535 0.01540743 0.13770022 0.10133646 0.11154766 0.12963913 0.21895007 0.14761209 0.08980500 0.03069534
51.41028206 4.65468636 0.00758172 0.00582178 0.00379832 0.01778744 0.13241650 0.10143765 0.11441350 0.12909089 0.21767283 0.15036417 0.09367528 0.02593993
