0.00000000 7.00000000 0.00000000 0.00000000 0.00000000 0.00000000 0.00000000 0.00000000 0.00000000 1.00000000 0.00000000 0.00000000 0.00000000 0.00000000
0.10000500 7.00249336 0.01749518 0.00082883 0.00539125 0.09402228 0.05773766 0.15365481 0.02409315 0.48957398 0.04674548 0.06954109 0.01659488 0.02432141
0.20001000 7.00162668 0.00661691 0.00085979 0.00311707 0.04507768 0.11820481 0.23088757 0.05247789 0.28778080 0.05670952 0.12677116 0.02774799 0.04374881
0.30001500 6.99952870 0.00418446 0.00073189 0.00215264 0.02410416 0.14669290 0.24388263 0.06480232 0.20417873 0.06071804 0.16750960 0.03705485 0.04398778
0.40002000 6.99581090 0.00396572 0.00071434 0.00179625 0.02091126 0.15806940 0.23089408 0.07670672 0.17341048 0.06779868 0.18305694 0.04071086 0.04196527
0.50002500 6.99133479 0.00403963 0.00066063 0.00187742 0.02356531 0.16549982 0.22203007 0.08270251 0.15101325 0.07220360 0.18944917 0.04493343 0.04202515
0.60003000 6.98878056 0.00375549 0.00078796 0.00172177 0.02289113 0.17624152 0.21510178 0.08467887 0.12584576 0.07927268 0.19447690 0.05501898 0.04020718
0.70003500 6.98639562 0.00354382 0.00069375 0.00171067 0.02282825 0.18324828 0.19549875 0.08789379 0.11422098 0.08289337 0.20284904 0.05927080 0.04534851
0.80004000 6.98220782 0.00319829 0.00065584 0.00170204 0.02147351 0.20573279 0.18530740 0.09084231 0.10166415 0.08350549 0.19307483 0.06126356 0.05157977
0.90004500 6.97769415 0.00243766 0.00073818 0.00154362 0.01999217 0.24282984 0.16946529 0.09595978 0.08263020 0.07734439 0.18746230 0.06512781 0.05446876
1.00005000 6.97456821 0.00297042 0.00059590 0.00226594 0.02784693 0.24140477 0.17785413 0.10380144 0.07213333 0.06614245 0.17435571 0.07405545 0.05657355
1.10005500 6.97196600 0.00271275 0.00066401 0.00178895 0.01895595 0.25583934 0.17241856 0.11450441 0.07534531 0.06681781 0.15399023 0.08017443 0.05678825
1.20006000 6.96842315 0.00300928 0.00062111 0.00189069 0.02432105 0.25705665 0.17424775 0.12312890 0.08304829 0.06932502 0.13902973 0.07586831 0.04845321
1.30006500 6.96180723 0.00280700 0.00076417 0.00160047 0.02283130 0.26132569 0.17574840 0.13486348 0.07822329 0.07938677 0.11702878 0.08365988 0.04176076
1.40007000 6.95956170 0.00263777 0.00071806 0.00148445 0.02023996 0.26430807 0.19194025 0.14332551 0.06619840 0.07668771 0.10163739 0.08896065 0.04186178
1.50007500 6.95369262 0.00217760 0.00068155 0.00120765 0.01257878 0.27203903 0.19124756 0.15622698 0.06611841 0.07262421 0.08518214 0.09442822 0.04548786
1.60008000 6.95117809 0.00245401 0.00069881 0.00167707 0.01695060 0.28854669 0.18397291 0.16277955 0.05853439 0.06645476 0.07250827 0.09552018 0.04990275
1.70008500 6.95078884 0.00219272 0.00070823 0.00148403 0.01475036 0.30643365 0.17480199 0.16645216 0.05523266 0.06831594 0.06901951 0.09409002 0.04651873
1.80009000 6.94916419 0.00200080 0.00066071 0.00115957 0.01198995 0.32219723 0.16858785 0.16612039 0.05293359 0.06831368 0.06651976 0.09670799 0.04280849
1.90009500 6.94770175 0.00181208 0.00075549 0.00122531 0.01430842 0.33329795 0.16101165 0.17062035 0.04220472 0.06962468 0.06296531 0.10370153 0.03847250
2.00010001 6.94656519 0.00178019 0.00068417 0.00110161 0.01008639 0.33992375 0.15294723 0.18303191 0.04298041 0.07109275 0.05877196 0.10326742 0.03433221
2.10010501 6.93917810 0.00202163 0.00066366 0.00138926 0.01822028 0.35154331 0.14793914 0.19062795 0.03639850 0.06669432 0.05166260 0.10447075 0.02836859
2.20011001 6.93099725 0.00233794 0.00065418 0.00172555 0.02611455 0.34862243 0.13259751 0.19707253 0.03710412 0.06510736 0.05355302 0.10454350 0.03056732
2.30011501 6.92813668 0.00169958 0.00067523 0.00097557 0.01335951 0.35191456 0.12642360 0.20417460 0.03907298 0.06569991 0.06061424 0.10753570 0.02785453
2.40012001 6.92714151 0.00170270 0.00065333 0.00099267 0.01428382 0.35651015 0.12233686 0.20348546 0.03877505 0.06350887 0.05991316 0.10984219 0.02799573
2.50012501 6.92136760 0.00115361 0.00064848 0.00059308 0.00406785 0.36115074 0.11801718 0.21468293 0.03621955 0.05947687 0.05753521 0.11604098 0.03041353
2.60013001 6.91968792 0.00121522 0.00054773 0.00065087 0.00764138 0.36980880 0.12386989 0.21545913 0.03100407 0.05401483 0.05592493 0.11416951 0.02569363
2.70013501 6.91460384 0.00143484 0.00059222 0.00106328 0.01110561 0.37064148 0.11415300 0.21646493 0.03439693 0.05676334 0.04865090 0.11153802 0.03319543
2.80014001 6.91391722 0.00116685 0.00054963 0.00064780 0.00436358 0.37448730 0.11073592 0.22176091 0.03482818 0.05559919 0.04986710 0.11560297 0.03039058
2.90014501 6.90788530 0.00167140 0.00059157 0.00099367 0.01375842 0.37247720 0.10950802 0.21939273 0.03596300 0.05528455 0.04610778 0.12025396 0.02399771
3.00015001 6.90625678 0.00162558 0.00054679 0.00100618 0.01297859 0.37260377 0.11001887 0.21821931 0.03347792 0.05200932 0.04635150 0.12662082 0.02454135
3.10015501 6.90097113 0.00129694 0.00055336 0.00071537 0.01017522 0.38237296 0.10858550 0.22120622 0.03136782 0.05048204 0.04108075 0.12738542 0.02477841
3.20016001 6.89555191 0.00187693 0.00056905 0.00148121 0.02235394 0.38094579 0.09634423 0.22824134 0.02802563 0.05173528 0.04061481 0.12250853 0.02530325
3.30016501 6.89018187 0.00102194 0.00063793 0.00081731 0.00710216 0.39094112 0.10282738 0.23294431 0.02101913 0.05867110 0.03599220 0.12280554 0.02521988
3.40017001 6.88205589 0.00084249 0.00056783 0.00053727 0.00291310 0.39574017 0.09969426 0.23874346 0.01980806 0.05872654 0.03717578 0.12422200 0.02102904
3.50017501 6.87967524 0.00085081 0.00056542 0.00063264 0.00699150 0.40173376 0.09620486 0.23829621 0.01701610 0.05418222 0.03857619 0.12522238 0.01972789
3.60018001 6.87105902 0.00074796 0.00056085 0.00031725 0.00613708 0.39970487 0.09312455 0.24439218 0.01889028 0.04831604 0.03740651 0.13302606 0.01737637
3.70018501 6.86971026 0.00112030 0.00054134 0.00072805 0.00683004 0.40541262 0.08370808 0.24058665 0.02327935 0.04860580 0.03607201 0.13285359 0.02026217
3.80019001 6.86596649 0.00095495 0.00061227 0.00054918 0.00511067 0.41184553 0.07957334 0.24100472 0.02199100 0.04799766 0.03411327 0.13853982 0.01770759
3.90019501 6.85855374 0.00085531 0.00056646 0.00063664 0.00546432 0.40554173 0.07536924 0.24279719 0.01941148 0.04895411 0.03986985 0.13814051 0.02239316
4.00020001 6.85964493 0.00092742 0.00052679 0.00041079 0.00360182 0.40898035 0.07882608 0.24668982 0.02333030 0.04632758 0.03523769 0.13947546 0.01566590
4.10020501 6.85808170 0.00065696 0.00049755 0.00037229 0.00598260 0.40773130 0.08614154 0.24986868 0.01660025 0.04239473 0.03245840 0.14150773 0.01578796
4.20021001 6.85632453 0.00078919 0.00056126 0.00052201 0.00846799 0.40661081 0.07794636 0.25114360 0.01604114 0.04817904 0.03501816 0.13950530 0.01521514
4.30021501 6.84961046 0.00089691 0.00058037 0.00059115 0.00830157 0.40916679 0.07357853 0.25271250 0.01699876 0.04817281 0.03220470 0.14136753 0.01542837
4.40022001 6.84710030 0.00105214 0.00052356 0.00078410 0.01144263 0.41749781 0.06642955 0.24832823 0.01624316 0.04673109 0.03150417 0.14291932 0.01654426
4.50022501 6.83262092 0.00131683 0.00052821 0.00103546 0.01918326 0.40401075 0.05771610 0.25504596 0.01947666 0.04729784 0.03164652 0.14711725 0.01562517
4.60023001 6.82170013 0.00083428 0.00064350 0.00052358 0.00638023 0.39839072 0.06376147 0.25821131 0.01773417 0.05749176 0.03135708 0.15126271 0.01340919
4.70023501 6.81380044 0.00061063 0.00057196 0.00045448 0.00380999 0.40113174 0.05842598 0.26065650 0.01733635 0.05451152 0.03637650 0.15112828 0.01498607
4.80024001 6.81101224 0.00054989 0.00058856 0.00036439 0.00213105 0.39859556 0.05374400 0.26659934 0.01648260 0.05652215 0.03855483 0.14969440 0.01617324
4.90024501 6.80618138 0.00048918 0.00070190 0.00035721 0.00204918 0.40323678 0.05226299 0.26797563 0.01274157 0.05231101 0.03510286 0.15777469 0.01499701
5.00025001 6.80363446 0.00051657 0.00062805 0.00013503 0.00036060 0.40342979 0.05033953 0.27311329 0.02017674 0.04912380 0.03201997 0.15970507 0.01045154
5.10025501 6.79348731 0.00074939 0.00061298 0.00036473 0.00508242 0.39911864 0.05280502 0.27090722 0.01744502 0.04971081 0.03358630 0.15965034 0.00996712
5.20026001 6.78974236 0.00051334 0.00062825 0.00035220 0.00363347 0.40637138 0.05233753 0.27468204 0.01181101 0.04920110 0.02794953 0.15911723 0.01340293
5.30026501 6.78742284 0.00060148 0.00055760 0.00041727 0.00452314 0.41334633 0.05393050 0.27423850 0.01277594 0.04238876 0.02646848 0.15746880 0.01328319
5.40027001 6.78172362 0.00071398 0.00047872 0.00043313 0.00679009 0.41333119 0.05751724 0.27141428 0.01557107 0.03978852 0.02344449 0.15898729 0.01153000
5.50027501 6.77605127 0.00079803 0.00050028 0.00060303 0.00935583 0.41593089 0.05359871 0.26952355 0.01541828 0.03786384 0.02321901 0.16018144 0.01300712
5.60028001 6.76827049 0.00084829 0.00055391 0.00050868 0.00751059 0.41180137 0.04844049 0.26660934 0.02273745 0.04358347 0.02652825 0.15945192 0.01142625
5.70028501 6.76395249 0.00094165 0.00056238 0.00065123 0.00802495 0.41428422 0.04729828 0.26833483 0.01722744 0.03980437 0.02777110 0.16301420 0.01208536
5.80029001 6.75712212 0.00047738 0.00057966 0.00032982 0.00220583 0.41660177 0.04748731 0.26999726 0.01456465 0.04533721 0.02623446 0.16148410 0.01470056
5.90029501 6.74867908 0.00082049 0.00056228 0.00060698 0.00689926 0.41905786 0.04352551 0.26854400 0.01490609 0.04493848 0.02750563 0.16089739 0.01173603
6.00030002 6.74666684 0.00062882 0.00051549 0.00037803 0.00443014 0.41775101 0.05190602 0.26568503 0.01669179 0.04499186 0.02610793 0.16105661 0.00985726
6.10030502 6.73698409 0.00041696 0.00057770 0.00015993 0.00026506 0.41438914 0.05462114 0.26410484 0.01279470 0.04994010 0.03150648 0.16098822 0.01023573
6.20031002 6.73285392 0.00059316 0.00048201 0.00042343 0.00889450 0.41742979 0.05009895 0.26621771 0.01185380 0.04023194 0.03014053 0.16163855 0.01199564
6.30031502 6.73010450 0.00060855 0.00053061 0.00040479 0.00650805 0.41924945 0.04639096 0.26697263 0.01179117 0.03910416 0.03241097 0.16614313 0.00988551
6.40032002 6.72679107 0.00050947 0.00051914 0.00035075 0.00398139 0.41848642 0.04886003 0.26660522 0.01242722 0.03855274 0.02912687 0.16783648 0.01274428
6.50032502 6.72035866 0.00066845 0.00049750 0.00055000 0.00690567 0.41761978 0.05159746 0.26727533 0.01054296 0.03359288 0.02945272 0.16901452 0.01228274
6.60033002 6.71547334 0.00059295 0.00052480 0.00037070 0.00350156 0.41854987 0.04714177 0.26778790 0.01357825 0.03569716 0.02952374 0.17144026 0.01129102
6.70033502 6.71077764 0.00067136 0.00049840 0.00043298 0.00452496 0.41379532 0.04883736 0.26890761 0.01531737 0.03571352 0.02566602 0.17308516 0.01254994
6.80034002 6.70435080 0.00068548 0.00046990 0.00055737 0.00573166 0.40886557 0.05172156 0.27214291 0.01331636 0.03365148 0.02544854 0.17287015 0.01453903
6.90034502 6.69906094 0.00069950 0.00044537 0.00057689 0.00663783 0.41328204 0.05422012 0.27048779 0.01111852 0.02983166 0.02949309 0.16995315 0.01325405
7.00035002 6.69556128 0.00044069 0.00048898 0.00019939 0.00222195 0.42374945 0.05208265 0.26909020 0.01385629 0.02980004 0.02488054 0.16887133 0.01431848
7.10035502 6.68863622 0.00079475 0.00048625 0.00056439 0.00652333 0.42538010 0.05066530 0.26558118 0.01461486 0.03009950 0.02672013 0.16645296 0.01211724
7.20036002 6.68013671 0.00078769 0.00046815 0.00062068 0.00649256 0.42315049 0.05752656 0.26881024 0.01234169 0.02994878 0.02340455 0.16562234 0.01082627
7.30036502 6.67563820 0.00062864 0.00049358 0.00039851 0.00392685 0.42442127 0.05374759 0.26873844 0.01394477 0.02857487 0.02748906 0.16777184 0.00986459
7.40037002 6.67215077 0.00078823 0.00048150 0.00048515 0.00689452 0.42433379 0.05104471 0.27850343 0.01236300 0.02386967 0.02417139 0.16881161 0.00825299
7.50037502 6.66740481 0.00073702 0.00051116 0.00040612 0.00518308 0.41986229 0.04496575 0.28039820 0.01509889 0.02766861 0.02157268 0.17355974 0.01003646
7.60038002 6.66307714 0.00036029 0.00050531 0.00023548 0.00157745 0.42115906 0.04429845 0.28551510 0.00955630 0.03108925 0.02064097 0.17373128 0.01133106
7.70038502 6.65776958 0.00038467 0.00050997 0.00023559 0.00205073 0.42026764 0.04267094 0.28298048 0.00915758 0.03192704 0.02150008 0.17831487 0.01000040
7.80039002 6.65031174 0.00103768 0.00047221 0.00085636 0.01197693 0.42187485 0.04292151 0.27525838 0.01115395 0.03155159 0.01978492 0.17484297 0.00826865
7.90039502 6.64373861 0.00066960 0.00051838 0.00049596 0.00465511 0.42163025 0.04760496 0.26885800 0.00801232 0.03423474 0.02460532 0.17675863 0.01195673
8.00040002 6.63652780 0.00056333 0.00047756 0.00048111 0.00494933 0.41774905 0.05213004 0.26871482 0.00701169 0.03181298 0.02751869 0.17724560 0.01134580
8.10040502 6.63639731 0.00044245 0.00051004 0.00027831 0.00174326 0.41698251 0.05031678 0.27089707 0.01036383 0.03100877 0.02722071 0.17860161 0.01163465
8.20041002 6.63352260 0.00055776 0.00047732 0.00030624 0.00368463 0.41491402 0.04583097 0.27743995 0.01261572 0.02792810 0.02588718 0.17924062 0.01111751
8.30041502 6.62947684 0.00080868 0.00050345 0.00069816 0.01108308 0.41800336 0.04033058 0.27848672 0.00830689 0.02982815 0.02079346 0.18117833 0.00997915
8.40042002 6.62674214 0.00048475 0.00046801 0.00037079 0.00498211 0.41882125 0.04381999 0.28460608 0.00719647 0.02913869 0.02465625 0.17696597 0.00848963
8.50042502 6.62054790 0.00075689 0.00048916 0.00066880 0.01003817 0.42528528 0.04125823 0.27753865 0.00910521 0.02921713 0.01850788 0.17746977 0.00966481
8.60043002 6.61404400 0.00074749 0.00044724 0.00042363 0.00541788 0.42760444 0.03922615 0.27749608 0.01460764 0.02856636 0.02246300 0.17388588 0.00911420
8.70043502 6.61191040 0.00032176 0.00053367 0.00012781 0.00052824 0.43061861 0.04457329 0.27671715 0.00886532 0.03051532 0.02006060 0.17961525 0.00752298
8.80044002 6.60937695 0.00051576 0.00046247 0.00031480 0.00334024 0.43619313 0.04030856 0.27582497 0.00956057 0.02732351 0.02234828 0.17619591 0.00761178
8.90044502 6.59863709 0.00058489 0.00048741 0.00051078 0.00557630 0.43003043 0.04164714 0.27756532 0.00924918 0.03095539 0.02035649 0.17296145 0.01007522
9.00045002 6.59284897 0.00060472 0.00043825 0.00048456 0.00581445 0.42395012 0.04119893 0.27787571 0.01091197 0.03084622 0.02707584 0.17088971 0.00990954
9.10045502 6.58592790 0.00040525 0.00044488 0.00016798 0.00207510 0.42531461 0.04317946 0.28123081 0.01152752 0.03001643 0.02646443 0.17099326 0.00818026
9.20046002 6.58250409 0.00058763 0.00049183 0.00052301 0.00480766 0.42044053 0.03869239 0.27930387 0.01305698 0.03367009 0.02086179 0.17209367 0.01547054
9.30046502 6.57900777 0.00052494 0.00050325 0.00045899 0.00887141 0.42670656 0.03904841 0.28034375 0.00925855 0.02971424 0.01953375 0.17473221 0.01030396
9.40047002 6.57229603 0.00040837 0.00054485 0.00029371 0.00194426 0.42385744 0.03991372 0.27865269 0.01008289 0.03349152 0.02229158 0.17745350 0.01106547
9.50047502 6.56840318 0.00040100 0.00053266 0.00037129 0.00211884 0.42165697 0.03684413 0.28141773 0.01027678 0.03442371 0.02165646 0.17596893 0.01433150
9.60048002 6.56135672 0.00043076 0.00051097 0.00035201 0.00325716 0.41664741 0.03934242 0.28504552 0.01039422 0.03471028 0.02052188 0.17708582 0.01170156
9.70048502 6.55649787 0.00025999 0.00051626 0.00009681 0.00216231 0.41758570 0.03713780 0.29469556 0.00877052 0.03372606 0.02048781 0.17747642 0.00708476
9.80049002 6.54987980 0.00072628 0.00046998 0.00068271 0.01052654 0.41784696 0.03700741 0.29350922 0.00617788 0.02857993 0.02319887 0.17359390 0.00768030
9.90049502 6.54621708 0.00061753 0.00045203 0.00055496 0.00718013 0.41722413 0.03959235 0.29437309 0.00685790 0.02592426 0.02791876 0.17202650 0.00727837
10.00050003 6.54217373 0.00034504 0.00049345 0.00019462 0.00155317 0.43282781 0.03465369 0.29357915 0.00727452 0.02526566 0.02687759 0.16983393 0.00710137
10.10050503 6.53876183 0.00032519 0.00049444 0.00023803 0.00577845 0.42866308 0.02875529 0.30191955 0.00674072 0.02418436 0.02768495 0.16673857 0.00847737
10.20051003 6.53106845 0.00034758 0.00050966 0.00026666 0.00332115 0.43489890 0.02668000 0.29903418 0.00744409 0.02544473 0.02569239 0.16811254 0.00824812
10.30051503 6.52709269 0.00051329 0.00043223 0.00035604 0.00699649 0.43400224 0.02928337 0.29708328 0.00805253 0.02138193 0.02631117 0.16910032 0.00648711
10.40052003 6.52376084 0.00057916 0.00039338 0.00032265 0.00372662 0.43614263 0.02786818 0.29524324 0.01383782 0.01804132 0.02611466 0.17017943 0.00755091
10.50052503 6.52199712 0.00057351 0.00043331 0.00038657 0.00516138 0.43728471 0.02736732 0.29417473 0.01287470 0.02397139 0.02166347 0.17013586 0.00597305
10.60053003 6.52015510 0.00041441 0.00040201 0.00013360 0.00215738 0.43661798 0.02884661 0.29796511 0.01421810 0.02181593 0.02256058 0.16919898 0.00566931
10.70053503 6.51488435 0.00036307 0.00044708 0.00022477 0.00191753 0.43651754 0.02902952 0.29958335 0.00981761 0.02348820 0.02169501 0.16996383 0.00695249
10.80054003 6.51263487 0.00074269 0.00040769 0.00061585 0.00911585 0.43682429 0.02997574 0.29478149 0.00900949 0.02262021 0.01788841 0.17136631 0.00665198
10.90054503 6.50097877 0.00037085 0.00053578 0.00026551 0.00384152 0.43428966 0.03087136 0.30061577 0.00622722 0.02405030 0.01450034 0.17850849 0.00592319
11.00055003 6.49668199 0.00030157 0.00052058 0.00023696 0.00189891 0.43807574 0.02670965 0.29574098 0.00597909 0.02613859 0.01622501 0.17752412 0.01064881
11.10055503 6.49564267 0.00033788 0.00048594 0.00014198 0.00393770 0.43898974 0.02576318 0.29459212 0.00812134 0.03029374 0.01794276 0.17363846 0.00575515
11.20056003 6.48867263 0.00052246 0.00041041 0.00040956 0.00645839 0.43411941 0.02696281 0.29341036 0.00976715 0.02949942 0.02170414 0.16856039 0.00817548
11.30056503 6.48171636 0.00049295 0.00041501 0.00036318 0.00379443 0.43343049 0.02493639 0.30001146 0.01010091 0.03046655 0.02030350 0.16767649 0.00800865
11.40057003 6.47667750 0.00053995 0.00043795 0.00031965 0.00553941 0.43460056 0.02575270 0.29726607 0.01204272 0.03161607 0.01869828 0.16807935 0.00510729
11.50057503 6.47083326 0.00050488 0.00041965 0.00035592 0.00321920 0.43596588 0.03042016 0.29554779 0.01147592 0.02481501 0.02273143 0.16725167 0.00729249
11.60058003 6.46276569 0.00045840 0.00046337 0.00031943 0.00446471 0.43913523 0.03572536 0.29384044 0.00886375 0.02704637 0.01649431 0.16751458 0.00567403
11.70058503 6.45848537 0.00031737 0.00045900 0.00024188 0.00227842 0.43561207 0.03449369 0.29976145 0.00822883 0.02594154 0.01807104 0.16622594 0.00836879
11.80059003 6.45618049 0.00028639 0.00040998 0.00015134 0.00029410 0.43768234 0.03464801 0.29860714 0.00816751 0.02724965 0.01910348 0.16405089 0.00934916
11.90059503 6.45266527 0.00031490 0.00039200 0.00010697 0.00021330 0.43770820 0.03316416 0.30302616 0.01148669 0.02516353 0.01695437 0.16371010 0.00775960
12.00060003 6.44278677 0.00060644 0.00040169 0.00042954 0.00857800 0.43575634 0.03295041 0.30491120 0.00984153 0.02313705 0.01566391 0.16179373 0.00593017
12.10060503 6.44208065 0.00068995 0.00042081 0.00043789 0.00623832 0.43972475 0.02986137 0.30948335 0.01121360 0.01845599 0.01443178 0.16391510 0.00512709
12.20061003 6.43434003 0.00040532 0.00043182 0.00034466 0.00374307 0.43847457 0.02964046 0.31316768 0.00739315 0.01847068 0.01404531 0.16545525 0.00842803
12.30061503 6.43111002 0.00044973 0.00042927 0.00028613 0.00174654 0.43992393 0.02543235 0.31332121 0.01123563 0.01866212 0.01708458 0.16366346 0.00776505
12.40062003 6.42457626 0.00041036 0.00039489 0.00033351 0.00508821 0.43844661 0.03122318 0.30975949 0.00681566 0.01814518 0.01690049 0.16525383 0.00722859
12.50062503 6.41943827 0.00055734 0.00036182 0.00035694 0.00510438 0.43720729 0.03346515 0.31018798 0.01203713 0.01731191 0.01614465 0.16093100 0.00633442
12.60063003 6.41501258 0.00035413 0.00033621 0.00021440 0.00406162 0.43644193 0.03600153 0.31038252 0.01135005 0.01388827 0.01649341 0.16295107 0.00752485
12.70063503 6.40754264 0.00047239 0.00038145 0.00032209 0.00360335 0.43880156 0.03068626 0.30683463 0.01154204 0.01407584 0.01845798 0.16590652 0.00891589
12.80064003 6.40114301 0.00060836 0.00038343 0.00050035 0.00605120 0.44110710 0.03031687 0.30624253 0.01010175 0.01461313 0.02159191 0.16165381 0.00682956
12.90064503 6.39432380 0.00045431 0.00042480 0.00045585 0.00490794 0.43777407 0.02751697 0.30479698 0.00799875 0.01730342 0.02705390 0.16170073 0.00961228
13.00065003 6.39080348 0.00035779 0.00040320 0.00028911 0.00222246 0.43489870 0.02579370 0.30277952 0.01101698 0.01707772 0.02939819 0.16284086 0.01292177
13.10065503 6.38158559 0.00055008 0.00046472 0.00041525 0.00524342 0.43054736 0.02586409 0.30534200 0.01097868 0.01642155 0.02665603 0.16922437 0.00829245
13.20066003 6.37652530 0.00070820 0.00038004 0.00054876 0.01041067 0.42793495 0.02836696 0.31039955 0.01160567 0.01694839 0.02278232 0.16433707 0.00557742
13.30066503 6.37101038 0.00050224 0.00040959 0.00035308 0.00898239 0.42846299 0.02904371 0.31204147 0.01052796 0.02070082 0.02171421 0.16238513 0.00487641
13.40067003 6.36349364 0.00043971 0.00042082 0.00019250 0.00196869 0.43032681 0.02900164 0.31081973 0.01305687 0.02448724 0.02236818 0.15994541 0.00697241
13.50067503 6.35714704 0.00046105 0.00043051 0.00034344 0.00559111 0.42816900 0.02965170 0.30902364 0.01044708 0.02624355 0.02225748 0.15813330 0.00924813
13.60068003 6.35431850 0.00058161 0.00046688 0.00043631 0.00451425 0.42743864 0.02791903 0.30800303 0.01240568 0.02254045 0.02364694 0.16355100 0.00849618
13.70068503 6.35276144 0.00045278 0.00040148 0.00026063 0.00389468 0.42901857 0.02548104 0.30797816 0.01287254 0.02213411 0.02661980 0.16046768 0.01041852
13.80069003 6.34543386 0.00065425 0.00037826 0.00055855 0.00539153 0.41770125 0.03198393 0.31142851 0.01250751 0.01946362 0.02933243 0.15902836 0.01157179
13.90069503 6.34221342 0.00082645 0.00040684 0.00050122 0.00643816 0.41870831 0.02832909 0.30868326 0.01620151 0.02299994 0.02796030 0.16120165 0.00774328
14.00070004 6.33726317 0.00075845 0.00038901 0.00054160 0.00848516 0.41407739 0.03359790 0.30766511 0.01378082 0.02427441 0.03032767 0.15959409 0.00650840
14.10070504 6.33771982 0.00046946 0.00043162 0.00028898 0.00363809 0.41613218 0.03679981 0.31121336 0.01069579 0.02396831 0.02576308 0.16425453 0.00634480
14.20071004 6.33526571 0.00030357 0.00044713 0.00008169 0.00223877 0.41477233 0.03465229 0.31075746 0.01173271 0.02418617 0.02478109 0.16983691 0.00620987
14.30071504 6.33113148 0.00059007 0.00045462 0.00043324 0.00486523 0.41467058 0.03323224 0.31234853 0.01102238 0.02454014 0.01966795 0.16998613 0.00818889
14.40072004 6.32587748 0.00064117 0.00047107 0.00054388 0.00992613 0.41689041 0.02935473 0.31610308 0.01010190 0.02050114 0.01764340 0.17003430 0.00778878
14.50072504 6.32437306 0.00071974 0.00043361 0.00066161 0.00956006 0.41440931 0.03518677 0.31581505 0.00919944 0.01888899 0.01551706 0.17045304 0.00915533
14.60073004 6.32314079 0.00054159 0.00039587 0.00037383 0.00555449 0.41596434 0.03227104 0.31646854 0.01374640 0.01569689 0.02020680 0.16947436 0.00930585
14.70073504 6.31921667 0.00059406 0.00041776 0.00030229 0.00362776 0.41838270 0.03482178 0.31447088 0.01443558 0.01755350 0.02033332 0.16917515 0.00588521
14.80074004 6.31744917 0.00057824 0.00040096 0.00036914 0.00670924 0.41477916 0.03274271 0.31863489 0.01377891 0.01513506 0.01975311 0.16904993 0.00806866
14.90074504 6.31400658 0.00042859 0.00040221 0.00024920 0.00201988 0.41808979 0.03412369 0.32211487 0.01342903 0.01487637 0.01854558 0.16651676 0.00920404
15.00075004 6.30938861 0.00048186 0.00040554 0.00022330 0.00344137 0.41560336 0.03156715 0.32502460 0.01390715 0.01872095 0.02071831 0.16424554 0.00566085
15.10075504 6.30129277 0.00072016 0.00044090 0.00043719 0.00957174 0.41288854 0.02785350 0.32281243 0.01485137 0.02011989 0.01562715 0.16773824 0.00693889
15.20076004 6.29438228 0.00087279 0.00041447 0.00080733 0.01146034 0.41199016 0.03151587 0.31908250 0.00789282 0.01996834 0.02224289 0.16454453 0.00920795
15.30076504 6.29017295 0.00040812 0.00043095 0.00030552 0.00293359 0.41175046 0.03744175 0.32074442 0.00761678 0.02260383 0.02255944 0.16247034 0.01073480
15.40077004 6.28649263 0.00043471 0.00037925 0.00038759 0.00535979 0.41131381 0.03060545 0.32250291 0.00929349 0.02031725 0.02316357 0.16548677 0.01075540
15.50077504 6.28416219 0.00063111 0.00042217 0.00043852 0.00638727 0.41275881 0.02522526 0.32283734 0.01195765 0.02409327 0.01885835 0.16788841 0.00850185
15.60078004 6.28022441 0.00040299 0.00041593 0.00024412 0.00351269 0.41517897 0.02556376 0.32840099 0.01042039 0.02288522 0.01655252 0.16911889 0.00730354
15.70078504 6.27671315 0.00042421 0.00044574 0.00031273 0.00319705 0.42143475 0.02629083 0.32770859 0.00765580 0.01938447 0.01735039 0.16902645 0.00676898
15.80079004 6.27308091 0.00079646 0.00042127 0.00068947 0.01105083 0.41666858 0.01831174 0.33094330 0.01041683 0.01933439 0.01637060 0.16863245 0.00636406
15.90079504 6.26939890 0.00072994 0.00044217 0.00056662 0.01016284 0.41651413 0.02056483 0.32869244 0.00999570 0.02008859 0.01703845 0.17026267 0.00494163
16.00080004 6.26609533 0.00056289 0.00043014 0.00046233 0.00869810 0.41379399 0.02226325 0.33061404 0.01091897 0.01882957 0.01724321 0.17033227 0.00585125
16.10080504 6.26215984 0.00048793 0.00042067 0.00035792 0.00479350 0.41382129 0.02615086 0.33336035 0.00921639 0.02049369 0.01749433 0.16990400 0.00349907
16.20081004 6.26098145 0.00032341 0.00039428 0.00014340 0.00159598 0.41328622 0.02968479 0.33608218 0.00911083 0.01802840 0.01705970 0.17020891 0.00408189
16.30081504 6.26163297 0.00046385 0.00036461 0.00028026 0.00358695 0.41715134 0.02687538 0.33249712 0.00948199 0.01616284 0.01649915 0.16982409 0.00681243
16.40082004 6.25457420 0.00035554 0.00040855 0.00018482 0.00188724 0.41234427 0.02842668 0.33518828 0.00832603 0.01796198 0.01787022 0.17009692 0.00694947
16.50082504 6.24903900 0.00036302 0.00042948 0.00019519 0.00148100 0.41188678 0.03251940 0.32921360 0.00821166 0.01934071 0.01648224 0.17312943 0.00674748
16.60083004 6.24304011 0.00044046 0.00040752 0.00017451 0.00408316 0.40981320 0.03007264 0.32828171 0.01175754 0.01915791 0.01979799 0.17033967 0.00567369
16.70083504 6.23937467 0.00078162 0.00043639 0.00058508 0.00820943 0.40750912 0.02665726 0.32995181 0.01396075 0.01661184 0.01358126 0.17349084 0.00822459
16.80084004 6.23214791 0.00033107 0.00048032 0.00024101 0.00201517 0.40639346 0.02521485 0.34041710 0.00932834 0.02095710 0.01588407 0.17175203 0.00698549
16.90084504 6.22431562 0.00052786 0.00050625 0.00060503 0.00742599 0.40394202 0.02138802 0.33932483 0.00597965 0.02496462 0.01123163 0.17326228 0.01084182
17.00085004 6.22096189 0.00040949 0.00045079 0.00042402 0.00687554 0.41003963 0.02141885 0.34312208 0.00410270 0.02562299 0.01372445 0.16676451 0.00704495
17.10085504 6.21490274 0.00048500 0.00042268 0.00043723 0.00634461 0.41755246 0.02102134 0.33389309 0.00466579 0.02397243 0.02031979 0.16615933 0.00472624
17.20086004 6.20844622 0.00029392 0.00044052 0.00022966 0.00385626 0.40940290 0.02242271 0.33275630 0.00623728 0.02346360 0.02081480 0.16993667 0.01014536
17.30086504 6.20663512 0.00015933 0.00050012 0.00016431 0.00014145 0.40751971 0.01965370 0.33657747 0.00620868 0.02384243 0.02048723 0.17556028 0.00918529
17.40087004 6.20248155 0.00033946 0.00046952 0.00028235 0.00343261 0.40702113 0.02007460 0.33697717 0.00591808 0.02419530 0.02270694 0.17333688 0.00524595
17.50087504 6.19268959 0.00035963 0.00048061 0.00025667 0.00338969 0.40077781 0.02349223 0.33584337 0.00705633 0.02707913 0.02242741 0.17381908 0.00501804
17.60088004 6.18853542 0.00040365 0.00041158 0.00031122 0.00381124 0.39993138 0.02391189 0.33768905 0.00747021 0.02501641 0.02394827 0.17095158 0.00614351
17.70088504 6.18392386 0.00043322 0.00043398 0.00029418 0.00313355 0.39878010 0.02277574 0.33527030 0.01021836 0.02863403 0.02234115 0.17088160 0.00680378
17.80089004 6.17995976 0.00038696 0.00045333 0.00024656 0.00352156 0.40502802 0.02487883 0.32872226 0.00872999 0.02697253 0.02358232 0.16882386 0.00865379
17.90089504 6.17253437 0.00025691 0.00047292 0.00012648 0.00210646 0.40567713 0.02848551 0.33112967 0.00795384 0.02741039 0.01988392 0.16930989 0.00718689
18.00090005 6.16586919 0.00060905 0.00046891 0.00048705 0.00812111 0.39915667 0.02964483 0.32940056 0.01010996 0.02512975 0.01778626 0.17184411 0.00724174
18.10090505 6.16028789 0.00079512 0.00043718 0.00060861 0.01264173 0.40241966 0.02794207 0.32593752 0.01099731 0.02309991 0.01694931 0.17210572 0.00606584
18.20091005 6.15731780 0.00080448 0.00047832 0.00060284 0.00781261 0.40327576 0.02585205 0.33060623 0.00999396 0.02413140 0.01726875 0.17350829 0.00566532
18.30091505 6.15227962 0.00038473 0.00044949 0.00019636 0.00158249 0.40845184 0.03324833 0.32558581 0.00899559 0.02672584 0.01859795 0.17078703 0.00499454
18.40092005 6.14773166 0.00050744 0.00045096 0.00036931 0.00434721 0.40583272 0.03101486 0.32914794 0.00926447 0.02825429 0.01727843 0.16831409 0.00521828
18.50092505 6.14633511 0.00036482 0.00044056 0.00018796 0.00178082 0.41036180 0.03195941 0.32582196 0.01137574 0.02578862 0.01705884 0.16758706 0.00727240
18.60093005 6.14166189 0.00037347 0.00042838 0.00024786 0.00367483 0.40810836 0.03325054 0.32337530 0.00778281 0.02541942 0.02092388 0.16666854 0.00974660
18.70093505 6.13524947 0.00028871 0.00040580 0.00011704 0.00216342 0.40222610 0.03526986 0.32408226 0.00957516 0.02666076 0.02598658 0.16462508 0.00859923
18.80094005 6.13059594 0.00048730 0.00040053 0.00034373 0.00477146 0.40389983 0.03735631 0.32268492 0.00885326 0.02610222 0.02127509 0.16491250 0.00891284
18.90094505 6.12697049 0.00042066 0.00043085 0.00031871 0.00710849 0.40357212 0.03945278 0.32546443 0.00603860 0.02567810 0.01637575 0.16885450 0.00628501
19.00095005 6.12206712 0.00030653 0.00043165 0.00023021 0.00389434 0.40388142 0.04063102 0.32248706 0.00604707 0.02755843 0.01643270 0.16964143 0.00845812
19.10095505 6.11797933 0.00026242 0.00040678 0.00016078 0.00027764 0.40735245 0.04034868 0.32284759 0.00805933 0.02428517 0.01717233 0.16910802 0.00971882
19.20096005 6.11183515 0.00028209 0.00045214 0.00012537 0.00022456 0.41107164 0.03738938 0.31979557 0.00922173 0.02250188 0.01983184 0.17017877 0.00892501
19.30096505 6.10775993 0.00031034 0.00046242 0.00008790 0.00019844 0.41190803 0.03613721 0.31740547 0.01076136 0.02457408 0.02005294 0.16965001 0.00845182
19.40097005 6.10400819 0.00033463 0.00044353 0.00017470 0.00378610 0.41212538 0.03824835 0.31510054 0.00785471 0.02247880 0.01951064 0.17185175 0.00809087
19.50097505 6.09779201 0.00062426 0.00044169 0.00057040 0.00735264 0.40938069 0.03694347 0.31194306 0.00796013 0.02593307 0.01856400 0.17030149 0.00998510
19.60098005 6.09492008 0.00031440 0.00042978 0.00030370 0.00355609 0.40764575 0.03667607 0.31343672 0.00974748 0.03103007 0.01703249 0.16745768 0.01236978
19.70098505 6.09032970 0.00041924 0.00048740 0.00026384 0.00354314 0.40713788 0.03364920 0.31732227 0.01006474 0.03213709 0.01687959 0.17091536 0.00718025
19.80099005 6.08821852 0.00034446 0.00045524 0.00011777 0.00032778 0.41180768 0.03427317 0.31574245 0.01423664 0.03233380 0.01330164 0.16966084 0.00739854
19.90099505 6.08231868 0.00047677 0.00047086 0.00026930 0.00563193 0.41065160 0.03532212 0.31342406 0.01150782 0.02937299 0.01396400 0.17208049 0.00682805
20.00100005 6.07707477 0.00042912 0.00053523 0.00024106 0.00195998 0.40946407 0.03404543 0.31468947 0.01067459 0.03184901 0.01478289 0.17346223 0.00786693
20.10100505 6.07520982 0.00045358 0.00049484 0.00034971 0.00709496 0.40828933 0.03512942 0.31592046 0.00831803 0.02766851 0.01535449 0.17362686 0.00729981
20.20101005 6.07145834 0.00038345 0.00050964 0.00025170 0.00332127 0.40771491 0.03760432 0.31762837 0.00609227 0.02815568 0.01599321 0.17599140 0.00635379
20.30101505 6.06793111 0.00024232 0.00050924 0.00012122 0.00209418 0.40992250 0.03701538 0.31963671 0.00543867 0.02461018 0.01750047 0.17732137 0.00558776
20.40102005 6.06253811 0.00041116 0.00047141 0.00028897 0.00547544 0.41245448 0.03555477 0.31829472 0.00519877 0.02654422 0.01541998 0.17423518 0.00565090
20.50102505 6.05985279 0.00038430 0.00052776 0.00041971 0.00350077 0.41134742 0.03392570 0.31907289 0.00421658 0.02840888 0.01083834 0.17664305 0.01071459
20.60103005 6.05166334 0.00051411 0.00054915 0.00049021 0.00692970 0.41753028 0.03009553 0.31397131 0.00386679 0.02997891 0.00952305 0.17797036 0.00858059
20.70103505 6.04644893 0.00051709 0.00052460 0.00049775 0.00663709 0.41951623 0.02536043 0.31377067 0.00733750 0.02918755 0.00937925 0.17700094 0.01027089
20.80104005 6.04346480 0.00053600 0.00047324 0.00048225 0.00654939 0.42127813 0.02881700 0.31530105 0.00534051 0.02590319 0.01067857 0.17704439 0.00759629
20.90104505 6.03941991 0.00049666 0.00045284 0.00036449 0.00527192 0.41814388 0.03227286 0.31894356 0.00677199 0.02590580 0.00736853 0.17655392 0.00745355
21.00105005 6.03713497 0.00042662 0.00048735 0.00028974 0.00174107 0.41599747 0.03158478 0.31814881 0.00958869 0.02555628 0.01035664 0.17581008 0.01001246
21.10105505 6.03114002 0.00019223 0.00048403 0.00018937 0.00222846 0.41413750 0.03186332 0.32081460 0.00436319 0.02618932 0.01776541 0.17237456 0.00939802
21.20106005 6.02548350 0.00039682 0.00040776 0.00021677 0.00395961 0.41711267 0.02969308 0.32265452 0.00780286 0.02533759 0.01688841 0.16848746 0.00704246
21.30106505 6.01695301 0.00027233 0.00044479 0.00011242 0.00021487 0.41012212 0.03839737 0.32126640 0.00762603 0.02662046 0.02072814 0.16754623 0.00664885
21.40107005 6.01384360 0.00051084 0.00044353 0.00042871 0.00465572 0.41705821 0.03348315 0.31885428 0.00776445 0.02461139 0.01707259 0.16703259 0.00808455
21.50107505 6.00450333 0.00057752 0.00044773 0.00031915 0.00499873 0.41427790 0.03398641 0.31458704 0.01359629 0.02566620 0.02229944 0.16302113 0.00622246
21.60108005 6.00174527 0.00019707 0.00044466 0.00012551 0.00012451 0.42107779 0.03432627 0.31778727 0.00699817 0.02372777 0.02048016 0.16696251 0.00774831
21.70108505 5.99869005 0.00033730 0.00042336 0.00018107 0.00171622 0.41933725 0.03330866 0.31595511 0.00982635 0.02701872 0.01742679 0.16726555 0.00720360
21.80109005 5.99273589 0.00032523 0.00039521 0.00010048 0.00216560 0.41809814 0.03419670 0.31801751 0.01075729 0.02471738 0.01687356 0.16877176 0.00558114
21.90109505 5.98734150 0.00054944 0.00039796 0.00040882 0.00659574 0.42050133 0.03153614 0.31499937 0.00941718 0.02303454 0.01618636 0.16906680 0.00730632
22.00110006 5.98226905 0.00037107 0.00048950 0.00023849 0.00323003 0.41716919 0.03480966 0.31284966 0.00662216 0.02736513 0.02073456 0.17012652 0.00599402
22.10110506 5.97908179 0.00040866 0.00044607 0.00020946 0.00355531 0.41976251 0.03425420 0.31233625 0.00819170 0.02359220 0.01890087 0.17186298 0.00647980
22.20111006 5.97543872 0.00063530 0.00045262 0.00046122 0.00639435 0.41878824 0.03046127 0.31577034 0.00721795 0.02546106 0.01823199 0.16952774 0.00659791
22.30111506 5.97125362 0.00059134 0.00040145 0.00023780 0.00547665 0.42027331 0.02855944 0.31479499 0.01632236 0.02363187 0.01537756 0.16889838 0.00543484
22.40112006 5.97041659 0.00075906 0.00039229 0.00038807 0.00462773 0.41930303 0.02956333 0.31122958 0.01819979 0.02330846 0.01740236 0.16976663 0.00505967
22.50112506 5.96643055 0.00058936 0.00041817 0.00034570 0.00481663 0.42030129 0.03487672 0.30744810 0.01318406 0.02177933 0.01699237 0.17405311 0.00519515
22.60113006 5.96025756 0.00056932 0.00036291 0.00044172 0.01061741 0.41876894 0.03345051 0.31349495 0.01061002 0.02011901 0.01699180 0.16725419 0.00731923
22.70113506 5.95171578 0.00058148 0.00042642 0.00035551 0.00521164 0.41899317 0.03437109 0.31422322 0.01031757 0.02228245 0.02121135 0.16607473 0.00595136
22.80114006 5.94252070 0.00037875 0.00049436 0.00016402 0.00185649 0.41800280 0.03362597 0.31207894 0.00991160 0.02757727 0.02151077 0.16784662 0.00655240
22.90114506 5.94168818 0.00040332 0.00043698 0.00016250 0.00189106 0.41776835 0.03184211 0.31296027 0.01103427 0.02669300 0.02018796 0.17014141 0.00647877
23.00115006 5.94116640 0.00043356 0.00040289 0.00029771 0.00313585 0.41927146 0.03361159 0.31430466 0.00781266 0.02259516 0.02034958 0.17142583 0.00635904
23.10115506 5.93386538 0.00053754 0.00038197 0.00031116 0.00550918 0.41594250 0.03308414 0.31248153 0.01138541 0.02314501 0.02069863 0.17004899 0.00647395
23.20116006 5.92932645 0.00036867 0.00037806 0.00008361 0.00027163 0.41791898 0.03415346 0.31140090 0.01409684 0.02325745 0.02263537 0.16904461 0.00639042
23.30116506 5.92418222 0.00033228 0.00039196 0.00018365 0.00150087 0.42141363 0.03645218 0.31026103 0.00906721 0.02489460 0.02185310 0.16703878 0.00661071
23.40117006 5.91718926 0.00048533 0.00038649 0.00024845 0.00345802 0.42161406 0.03497705 0.30851345 0.01259437 0.02423594 0.02098767 0.16725006 0.00524911
23.50117506 5.90882675 0.00055869 0.00044913 0.00042686 0.00689883 0.41909030 0.03318332 0.31128188 0.00967298 0.02598548 0.01600596 0.16919321 0.00725336
23.60118006 5.90483295 0.00031464 0.00045855 0.00028892 0.00192123 0.42122815 0.03194136 0.31346533 0.00792826 0.02627850 0.01519887 0.17056947 0.01040674
23.70118506 5.90013533 0.00053187 0.00041724 0.00044100 0.00451222 0.41649533 0.02934272 0.31703878 0.00934866 0.02628076 0.01634879 0.16976789 0.00947473
23.80119006 5.89198379 0.00055229 0.00044990 0.00058175 0.00558711 0.42129831 0.02474154 0.31302472 0.00861836 0.02557214 0.01948907 0.16765493 0.01242988
23.90119506 5.88858840 0.00043568 0.00041710 0.00031654 0.00505898 0.42285533 0.02758811 0.31631996 0.00960675 0.02606856 0.01921066 0.16633904 0.00578328
24.00120006 5.88323173 0.00032152 0.00043003 0.00025695 0.00388796 0.42355170 0.02921940 0.31179058 0.00824704 0.02660626 0.02005108 0.16762142 0.00801605
24.10120506 5.87710665 0.00048945 0.00051723 0.00038916 0.00374699 0.42090201 0.02739230 0.30819407 0.00944744 0.03021492 0.02120041 0.16817177 0.00933425
24.20121006 5.87641726 0.00060935 0.00042141 0.00044917 0.00714588 0.41970255 0.02983733 0.30741688 0.01202949 0.02694121 0.01894046 0.16751795 0.00898831
24.30121506 5.87099277 0.00064410 0.00039323 0.00045722 0.00481945 0.41609758 0.03327392 0.30677774 0.01342864 0.02417795 0.02417101 0.16655349 0.00920567
24.40122006 5.86866709 0.00048337 0.00039799 0.00030740 0.00491604 0.41510876 0.03723713 0.31188901 0.01085977 0.02552292 0.02113902 0.16508131 0.00705728
24.50122506 5.86345459 0.00046355 0.00037682 0.00042070 0.00634962 0.41041507 0.03590229 0.31144368 0.00890385 0.02510287 0.02299902 0.16666156 0.01096099
24.60123006 5.85542089 0.00054209 0.00041333 0.00043094 0.00531636 0.40978242 0.03836099 0.31083251 0.00814921 0.02578091 0.02428234 0.16519083 0.01091807
24.70123506 5.85030383 0.00045035 0.00040243 0.00032878 0.00551000 0.41224762 0.04056298 0.30924149 0.00755432 0.02582200 0.02333862 0.16428645 0.01025495
24.80124006 5.84608373 0.00035382 0.00042132 0.00031670 0.00190425 0.41523442 0.04021949 0.30514293 0.00745168 0.02892755 0.02251922 0.16427378 0.01323482
24.90124506 5.84016590 0.00041223 0.00042729 0.00032811 0.00325357 0.41658696 0.04267964 0.30253320 0.00673114 0.03046869 0.01993037 0.16598386 0.01066495
25.00125006 5.82950303 0.00049984 0.00040703 0.00038960 0.00748182 0.41057655 0.04799533 0.30444223 0.01036686 0.02762340 0.01654820 0.16295078 0.01071836
25.10125506 5.82701145 0.00068549 0.00040191 0.00054555 0.00688779 0.40972751 0.04726583 0.30616538 0.01087896 0.02449478 0.02167917 0.16121043 0.01005721
25.20126006 5.82506702 0.00110100 0.00043553 0.00087337 0.01304652 0.40518326 0.04327419 0.30602780 0.01178321 0.02539370 0.02242670 0.16295971 0.00749501
25.30126506 5.82145781 0.00060519 0.00044993 0.00054939 0.00394015 0.40597997 0.04104041 0.30632905 0.01279177 0.02774046 0.02322735 0.16150058 0.01584574
25.40127006 5.81697887 0.00058317 0.00038347 0.00059076 0.00731878 0.41021717 0.04127188 0.30302256 0.00865370 0.02388513 0.02718724 0.16049167 0.01639447
25.50127506 5.81079249 0.00043892 0.00044584 0.00040148 0.00285904 0.41515514 0.03961227 0.30657095 0.00894891 0.02622564 0.02731340 0.16160242 0.01042599
25.60128006 5.80245230 0.00083440 0.00040745 0.00073997 0.01281142 0.40782690 0.03923801 0.30920581 0.00929767 0.02573832 0.02435945 0.15882152 0.01071907
25.70128506 5.79517367 0.00055439 0.00041780 0.00046808 0.00731923 0.41081922 0.04531154 0.30756102 0.00954264 0.02360752 0.02193346 0.16159444 0.01087067
