0.00000000 2.00000000 0.00000000 0.00000000 0.00000000 0.00000000 0.00000000 0.00000000 0.00000000 1.00000000 0.00000000 0.00000000 0.00000000 0.00000000
0.20004001 2.00168046 0.08276450 0.00031821 0.01246271 0.09891995 0.01260992 0.28520411 0.00247761 0.13157749 0.00480546 0.28138656 0.00178880 0.08568468
0.40008002 2.00677797 0.02299639 0.00062418 0.02326639 0.05829309 0.01032284 0.34855632 0.00475805 0.23927819 0.00708051 0.22983557 0.00721441 0.04777407
0.60012002 2.02365462 0.03566583 0.00106287 0.00813980 0.08372393 0.01255383 0.08572687 0.01053642 0.48851542 0.01098616 0.15033509 0.00686071 0.10589306
0.80016003 2.04037976 0.03419316 0.00112975 0.01120465 0.06774843 0.03019625 0.12040691 0.01330255 0.03564963 0.01432468 0.61823666 0.01504676 0.03856056
1.00020004 2.04820727 0.04118793 0.00146562 0.01265645 0.07699580 0.03603658 0.06422924 0.01705914 0.29715177 0.02028950 0.32841716 0.02114914 0.08336166
1.20024005 2.07024782 0.03595123 0.00147312 0.00869395 0.08336957 0.04003545 0.18965256 0.02023184 0.30272504 0.01973576 0.21463576 0.02452381 0.05897192
1.40028006 2.07487389 0.00701137 0.00143208 0.01055662 0.05438868 0.04391470 0.37264445 0.02118108 0.06320324 0.02255356 0.32032311 0.02091856 0.06187256
1.60032006 2.08378145 0.04727004 0.00160365 0.01157440 0.08752983 0.04441481 0.17292046 0.02677991 0.36405283 0.02860960 0.14962814 0.02259200 0.04302433
1.80036007 2.07119153 0.02390965 0.00152685 0.01192290 0.05099485 0.05260160 0.09424272 0.02893811 0.36524970 0.02630734 0.25393883 0.03062608 0.05974138
2.00040008 2.05274624 0.01357966 0.00166557 0.00973009 0.05422555 0.04794693 0.22199830 0.02934177 0.08994387 0.03243162 0.36622513 0.02861408 0.10429742
2.20044009 2.04077754 0.02363714 0.00154141 0.01462634 0.05912896 0.04967542 0.13696953 0.03194875 0.33322416 0.02999592 0.25493246 0.02683847 0.03748145
2.40048010 2.02657770 0.01948228 0.00191776 0.00840061 0.05011527 0.05345037 0.14281866 0.03410078 0.25733906 0.04164328 0.30295681 0.02888777 0.05888734
2.60052010 2.01933321 0.01694345 0.00222538 0.00714396 0.04974468 0.05561957 0.16708669 0.03301876 0.13331692 0.04046602 0.38219831 0.03867024 0.07356603
2.80056011 2.01062417 0.02683171 0.00247973 0.01176669 0.04539539 0.05431403 0.06670004 0.03689793 0.45799139 0.05383718 0.14346505 0.03447110 0.06584976
3.00060012 2.00222351 0.02718325 0.00204228 0.01149431 0.06321977 0.06502543 0.27378284 0.04104150 0.22668824 0.04332281 0.17091451 0.03856794 0.03671712
3.20064013 1.99841166 0.01458951 0.00267660 0.00870923 0.04858697 0.06252560 0.28178684 0.03815642 0.17332355 0.05621038 0.24161917 0.03643096 0.03538476
3.40068014 1.98984572 0.03838802 0.00252322 0.00860881 0.06868469 0.06103121 0.08016114 0.04175303 0.39258271 0.05134400 0.16648728 0.04534850 0.04308739
3.60072014 1.99076082 0.01504642 0.00289368 0.00958193 0.05545987 0.06625217 0.10864285 0.04262057 0.11803775 0.05520154 0.39820901 0.04303200 0.08502221
3.80076015 1.98393311 0.02128201 0.00295320 0.00923114 0.06055942 0.07340857 0.09857336 0.04329633 0.17009090 0.05723007 0.37866664 0.03911178 0.04559657
4.00080016 1.98965121 0.02425432 0.00296424 0.00806999 0.05568101 0.06896043 0.11677159 0.04782134 0.28590584 0.05765925 0.23669130 0.04659469 0.04862599
4.20084017 1.99347290 0.01036978 0.00330251 0.00883484 0.05260138 0.06775374 0.20539056 0.04795046 0.10546938 0.06121480 0.34181029 0.04777844 0.04752382
4.40088018 1.99628702 0.02178585 0.00340138 0.00869211 0.04954611 0.07499099 0.12377968 0.05058451 0.31344411 0.06250277 0.18110073 0.04652030 0.06365145
4.60092018 2.00106184 0.01864905 0.00351133 0.00885266 0.04231167 0.07513870 0.15937435 0.05171985 0.32753986 0.06356159 0.14557935 0.05406848 0.04969311
4.80096019 1.99432559 0.00946170 0.00363171 0.00856785 0.04447066 0.06893017 0.23773126 0.05574694 0.14895866 0.06270742 0.26356367 0.05298372 0.04324624
5.00100020 1.99113505 0.01581738 0.00368378 0.00810570 0.04600004 0.07406226 0.15000405 0.05574146 0.27385841 0.06433325 0.21011927 0.05017921 0.04809520
5.20104021 1.98285830 0.01496122 0.00355157 0.00789168 0.04516351 0.07340294 0.09462482 0.05246236 0.21484172 0.06355418 0.31116178 0.05502892 0.06335532
5.40108022 1.97219419 0.01019780 0.00370604 0.00853330 0.04210092 0.06574196 0.10771093 0.05455118 0.10775157 0.06505131 0.40673775 0.05294947 0.07496779
5.60112022 1.96629609 0.02060031 0.00358160 0.00818353 0.04698412 0.06688794 0.09639389 0.05710281 0.27859988 0.06516130 0.26235532 0.04726631 0.04688300
5.80116023 1.95895223 0.01514735 0.00377896 0.00766476 0.04880471 0.06885684 0.18986845 0.06071378 0.21223100 0.06644629 0.22964234 0.05420409 0.04264144
6.00120024 1.95497608 0.00948248 0.00427363 0.00649907 0.04266650 0.06386594 0.24719831 0.06028122 0.16620213 0.07298210 0.22682331 0.05859705 0.04112825
6.20124025 1.94596199 0.02343986 0.00394289 0.00566051 0.04354868 0.06884671 0.11936311 0.06789476 0.34543598 0.07039259 0.14190086 0.05892300 0.05065106
6.40128026 1.93889375 0.01334642 0.00442747 0.00622165 0.03633072 0.07070123 0.14809659 0.07074820 0.20303677 0.07671182 0.27237565 0.05941123 0.03859225
6.60132026 1.93270685 0.01192307 0.00423166 0.00611195 0.03710468 0.07101894 0.16111938 0.06889997 0.15667568 0.07374828 0.29731685 0.06410109 0.04774843
6.80136027 1.92219765 0.01640247 0.00423721 0.00657858 0.03904241 0.07025406 0.09259220 0.07013804 0.25562371 0.07189783 0.27055593 0.06547281 0.03720474
7.00140028 1.91934808 0.00934189 0.00454193 0.00570502 0.03828161 0.07312716 0.12107855 0.07270138 0.11883441 0.07653328 0.35722586 0.06109620 0.06153272
7.20144029 1.91448048 0.01736717 0.00439104 0.00774325 0.03916185 0.07120291 0.09852324 0.07130024 0.23912916 0.07330547 0.26808837 0.06380029 0.04598700
7.40148030 1.91509238 0.01519159 0.00462708 0.00612217 0.03747707 0.07058610 0.16051061 0.07334463 0.26819847 0.08011213 0.17906605 0.06333000 0.04143410
7.60152030 1.91293838 0.00879380 0.00459273 0.00514352 0.03103630 0.06708387 0.24279262 0.07624589 0.17440745 0.07771198 0.20617081 0.06836548 0.03765555
7.80156031 1.91197279 0.01421956 0.00492729 0.00507260 0.03625881 0.06948486 0.16248293 0.07161086 0.26683797 0.07980857 0.17768409 0.06816837 0.04344410
8.00160032 1.91058482 0.01396789 0.00463923 0.00552491 0.02859757 0.06914019 0.13127552 0.07239995 0.22897529 0.08114494 0.24774796 0.06867564 0.04791092
8.20164033 1.89985134 0.00932750 0.00507151 0.00545963 0.02665017 0.07324295 0.12800448 0.07488913 0.13851219 0.08189944 0.32937753 0.06889691 0.05866856
8.40168034 1.89694104 0.01152331 0.00537052 0.00562681 0.02593837 0.07090970 0.10731715 0.07488202 0.18990353 0.08773578 0.30404759 0.07110192 0.04564329
8.60172034 1.89178848 0.01036240 0.00516670 0.00480311 0.02436925 0.07965736 0.12630003 0.07210813 0.18570321 0.08203104 0.28781445 0.07103672 0.05064760
8.80176035 1.88881304 0.00813223 0.00559200 0.00411371 0.01919580 0.07658287 0.15499514 0.07503769 0.16981240 0.09136780 0.27963402 0.06741958 0.04811676
9.00180036 1.88791579 0.01328100 0.00525419 0.00365372 0.02361911 0.07048959 0.15013063 0.07887934 0.26219139 0.08716751 0.18644098 0.07420931 0.04468323
9.20184037 1.87672520 0.01097522 0.00522557 0.00440371 0.02162514 0.07644955 0.18848967 0.07066153 0.24065204 0.08851063 0.18450118 0.07115267 0.03735310
9.40188038 1.87154508 0.00800722 0.00548551 0.00430355 0.01953988 0.08053180 0.20742401 0.06777163 0.17466604 0.09451202 0.22906283 0.06969897 0.03899655
9.60192038 1.86193085 0.01248470 0.00535534 0.00289837 0.01726072 0.07652965 0.11909572 0.07471811 0.24618519 0.09136917 0.23224933 0.07402767 0.04782602
9.80196039 1.85214991 0.00897641 0.00528707 0.00357895 0.02589680 0.07501234 0.09857057 0.07517738 0.15452169 0.09715905 0.33179341 0.07136410 0.05266224
10.00200040 1.84606409 0.01031384 0.00506640 0.00422177 0.02086517 0.08626420 0.10249102 0.06796633 0.16587997 0.09518627 0.32020266 0.06951674 0.05202563
10.20204041 1.83974519 0.01254779 0.00504006 0.00401847 0.01902168 0.08125146 0.13305798 0.07027842 0.22478538 0.09665850 0.24187287 0.06877150 0.04269590
10.40208042 1.84290694 0.00720907 0.00478393 0.00381500 0.02008032 0.07798950 0.19033995 0.07453473 0.15942399 0.09505257 0.25068812 0.07563921 0.04044362
10.60212042 1.83969334 0.01372274 0.00522442 0.00441676 0.02513953 0.08380834 0.15632606 0.07584912 0.25315920 0.09868838 0.17658791 0.06842968 0.03864786
10.80216043 1.83797796 0.01124341 0.00506220 0.00294783 0.02439199 0.09180435 0.16045358 0.07321313 0.23847670 0.09650056 0.18088362 0.07341969 0.04160294
11.00220044 1.83559876 0.00826836 0.00515347 0.00419199 0.02181414 0.09022715 0.17428740 0.07260848 0.16740432 0.10414868 0.23803617 0.07386217 0.03999768
11.20224045 1.83290607 0.01090539 0.00475425 0.00452938 0.02051196 0.09238951 0.12289267 0.07783084 0.19187413 0.09906516 0.25502783 0.07596018 0.04425870
11.40228046 1.83397800 0.00828026 0.00496681 0.00312615 0.01977317 0.09507705 0.10041278 0.07470657 0.16399728 0.10354998 0.30527180 0.07369952 0.04713864
11.60232046 1.82876972 0.00802147 0.00487211 0.00317706 0.01952571 0.09564995 0.10796813 0.07399340 0.15704984 0.10763341 0.29757155 0.07385106 0.05068631
11.80236047 1.82956465 0.00895104 0.00469171 0.00425272 0.02094841 0.09421565 0.13424353 0.07481872 0.19187791 0.09917472 0.24135367 0.08309913 0.04237278
12.00240048 1.82887870 0.01034764 0.00497225 0.00420437 0.02195632 0.09090907 0.16555315 0.07437086 0.20937833 0.10824754 0.19521092 0.07550022 0.03934934
12.20244049 1.82317415 0.00881793 0.00441670 0.00362311 0.02533534 0.09572547 0.18733656 0.07828676 0.20082363 0.10036346 0.18172500 0.07720754 0.03633850
12.40248050 1.82164439 0.01059289 0.00471130 0.00479392 0.02831339 0.09474859 0.16257858 0.07511641 0.21503429 0.10543286 0.18875052 0.07199077 0.03793648
12.60252050 1.81494565 0.01028968 0.00467038 0.00412647 0.02451167 0.09250482 0.12806502 0.07509142 0.19338241 0.10489484 0.24189562 0.07483847 0.04572921
12.80256051 1.80817827 0.00876524 0.00444948 0.00395866 0.02454542 0.09049102 0.11670459 0.07736735 0.15260996 0.10216108 0.29777079 0.07553101 0.04564541
13.00260052 1.80158553 0.00976100 0.00512533 0.00347414 0.02360354 0.09125130 0.10304067 0.07883039 0.18515177 0.10983457 0.27487751 0.07295834 0.04209144
13.20264053 1.79824347 0.00736660 0.00479940 0.00336581 0.01752656 0.08962311 0.12960728 0.08097499 0.15157082 0.10578924 0.28158352 0.08281319 0.04497947
13.40268054 1.79738281 0.00890942 0.00550332 0.00265497 0.01648202 0.08573298 0.13273013 0.07853158 0.19588507 0.11316187 0.23481474 0.08507018 0.04052372
13.60272054 1.78989445 0.01092723 0.00534339 0.00297042 0.02206558 0.08758243 0.14755842 0.08239283 0.23664046 0.11206756 0.17308164 0.08261372 0.03675633
13.80276055 1.78855867 0.00771886 0.00526889 0.00319039 0.02285118 0.08800266 0.19180410 0.08322631 0.18024672 0.11101363 0.19481464 0.07848844 0.03337417
14.00280056 1.77782531 0.01146981 0.00518176 0.00498993 0.02053346 0.08587811 0.14952620 0.07890944 0.21376636 0.11404946 0.19858841 0.07798116 0.03912590
14.20284057 1.77495407 0.00957794 0.00542922 0.00385329 0.02199391 0.08826676 0.11721348 0.07715979 0.18250174 0.11403976 0.25576411 0.07910440 0.04509560
14.40288058 1.76836856 0.00833166 0.00541753 0.00407361 0.02176777 0.08555328 0.11103125 0.07996603 0.15298627 0.11480286 0.29191855 0.07626024 0.04789096
14.60292058 1.76478074 0.00965561 0.00539216 0.00434287 0.02047964 0.08094522 0.11125051 0.08207645 0.17360676 0.11633563 0.27131362 0.07925046 0.04535106
14.80296059 1.76219913 0.00809997 0.00535978 0.00390196 0.02180716 0.08084383 0.13571161 0.07907086 0.17099544 0.11511327 0.25358289 0.08161219 0.04390104
15.00300060 1.75358424 0.00904846 0.00549806 0.00310517 0.01546556 0.08608527 0.15343189 0.08030865 0.20021618 0.11770912 0.20775773 0.08039882 0.04097508
15.20304061 1.74883995 0.01015392 0.00555489 0.00453712 0.01923877 0.08573179 0.16871750 0.07975636 0.20450928 0.12051225 0.18185224 0.08044463 0.03899123
15.40308062 1.74337149 0.00948584 0.00541875 0.00369020 0.02079964 0.08340627 0.16027713 0.08078343 0.20644530 0.11963576 0.19161128 0.08075573 0.03769069
15.60312062 1.73967743 0.00844909 0.00544442 0.00300412 0.01791886 0.08795646 0.14243242 0.08138561 0.18119022 0.12319487 0.22927083 0.07601858 0.04373454
15.80316063 1.73521896 0.00856667 0.00530423 0.00382867 0.02069856 0.09022259 0.12154522 0.08100801 0.16967058 0.12085315 0.25730837 0.07861194 0.04238200
16.00320064 1.73087451 0.00858089 0.00551834 0.00368389 0.01721097 0.08790423 0.10778982 0.08208831 0.16201379 0.12206783 0.27586234 0.08242122 0.04485838
16.20324065 1.72906767 0.00732691 0.00552782 0.00297736 0.01558143 0.08746088 0.11632168 0.08317472 0.15210267 0.12563414 0.27919976 0.08020237 0.04449026
16.40328066 1.72543811 0.01017249 0.00524168 0.00331280 0.01989013 0.08749471 0.13002337 0.08789880 0.19871901 0.11921042 0.21908283 0.07815431 0.04079945
16.60332066 1.72335521 0.00767178 0.00544648 0.00282152 0.02238250 0.08614402 0.17171077 0.08406136 0.18414995 0.12730246 0.19173340 0.07904561 0.03753017
16.80336067 1.72233476 0.00848686 0.00522921 0.00285767 0.02406050 0.08546359 0.17004342 0.08349592 0.19535757 0.12173423 0.18041970 0.08607698 0.03677436
17.00340068 1.71529498 0.01052990 0.00509030 0.00380029 0.02133718 0.08765865 0.13775218 0.08542389 0.21061791 0.12660759 0.19205544 0.07921950 0.03990717
17.20344069 1.70924993 0.00876038 0.00483468 0.00474862 0.02268680 0.09054317 0.13727629 0.08383366 0.15608911 0.12484511 0.24690855 0.07794331 0.04153034
17.40348070 1.70372718 0.00934871 0.00498834 0.00496227 0.02439898 0.08865952 0.11179019 0.08392328 0.16549544 0.12492980 0.25646216 0.07949898 0.04554233
17.60352070 1.70011433 0.00815017 0.00505218 0.00424849 0.02613079 0.08350874 0.10979111 0.08607282 0.14918951 0.13031720 0.27340020 0.08104899 0.04308980
17.80356071 1.69930245 0.00854232 0.00478259 0.00397299 0.02406328 0.08420291 0.11882376 0.09012497 0.16277536 0.12792122 0.24724715 0.08096824 0.04657521
18.00360072 1.69496012 0.01019564 0.00511463 0.00490952 0.02068422 0.08311420 0.14200706 0.09350080 0.19165225 0.13491722 0.19907577 0.07535307 0.03947561
18.20364073 1.69569158 0.00926914 0.00496265 0.00485938 0.02390959 0.08533429 0.16392529 0.09067015 0.18147332 0.12947249 0.18238518 0.08556034 0.03817817
18.40368074 1.69159946 0.00907272 0.00492699 0.00374758 0.02326769 0.08921521 0.15352509 0.08728171 0.19759500 0.13438949 0.17636253 0.08618652 0.03442947
18.60372074 1.68836399 0.00845964 0.00495345 0.00360903 0.02223770 0.08900820 0.14598293 0.09245740 0.17076833 0.13577587 0.20491320 0.08380500 0.03802924
18.80376075 1.68169362 0.00805631 0.00485365 0.00344956 0.01902880 0.08883469 0.11654665 0.09526617 0.16373076 0.13429500 0.24223666 0.08275040 0.04095134
19.00380076 1.67558800 0.00794468 0.00498866 0.00325605 0.02134965 0.09237938 0.09938988 0.09294993 0.14612312 0.13497933 0.26913554 0.08070262 0.04680115
19.20384077 1.67439950 0.00825199 0.00491245 0.00365186 0.01900885 0.08935499 0.11102704 0.09271399 0.15513731 0.13371539 0.25535107 0.08530310 0.04157195
19.40388078 1.67137727 0.00749514 0.00492804 0.00329754 0.01923304 0.09016941 0.13776438 0.09600256 0.17208021 0.13419276 0.21216674 0.08270716 0.03996302
19.60392078 1.66889659 0.00674567 0.00520448 0.00201410 0.01536725 0.09081852 0.15951480 0.09876195 0.17005976 0.13857699 0.19325326 0.08263798 0.03704524
19.80396079 1.66248662 0.00952759 0.00493255 0.00339394 0.01591903 0.09065814 0.14531341 0.09415874 0.20326333 0.13551028 0.17010937 0.08874021 0.03847341
20.00400080 1.65579132 0.00813042 0.00506990 0.00318697 0.01347063 0.08817951 0.15074454 0.09487381 0.17797981 0.14221999 0.19114450 0.08765670 0.03734319
20.20404081 1.64606337 0.00782934 0.00494602 0.00393276 0.01993978 0.08963623 0.13914890 0.09912735 0.15804344 0.14026022 0.21546184 0.08203010 0.03964402
20.40408082 1.64136550 0.00782656 0.00512864 0.00335492 0.01759512 0.08942635 0.11226185 0.09633235 0.15556680 0.14228559 0.24302688 0.08482700 0.04236794
20.60412082 1.63829888 0.00764066 0.00523474 0.00405291 0.01990724 0.09183846 0.10077287 0.09805532 0.13778215 0.14176145 0.26314287 0.08510995 0.04470137
20.80416083 1.63269371 0.00872348 0.00477889 0.00404394 0.02306818 0.08738199 0.11105303 0.10048657 0.16268554 0.13995844 0.23168108 0.08339404 0.04274484
21.00420084 1.62721017 0.00875462 0.00479769 0.00459363 0.02554280 0.08858404 0.14474230 0.09778839 0.16156543 0.14002358 0.20127260 0.08080622 0.04152869
21.20424085 1.62520366 0.00938975 0.00486564 0.00514269 0.03078241 0.08842911 0.15627696 0.09468239 0.17832863 0.14152727 0.17202887 0.08249550 0.03605078
21.40428086 1.62341537 0.00970861 0.00466009 0.00483679 0.02939500 0.08961850 0.15032181 0.09765150 0.18438074 0.13955159 0.16721318 0.08451823 0.03814396
21.60432086 1.61776358 0.00905488 0.00479877 0.00465938 0.02912140 0.08935355 0.13907482 0.10118635 0.16637855 0.14122673 0.19219758 0.08143453 0.04151347
21.80436087 1.60972738 0.00933503 0.00466915 0.00525867 0.03285877 0.09160032 0.11548009 0.09609377 0.15560267 0.14031527 0.21953910 0.08532141 0.04392575
22.00440088 1.60573179 0.00775500 0.00504326 0.00485176 0.03286085 0.09237179 0.10925744 0.09741241 0.13580852 0.14363610 0.24368774 0.08553636 0.04177876
22.20444089 1.60309651 0.00818764 0.00509159 0.00372343 0.02768944 0.08936438 0.10839931 0.10595961 0.14983968 0.14634263 0.23091213 0.08124172 0.04324846
22.40448090 1.60145287 0.00831355 0.00470186 0.00479095 0.02782814 0.08866195 0.12351568 0.10343420 0.14951932 0.14292785 0.21858662 0.08627407 0.04144583
22.60452090 1.59895084 0.00977913 0.00477494 0.00580565 0.03328433 0.08809095 0.13524715 0.09411441 0.16811307 0.14698453 0.18601976 0.08603508 0.04175098
22.80456091 1.59563154 0.00862731 0.00477684 0.00416003 0.03108614 0.08987826 0.14907221 0.09957549 0.18151790 0.14274406 0.16122252 0.08702527 0.04031397
23.00460092 1.59301601 0.00792295 0.00506235 0.00401425 0.02694906 0.08815179 0.15901969 0.10609177 0.15705294 0.14708100 0.17763945 0.08161301 0.03940174
23.20464093 1.58636834 0.00912892 0.00475528 0.00475405 0.03011278 0.08917156 0.12561371 0.10202421 0.16679989 0.14608237 0.19344362 0.08596649 0.04214710
23.40468094 1.58223116 0.00887020 0.00476813 0.00523925 0.02857554 0.08756722 0.10792880 0.09916623 0.14394564 0.14713591 0.23403320 0.08736243 0.04540745
23.60472094 1.57843952 0.00816350 0.00494911 0.00475335 0.02690794 0.08641495 0.11058843 0.10157429 0.13914080 0.15020532 0.23723250 0.08285624 0.04721356
23.80476095 1.57285551 0.00845845 0.00470517 0.00504909 0.03005661 0.08489124 0.12201729 0.10345146 0.15016004 0.14556528 0.21817204 0.08538677 0.04208656
24.00480096 1.57047081 0.00763426 0.00490794 0.00417452 0.02648182 0.08470752 0.13783947 0.09680669 0.14858849 0.15112240 0.20991441 0.08645536 0.04136711
24.20484097 1.56840875 0.00931390 0.00486085 0.00421189 0.02220670 0.09215719 0.13774899 0.09373670 0.17996085 0.14942793 0.17449858 0.08781725 0.04405916
24.40488098 1.56751995 0.00859977 0.00491276 0.00479201 0.02478615 0.08891831 0.15412335 0.09835294 0.16928082 0.15257268 0.16924159 0.08324323 0.04117638
24.60492098 1.56278390 0.00857187 0.00494006 0.00454222 0.02676859 0.09142153 0.14524769 0.10225412 0.15894898 0.15231540 0.18026776 0.08706881 0.03765297
24.80496099 1.56031440 0.00760240 0.00504341 0.00321011 0.01985473 0.09517652 0.12324396 0.09550659 0.15757715 0.15692014 0.20462438 0.08735326 0.04388736
25.00500100 1.55465782 0.00704015 0.00500132 0.00320894 0.01899681 0.09470176 0.11212882 0.09339713 0.13923444 0.15917956 0.23115037 0.09172014 0.04424054
25.20504101 1.55105949 0.00736407 0.00503712 0.00341512 0.01566604 0.09119663 0.11291342 0.10032188 0.14127685 0.15977033 0.22895385 0.09167396 0.04241073
25.40508102 1.54672672 0.00705791 0.00507616 0.00291138 0.01845040 0.09307501 0.12226013 0.10022303 0.14269701 0.16058057 0.21788904 0.08704515 0.04273423
25.60512102 1.54190323 0.00858334 0.00468003 0.00377474 0.01711910 0.10770511 0.13431603 0.09457539 0.16123992 0.15285893 0.18375557 0.09218047 0.03921137
25.80516103 1.54000946 0.00821907 0.00524886 0.00384909 0.02066906 0.10132718 0.14760049 0.09498235 0.16007096 0.16248679 0.16475220 0.09195472 0.03883922
26.00520104 1.53425399 0.00853692 0.00471746 0.00410200 0.02295488 0.09850892 0.14174885 0.10471979 0.16408587 0.15616015 0.16777315 0.08989359 0.03679842
26.20524105 1.52611610 0.00866771 0.00494295 0.00425639 0.01986023 0.10488252 0.13024894 0.10152973 0.15708059 0.15912753 0.18210294 0.08751718 0.03978329
26.40528106 1.52348431 0.00864145 0.00505401 0.00461703 0.02453566 0.10476628 0.12144053 0.09497553 0.13579642 0.15996462 0.20729444 0.09323947 0.03967455
26.60532106 1.51998382 0.00818636 0.00456177 0.00416824 0.02582527 0.09848184 0.10763411 0.10269642 0.13967824 0.15643029 0.21401832 0.09782960 0.04048955
26.80536107 1.51806717 0.00702302 0.00480781 0.00370607 0.02032902 0.10483244 0.10926405 0.10731825 0.12870362 0.16065713 0.22261069 0.08838428 0.04236363
27.00540108 1.51511914 0.00890829 0.00504021 0.00470312 0.02171432 0.11383993 0.11553821 0.10034617 0.14544364 0.15926499 0.19141892 0.09350861 0.04027358
27.20544109 1.51058582 0.00873627 0.00489503 0.00477040 0.02509789 0.10756601 0.13408824 0.10099429 0.15382203 0.16078970 0.16405574 0.09575488 0.03942953
27.40548110 1.50895241 0.00768138 0.00465844 0.00432115 0.02458623 0.10341627 0.14764370 0.10752015 0.14765615 0.16147612 0.16077938 0.09092893 0.03933210
27.60552110 1.50294583 0.00869068 0.00464131 0.00384325 0.02328737 0.10997533 0.13015001 0.10548560 0.16387197 0.16016394 0.15935781 0.08973374 0.04079900
27.80556111 1.49635382 0.00761553 0.00482269 0.00439477 0.02486973 0.10567846 0.12530615 0.10311454 0.14016251 0.16351263 0.18715645 0.09087160 0.04249495
28.00560112 1.48984600 0.00806541 0.00461918 0.00490990 0.02021751 0.10025380 0.11534046 0.10371434 0.13413990 0.16349822 0.20373803 0.09791438 0.04358888
28.20564113 1.48408159 0.00823931 0.00459996 0.00471427 0.01965920 0.10127676 0.10329278 0.10729436 0.13410844 0.16583499 0.21655558 0.09099384 0.04343051
28.40568114 1.48160319 0.00717811 0.00464858 0.00366220 0.02350628 0.10727126 0.10641044 0.10259268 0.13244863 0.16204313 0.21446204 0.08944426 0.04633239
28.60572114 1.47993988 0.00801783 0.00465023 0.00474398 0.02542865 0.10231957 0.12273618 0.10571919 0.14846249 0.16417418 0.18024199 0.09313673 0.04036897
28.80576115 1.47954727 0.00797134 0.00481922 0.00466258 0.02256965 0.10181142 0.13945935 0.10750594 0.14748635 0.16705361 0.16421160 0.09280972 0.03963921
29.00580116 1.47692680 0.00922265 0.00498649 0.00522883 0.02137145 0.10615181 0.13396399 0.10687122 0.16063253 0.16771778 0.15578754 0.09227262 0.03579310
29.20584117 1.47269595 0.00803616 0.00496766 0.00424743 0.02410099 0.10619462 0.12777656 0.10606563 0.15099827 0.16636988 0.17172387 0.09040213 0.03911681
29.40588118 1.46968203 0.00674790 0.00465748 0.00331280 0.02522761 0.09989822 0.12083297 0.10914642 0.14044348 0.16576664 0.18835464 0.09653115 0.03908069
29.60592118 1.46568203 0.00746544 0.00492725 0.00414636 0.02476529 0.10180545 0.10245058 0.10791495 0.13492217 0.16881863 0.20637269 0.09453363 0.04187757
29.80596119 1.46542664 0.00678001 0.00502511 0.00396009 0.02043877 0.10926909 0.10175576 0.10608224 0.12314556 0.16896594 0.22099403 0.09265753 0.04092587
30.00600120 1.46224641 0.00804122 0.00494287 0.00377323 0.02438397 0.10269794 0.10805705 0.10892137 0.14256153 0.16854090 0.19263600 0.09489682 0.04054709
30.20604121 1.46040027 0.00706280 0.00485031 0.00417454 0.02475435 0.10064551 0.13100611 0.11019611 0.13993225 0.16736901 0.17988479 0.09293897 0.03718524
30.40608122 1.45933290 0.00786315 0.00502689 0.00366193 0.01956433 0.10728040 0.13804967 0.10630938 0.15602282 0.16723400 0.16195674 0.09214924 0.03488145
30.60612122 1.45559155 0.00752355 0.00502433 0.00229983 0.01732638 0.10562042 0.13457241 0.10838646 0.16249497 0.17007576 0.15593141 0.09489295 0.03585153
30.80616123 1.44988305 0.00646769 0.00515890 0.00260491 0.01527009 0.10382377 0.12904601 0.11093441 0.14404875 0.16891376 0.18266400 0.09716907 0.03389863
31.00620124 1.44227294 0.00770720 0.00499595 0.00300795 0.01635599 0.10415652 0.11421477 0.11185801 0.13943414 0.17039117 0.19256474 0.09659825 0.03871530
31.20624125 1.43697755 0.00773490 0.00502772 0.00432756 0.01731781 0.10304880 0.10532264 0.10845049 0.13158035 0.17051496 0.21213441 0.09695794 0.03758242
31.40628126 1.43401051 0.00789063 0.00519883 0.00367998 0.01838434 0.10249459 0.10500821 0.10913687 0.13028125 0.17094921 0.21000327 0.09822041 0.03875241
31.60632126 1.43368092 0.00700679 0.00501118 0.00300564 0.01995274 0.10531172 0.11480591 0.11073458 0.14248835 0.17256320 0.18811312 0.09437922 0.03662754
31.80636127 1.43060173 0.00748800 0.00510447 0.00320600 0.02001552 0.10658897 0.12729121 0.10832105 0.14475950 0.17313273 0.17156870 0.09685268 0.03567117
32.00640128 1.42764553 0.00723922 0.00510176 0.00302030 0.01822895 0.10640437 0.13501977 0.10596177 0.15565153 0.17231704 0.15693021 0.10021497 0.03391011
32.20644129 1.42478907 0.00671671 0.00494611 0.00272452 0.02185377 0.10574680 0.13762260 0.10690160 0.14893007 0.17508912 0.16170469 0.09331628 0.03444773
32.40648130 1.41599189 0.00832821 0.00472684 0.00397823 0.02018304 0.10919730 0.12585041 0.10636891 0.14316212 0.16926661 0.17686705 0.09644026 0.03563104
32.60652130 1.40991025 0.00764620 0.00483692 0.00470394 0.01886765 0.10293601 0.10740302 0.10735507 0.13212902 0.17310711 0.20348067 0.09776480 0.03976961
32.80656131 1.40646066 0.00729615 0.00459991 0.00295736 0.02318515 0.10528363 0.10054156 0.10853061 0.13034193 0.17105318 0.20749240 0.09653258 0.04218555
33.00660132 1.40218715 0.00643412 0.00457453 0.00347004 0.02443124 0.10831813 0.11311220 0.10517839 0.13013977 0.17156295 0.20105446 0.09236592 0.03935825
33.20664133 1.39899948 0.00767258 0.00463972 0.00458604 0.02444462 0.10349637 0.12426482 0.10642024 0.13187978 0.17399398 0.18536401 0.09544960 0.03778824
33.40668134 1.39596945 0.00808975 0.00455180 0.00404322 0.01857043 0.10199607 0.12793106 0.11077910 0.15772541 0.17199199 0.15844521 0.09668094 0.03919501
33.60672134 1.38921073 0.00732303 0.00488752 0.00334164 0.01691889 0.10972856 0.13604394 0.10954193 0.14734769 0.17544593 0.16167510 0.09039597 0.03734981
33.80676135 1.38391849 0.00685153 0.00452652 0.00294463 0.01543511 0.10460292 0.13311490 0.10935174 0.14598053 0.17538453 0.16549830 0.09613420 0.04017511
34.00680136 1.37756040 0.00722250 0.00479558 0.00347033 0.01702601 0.10268763 0.11812033 0.11117822 0.14012436 0.17293396 0.18235177 0.09840452 0.04168479
34.20684137 1.37454321 0.00815648 0.00477911 0.00529737 0.01916581 0.10740845 0.11012873 0.11145037 0.12096221 0.17394962 0.20363380 0.09241235 0.04265570
34.40688138 1.37004354 0.00729931 0.00465244 0.00412675 0.02061070 0.11229482 0.10621010 0.10723030 0.13262109 0.17215836 0.19623585 0.09566398 0.04089629
34.60692138 1.36722715 0.00691490 0.00471724 0.00346796 0.02109636 0.10507889 0.11450704 0.11046511 0.12783667 0.17354086 0.18969314 0.10019781 0.04248403
34.80696139 1.36416600 0.00740055 0.00472765 0.00350964 0.01922213 0.11076351 0.12489144 0.11364219 0.14012916 0.17127612 0.17144121 0.09559043 0.03740596
35.00700140 1.36342773 0.00709068 0.00471811 0.00275578 0.01875888 0.11411981 0.13470858 0.11393100 0.14518173 0.17321460 0.15638073 0.09201639 0.03712370
35.20704141 1.35788801 0.00752796 0.00465108 0.00386675 0.01945748 0.11426723 0.13401656 0.11084855 0.14248124 0.17064099 0.15788991 0.09759207 0.03676019
35.40708142 1.35468830 0.00694141 0.00468443 0.00309471 0.01898237 0.10889215 0.12274293 0.11201313 0.13842194 0.17152087 0.17237801 0.09888932 0.04143873
35.60712142 1.35146162 0.00682286 0.00450539 0.00350889 0.01886682 0.10991892 0.11634519 0.11588672 0.12930550 0.16992948 0.18923664 0.09575940 0.03991421
35.80716143 1.34796898 0.00713577 0.00469560 0.00407325 0.02177143 0.11067303 0.11223334 0.11169136 0.12708107 0.17034980 0.19255645 0.09659012 0.04114879
36.00720144 1.34557286 0.00640318 0.00469806 0.00358645 0.01969997 0.10719083 0.11630633 0.11308640 0.12134167 0.17296564 0.19823855 0.09605897 0.04042395
36.20724145 1.34228740 0.00698171 0.00436817 0.00363666 0.02154122 0.11054565 0.11572729 0.11503408 0.13640799 0.16808723 0.18150935 0.09396478 0.04219587
36.40728146 1.33701956 0.00744413 0.00455036 0.00416556 0.02601087 0.11426093 0.12884156 0.10878609 0.13847956 0.17350201 0.16376958 0.09090052 0.03928884
36.60732146 1.33120351 0.00727179 0.00434055 0.00447301 0.03040091 0.10742784 0.13857555 0.10735206 0.13624563 0.17107033 0.15602446 0.09780913 0.03900874
36.80736147 1.32751760 0.00991305 0.00437430 0.00656745 0.03071499 0.10785766 0.12412623 0.10843732 0.14346658 0.17266284 0.15780822 0.09466778 0.03940357
37.00740148 1.32419136 0.00848334 0.00449219 0.00553122 0.02925508 0.11259150 0.11692301 0.10685305 0.12912250 0.17573810 0.17576831 0.09232506 0.04291664
37.20744149 1.32070286 0.00757040 0.00429589 0.00520758 0.02902965 0.10888409 0.11350425 0.10982812 0.12410931 0.17308709 0.18199072 0.09990471 0.04258818
37.40748150 1.31755160 0.00813343 0.00456205 0.00562395 0.03343620 0.10559286 0.10866278 0.11583513 0.11899874 0.17693588 0.18267718 0.09907399 0.04046782
37.60752150 1.31175643 0.00707996 0.00437434 0.00401710 0.02420753 0.11611769 0.10978370 0.11822553 0.11823364 0.17221621 0.18432370 0.09906613 0.04235447
37.80756151 1.31017503 0.00850240 0.00463128 0.00464369 0.02241609 0.11782461 0.11247908 0.11577029 0.13244748 0.17695941 0.16576479 0.09681431 0.04174658
38.00760152 1.31121746 0.00746729 0.00467043 0.00495138 0.02575139 0.11208163 0.12809479 0.11875622 0.12731842 0.17677504 0.15377123 0.10171659 0.03864560
38.20764153 1.30797520 0.00648319 0.00452512 0.00326439 0.02563478 0.11384607 0.12902276 0.12166697 0.13620022 0.17584591 0.14746857 0.10011583 0.03592619
38.40768154 1.30619746 0.00627551 0.00466684 0.00271444 0.02000807 0.12161045 0.12362303 0.11722942 0.13062769 0.17882517 0.15715511 0.09566803 0.04159625
38.60772154 1.30314805 0.00745690 0.00449274 0.00450815 0.02473184 0.11592899 0.11392284 0.11819789 0.12318493 0.17592604 0.16857772 0.10545424 0.03761772
38.80776155 1.29767302 0.00739121 0.00461227 0.00510510 0.02624493 0.11295496 0.10488720 0.12009125 0.11767500 0.17737209 0.17551757 0.10496934 0.04317909
39.00780156 1.29708919 0.00719135 0.00460094 0.00421427 0.02513813 0.12148003 0.10750985 0.11778759 0.11233637 0.17849665 0.18048636 0.09963469 0.04112377
39.20784157 1.29497361 0.00765790 0.00454308 0.00473050 0.02942831 0.12375900 0.10933311 0.11344108 0.12179638 0.17509366 0.16539697 0.10516308 0.03965692
39.40788158 1.29394026 0.00854234 0.00468455 0.00615919 0.02895343 0.11555438 0.11734091 0.11472878 0.12320478 0.17834553 0.15801630 0.10468666 0.03978314
39.60792158 1.29190314 0.00786578 0.00453533 0.00451906 0.02764373 0.11976977 0.12002456 0.12021160 0.12967544 0.17347609 0.14915440 0.10000710 0.04311712
39.80796159 1.28891190 0.00729543 0.00471864 0.00434025 0.02553707 0.12296167 0.12381680 0.12184337 0.12903363 0.17362023 0.14894623 0.09685600 0.04103070
40.00800160 1.28438441 0.00661978 0.00475328 0.00404832 0.02456612 0.11836321 0.12107067 0.11743893 0.12295435 0.17996370 0.15756314 0.10548077 0.03717772
40.20804161 1.27977378 0.00678459 0.00457144 0.00345129 0.01809104 0.11753347 0.11159104 0.12274006 0.12257629 0.17328116 0.16776612 0.10787377 0.04373972
40.40808162 1.27778859 0.00711720 0.00484686 0.00489505 0.01805585 0.12086986 0.10079038 0.12823406 0.11805452 0.17845270 0.18088104 0.09759641 0.04020606
40.60812162 1.27617956 0.00629181 0.00456052 0.00352272 0.01988766 0.12127283 0.10498003 0.12271320 0.11846762 0.17289821 0.17533704 0.11055514 0.03951322
40.80816163 1.27601068 0.00525449 0.00466287 0.00212142 0.01393440 0.11814729 0.12338630 0.12041722 0.11983340 0.17493817 0.16824201 0.11183436 0.03722808
41.00820164 1.27522751 0.00571980 0.00470168 0.00249233 0.01276198 0.12327035 0.12025612 0.12813445 0.12984354 0.17567423 0.15815982 0.10021918 0.03876651
41.20824165 1.26737042 0.00767432 0.00441109 0.00388320 0.02045015 0.12338481 0.12037378 0.12518227 0.13586257 0.16989653 0.15157005 0.10112519 0.03618603
41.40828166 1.26481268 0.00678629 0.00494282 0.00359061 0.01463883 0.11991144 0.12684359 0.11945294 0.12658348 0.17891493 0.15256089 0.10677777 0.03899641
41.60832166 1.26227040 0.00661966 0.00457885 0.00264739 0.01758901 0.12361764 0.12057950 0.12327393 0.12821746 0.17319793 0.16002983 0.10533155 0.03431723
41.80836167 1.25866215 0.00598015 0.00464724 0.00281706 0.01814247 0.12642356 0.11035604 0.12480019 0.11570705 0.17679833 0.17463680 0.09933058 0.04036052
42.00840168 1.25428148 0.00718866 0.00480455 0.00383619 0.01825860 0.11999053 0.10380894 0.11914388 0.11826622 0.17954146 0.17974369 0.10851948 0.03689780
42.20844169 1.25215504 0.00711072 0.00466781 0.00387074 0.01802008 0.12029279 0.10527829 0.11768826 0.12022518 0.17642611 0.17211970 0.11292494 0.04137538
42.40848170 1.25282553 0.00621569 0.00476974 0.00331383 0.02397176 0.12517546 0.11514528 0.12026766 0.11923249 0.17987378 0.16666080 0.09991326 0.03546025
42.60852170 1.25046426 0.00712428 0.00472053 0.00372052 0.01857839 0.12750935 0.12012288 0.12165776 0.13084931 0.17638139 0.14928633 0.10373086 0.03631839
42.80856171 1.24561229 0.00643803 0.00479408 0.00356203 0.01804207 0.12446369 0.12734576 0.11763157 0.12657346 0.17936301 0.14614889 0.10774756 0.03788985
43.00860172 1.23753131 0.00718914 0.00471206 0.00462748 0.01650570 0.12477817 0.12284298 0.11945175 0.12723089 0.17959120 0.14875781 0.10746673 0.03684610
43.20864173 1.23383956 0.00678812 0.00459422 0.00322216 0.01930216 0.13178319 0.10778073 0.12173506 0.12351664 0.17849516 0.15974488 0.10339226 0.03964540
43.40868174 1.23044245 0.00663824 0.00490588 0.00391201 0.01856047 0.12777213 0.10731282 0.12147905 0.11153060 0.18138430 0.17151864 0.10645853 0.03852730
43.60872174 1.22560758 0.00655588 0.00498587 0.00349567 0.02054175 0.12438552 0.10645882 0.11782324 0.11677098 0.18346445 0.16550737 0.11334082 0.03666964
43.80876175 1.22543139 0.00601078 0.00484440 0.00308982 0.01901263 0.12847709 0.10727838 0.12205443 0.11137476 0.18261258 0.16966568 0.10801141 0.03756804
44.00880176 1.22509441 0.00615155 0.00484311 0.00273365 0.01497279 0.13224643 0.10775768 0.12540391 0.12266872 0.18334532 0.15831681 0.10416113 0.03739891
44.20884177 1.22386356 0.00569299 0.00496824 0.00243530 0.01632724 0.13159069 0.12052372 0.12136943 0.12519876 0.18243697 0.14370591 0.11163457 0.03411618
44.40888178 1.22154961 0.00503248 0.00507783 0.00234019 0.01593167 0.12953405 0.12549674 0.12116117 0.11855882 0.18413806 0.14430288 0.11408877 0.03433734
44.60892178 1.21441985 0.00748120 0.00495653 0.00378123 0.02261826 0.13081084 0.10633748 0.12566532 0.12406883 0.18147262 0.14844958 0.10709459 0.03726352
44.80896179 1.21234729 0.00681598 0.00489847 0.00389527 0.02044012 0.13566925 0.10077176 0.12528270 0.11432274 0.18337225 0.15992469 0.10677723 0.03782955
45.00900180 1.20982141 0.00526190 0.00504441 0.00296516 0.01648904 0.13274869 0.10525174 0.12066128 0.10802492 0.18646921 0.16544141 0.11507630 0.03656595
45.20904181 1.20723189 0.00547273 0.00503830 0.00265164 0.01710813 0.12547145 0.10360583 0.12830658 0.10985357 0.18401800 0.16385156 0.11716556 0.03745665
45.40908182 1.20196382 0.00660212 0.00496871 0.00352552 0.01739529 0.12992768 0.10641610 0.12772499 0.11240800 0.18818925 0.16006438 0.10518927 0.03758869
45.60912182 1.19719904 0.00760783 0.00485823 0.00424473 0.02045606 0.13134441 0.10919482 0.12395681 0.11830503 0.18645450 0.14756477 0.10938595 0.03662687
45.80916183 1.19357604 0.00629377 0.00487548 0.00334895 0.02062940 0.12358534 0.11584555 0.12339633 0.12149562 0.18836264 0.13966616 0.11578010 0.03672066
46.00920184 1.18828051 0.00672128 0.00472749 0.00318726 0.02018815 0.12409338 0.11421395 0.12843805 0.12434035 0.18601789 0.14279316 0.11072308 0.03455597
46.20924185 1.18508026 0.00710923 0.00479311 0.00464137 0.01855215 0.12948682 0.11221967 0.12953440 0.11434336 0.18706384 0.15008520 0.10512173 0.03704914
46.40928186 1.18204990 0.00657476 0.00501061 0.00364500 0.01954819 0.12832097 0.10379768 0.12575847 0.11789302 0.18701530 0.15697201 0.10989455 0.03556946
46.60932186 1.17897781 0.00613138 0.00471077 0.00345613 0.02080096 0.12222970 0.10182684 0.12890019 0.10644473 0.18610664 0.16728990 0.11205260 0.04005017
46.80936187 1.17174727 0.00626487 0.00464530 0.00379386 0.01898481 0.11918920 0.10123009 0.13397384 0.11330378 0.18638808 0.17065690 0.10580347 0.03576579
47.00940188 1.16860997 0.00779221 0.00455721 0.00422595 0.02116888 0.12587383 0.10566216 0.12821638 0.11991463 0.18678849 0.15549731 0.10256398 0.03773897
47.20944189 1.16347021 0.00612698 0.00465861 0.00401278 0.02307845 0.12127105 0.11849874 0.12254568 0.11647023 0.19039330 0.14930247 0.10913127 0.03451045
47.40948190 1.16071913 0.00656114 0.00456123 0.00311015 0.02184053 0.12014456 0.11219902 0.12769999 0.12770042 0.18799410 0.14335644 0.10960001 0.03523241
47.60952190 1.15607254 0.00666867 0.00465722 0.00339264 0.01815118 0.12383436 0.11011253 0.12764044 0.12392565 0.19395416 0.14974864 0.10191372 0.03600080
47.80956191 1.14999333 0.00644713 0.00430368 0.00393300 0.02486799 0.12653906 0.11175402 0.12286512 0.11318138 0.19045292 0.15688025 0.10183912 0.03693633
48.00960192 1.14784069 0.00751322 0.00449332 0.00513307 0.02597564 0.12452818 0.10325331 0.12146599 0.11632812 0.19152257 0.15992720 0.10598985 0.03386954
48.20964193 1.14561585 0.00611677 0.00443874 0.00304431 0.02000464 0.12062603 0.10039552 0.12926124 0.10907854 0.19276748 0.17033092 0.10490641 0.03902940
48.40968194 1.14454239 0.00606409 0.00424980 0.00270192 0.01769097 0.12718751 0.10103115 0.13024326 0.11505226 0.18961675 0.16547295 0.10470259 0.03598677
48.60972194 1.14470270 0.00605965 0.00470955 0.00319141 0.01886173 0.12807629 0.11192194 0.12670022 0.11785091 0.19477256 0.15283640 0.10374128 0.03127806
48.80976195 1.14202149 0.00635310 0.00447374 0.00289732 0.01756307 0.12372782 0.11166738 0.12859070 0.12003939 0.19006988 0.14667570 0.11313776 0.03480415
49.00980196 1.14179089 0.00533496 0.00459703 0.00202767 0.01424179 0.12515969 0.11122935 0.13244041 0.12356282 0.19272659 0.14665510 0.10907617 0.03294841
49.20984197 1.14136675 0.00564676 0.00463142 0.00258922 0.01464932 0.13496801 0.11066668 0.13341605 0.11887556 0.19221581 0.14555779 0.10476861 0.03201478
49.40988198 1.13721752 0.00504862 0.00457428 0.00244007 0.01104782 0.13308328 0.10679431 0.13393465 0.11438062 0.18972990 0.15934224 0.10867779 0.03094641
49.60992198 1.13435006 0.00532480 0.00452587 0.00204654 0.01334534 0.12688225 0.09782675 0.13263411 0.11272964 0.19187841 0.16743492 0.11007926 0.03529212
49.80996199 1.13073700 0.00562349 0.00435475 0.00347997 0.01643924 0.13070763 0.09608315 0.13495712 0.11274833 0.19018763 0.16464866 0.10579276 0.03497727
50.01000200 1.12967717 0.00674226 0.00436269 0.00460421 0.01528796 0.13120257 0.10645712 0.13270928 0.11145502 0.19196991 0.15857956 0.10375544 0.03287397
50.21004201 1.12855483 0.00605819 0.00426684 0.00329204 0.01933372 0.12475899 0.10843349 0.13208479 0.11773458 0.18952017 0.14955572 0.11136910 0.03359236
50.41008202 1.12573014 0.00572922 0.00421915 0.00263132 0.01773284 0.12715663 0.10683774 0.13404217 0.12214118 0.18714889 0.14495468 0.11343305 0.03397313
50.61012202 1.12449277 0.00533685 0.00462309 0.00285352 0.01631413 0.13610480 0.11021113 0.13448894 0.11494332 0.19509928 0.14325809 0.10368378 0.03308308
50.81016203 1.11827262 0.00578736 0.00420992 0.00307670 0.01724780 0.13328272 0.10913262 0.13556270 0.11459751 0.18969558 0.14461501 0.10924897 0.03354311
51.01020204 1.11532201 0.00501101 0.00406835 0.00246836 0.01889679 0.12740574 0.09928318 0.13353630 0.11040152 0.19252234 0.15946889 0.11246716 0.03447036
51.21024205 1.11330572 0.00645530 0.00405097 0.00377444 0.02120675 0.13144595 0.09368873 0.13630897 0.10974573 0.18898571 0.16267449 0.10720829 0.03445467
51.41028206 1.11046484 0.00675596 0.00404617 0.00468520 0.02231860 0.13498405 0.09992201 0.13359657 0.10839227 0.18891634 0.15697164 0.10445677 0.03495444
