0.00000000 6.00000000 0.00000000 0.00000000 0.00000000 0.00000000 0.00000000 0.00000000 0.00000000 1.00000000 0.00000000 0.00000000 0.00000000 0.00000000
0.10000500 6.00234269 0.02056516 0.00117300 0.00659639 0.08902963 0.09879679 0.15803480 0.02231086 0.42866841 0.05813124 0.07475354 0.00958811 0.03235206
0.20001000 6.00059608 0.00600834 0.00121290 0.00339514 0.03058557 0.13120700 0.24995917 0.06111178 0.23176325 0.07043202 0.12851488 0.03803631 0.04777366
0.30001500 5.99893300 0.00378755 0.00102342 0.00239625 0.01907994 0.14111365 0.25190966 0.08315112 0.16177547 0.07728446 0.15974672 0.05142735 0.04730442
0.40002000 5.99671275 0.00355547 0.00102707 0.00191293 0.01456916 0.16917964 0.21398956 0.09086929 0.13883101 0.08987559 0.17339896 0.05504842 0.04774292
0.50002500 5.99269434 0.00381781 0.00095233 0.00211892 0.02186901 0.18492783 0.19045876 0.09486091 0.12534327 0.09272901 0.17563894 0.06052992 0.04675329
0.60003000 5.98867440 0.00368838 0.00098881 0.00189886 0.01994845 0.20478679 0.16501452 0.10415477 0.11094318 0.10281406 0.17847285 0.06325556 0.04403376
0.70003500 5.98386050 0.00333496 0.00094586 0.00174801 0.01378269 0.22051861 0.15147866 0.10812582 0.10108410 0.10780670 0.17963678 0.06860301 0.04293480
0.80004000 5.98058240 0.00251984 0.00090568 0.00109516 0.00873154 0.22450668 0.13941308 0.11452492 0.09266086 0.10951049 0.18203869 0.07855223 0.04554083
0.90004500 5.97760406 0.00251654 0.00097140 0.00147661 0.01081204 0.22673869 0.13464481 0.12431501 0.07947288 0.10511055 0.17862936 0.08886436 0.04644777
1.00005000 5.97574124 0.00241801 0.00092997 0.00153704 0.01392787 0.23226494 0.13655311 0.13514676 0.07041889 0.10379045 0.16750683 0.09186787 0.04363826
1.10005500 5.97750204 0.00218928 0.00092083 0.00140943 0.01637130 0.25043770 0.14206103 0.14156393 0.06075179 0.10234170 0.15330884 0.08873584 0.03990833
1.20006000 5.97198846 0.00202337 0.00085286 0.00110582 0.01132253 0.26740834 0.13674751 0.14844325 0.06344587 0.10139916 0.13549205 0.08989639 0.04186286
1.30006500 5.96813696 0.00218768 0.00088881 0.00136340 0.01295902 0.27111701 0.14229594 0.14981848 0.06183590 0.09611628 0.12378126 0.09605942 0.04157681
1.40007000 5.96400117 0.00248788 0.00086000 0.00141539 0.01423881 0.27499308 0.15110905 0.15340599 0.06327763 0.09526564 0.10597915 0.09947529 0.03749209
1.50007500 5.96242226 0.00251438 0.00089705 0.00118847 0.01129171 0.29742684 0.14589817 0.16601669 0.06720953 0.09309862 0.08302600 0.10056079 0.03087173
1.60008000 5.96077002 0.00275877 0.00084648 0.00153906 0.01891777 0.30632099 0.14345185 0.16979223 0.06284954 0.09155063 0.07344043 0.09948968 0.02904259
1.70008500 5.95621937 0.00290916 0.00087035 0.00165630 0.01880715 0.31394358 0.14024980 0.17579651 0.06162737 0.08852314 0.06532153 0.10086642 0.02942869
1.80009000 5.95015737 0.00288754 0.00097246 0.00171956 0.01882459 0.32294470 0.13147228 0.17505509 0.05487802 0.09376003 0.06284766 0.10526772 0.02937035
1.90009500 5.94714734 0.00218054 0.00089141 0.00107222 0.01057798 0.32498100 0.12459799 0.18212817 0.05413854 0.09644385 0.06337639 0.10955557 0.03005633
2.00010001 5.94443459 0.00221323 0.00084357 0.00123014 0.01101812 0.33133131 0.11753546 0.18246130 0.05372699 0.09378232 0.06510687 0.10758151 0.03316920
2.10010501 5.94090131 0.00213538 0.00077444 0.00138710 0.01645579 0.33625332 0.11390035 0.18362723 0.04814171 0.08419792 0.06513803 0.11114709 0.03684164
2.20011001 5.93178520 0.00233243 0.00085664 0.00147392 0.01761046 0.33604289 0.11793089 0.19432156 0.04371505 0.08751418 0.06280412 0.10926473 0.02613314
2.30011501 5.92821092 0.00175700 0.00079994 0.00104004 0.01133183 0.34367996 0.11866014 0.19980040 0.03462855 0.08590019 0.06378520 0.11181951 0.02679725
2.40012001 5.92591711 0.00139521 0.00077838 0.00082952 0.01026192 0.34780220 0.11550861 0.20918409 0.03235295 0.07860211 0.06314576 0.11363322 0.02650604
2.50012501 5.91833770 0.00125427 0.00075423 0.00045068 0.00427498 0.35299550 0.11534623 0.21234968 0.03548618 0.07644311 0.06275279 0.11345748 0.02443487
2.60013001 5.91333263 0.00168654 0.00078703 0.00105320 0.01059060 0.35587681 0.09981293 0.21788257 0.03442688 0.07618972 0.05789114 0.11926387 0.02453871
2.70013501 5.90983238 0.00163156 0.00068956 0.00076641 0.00908620 0.35685205 0.09491814 0.22369426 0.03860745 0.06809823 0.05824853 0.12266589 0.02474171
2.80014001 5.90434636 0.00131732 0.00071437 0.00074461 0.00511623 0.36016481 0.09421475 0.22971241 0.03299127 0.06608004 0.06002119 0.12532837 0.02359462
2.90014501 5.90111077 0.00094356 0.00067092 0.00048433 0.00418717 0.36776065 0.09051618 0.23270364 0.03016184 0.06503142 0.06001473 0.12383338 0.02369219
3.00015001 5.89847212 0.00099121 0.00066939 0.00039372 0.00320188 0.37558011 0.08735485 0.23352773 0.02834859 0.06319792 0.05924897 0.12702485 0.02046078
3.10015501 5.89499467 0.00092192 0.00065821 0.00047202 0.00323894 0.38687027 0.08483987 0.24019142 0.02315043 0.05818231 0.05675700 0.12609779 0.01861983
3.20016001 5.89078534 0.00110367 0.00066863 0.00058088 0.00667286 0.38912211 0.08180034 0.24251235 0.02305968 0.05647901 0.05048950 0.12921790 0.01829306
3.30016501 5.88782946 0.00114877 0.00062449 0.00074308 0.00667046 0.39709000 0.08078758 0.24078690 0.02262695 0.05188279 0.04727823 0.12961582 0.02074492
3.40017001 5.88430328 0.00109958 0.00062681 0.00076409 0.00873075 0.40060954 0.07631449 0.24326253 0.02200540 0.04803701 0.04467267 0.13346411 0.02041303
3.50017501 5.88045232 0.00135249 0.00059898 0.00098790 0.00918584 0.40131410 0.08066150 0.24708157 0.02016488 0.04793138 0.04008674 0.13307397 0.01756064
3.60018001 5.87330700 0.00096106 0.00062204 0.00039863 0.00441520 0.40305237 0.07734340 0.24917872 0.02468998 0.04837301 0.04033710 0.13277386 0.01785463
3.70018501 5.86683604 0.00123902 0.00055249 0.00059357 0.00514081 0.40395876 0.07128893 0.25580188 0.02813782 0.04227694 0.03680644 0.13340993 0.02079341
3.80019001 5.86117960 0.00097624 0.00059803 0.00057216 0.00544848 0.40235604 0.07922348 0.25890793 0.02120409 0.03690961 0.03794425 0.13722839 0.01863131
3.90019501 5.85258913 0.00091473 0.00063994 0.00042221 0.00317995 0.39535864 0.08053792 0.26422459 0.02120800 0.03885960 0.03671112 0.14091723 0.01702608
4.00020001 5.84808902 0.00091454 0.00062424 0.00043505 0.00381024 0.39359294 0.07418234 0.26778473 0.02116700 0.03614463 0.03877533 0.14385346 0.01871549
4.10020501 5.84290241 0.00104462 0.00058323 0.00059511 0.00462536 0.38758869 0.08212452 0.26878604 0.02030026 0.03532296 0.03784964 0.14371908 0.01746049
4.20021001 5.83600131 0.00084803 0.00061716 0.00050947 0.00606139 0.38904661 0.07558974 0.27170194 0.01845039 0.03688358 0.03731911 0.14575070 0.01722187
4.30021501 5.82465127 0.00161134 0.00057290 0.00118251 0.01787473 0.38350282 0.07125521 0.26709597 0.02063950 0.03498511 0.03905829 0.14584320 0.01637841
4.40022001 5.81472951 0.00117319 0.00061091 0.00085606 0.01082193 0.39347359 0.07114043 0.26310963 0.01534097 0.03672062 0.04212967 0.14808526 0.01653774
4.50022501 5.81286198 0.00077975 0.00057428 0.00051847 0.00502163 0.39114682 0.07230037 0.26642251 0.01726001 0.03564449 0.04177791 0.14821189 0.02034187
4.60023001 5.80811995 0.00076767 0.00058442 0.00048226 0.00203676 0.39112941 0.06564470 0.26662357 0.01969459 0.03357327 0.04700744 0.15008934 0.02236658
4.70023501 5.80400441 0.00080598 0.00061639 0.00048138 0.00312022 0.40069883 0.06482310 0.26483441 0.01505451 0.03962612 0.04198355 0.15022426 0.01773125
4.80024001 5.79885737 0.00091927 0.00064975 0.00054777 0.00676909 0.39453502 0.06114503 0.26576968 0.02002112 0.04514581 0.03884598 0.15189974 0.01375174
4.90024501 5.79240148 0.00090037 0.00058398 0.00060421 0.00701392 0.40398281 0.06183340 0.26355357 0.01805339 0.04066875 0.03550173 0.15321089 0.01409297
5.00025001 5.79384245 0.00065277 0.00059455 0.00028598 0.00215176 0.40458667 0.06419051 0.26662942 0.01856593 0.04255447 0.03237976 0.15363489 0.01377329
5.10025501 5.78914345 0.00096828 0.00054366 0.00057026 0.00838258 0.40555026 0.06357214 0.26596972 0.01879883 0.04106650 0.02928494 0.15286985 0.01242298
5.20026001 5.78431422 0.00116305 0.00053330 0.00096932 0.01043562 0.40530715 0.06325527 0.26586090 0.01581225 0.03893617 0.02885429 0.15336248 0.01551019
5.30026501 5.77962249 0.00107789 0.00057903 0.00083582 0.00654498 0.40237998 0.06162907 0.26985867 0.01835667 0.03744192 0.02731494 0.15374040 0.02024063
5.40027001 5.77441005 0.00129496 0.00061995 0.00085597 0.01010311 0.40774715 0.06158454 0.26682327 0.01861670 0.03280174 0.02572150 0.16000790 0.01382321
5.50027501 5.76074526 0.00133972 0.00071646 0.00113441 0.00940647 0.40732360 0.05369848 0.26108752 0.02168157 0.03959398 0.02445572 0.16127844 0.01828362
5.60028001 5.75384088 0.00092388 0.00066262 0.00064955 0.00708770 0.40109346 0.05327482 0.25935887 0.02009326 0.04092568 0.03264413 0.16595937 0.01732665
5.70028501 5.74356338 0.00093644 0.00062841 0.00069327 0.00553446 0.39809185 0.05399974 0.26932770 0.01906450 0.04082197 0.02885031 0.16513007 0.01692129
5.80029001 5.73883054 0.00085219 0.00062438 0.00058877 0.00467872 0.39433383 0.05695882 0.27277211 0.01551031 0.04232620 0.03223298 0.16594349 0.01317820
5.90029501 5.73516492 0.00071022 0.00069855 0.00043291 0.00534945 0.40380717 0.05247020 0.26970307 0.01446917 0.03852929 0.02945357 0.17126193 0.01311448
6.00030002 5.72890036 0.00055027 0.00065350 0.00033979 0.00354055 0.40250000 0.04882837 0.26861193 0.01581767 0.04228147 0.03113784 0.17195310 0.01378551
6.10030502 5.72465577 0.00062921 0.00069439 0.00039831 0.00349203 0.40473818 0.04429367 0.26632997 0.01642570 0.04385093 0.03124823 0.17438653 0.01351286
6.20031002 5.71800738 0.00077358 0.00064499 0.00068498 0.00556515 0.40289223 0.04827168 0.26458529 0.01461325 0.04579162 0.02927636 0.17208587 0.01481501
6.30031502 5.71251030 0.00102497 0.00064553 0.00098037 0.00758010 0.39664645 0.04428769 0.26675413 0.01513845 0.04728577 0.02696157 0.17466812 0.01802685
6.40032002 5.70584520 0.00054233 0.00070211 0.00035745 0.00182377 0.39263048 0.05116184 0.27208151 0.01257476 0.04699556 0.02886152 0.17759034 0.01467833
6.50032502 5.69664312 0.00078619 0.00061790 0.00050303 0.00458462 0.39173738 0.04879561 0.28178255 0.01479634 0.04425117 0.02998219 0.16961100 0.01255202
6.60033002 5.69391615 0.00070711 0.00059776 0.00031392 0.00406320 0.39150933 0.05621738 0.27801496 0.01654679 0.04413615 0.02524300 0.17174180 0.01090860
6.70033502 5.68774445 0.00085043 0.00066075 0.00048550 0.00546533 0.39167857 0.05515600 0.27307809 0.01510908 0.04638650 0.02786198 0.17219609 0.01107168
6.80034002 5.67963881 0.00091375 0.00064671 0.00051211 0.00449096 0.38863091 0.05406937 0.27732297 0.01781434 0.04286845 0.02847965 0.17253096 0.01171981
6.90034502 5.67280130 0.00067643 0.00069069 0.00031616 0.00227675 0.39309515 0.05121368 0.27297019 0.01851328 0.04326151 0.02907513 0.17398246 0.01392856
7.00035002 5.66567039 0.00096082 0.00059108 0.00064776 0.00606397 0.39308152 0.05023953 0.26629417 0.01999753 0.04277679 0.03441067 0.16925645 0.01567971
7.10035502 5.65775367 0.00125560 0.00054752 0.00113944 0.01257771 0.38951903 0.04766896 0.26747223 0.02087980 0.04040808 0.03344962 0.16605313 0.01902887
7.20036002 5.65401697 0.00099560 0.00060124 0.00056602 0.00517995 0.39572369 0.04694270 0.27496056 0.02051080 0.04044299 0.03213525 0.16827152 0.01366970
7.30036502 5.64934754 0.00086489 0.00064821 0.00060547 0.00620037 0.39386208 0.04993582 0.27451941 0.01829870 0.04261263 0.02862649 0.17035767 0.01346826
7.40037002 5.64003314 0.00100398 0.00063115 0.00083392 0.00750825 0.39886567 0.04945890 0.27006112 0.01642258 0.04072604 0.03206813 0.17171602 0.01070423
7.50037502 5.63740076 0.00061171 0.00062414 0.00030597 0.00183324 0.40048955 0.05098652 0.27169140 0.01804082 0.04265760 0.02825838 0.17253730 0.01196336
7.60038002 5.62971826 0.00069673 0.00062639 0.00038415 0.00538199 0.40788249 0.04632113 0.27042843 0.01545613 0.04054242 0.02895803 0.17252027 0.01080184
7.70038502 5.62274257 0.00060479 0.00061355 0.00024730 0.00153052 0.41382433 0.05008031 0.27241004 0.01566509 0.03865291 0.02420017 0.17249917 0.00967182
7.80039002 5.60962257 0.00078696 0.00065637 0.00052617 0.00677594 0.41413289 0.04083412 0.27071897 0.01440354 0.04188702 0.02385480 0.17460475 0.01081847
7.90039502 5.60256623 0.00075821 0.00068380 0.00057698 0.00486461 0.42027782 0.03876554 0.26516545 0.01248827 0.04039658 0.02138460 0.18147635 0.01316179
8.00040002 5.59974709 0.00052053 0.00068229 0.00036601 0.00546304 0.42234486 0.03882759 0.26949114 0.00966435 0.03932900 0.02176005 0.18015271 0.01139843
8.10040502 5.59210181 0.00078503 0.00070890 0.00050480 0.00504503 0.42513870 0.03608332 0.27636203 0.01011947 0.04110125 0.01929976 0.17668913 0.00816258
8.20041002 5.58359348 0.00063913 0.00066186 0.00041780 0.00509177 0.43175366 0.03545008 0.27760250 0.00994803 0.03990048 0.01915536 0.17208150 0.00729783
8.30041502 5.57712985 0.00040549 0.00061275 0.00018217 0.00045450 0.42954180 0.03645554 0.27714709 0.01045522 0.03912912 0.02148582 0.17556925 0.00856126
8.40042002 5.57190565 0.00044263 0.00056407 0.00016792 0.00232440 0.42713176 0.03501325 0.27454644 0.01292722 0.03536779 0.02228867 0.17838994 0.01083592
8.50042502 5.56233579 0.00080439 0.00057609 0.00053152 0.00459331 0.42244563 0.03499632 0.27491115 0.01294028 0.03759357 0.02569448 0.17447356 0.01043971
8.60043002 5.55199934 0.00090055 0.00058721 0.00057590 0.00506103 0.41954107 0.03793330 0.26995624 0.01691087 0.03734938 0.02594089 0.17456610 0.01067747
8.70043502 5.54383563 0.00125912 0.00055230 0.00106664 0.01783963 0.41485060 0.03676505 0.26986569 0.01440809 0.03748130 0.02645292 0.17125011 0.00820855
8.80044002 5.54065287 0.00070272 0.00058651 0.00039988 0.00365855 0.41581997 0.04503214 0.27153822 0.01775958 0.03992312 0.02536189 0.16813218 0.01108523
8.90044502 5.53680762 0.00090420 0.00056168 0.00064732 0.00740096 0.41857023 0.04107639 0.27261885 0.01740811 0.03898408 0.02530231 0.16726517 0.00926072
9.00045002 5.53311245 0.00097151 0.00054137 0.00063809 0.00886911 0.41862985 0.04188757 0.27217537 0.01845315 0.03641654 0.02399310 0.16823688 0.00918747
9.10045502 5.52878456 0.00101354 0.00051606 0.00073909 0.01075092 0.42127999 0.03751338 0.27292026 0.01915870 0.03309344 0.02471821 0.16619025 0.01210616
9.20046002 5.52366218 0.00087124 0.00050495 0.00064748 0.00684468 0.42502419 0.03688632 0.27876349 0.01470285 0.03234638 0.02531254 0.16536098 0.01273488
9.30046502 5.51538393 0.00068930 0.00055233 0.00054684 0.00633500 0.42632489 0.04271386 0.27777629 0.01207927 0.03255235 0.02382554 0.16479414 0.01181019
9.40047002 5.51234063 0.00067308 0.00056540 0.00045513 0.00342936 0.43142275 0.04012440 0.28257314 0.01166205 0.02997072 0.02315151 0.16546799 0.01050446
9.50047502 5.51162352 0.00062322 0.00056669 0.00045779 0.00336022 0.43339139 0.03877442 0.28024637 0.01175047 0.03086278 0.02316129 0.16693276 0.00987260
9.60048002 5.50822799 0.00041664 0.00056176 0.00035015 0.00204483 0.43505841 0.03759581 0.28051008 0.00958003 0.02767302 0.02653773 0.16819673 0.01147480
9.70048502 5.50419221 0.00043540 0.00056723 0.00025069 0.00174572 0.43494196 0.03798832 0.28197253 0.00882410 0.03092286 0.02707506 0.16759541 0.00768071
9.80049002 5.49670979 0.00052259 0.00050102 0.00033252 0.00303101 0.42969119 0.03993873 0.28567022 0.00943572 0.02931343 0.02818083 0.16482414 0.00855860
9.90049502 5.48942273 0.00076378 0.00047729 0.00049249 0.00731509 0.42608843 0.04011327 0.28373336 0.01008296 0.02717080 0.02766246 0.16653012 0.00956996
10.00050003 5.47430849 0.00082138 0.00055149 0.00068050 0.00718591 0.41750714 0.04379030 0.28098574 0.01075918 0.03211651 0.02734933 0.16483912 0.01341340
10.10050503 5.46917131 0.00076114 0.00051027 0.00062958 0.00528754 0.41810692 0.04633788 0.28053331 0.01160963 0.03001311 0.02655068 0.16483639 0.01482355
10.20051003 5.46478388 0.00078110 0.00056113 0.00072402 0.00679543 0.41758808 0.04132598 0.28609415 0.01059194 0.03365752 0.02138116 0.16609913 0.01440036
10.30051503 5.46058889 0.00053069 0.00056145 0.00042611 0.00260650 0.41509094 0.04749825 0.29115742 0.01258216 0.03124324 0.02033509 0.16594695 0.01202120
10.40052003 5.45789643 0.00041162 0.00052722 0.00018349 0.00036626 0.41627232 0.04609194 0.29370500 0.01241546 0.02934071 0.02096274 0.16815476 0.01156851
10.50052503 5.45474998 0.00046385 0.00055525 0.00022876 0.00053739 0.41620809 0.04155865 0.29088877 0.01348209 0.03182719 0.02542470 0.16852070 0.01030457
10.60053003 5.44220530 0.00050063 0.00053598 0.00030577 0.00154985 0.41069128 0.04450077 0.28979859 0.01328542 0.03344891 0.02914264 0.16352523 0.01271493
10.70053503 5.43770307 0.00080015 0.00050421 0.00045561 0.00936005 0.41108121 0.04303786 0.28818177 0.01632587 0.02974725 0.02591537 0.16248556 0.01210510
10.80054003 5.43344680 0.00082529 0.00052671 0.00051008 0.00469577 0.41996159 0.04574606 0.28866344 0.01399742 0.02881165 0.02628159 0.15803661 0.01194380
10.90054503 5.42946991 0.00090422 0.00048913 0.00061051 0.00904024 0.42774293 0.04431986 0.28489996 0.01238079 0.02821793 0.02527460 0.15665004 0.00946978
11.00055003 5.42172877 0.00085157 0.00050858 0.00050474 0.00443450 0.42479831 0.04686647 0.28313365 0.01589228 0.02918198 0.02618153 0.15837748 0.00926890
11.10055503 5.41838720 0.00081470 0.00050220 0.00062470 0.00492690 0.42412581 0.04449450 0.28181157 0.01380127 0.02975886 0.02864346 0.15980155 0.01069447
11.20056003 5.40649850 0.00076971 0.00052894 0.00041679 0.00534444 0.42702452 0.04269063 0.27887414 0.01820966 0.02762483 0.02604303 0.16194757 0.01052575
11.30056503 5.40037881 0.00079506 0.00051817 0.00047115 0.00727583 0.43155868 0.04063737 0.27968312 0.01433019 0.02903603 0.02714490 0.15920399 0.00934550
11.40057003 5.39460831 0.00045565 0.00058143 0.00026507 0.00158670 0.42817793 0.03571096 0.29024955 0.01106368 0.03484542 0.02901882 0.15814566 0.00989911
11.50057503 5.39023581 0.00046588 0.00049306 0.00029252 0.00148765 0.42984877 0.04117976 0.28816320 0.01099337 0.03109183 0.02848207 0.15840314 0.00909876
11.60058003 5.38408724 0.00049394 0.00051313 0.00048518 0.00419891 0.42774669 0.04415830 0.28277575 0.01256803 0.02760040 0.02501981 0.16136402 0.01307582
11.70058503 5.37912360 0.00064970 0.00052844 0.00041561 0.00351941 0.42908829 0.04034830 0.29235513 0.01414753 0.02644895 0.02053041 0.16157919 0.01038903
11.80059003 5.37229292 0.00086784 0.00055464 0.00052736 0.00844481 0.42663602 0.03616900 0.28761700 0.01687135 0.02982898 0.01992343 0.16336336 0.00919622
11.90059503 5.36999881 0.00046201 0.00060446 0.00018538 0.00104931 0.42385368 0.03646685 0.29305821 0.01179101 0.03330907 0.02279689 0.16717459 0.00924855
12.00060003 5.36556306 0.00049378 0.00055919 0.00022780 0.00376666 0.42388763 0.03518622 0.29621230 0.01045707 0.03057972 0.02377800 0.16876115 0.00609048
12.10060503 5.36486427 0.00051566 0.00054344 0.00018234 0.00146352 0.42460845 0.03389913 0.29587614 0.01095559 0.03089396 0.02376104 0.17007801 0.00722273
12.20061003 5.35242479 0.00061639 0.00058025 0.00043727 0.00501576 0.42038266 0.03123553 0.29326216 0.01106596 0.03604418 0.02626107 0.16573075 0.00936802
12.30061503 5.34802239 0.00073917 0.00052475 0.00057480 0.00690003 0.42176945 0.03183731 0.29082402 0.01236611 0.03324917 0.02516726 0.16563261 0.01041532
12.40062003 5.33822391 0.00098182 0.00058092 0.00092258 0.00944104 0.42203785 0.03411660 0.28588347 0.01113172 0.03553571 0.02349502 0.16596205 0.00991122
12.50062503 5.33424371 0.00054729 0.00055962 0.00049405 0.00857308 0.42206360 0.03910169 0.28978186 0.00967841 0.02729307 0.02103523 0.17030184 0.01057025
12.60063003 5.33014748 0.00063355 0.00056671 0.00042094 0.00543717 0.42231699 0.04122224 0.28997467 0.01119507 0.02475936 0.02357435 0.17038227 0.00951668
12.70063503 5.32846384 0.00043516 0.00053711 0.00010584 0.00034304 0.42024596 0.04330167 0.29464886 0.01287471 0.02575376 0.02650279 0.16681431 0.00843679
12.80064003 5.32380744 0.00072356 0.00059456 0.00040124 0.00664817 0.41946709 0.03865692 0.29678860 0.01345252 0.02612331 0.02138871 0.16702644 0.00872889
12.90064503 5.32160894 0.00051129 0.00048401 0.00026547 0.00350661 0.42143626 0.04381208 0.29581810 0.01228031 0.02599617 0.02091691 0.16426546 0.01070733
13.00065003 5.31598996 0.00061380 0.00047002 0.00039355 0.00699824 0.41644091 0.04225524 0.30437296 0.01123458 0.02565201 0.01860682 0.16306409 0.00989778
13.10065503 5.30510448 0.00070833 0.00053106 0.00059266 0.00470597 0.41682818 0.04721952 0.29841225 0.00896080 0.02563885 0.02000511 0.16458966 0.01180762
13.20066003 5.29822317 0.00067820 0.00050676 0.00062700 0.00703176 0.41147227 0.04690762 0.30393173 0.00834244 0.02332996 0.01935907 0.16275927 0.01505390
13.30066503 5.29019956 0.00065457 0.00052594 0.00038435 0.00316071 0.41283036 0.04388052 0.30258649 0.01396785 0.02724337 0.01945238 0.16281383 0.01249963
13.40067003 5.28759499 0.00065231 0.00049416 0.00034568 0.00348760 0.41735397 0.04042192 0.29922164 0.01328053 0.02631081 0.02376199 0.16461941 0.01004998
13.50067503 5.28198452 0.00046593 0.00053348 0.00018210 0.00041484 0.41250196 0.03942055 0.30029734 0.01541403 0.02949031 0.02340734 0.16717690 0.01069521
13.60068003 5.27763786 0.00043926 0.00054283 0.00036550 0.00366763 0.41325157 0.03360341 0.30610772 0.01219288 0.02930959 0.02075918 0.16678828 0.01297214
13.70068503 5.27087577 0.00066812 0.00048305 0.00052242 0.00504683 0.41584530 0.03540657 0.30555790 0.01244655 0.02365006 0.02287121 0.16646368 0.01103831
13.80069003 5.26433591 0.00075266 0.00049378 0.00063512 0.00700776 0.41328081 0.03273651 0.30817565 0.01236743 0.02548338 0.02251504 0.16656638 0.00998549
13.90069503 5.26005663 0.00046477 0.00053099 0.00042092 0.00416113 0.41723006 0.03418597 0.30941357 0.00994387 0.02764750 0.02035347 0.16717787 0.00846987
14.00070004 5.25195654 0.00092693 0.00043687 0.00067404 0.01412070 0.41285765 0.03747663 0.30193786 0.01236054 0.02392508 0.02199279 0.16684253 0.00644836
14.10070504 5.25029917 0.00088117 0.00047037 0.00060884 0.00618763 0.41246607 0.03914258 0.30163557 0.01447775 0.02714524 0.02178283 0.16828275 0.00691919
14.20071004 5.24227825 0.00072970 0.00050181 0.00027807 0.00295106 0.41179271 0.03867365 0.30218291 0.01738975 0.02810285 0.02068996 0.16941971 0.00728782
14.30071504 5.23987981 0.00065302 0.00046996 0.00018978 0.00074965 0.41547630 0.03697391 0.30225356 0.01927248 0.02773879 0.01717384 0.17006139 0.00898732
14.40072004 5.23611796 0.00068025 0.00055399 0.00039058 0.00306314 0.41417590 0.03470335 0.30198120 0.01466129 0.02993826 0.01745128 0.17335065 0.00905010
14.50072504 5.23149198 0.00045281 0.00054711 0.00018249 0.00144685 0.41496880 0.03707451 0.30572490 0.01206624 0.02870499 0.01791481 0.17205420 0.00886229
14.60073004 5.22798047 0.00050463 0.00051060 0.00027458 0.00272103 0.41490455 0.03554236 0.30601305 0.01304337 0.02541488 0.01813666 0.17515692 0.00777737
14.70073504 5.22300243 0.00070405 0.00049740 0.00041261 0.00615536 0.41388378 0.03288458 0.30796430 0.01065397 0.02541092 0.01993093 0.17424360 0.00725851
14.80074004 5.21807333 0.00056506 0.00048386 0.00037766 0.00309352 0.41353599 0.03949460 0.30506563 0.01022559 0.02495772 0.02083835 0.17395680 0.00740522
14.90074504 5.21580398 0.00037787 0.00051069 0.00025735 0.00142139 0.41252668 0.03681837 0.30408876 0.01026265 0.02548705 0.02288522 0.17538683 0.00997715
15.00075004 5.21079799 0.00044927 0.00049211 0.00020591 0.00164126 0.41300542 0.03508073 0.30449162 0.01196847 0.02215342 0.02497619 0.17585743 0.00967816
15.10075504 5.20419495 0.00035305 0.00056027 0.00012808 0.00212176 0.41869386 0.03697486 0.30111822 0.00947997 0.02418444 0.02322948 0.17544320 0.00771279
15.20076004 5.20004161 0.00083924 0.00050691 0.00047523 0.00665514 0.41590935 0.03141424 0.30125953 0.01277107 0.02610248 0.02225988 0.17422173 0.00758520
15.30076504 5.19295462 0.00084494 0.00049098 0.00055267 0.00714902 0.41684579 0.03218915 0.30428630 0.01457728 0.02182556 0.01996748 0.17255137 0.00871947
15.40077004 5.18856911 0.00107278 0.00049775 0.00073626 0.01022024 0.41912833 0.03334116 0.30470145 0.01210152 0.02056968 0.01746598 0.17310279 0.00706206
15.50077504 5.18285725 0.00053455 0.00048665 0.00019939 0.00172416 0.41540811 0.03894301 0.30721118 0.01508617 0.02259648 0.01672971 0.17229758 0.00878301
15.60078004 5.17604131 0.00059110 0.00050681 0.00031302 0.00319987 0.41797215 0.03910091 0.31314652 0.01274540 0.01958669 0.01523728 0.17078783 0.00681243
15.70078504 5.17347979 0.00090010 0.00045607 0.00064743 0.00786962 0.41685853 0.03280256 0.31237714 0.01258107 0.01931144 0.01604498 0.17099681 0.00915424
15.80079004 5.16942463 0.00071727 0.00045072 0.00037777 0.00306478 0.42021747 0.03216468 0.31020195 0.01433617 0.01960187 0.01900657 0.17152800 0.00833277
15.90079504 5.16179168 0.00058899 0.00045275 0.00030237 0.00206434 0.41790666 0.03145361 0.31305334 0.01422550 0.01912573 0.01849590 0.17346152 0.00886930
16.00080004 5.15831113 0.00045848 0.00043727 0.00039246 0.00330317 0.42026092 0.03023387 0.31078057 0.00975033 0.01885027 0.02200806 0.17367097 0.00985363
16.10080504 5.15368872 0.00076950 0.00051182 0.00072267 0.00653307 0.42269460 0.02849888 0.31265063 0.00630270 0.02200900 0.01773044 0.17413395 0.00744274
16.20081004 5.14420318 0.00042626 0.00052861 0.00039658 0.00474086 0.41524601 0.02930803 0.31551440 0.00703072 0.02000443 0.01770519 0.18070655 0.00839236
16.30081504 5.14213699 0.00043716 0.00049436 0.00022348 0.00170006 0.41727379 0.03120243 0.31550070 0.00895211 0.02050073 0.01717274 0.18023043 0.00631202
16.40082004 5.13443413 0.00047247 0.00047807 0.00030034 0.00516200 0.41700593 0.02931972 0.31372199 0.00902064 0.02100709 0.01925922 0.17578692 0.00846562
16.50082504 5.12727898 0.00044601 0.00049225 0.00033795 0.00525607 0.41375502 0.03145067 0.31674057 0.00722936 0.02005969 0.02057164 0.17495246 0.00870830
16.60083004 5.11854448 0.00068073 0.00054101 0.00046676 0.00468836 0.41300194 0.03283562 0.31182594 0.00965520 0.02312977 0.02135130 0.17350135 0.00832203
16.70083504 5.11075885 0.00091442 0.00047232 0.00088640 0.01006220 0.41170416 0.03378920 0.31204783 0.00853063 0.02039053 0.02027786 0.16938516 0.01153929
16.80084004 5.10361849 0.00053210 0.00051704 0.00038576 0.00307634 0.41031592 0.03840539 0.30994000 0.01274919 0.02045257 0.02257545 0.17077448 0.01027576
16.90084504 5.09827808 0.00120449 0.00053291 0.00093847 0.01033900 0.40630350 0.03155570 0.30975075 0.01320912 0.02611403 0.01925787 0.17129880 0.00949533
17.00085004 5.09559193 0.00058247 0.00058075 0.00022791 0.00392898 0.40978954 0.03472396 0.30987704 0.01330041 0.03087195 0.01694959 0.17288072 0.00628669
17.10085504 5.08693950 0.00079372 0.00051193 0.00051068 0.00719559 0.41129657 0.03543151 0.30568446 0.01104270 0.03151606 0.01914197 0.17099098 0.00588384
17.20086004 5.08339793 0.00062917 0.00052866 0.00042054 0.00300359 0.41381658 0.03165561 0.30729870 0.01164126 0.03137946 0.01672719 0.17297660 0.00992263
17.30086504 5.07910396 0.00068928 0.00051738 0.00038280 0.00366332 0.41519921 0.03132925 0.30729830 0.01176362 0.03133486 0.01820026 0.17165025 0.00797147
17.40087004 5.06977758 0.00053658 0.00054343 0.00028242 0.00197740 0.41365983 0.02805511 0.30934488 0.01370916 0.03500487 0.01830536 0.16944698 0.00913397
17.50087504 5.06187696 0.00046694 0.00062259 0.00036209 0.00337884 0.40901111 0.03089957 0.30856436 0.00929859 0.03856824 0.01739948 0.17323370 0.00819449
17.60088004 5.05469609 0.00050820 0.00060045 0.00045894 0.00486363 0.40017413 0.03386415 0.31314341 0.00757422 0.04177619 0.01594816 0.17430582 0.00678270
17.70088504 5.05176777 0.00049938 0.00051308 0.00040223 0.00349112 0.39927565 0.03764415 0.31439530 0.00684285 0.04044802 0.01685828 0.17336795 0.00626200
17.80089004 5.04779868 0.00037686 0.00054614 0.00021962 0.00166700 0.39929641 0.03744665 0.31175266 0.00767680 0.04388764 0.01797685 0.17251715 0.00663623
17.90089504 5.03947750 0.00034838 0.00053215 0.00020030 0.00223252 0.39743904 0.03637281 0.30916299 0.00766067 0.04310699 0.01999038 0.17375884 0.00919494
18.00090005 5.03102977 0.00050725 0.00057052 0.00029648 0.00387822 0.39560025 0.03490392 0.30758506 0.00967731 0.04184792 0.01979038 0.17439625 0.01094644
18.10090505 5.02591074 0.00082743 0.00058978 0.00063911 0.01149135 0.40006547 0.03219681 0.30923928 0.00905083 0.03759593 0.01887939 0.17050955 0.00891508
18.20091005 5.01783738 0.00050021 0.00062947 0.00029201 0.00368105 0.40038423 0.03250641 0.31017908 0.01045385 0.04258795 0.02318321 0.16621926 0.00938326
18.30091505 5.01300643 0.00063682 0.00056974 0.00056454 0.00693936 0.39830702 0.03139467 0.31434407 0.00913658 0.03830872 0.02325949 0.16647045 0.01006855
18.40092005 5.00912380 0.00071651 0.00059583 0.00060000 0.00554318 0.39534586 0.03457726 0.31534085 0.01182999 0.03936740 0.02382540 0.16335006 0.00890766
18.50092505 5.00610913 0.00053186 0.00053664 0.00040416 0.00267259 0.39691524 0.03678028 0.32119428 0.00953556 0.03667931 0.02199392 0.16467452 0.00808163
18.60093005 5.00362143 0.00038977 0.00049501 0.00031239 0.00148739 0.39577948 0.03453907 0.32375928 0.01009376 0.03447914 0.02003882 0.16748708 0.01113881
18.70093505 4.99994565 0.00071291 0.00049935 0.00055209 0.00564928 0.39613523 0.03453349 0.32229793 0.01080495 0.03443404 0.01915067 0.16663346 0.00859661
18.80094005 4.99290260 0.00107167 0.00049323 0.00081113 0.01311497 0.39534004 0.03313135 0.31903475 0.01592251 0.03035136 0.01735663 0.16278062 0.01059174
18.90094505 4.99022815 0.00096634 0.00051384 0.00054185 0.00641564 0.39505785 0.03995753 0.32157933 0.01597111 0.03213249 0.01737704 0.16271650 0.00677048
19.00095005 4.98285448 0.00052383 0.00053963 0.00029183 0.00344361 0.39213214 0.04000971 0.32550379 0.01154735 0.03560313 0.01994250 0.16222131 0.00824118
19.10095505 4.98149443 0.00081619 0.00048535 0.00050580 0.00468381 0.39392329 0.03904719 0.32198316 0.01547098 0.03378136 0.01725385 0.16382684 0.00822219
19.20096005 4.97820500 0.00063021 0.00045488 0.00038576 0.00481520 0.39389040 0.03830169 0.32582907 0.01233974 0.03147984 0.01965765 0.16434581 0.00786974
19.30096505 4.97440978 0.00036489 0.00056396 0.00015499 0.00142372 0.39833201 0.03686040 0.32394638 0.01043651 0.03713352 0.01737822 0.16602413 0.00738127
19.40097005 4.97267569 0.00055990 0.00048554 0.00019994 0.00308413 0.40295314 0.03370327 0.32142268 0.01491975 0.02992123 0.01663893 0.16721740 0.00889408
19.50097505 4.96635730 0.00112899 0.00057669 0.00071497 0.01075018 0.39967449 0.03091577 0.32162904 0.01394919 0.02917134 0.01984534 0.16494845 0.00669556
19.60098005 4.96149496 0.00084430 0.00053975 0.00069063 0.00442817 0.40331213 0.03304569 0.31829366 0.01391665 0.02856334 0.01762588 0.16529113 0.01344868
19.70098505 4.95585869 0.00047661 0.00052665 0.00027745 0.00220120 0.40524609 0.03633515 0.31378404 0.01589040 0.02862541 0.01843473 0.16781781 0.01038447
19.80099005 4.94504515 0.00068018 0.00047402 0.00062633 0.00489804 0.40483212 0.04154222 0.31030515 0.01325250 0.02750929 0.02060148 0.16287942 0.01239925
19.90099505 4.94219489 0.00048067 0.00046437 0.00021298 0.00240858 0.40210703 0.04849184 0.30987543 0.01300197 0.02571919 0.02411659 0.16383398 0.00928737
20.00100005 4.93323949 0.00037001 0.00046469 0.00018044 0.00215637 0.40852299 0.04476436 0.30775429 0.01080926 0.02501657 0.02658917 0.16224146 0.01113039
20.10100505 4.92902897 0.00051939 0.00049709 0.00028690 0.00271926 0.41179839 0.03825541 0.30980893 0.01052572 0.02684533 0.02655069 0.16305026 0.00914263
20.20101005 4.92621229 0.00033265 0.00050502 0.00013635 0.00027182 0.41254567 0.03778158 0.31478946 0.00915352 0.02718825 0.02334537 0.16297160 0.01097872
20.30101505 4.92216036 0.00035154 0.00047553 0.00009180 0.00029968 0.41351003 0.03733023 0.31402713 0.00963618 0.02696888 0.02500703 0.16301843 0.00928354
20.40102005 4.91903066 0.00040399 0.00046090 0.00021637 0.00191752 0.41014971 0.03608216 0.31833429 0.00951854 0.02697046 0.02288173 0.16208464 0.01097969
20.50102505 4.91393632 0.00065324 0.00047419 0.00069056 0.00847218 0.40420460 0.02963300 0.31657760 0.01012035 0.02702588 0.02361462 0.16171774 0.01681605
20.60103005 4.90652250 0.00048477 0.00053553 0.00045026 0.00164144 0.40967671 0.03324744 0.31054876 0.00997120 0.02275401 0.02676497 0.17048500 0.01343991
20.70103505 4.90026042 0.00047490 0.00050113 0.00027831 0.00199244 0.41310866 0.03717959 0.31122174 0.01091906 0.02284453 0.02522653 0.16632395 0.00992917
20.80104005 4.89855102 0.00072788 0.00043536 0.00053637 0.00482623 0.41732690 0.03724215 0.31202830 0.00888815 0.02140755 0.02360337 0.16480188 0.00817585
20.90104505 4.89275148 0.00050938 0.00049475 0.00023920 0.00147362 0.41770988 0.04439910 0.30742288 0.00753652 0.02348202 0.02178156 0.16689047 0.00806062
21.00105005 4.89023224 0.00066069 0.00053953 0.00039560 0.00705843 0.42078390 0.03680111 0.30673060 0.01011138 0.02405296 0.01781639 0.16789301 0.00715640
21.10105505 4.88548914 0.00057623 0.00047150 0.00039727 0.00530603 0.41676262 0.03530624 0.30910656 0.00985232 0.02441847 0.02325416 0.16524085 0.00930774
21.20106005 4.88165402 0.00071563 0.00046605 0.00054697 0.00630380 0.41734323 0.03223047 0.31268269 0.00821768 0.02482241 0.02264679 0.16668563 0.00733866
21.30106505 4.87848736 0.00043429 0.00048380 0.00027548 0.00267133 0.41532877 0.03118685 0.31599422 0.00840333 0.02518902 0.02140752 0.17100419 0.00762119
21.40107005 4.87651476 0.00025433 0.00045322 0.00017700 0.00017429 0.41463862 0.02803284 0.31879979 0.00961209 0.02288813 0.02032700 0.17322023 0.01142244
21.50107505 4.86954910 0.00034438 0.00049288 0.00017849 0.00413883 0.41475353 0.02796354 0.31653028 0.00939021 0.02317361 0.01997244 0.17304969 0.01001210
21.60108005 4.86681341 0.00037863 0.00047372 0.00025644 0.00169426 0.41698264 0.03063955 0.31567891 0.00847542 0.02329103 0.02393496 0.16957369 0.00862075
21.70108505 4.85965662 0.00072061 0.00049971 0.00059570 0.00498742 0.41746012 0.02630578 0.31483332 0.00931100 0.02511614 0.02168102 0.17009070 0.00839847
21.80109005 4.85040715 0.00037924 0.00057286 0.00018930 0.00551233 0.41359037 0.03105907 0.31752674 0.00873603 0.02537750 0.01770105 0.17293254 0.00642298
21.90109505 4.84665592 0.00049522 0.00047425 0.00021871 0.00201213 0.41849098 0.03332712 0.31472100 0.01127837 0.02212433 0.01846341 0.17218944 0.00620505
22.00110006 4.84211602 0.00033475 0.00047883 0.00015602 0.00022875 0.41511887 0.03928495 0.31588341 0.00916089 0.02436002 0.01621936 0.17015888 0.00861527
22.10110506 4.83825919 0.00035297 0.00048359 0.00017115 0.00033681 0.41600798 0.03573349 0.31502693 0.01032828 0.02801224 0.01480098 0.16846927 0.01027631
22.20111006 4.83167084 0.00050423 0.00055058 0.00025378 0.00192651 0.41786574 0.02968944 0.31184619 0.00978718 0.03110353 0.01870629 0.17063397 0.00713257
22.30111506 4.82333185 0.00053254 0.00058248 0.00018286 0.00147452 0.41234929 0.03054886 0.31205309 0.01005680 0.03778148 0.01610887 0.17123366 0.00709555
22.40112006 4.81719502 0.00046719 0.00051549 0.00017439 0.00061328 0.40988104 0.02963534 0.31384965 0.01200968 0.03473230 0.01635110 0.17302152 0.00874902
22.50112506 4.80881776 0.00052109 0.00056083 0.00033000 0.00304259 0.40988939 0.02845083 0.31374263 0.00883035 0.03287513 0.01790312 0.17693204 0.00692200
22.60113006 4.80359806 0.00052437 0.00055443 0.00041675 0.00507370 0.40962975 0.02254849 0.31403515 0.00915444 0.03562535 0.02102366 0.17415533 0.00725859
22.70113506 4.79964055 0.00057655 0.00053729 0.00051835 0.00495651 0.40818730 0.02454791 0.31720929 0.00823565 0.03531400 0.01878453 0.17475212 0.00638049
22.80114006 4.79575201 0.00043934 0.00055802 0.00052384 0.00311122 0.40411054 0.02417009 0.32590249 0.00762411 0.03232186 0.01636803 0.17510709 0.00976336
22.90114506 4.79115894 0.00045533 0.00050535 0.00037090 0.00306043 0.40482898 0.02657314 0.32559378 0.00968554 0.03199758 0.01661515 0.17307431 0.00723950
23.00115006 4.78543667 0.00056427 0.00050270 0.00044027 0.00290786 0.40454684 0.02641354 0.32657263 0.01193831 0.02482642 0.01627217 0.17555142 0.00946357
23.10115506 4.78099274 0.00077521 0.00057329 0.00060283 0.00714024 0.40865862 0.02272384 0.32352235 0.00957453 0.02537168 0.01460209 0.17787406 0.00858124
23.20116006 4.77192408 0.00042362 0.00059374 0.00041382 0.00340604 0.40265996 0.02914708 0.32114129 0.00935940 0.02573885 0.01464755 0.18186616 0.01060249
23.30116506 4.76331143 0.00034097 0.00059906 0.00032326 0.00358079 0.40110907 0.03213655 0.32350130 0.00557793 0.02897750 0.01564941 0.17981306 0.00839110
23.40117006 4.75849715 0.00049144 0.00055579 0.00044184 0.00329354 0.39840938 0.03184705 0.32120263 0.00780812 0.03105601 0.01838874 0.17677619 0.00972928
23.50117506 4.75448445 0.00062090 0.00049602 0.00044312 0.00915915 0.39796347 0.03264547 0.32072224 0.00957347 0.02842522 0.01632508 0.17639305 0.00723281
23.60118006 4.74460084 0.00066839 0.00054060 0.00055611 0.00696774 0.39912324 0.03595305 0.31733293 0.00791057 0.02775588 0.01375552 0.18124736 0.00818862
23.70118506 4.74056516 0.00071080 0.00051611 0.00052665 0.00548807 0.39861173 0.03388213 0.32100070 0.01076317 0.02823058 0.01566639 0.17764088 0.00696280
23.80119006 4.73622519 0.00073326 0.00050262 0.00051180 0.00415497 0.39987571 0.03683724 0.32094150 0.00918868 0.02831650 0.01631050 0.17436367 0.00826355
23.90119506 4.72909635 0.00029472 0.00053665 0.00024214 0.00057846 0.40186860 0.03500442 0.32259311 0.00789488 0.02988433 0.01989411 0.17111731 0.01009126
24.00120006 4.72197686 0.00027221 0.00057564 0.00017215 0.00216544 0.39071687 0.03381535 0.33026742 0.00747453 0.03189215 0.02043171 0.17254792 0.00966861
24.10120506 4.71777455 0.00064038 0.00050329 0.00054699 0.00483098 0.38793901 0.03077169 0.33407325 0.00923215 0.03234021 0.01608268 0.17314423 0.00989514
24.20121006 4.71356191 0.00071983 0.00050561 0.00061595 0.00559176 0.38685250 0.02960392 0.33971736 0.00886508 0.02823622 0.01864619 0.17268831 0.00795727
24.30121506 4.71181858 0.00045429 0.00053054 0.00025337 0.00215665 0.38947869 0.02813587 0.34061889 0.01143663 0.02181407 0.02046580 0.17555781 0.00909740
24.40122006 4.70700182 0.00068078 0.00052736 0.00036345 0.00501884 0.38621477 0.02417072 0.34174967 0.01421204 0.02627156 0.02182033 0.17323664 0.00573384
24.50122506 4.70190611 0.00054047 0.00052804 0.00050288 0.00432053 0.39316282 0.02091552 0.33991855 0.01240498 0.02594753 0.02011753 0.17044305 0.01119809
24.60123006 4.69668527 0.00036908 0.00059638 0.00019797 0.00145766 0.39324042 0.02099787 0.34784414 0.00955232 0.02618722 0.01936221 0.17413185 0.00606288
24.70123506 4.68806981 0.00059161 0.00050467 0.00038849 0.00527201 0.38885708 0.02044929 0.35206199 0.01111251 0.02527693 0.01536124 0.17329933 0.00682485
24.80124006 4.68213877 0.00020212 0.00054131 0.00010296 0.00012838 0.39327881 0.02253689 0.35390702 0.00791691 0.02620253 0.01541881 0.17407032 0.00569392
24.90124506 4.67519334 0.00034680 0.00053445 0.00021139 0.00188657 0.39520906 0.02072376 0.35077041 0.00745800 0.02560978 0.01910438 0.17387631 0.00426910
25.00125006 4.67075889 0.00038599 0.00048927 0.00025224 0.00172663 0.39182787 0.02025957 0.35462792 0.00942232 0.02589794 0.01751446 0.17115700 0.00643880
25.10125506 4.66698210 0.00042608 0.00049639 0.00021578 0.00342919 0.39181433 0.01999016 0.35467159 0.01114194 0.02789013 0.01515509 0.16912755 0.00564176
25.20126006 4.66343071 0.00035685 0.00052731 0.00006231 0.00024218 0.39428779 0.02086882 0.35257707 0.01043337 0.03102379 0.01400034 0.17158405 0.00403613
25.30126506 4.66160365 0.00041273 0.00050229 0.00019513 0.00367740 0.39369264 0.01884112 0.35500874 0.00922167 0.03027969 0.01182667 0.17251664 0.00382527
25.40127006 4.65735007 0.00040680 0.00047930 0.00027434 0.00276819 0.39181549 0.02004998 0.35893221 0.00762950 0.03097460 0.01121878 0.17179840 0.00365241
25.50127506 4.65314873 0.00020815 0.00051979 0.00009132 0.00022800 0.39350937 0.02138161 0.36284386 0.00597773 0.02885347 0.00700191 0.17427351 0.00511129
25.60128006 4.64785232 0.00033690 0.00044858 0.00024717 0.00330478 0.38977837 0.02127375 0.36617454 0.00494027 0.02374195 0.01046883 0.17385656 0.00542830
25.70128506 4.64282505 0.00043289 0.00047941 0.00036264 0.00490012 0.39266744 0.01854765 0.36250992 0.00464867 0.02252977 0.01369016 0.17181346 0.00741787
