0.00000000 7.00000000 0.00000000 0.00000000 0.00000000 0.00000000 0.00000000 0.00000000 0.00000000 1.00000000 0.00000000 0.00000000 0.00000000 0.00000000
0.10000500 7.00176170 0.01175737 0.00058930 0.00323452 0.08542808 0.10329543 0.13753167 0.01813940 0.51746359 0.04336106 0.04325701 0.01061481 0.02532777
0.20001000 7.00109914 0.00556768 0.00064191 0.00235105 0.05403744 0.14671003 0.21258471 0.03891677 0.32391643 0.05829586 0.08234168 0.03143543 0.04320100
0.30001500 7.00006435 0.00352806 0.00065934 0.00153811 0.02618168 0.17100396 0.24315289 0.04817891 0.22327776 0.07910227 0.12282910 0.03905552 0.04149239
0.40002000 6.99866552 0.00347298 0.00053947 0.00184791 0.03737282 0.19493846 0.24224333 0.06319795 0.16320256 0.07642075 0.13521367 0.03890336 0.04264673
0.50002500 6.99757639 0.00313698 0.00063623 0.00167320 0.03451670 0.20061529 0.22427295 0.07797568 0.12622297 0.08666755 0.14834604 0.05410525 0.04183115
0.60003000 6.99625748 0.00261179 0.00062647 0.00137014 0.02207646 0.21232534 0.22379813 0.08989250 0.10507572 0.08652687 0.15385498 0.05662882 0.04521277
0.70003500 6.99281018 0.00229206 0.00066044 0.00118677 0.01743248 0.21359056 0.22062485 0.09343519 0.09266422 0.09786775 0.14829755 0.05844605 0.05350207
0.80004000 6.98946253 0.00211913 0.00065254 0.00128726 0.02194752 0.21618613 0.22276111 0.10911752 0.06924762 0.09451150 0.14204654 0.06953231 0.05059080
0.90004500 6.98964248 0.00189032 0.00073458 0.00119287 0.02245458 0.22785913 0.21728615 0.11402396 0.06003414 0.09949170 0.12869958 0.07789063 0.04844236
1.00005000 6.98710104 0.00186028 0.00064119 0.00121787 0.02431117 0.23237477 0.20954328 0.12025464 0.05544757 0.09718354 0.12860638 0.08354585 0.04501346
1.10005500 6.98455690 0.00203984 0.00066801 0.00145975 0.02756748 0.24079674 0.19771709 0.13343866 0.05127545 0.09503158 0.12147301 0.08206500 0.04646738
1.20006000 6.97989586 0.00179981 0.00064509 0.00123759 0.02102156 0.24756945 0.20534996 0.13726213 0.04990927 0.08816119 0.11172785 0.09236214 0.04295396
1.30006500 6.97769916 0.00125621 0.00062820 0.00075029 0.01399753 0.26365835 0.20698533 0.14499642 0.04253363 0.08637893 0.10134540 0.09233810 0.04513162
1.40007000 6.97490945 0.00172399 0.00056955 0.00113567 0.02193614 0.27544937 0.20404018 0.16260965 0.04160034 0.07772593 0.08460113 0.08764550 0.04096256
1.50007500 6.97192896 0.00143284 0.00059534 0.00088629 0.01060498 0.28758930 0.20466259 0.15797773 0.04304640 0.07705679 0.08179305 0.09078084 0.04357385
1.60008000 6.96679216 0.00147045 0.00058273 0.00069758 0.01120855 0.30612146 0.19453049 0.16223644 0.04905755 0.06943416 0.08158837 0.08962521 0.03344702
1.70008500 6.96703987 0.00166963 0.00050625 0.00103510 0.02265226 0.30274350 0.18505588 0.17541846 0.04309164 0.06610978 0.07686713 0.08722201 0.03762836
1.80009000 6.96570899 0.00142502 0.00052235 0.00091699 0.01484687 0.31551968 0.18017785 0.18043594 0.04060719 0.06572550 0.06751919 0.09379653 0.03850689
1.90009500 6.96232288 0.00163523 0.00048738 0.00097021 0.01822842 0.32450826 0.17251384 0.19008730 0.04237358 0.05858090 0.06443690 0.09633616 0.02984181
2.00010001 6.95987318 0.00148131 0.00042620 0.00094165 0.01602638 0.32583139 0.16833552 0.19788616 0.03939753 0.05767269 0.06153680 0.09618355 0.03428081
2.10010501 6.95472400 0.00115114 0.00046813 0.00063256 0.01177686 0.33133118 0.15727243 0.20521741 0.03827305 0.06081533 0.05840660 0.09816796 0.03648735
2.20011001 6.95348899 0.00124406 0.00051143 0.00082723 0.01673458 0.33171270 0.15803326 0.20308135 0.02990637 0.06668893 0.05681939 0.10400560 0.03043512
2.30011501 6.95047491 0.00137166 0.00047417 0.00091349 0.01522119 0.33250746 0.15301128 0.21262688 0.02967087 0.06556753 0.05510670 0.10282395 0.03070483
2.40012001 6.94633253 0.00104443 0.00044511 0.00054187 0.01091877 0.33414558 0.15111092 0.22704670 0.03065166 0.05668019 0.05406663 0.10968241 0.02366572
2.50012501 6.93913098 0.00109213 0.00049562 0.00069013 0.01245758 0.33590234 0.13839406 0.22308425 0.03181430 0.06326322 0.05006821 0.11525457 0.02748360
2.60013001 6.93489529 0.00080643 0.00047839 0.00058749 0.01080426 0.34376234 0.12768815 0.23039948 0.02431522 0.06134598 0.04995498 0.12001382 0.02984348
2.70013501 6.92981955 0.00096668 0.00052129 0.00054689 0.00991496 0.35030212 0.12688685 0.23282311 0.02722496 0.06022481 0.04369789 0.12412867 0.02276177
2.80014001 6.92913238 0.00081881 0.00047976 0.00043758 0.00771570 0.36014982 0.12683854 0.23754589 0.02551483 0.05120523 0.04506671 0.12261930 0.02160782
2.90014501 6.92812867 0.00094982 0.00048602 0.00061559 0.01271535 0.36743694 0.11761902 0.23750564 0.02251222 0.05538402 0.04116601 0.12318737 0.02042198
3.00015001 6.92380896 0.00117860 0.00048088 0.00085903 0.01781955 0.37083288 0.11121581 0.23536283 0.02330350 0.05510097 0.03789984 0.12222244 0.02372368
3.10015501 6.91789754 0.00119201 0.00042499 0.00082163 0.01467015 0.37029952 0.10762214 0.23751472 0.02932154 0.05076500 0.04141437 0.12099576 0.02495817
3.20016001 6.91343765 0.00091165 0.00039394 0.00063413 0.00930599 0.37176532 0.10196098 0.24340222 0.02876421 0.04592541 0.05046493 0.12051312 0.02595812
3.30016501 6.90973492 0.00069760 0.00040463 0.00047357 0.00571890 0.38319541 0.10221027 0.24892229 0.02151577 0.04056094 0.04646777 0.12491673 0.02491612
3.40017001 6.90525249 0.00071482 0.00038959 0.00039018 0.00415342 0.38660372 0.09480925 0.25534433 0.02422603 0.04100749 0.04586472 0.12465488 0.02184159
3.50017501 6.90102749 0.00076448 0.00039130 0.00048763 0.01136700 0.39046425 0.08825812 0.25528212 0.02359158 0.03985651 0.04215754 0.12600582 0.02137366
3.60018001 6.90236827 0.00059404 0.00041206 0.00050453 0.00571664 0.39332066 0.09144151 0.25905709 0.01911718 0.04027199 0.03536933 0.13093820 0.02325677
3.70018501 6.90009977 0.00082427 0.00041270 0.00061416 0.01297112 0.38716211 0.09274115 0.26566412 0.01657528 0.04185458 0.03415769 0.13090648 0.01611633
3.80019001 6.89706113 0.00066828 0.00041604 0.00038605 0.00560467 0.39011659 0.08727719 0.26754437 0.01833850 0.04171619 0.03820277 0.13420681 0.01552254
3.90019501 6.89522263 0.00057019 0.00037315 0.00034193 0.00611192 0.39396987 0.07894460 0.26533158 0.01917464 0.03801728 0.04570781 0.13630813 0.01514891
4.00020001 6.89528505 0.00059120 0.00033755 0.00026780 0.00388390 0.39794714 0.08337156 0.27056739 0.01920883 0.03823481 0.03738830 0.13491310 0.01328841
4.10020501 6.89173825 0.00085710 0.00034404 0.00058534 0.01622466 0.40059689 0.07771505 0.26782470 0.01562434 0.03559300 0.03313379 0.13964137 0.01185971
4.20021001 6.88564752 0.00051520 0.00038570 0.00031068 0.00602391 0.40172278 0.08208522 0.27088100 0.01318499 0.03583002 0.03039235 0.14318049 0.01548766
4.30021501 6.88371142 0.00047712 0.00038866 0.00027746 0.00344565 0.39722118 0.08020661 0.27275125 0.01399898 0.03975530 0.02996649 0.14588361 0.01562769
4.40022001 6.88153054 0.00063724 0.00039419 0.00038060 0.00510137 0.39683813 0.07132527 0.27229195 0.01928424 0.04217623 0.03090332 0.14429951 0.01636797
4.50022501 6.87861555 0.00050320 0.00037750 0.00031077 0.00398138 0.40263285 0.06536777 0.27761023 0.01711412 0.03853098 0.03270580 0.14484845 0.01601697
4.60023001 6.87640442 0.00047634 0.00039401 0.00035934 0.00397281 0.40731032 0.06438767 0.27606576 0.01390364 0.03285145 0.03097952 0.15137846 0.01792068
4.70023501 6.86711340 0.00060309 0.00039540 0.00044740 0.00944033 0.40893745 0.06444325 0.27367343 0.01522747 0.03711195 0.02777062 0.14788177 0.01406784
4.80024001 6.86774630 0.00059716 0.00035826 0.00041885 0.00730734 0.41203101 0.06296178 0.27392083 0.01590392 0.03280990 0.02930348 0.15088000 0.01350747
4.90024501 6.86658870 0.00084700 0.00033303 0.00067196 0.01376284 0.40835345 0.05112298 0.28122850 0.01591589 0.03006900 0.02986228 0.15401601 0.01381705
5.00025001 6.86212703 0.00073259 0.00033806 0.00062612 0.01219541 0.41194482 0.05071318 0.28203746 0.01729988 0.02859047 0.02737297 0.15108918 0.01705986
5.10025501 6.85891407 0.00054683 0.00032498 0.00046699 0.00775225 0.41353530 0.05802412 0.27621632 0.01525990 0.02774682 0.02910747 0.15217658 0.01884244
5.20026001 6.85363092 0.00052241 0.00036499 0.00047418 0.00707184 0.40779482 0.05698077 0.27627977 0.01282116 0.02907428 0.02866977 0.15848614 0.02145987
5.30026501 6.84847543 0.00049907 0.00038208 0.00032648 0.00781717 0.41228554 0.05612213 0.27553975 0.01488230 0.03088607 0.02675935 0.16090655 0.01359350
5.40027001 6.84376804 0.00059502 0.00038307 0.00036182 0.00726117 0.41418578 0.05092398 0.27910533 0.01981455 0.02997203 0.02456569 0.16235379 0.01047776
5.50027501 6.84158474 0.00045573 0.00037982 0.00036896 0.00394187 0.41116223 0.05093212 0.27927954 0.01607838 0.03603305 0.02305592 0.16114536 0.01716702
5.60028001 6.83378908 0.00058820 0.00043902 0.00056228 0.01233328 0.40907811 0.04576302 0.27778962 0.01048741 0.04280917 0.01894283 0.16788408 0.01332298
5.70028501 6.83175339 0.00066027 0.00040899 0.00062326 0.01276310 0.40890667 0.04628643 0.27911710 0.00950753 0.04228047 0.01693615 0.16728677 0.01522326
5.80029001 6.82365801 0.00054637 0.00042312 0.00047737 0.00873876 0.40555449 0.04816127 0.28739586 0.00864580 0.03790144 0.01749941 0.17072509 0.01393101
5.90029501 6.81606216 0.00040412 0.00042601 0.00028089 0.00701796 0.40141491 0.04975378 0.28732794 0.00991406 0.04207609 0.02349455 0.16875505 0.00913464
6.00030002 6.81299092 0.00051160 0.00040541 0.00036932 0.00686173 0.39860715 0.05427151 0.29013226 0.00969043 0.03919404 0.02160790 0.16766114 0.01068751
6.10030502 6.81042171 0.00030581 0.00036470 0.00018069 0.00186828 0.39913263 0.05998250 0.29407989 0.01101913 0.03330650 0.02251834 0.16711629 0.01012525
6.20031002 6.80869064 0.00046996 0.00036165 0.00028975 0.00564108 0.39937299 0.05524906 0.29223246 0.01582394 0.03037189 0.01949070 0.16966102 0.01103551
6.30031502 6.80494373 0.00044908 0.00037077 0.00024599 0.00367694 0.40244544 0.05361451 0.29082723 0.01568809 0.03403698 0.02071394 0.16631958 0.01161145
6.40032002 6.80336031 0.00066768 0.00037127 0.00048604 0.01279051 0.40555776 0.04634609 0.28875522 0.01197593 0.03697942 0.02118456 0.16633633 0.00854919
6.50032502 6.79885831 0.00030822 0.00037757 0.00014732 0.00199317 0.40507315 0.05225955 0.29594349 0.01015778 0.03597628 0.02132847 0.16862952 0.00780548
6.60033002 6.79547382 0.00050847 0.00042944 0.00033304 0.00916104 0.40710565 0.04455551 0.28844184 0.00815431 0.04137419 0.01996062 0.17264889 0.00732701
6.70033502 6.78786746 0.00032793 0.00043920 0.00018644 0.00198554 0.40378416 0.04301183 0.29007698 0.01114076 0.04318150 0.01857698 0.17651816 0.01077051
6.80034002 6.78732256 0.00048336 0.00041014 0.00025073 0.00560926 0.40501490 0.04070746 0.28862705 0.01323547 0.04310829 0.01926946 0.17683963 0.00644426
6.90034502 6.78370036 0.00042669 0.00039820 0.00024751 0.00375664 0.40304240 0.03985986 0.28952967 0.01253233 0.04459669 0.02302305 0.17443305 0.00815391
7.00035002 6.77916291 0.00035753 0.00036890 0.00019138 0.00409364 0.39894891 0.03995443 0.28772955 0.01426826 0.04392098 0.02978029 0.17103165 0.00935446
7.10035502 6.77265133 0.00065764 0.00038524 0.00056217 0.01255639 0.39586581 0.04060742 0.28937764 0.01414333 0.04328772 0.02250970 0.16908359 0.01096335
7.20036002 6.76913361 0.00055887 0.00037906 0.00043631 0.00858914 0.39567834 0.04638118 0.28729803 0.01250728 0.04187661 0.02313378 0.17076796 0.01239343
7.30036502 6.76669014 0.00063535 0.00037043 0.00049761 0.01056064 0.39754380 0.04019060 0.29371082 0.01384003 0.03567555 0.02703810 0.16869940 0.01123767
7.40037002 6.76244431 0.00058559 0.00038576 0.00042203 0.00919192 0.39124396 0.03952923 0.29850180 0.01530388 0.03236138 0.02768964 0.17350710 0.01127770
7.50037502 6.75582948 0.00067489 0.00041213 0.00051230 0.01076269 0.38671295 0.03796810 0.30041476 0.01357052 0.03540510 0.03030662 0.17105505 0.01220487
7.60038002 6.75010087 0.00062801 0.00041347 0.00061652 0.01076324 0.39070020 0.03539198 0.29715269 0.01271458 0.03323755 0.02846197 0.17449608 0.01542370
7.70038502 6.74641043 0.00049466 0.00039386 0.00036074 0.00679625 0.39185582 0.04232309 0.30130409 0.01004837 0.03138007 0.02815703 0.17706616 0.00981986
7.80039002 6.74323492 0.00058562 0.00037598 0.00049932 0.01071980 0.39339260 0.04290042 0.30143710 0.00743197 0.03159811 0.02900879 0.17319621 0.00885409
7.90039502 6.73942191 0.00043914 0.00039482 0.00034508 0.00751278 0.39553630 0.03959096 0.30245561 0.00925561 0.02971450 0.02921088 0.17589876 0.00964556
8.00040002 6.73298555 0.00041441 0.00038800 0.00041276 0.00647058 0.39286734 0.04207911 0.30300072 0.00951639 0.02709967 0.02906618 0.17464427 0.01404057
8.10040502 6.73114781 0.00030120 0.00036332 0.00023777 0.00199009 0.39392132 0.04191452 0.30449841 0.00899929 0.02917479 0.02968000 0.17404217 0.01487712
8.20041002 6.72839997 0.00050353 0.00039766 0.00047442 0.00873251 0.39495928 0.03843799 0.30403140 0.00705948 0.03321150 0.02851930 0.17140017 0.01227278
8.30041502 6.72464824 0.00037704 0.00037440 0.00027643 0.00326999 0.38916407 0.03929073 0.30886010 0.00929437 0.03075573 0.03324014 0.17284571 0.01225130
8.40042002 6.72191168 0.00023686 0.00036211 0.00015522 0.00023547 0.39737682 0.04065008 0.30798096 0.00965098 0.02868526 0.02972870 0.17359485 0.01134269
8.50042502 6.71805217 0.00069072 0.00033636 0.00056540 0.01445948 0.40026599 0.03689236 0.30664421 0.01235465 0.02349151 0.02291983 0.17326194 0.00811755
8.60043002 6.71422910 0.00045932 0.00030761 0.00031416 0.00520839 0.41109389 0.03983761 0.30696927 0.01339722 0.02077192 0.02313266 0.16885731 0.00965064
8.70043502 6.71281173 0.00056910 0.00031534 0.00038050 0.00695941 0.40634208 0.04032126 0.31033104 0.01350010 0.02072242 0.02217338 0.17028912 0.00809625
8.80044002 6.71044129 0.00044977 0.00032871 0.00029605 0.00706975 0.40893827 0.04319741 0.30844460 0.01256126 0.01832416 0.02074353 0.17196426 0.00768224
8.90044502 6.70680067 0.00041808 0.00037404 0.00028128 0.00777225 0.40796103 0.04238610 0.31061130 0.01007722 0.02499867 0.01517592 0.17205497 0.00788917
9.00045002 6.70703260 0.00032785 0.00035296 0.00024240 0.00350266 0.41126784 0.04255557 0.31274239 0.00907654 0.02100719 0.01456921 0.17462962 0.00972578
9.10045502 6.70535864 0.00044376 0.00031433 0.00035913 0.00645534 0.41443361 0.03788112 0.31649434 0.00788377 0.01919751 0.01194072 0.17756020 0.00703615
9.20046002 6.69960666 0.00024971 0.00032277 0.00028708 0.00204204 0.41556379 0.03910679 0.31396750 0.00576986 0.01981029 0.01328547 0.17633565 0.01325905
9.30046502 6.69573459 0.00028644 0.00032217 0.00020135 0.00201242 0.41949562 0.04007444 0.30590596 0.00686337 0.02348574 0.01688975 0.17479051 0.00967223
9.40047002 6.69368490 0.00032174 0.00033085 0.00028376 0.00378571 0.42429164 0.03599661 0.30600286 0.00665755 0.02010755 0.01511966 0.17526709 0.01183495
9.50047502 6.68996546 0.00023504 0.00034397 0.00023275 0.00207517 0.42293631 0.03574915 0.30462045 0.00566453 0.02191439 0.01867160 0.17418488 0.01337177
9.60048002 6.68667719 0.00038551 0.00032439 0.00032321 0.00728551 0.42564126 0.03301307 0.30708551 0.00584732 0.01889362 0.02033159 0.17205522 0.00881380
9.70048502 6.68178560 0.00034051 0.00031354 0.00035904 0.00549928 0.42142467 0.03549273 0.30911314 0.00369167 0.02056031 0.02188747 0.17058834 0.01072929
9.80049002 6.67980080 0.00057841 0.00029256 0.00045921 0.00854154 0.42333628 0.02812993 0.31183535 0.00973593 0.01816951 0.02085596 0.17036630 0.00769903
9.90049502 6.67786729 0.00038956 0.00026878 0.00033334 0.00941267 0.42193983 0.02922921 0.30944981 0.01075100 0.01765611 0.02190153 0.16868547 0.00998268
10.00050003 6.67760040 0.00024685 0.00028777 0.00018283 0.00176814 0.42824982 0.03104991 0.30952908 0.00990108 0.01935238 0.02145173 0.16858095 0.00939946
10.10050503 6.67458545 0.00023621 0.00029042 0.00014386 0.00182728 0.43147064 0.03373322 0.30860736 0.00962117 0.01893116 0.02082247 0.16670043 0.00761579
10.20051003 6.67264640 0.00029794 0.00030284 0.00023241 0.00323282 0.43131468 0.03129632 0.30927935 0.00678444 0.01674583 0.02259675 0.17035731 0.00755932
10.30051503 6.67048567 0.00028311 0.00026331 0.00025924 0.00364141 0.43117105 0.03358673 0.30748744 0.00645354 0.01327891 0.02277735 0.16979929 0.01099863
10.40052003 6.66601250 0.00022004 0.00027276 0.00016932 0.00210569 0.42849893 0.03596965 0.31057684 0.00762410 0.01169863 0.02338842 0.16895284 0.01052279
10.50052503 6.66163490 0.00028852 0.00025928 0.00023863 0.00588055 0.43031620 0.03752062 0.30842073 0.00697541 0.01193978 0.01993913 0.16706401 0.01115713
10.60053003 6.65599061 0.00026609 0.00026599 0.00020986 0.00195721 0.42515195 0.04279081 0.31177846 0.00572535 0.00868021 0.02681000 0.16612339 0.01024067
10.70053503 6.64949767 0.00032136 0.00024560 0.00028816 0.00551793 0.42097401 0.05081957 0.30847858 0.00526450 0.00895648 0.02814642 0.16134533 0.00964205
10.80054003 6.64566337 0.00035183 0.00024821 0.00026786 0.00326815 0.42366381 0.05178655 0.30830398 0.00610199 0.00839657 0.02707259 0.16138743 0.00915103
10.90054503 6.64322105 0.00041341 0.00025701 0.00025387 0.00256770 0.42623518 0.04609682 0.30964875 0.01354054 0.01051140 0.01906770 0.16134766 0.01005995
11.00055003 6.64078785 0.00046249 0.00022650 0.00034887 0.00910099 0.42665134 0.04146523 0.30935608 0.01224516 0.01016317 0.02112138 0.15960292 0.00925588
11.10055503 6.63883080 0.00043454 0.00026254 0.00022810 0.00373795 0.42781867 0.04212095 0.31109972 0.01262817 0.01556643 0.01905243 0.15925264 0.00779787
11.20056003 6.63657421 0.00032807 0.00023660 0.00022542 0.00369046 0.42628349 0.04299333 0.31206024 0.01070576 0.01469224 0.01977840 0.15872742 0.01027857
11.30056503 6.63254430 0.00042657 0.00026006 0.00030757 0.00521205 0.42621040 0.04207385 0.31603309 0.00982643 0.01626116 0.01784396 0.15723529 0.00830956
11.40057003 6.62849294 0.00024435 0.00029633 0.00021886 0.00389731 0.42784879 0.03997051 0.31057347 0.00554198 0.02153140 0.02234977 0.15775001 0.00977723
11.50057503 6.62464771 0.00045962 0.00032227 0.00048056 0.00865118 0.42828678 0.03496614 0.30740323 0.00454719 0.02113834 0.01936749 0.16284938 0.01152782
11.60058003 6.61997857 0.00047042 0.00028304 0.00040775 0.00708484 0.43072114 0.03583187 0.30602886 0.01071698 0.01917081 0.01736535 0.15979616 0.01212280
11.70058503 6.61167262 0.00065692 0.00031235 0.00055068 0.01223474 0.42656458 0.03128137 0.30584140 0.01389378 0.02157308 0.01851069 0.15770859 0.01087183
11.80059003 6.60579520 0.00035002 0.00035762 0.00017708 0.00403868 0.42733890 0.03386524 0.30834649 0.01410123 0.02383831 0.01758300 0.16211868 0.00788475
11.90059503 6.60436567 0.00044548 0.00031849 0.00027831 0.00573804 0.42745369 0.03256415 0.30717143 0.01474953 0.02254879 0.01605307 0.16250761 0.01017142
12.00060003 6.59897856 0.00044731 0.00030604 0.00027048 0.00373461 0.42696129 0.03366559 0.30616098 0.01615592 0.02438912 0.02044865 0.15818257 0.00927744
12.10060503 6.59484061 0.00035557 0.00031454 0.00021450 0.00378921 0.43142066 0.03367092 0.30463785 0.01580329 0.02388935 0.02063212 0.15773760 0.00753440
12.20061003 6.59170738 0.00026024 0.00034321 0.00013514 0.00016239 0.43342156 0.03268246 0.30749161 0.01394667 0.02182954 0.01851759 0.16091407 0.01029553
12.30061503 6.58620291 0.00024544 0.00035740 0.00013941 0.00200757 0.43863493 0.03548252 0.30251831 0.00967136 0.02381202 0.01714241 0.16267734 0.00731129
12.40062003 6.58192240 0.00032467 0.00037773 0.00013795 0.00205577 0.43489782 0.03503813 0.29744932 0.01204420 0.01951001 0.02458188 0.16776512 0.00581740
12.50062503 6.58072117 0.00034334 0.00034990 0.00011529 0.00209397 0.43661981 0.03199541 0.30254217 0.01377169 0.02369125 0.02055883 0.16279688 0.00512146
12.60063003 6.57907837 0.00026631 0.00031289 0.00011977 0.00170421 0.44252923 0.03444811 0.30186363 0.00956512 0.02305003 0.02240753 0.15824422 0.00548895
12.70063503 6.57418965 0.00046544 0.00027754 0.00033691 0.00724243 0.43739968 0.03708851 0.30743705 0.00965011 0.02045774 0.01807990 0.15442800 0.00713671
12.80064003 6.57224970 0.00039878 0.00027798 0.00029252 0.00517133 0.44206521 0.03580838 0.30882825 0.01046192 0.02183566 0.01178759 0.15499290 0.00807948
12.90064503 6.56967143 0.00029649 0.00029870 0.00021326 0.00381064 0.44346826 0.03886300 0.30936768 0.00553473 0.02175927 0.01250677 0.15710609 0.00677511
13.00065003 6.56324371 0.00047834 0.00034319 0.00037493 0.01120589 0.44174090 0.03442461 0.30596431 0.00623327 0.02452065 0.01076822 0.15743095 0.00651474
13.10065503 6.55921153 0.00028152 0.00032212 0.00014073 0.00204641 0.44883719 0.03859324 0.30584458 0.00748255 0.01789995 0.01377715 0.15909615 0.00567839
13.20066003 6.55374876 0.00028467 0.00031229 0.00021441 0.00360138 0.44542228 0.03620869 0.30911777 0.00658173 0.02298493 0.01012628 0.15816272 0.00698283
13.30066503 6.55233647 0.00017865 0.00030237 0.00019832 0.00207834 0.44239193 0.03830143 0.30782065 0.00442626 0.02426141 0.01057973 0.15922364 0.01023727
13.40067003 6.55020365 0.00017919 0.00025382 0.00011019 0.00017319 0.44578017 0.03288644 0.31102620 0.00804691 0.02012366 0.01515673 0.15681615 0.00944734
13.50067503 6.54902554 0.00019202 0.00030814 0.00005531 0.00015466 0.44603211 0.02964936 0.31026066 0.00914965 0.02337118 0.01514888 0.16002791 0.00565011
13.60068003 6.54680997 0.00014916 0.00029852 0.00005889 0.00008897 0.44760313 0.03257153 0.31055223 0.00680035 0.01970647 0.01505782 0.16183965 0.00527328
13.70068503 6.54658251 0.00020151 0.00029703 0.00012480 0.00193163 0.44001652 0.03258608 0.31628553 0.00557115 0.01994754 0.01628521 0.16145338 0.00529962
13.80069003 6.54552031 0.00024030 0.00029492 0.00020251 0.00351126 0.43929290 0.03068331 0.31643250 0.00509632 0.02028461 0.01506637 0.16169507 0.00719993
13.90069503 6.54237282 0.00034570 0.00029266 0.00025327 0.00504982 0.43555962 0.03032381 0.31521319 0.00626633 0.02388427 0.01654562 0.16105025 0.00521544
14.00070004 6.53979910 0.00013873 0.00033765 0.00011623 0.00134631 0.43141126 0.03044519 0.31842428 0.00397733 0.02746521 0.01483986 0.16436160 0.00713637
14.10070504 6.53358923 0.00046392 0.00032628 0.00043870 0.01079293 0.43551191 0.02751723 0.31951644 0.00232589 0.02684642 0.00847687 0.16379895 0.00398446
14.20071004 6.53058772 0.00039538 0.00031362 0.00035271 0.00896633 0.43232485 0.02841109 0.32201085 0.00259429 0.02788852 0.00962110 0.16346216 0.00365910
14.30071504 6.52611519 0.00035936 0.00033424 0.00025618 0.00536675 0.43124946 0.02716949 0.31970309 0.00598405 0.02757313 0.01160680 0.16714008 0.00325737
14.40072004 6.52493119 0.00042152 0.00033497 0.00035118 0.00860113 0.42902728 0.02518736 0.32329367 0.00459735 0.02663700 0.01115558 0.16670709 0.00368587
14.50072504 6.52340030 0.00017606 0.00035469 0.00012968 0.00116684 0.43373256 0.02501681 0.32085434 0.00623989 0.02674040 0.00950552 0.17031801 0.00576519
14.60073004 6.52454308 0.00033491 0.00031212 0.00021190 0.00356459 0.43528547 0.02531448 0.31929076 0.00646835 0.02326479 0.01073874 0.16984687 0.00536703
14.70073504 6.52156606 0.00023459 0.00031917 0.00017874 0.00370964 0.43209201 0.02716265 0.32112157 0.00305082 0.02512359 0.01041438 0.17134367 0.00524917
14.80074004 6.51798488 0.00016176 0.00032767 0.00017763 0.00172228 0.43509742 0.02699821 0.32126970 0.00287706 0.02833181 0.00739189 0.16697340 0.00867117
14.90074504 6.51635377 0.00022019 0.00032939 0.00023609 0.00663218 0.42990790 0.02435131 0.32318698 0.00422136 0.02945934 0.00582967 0.16911639 0.00650919
15.00075004 6.51276720 0.00027987 0.00032260 0.00026535 0.00505642 0.42898171 0.02685909 0.32485299 0.00382788 0.02737093 0.00753920 0.16847176 0.00617218
15.10075504 6.50512930 0.00020846 0.00035593 0.00009279 0.00378094 0.42571783 0.02219022 0.32669177 0.00705649 0.02589382 0.01083835 0.17334065 0.00383276
15.20076004 6.50200559 0.00035186 0.00032863 0.00022031 0.00751257 0.42887534 0.01785012 0.32177344 0.00809197 0.02577165 0.01257725 0.17325095 0.00339592
15.30076504 6.49956570 0.00028227 0.00032250 0.00022539 0.00553256 0.42871053 0.01972280 0.31877792 0.00680666 0.02562153 0.01595407 0.17256752 0.00547624
15.40077004 6.49225179 0.00018854 0.00035682 0.00012180 0.00374412 0.42516728 0.01843572 0.32662664 0.00613080 0.02939974 0.01581186 0.17044951 0.00356716
15.50077504 6.48820789 0.00014887 0.00034711 0.00013446 0.00187312 0.42408195 0.01958568 0.32665453 0.00359683 0.03098632 0.01735504 0.16993009 0.00530599
15.60078004 6.48297187 0.00020370 0.00033909 0.00019247 0.00331937 0.42367291 0.01834549 0.32157731 0.00409903 0.02729593 0.02254028 0.17311475 0.00529966
15.70078504 6.47951711 0.00019434 0.00036712 0.00012929 0.00192504 0.42113697 0.02013791 0.32329477 0.00557297 0.02925713 0.01874755 0.17394401 0.00529289
15.80079004 6.47646243 0.00016978 0.00034576 0.00011400 0.00183701 0.42150611 0.01918303 0.32668942 0.00355583 0.02383992 0.02034899 0.17761880 0.00479136
15.90079504 6.47254569 0.00041026 0.00037394 0.00035612 0.01056970 0.41730102 0.01900298 0.32230723 0.00354883 0.02926882 0.01554250 0.17674898 0.00456962
16.00080004 6.46656303 0.00030506 0.00038560 0.00025303 0.00526921 0.42036879 0.02028611 0.32303946 0.00520428 0.03301584 0.01319367 0.17319031 0.00548863
16.10080504 6.46569647 0.00014409 0.00035175 0.00010215 0.00017969 0.42228836 0.02349011 0.32292145 0.00549668 0.03236321 0.01404329 0.17207523 0.00654399
16.20081004 6.46244228 0.00012829 0.00033744 0.00013195 0.00207368 0.41822986 0.02599068 0.32641917 0.00335532 0.02699017 0.01482637 0.17402337 0.00749371
16.30081504 6.46092357 0.00017049 0.00035720 0.00011827 0.00015869 0.41616518 0.02172992 0.32555439 0.00722935 0.03027644 0.01448038 0.17564680 0.00811289
16.40082004 6.45951350 0.00014525 0.00033730 0.00012430 0.00013576 0.41333307 0.02427769 0.32717415 0.00580464 0.02997848 0.01474981 0.17517701 0.00876256
16.50082504 6.45684867 0.00035349 0.00032907 0.00028218 0.00500772 0.41286968 0.02351834 0.32829359 0.00519504 0.02804479 0.01640501 0.17446287 0.00523822
16.60083004 6.44460389 0.00031670 0.00036299 0.00018369 0.00375500 0.41297710 0.02114384 0.32349480 0.00871333 0.02961613 0.02134638 0.17354898 0.00454107
16.70083504 6.43978074 0.00026885 0.00035969 0.00019608 0.00357622 0.41139664 0.02342658 0.32343273 0.00755157 0.02974541 0.02042949 0.17306552 0.00655122
16.80084004 6.43677149 0.00029973 0.00032788 0.00016227 0.00203287 0.40837756 0.02405985 0.31960034 0.00939235 0.02764236 0.02763431 0.17405186 0.00641862
16.90084504 6.42991353 0.00030000 0.00034296 0.00013716 0.00198105 0.41318055 0.03069941 0.31366975 0.00918252 0.02780068 0.02547355 0.17300605 0.00422631
17.00085004 6.42790970 0.00041732 0.00031859 0.00027365 0.00540595 0.41582101 0.03089900 0.30509344 0.01273419 0.02606345 0.02791082 0.16870351 0.00635907
17.10085504 6.42372596 0.00046402 0.00033483 0.00038270 0.00701911 0.41544774 0.03278615 0.30595574 0.01076913 0.02594849 0.02674128 0.16631320 0.00783761
17.20086004 6.42217814 0.00039124 0.00029799 0.00028345 0.00341694 0.41531689 0.03538543 0.30965865 0.01135213 0.02319754 0.02364143 0.16752893 0.00952938
17.30086504 6.41806630 0.00041671 0.00030558 0.00034417 0.00475531 0.40953035 0.03909308 0.30913348 0.00803135 0.02314524 0.02431734 0.17188535 0.00904205
17.40087004 6.41047015 0.00056041 0.00032875 0.00043551 0.00740711 0.40413710 0.03656529 0.30795419 0.01327634 0.02500907 0.02375875 0.17257089 0.00799659
17.50087504 6.40987366 0.00053301 0.00036141 0.00035568 0.00665960 0.40559367 0.03970567 0.30989883 0.01288251 0.02590642 0.01887644 0.17223966 0.00698709
17.60088004 6.40503286 0.00043683 0.00034384 0.00031502 0.00720218 0.40569541 0.04542230 0.31174829 0.00969778 0.02405719 0.01511342 0.17415527 0.00581247
17.70088504 6.40325251 0.00040504 0.00036487 0.00032923 0.00720344 0.41156596 0.04536973 0.30836270 0.00671621 0.02576132 0.01402984 0.17394515 0.00594651
17.80089004 6.40240225 0.00042947 0.00034442 0.00031783 0.00513709 0.41201332 0.04257033 0.30789094 0.01092655 0.02258362 0.01143308 0.17716770 0.00918565
17.90089504 6.39955628 0.00051660 0.00033295 0.00040224 0.00819117 0.41079507 0.04146834 0.30941158 0.01036339 0.02422701 0.01161231 0.17523339 0.00744596
18.00090005 6.39582621 0.00048516 0.00033698 0.00040398 0.00685039 0.40788588 0.04567626 0.30725193 0.00893100 0.02517239 0.01483667 0.17335283 0.00881654
18.10090505 6.39072124 0.00039571 0.00035229 0.00029793 0.00522422 0.41007237 0.04067797 0.30503837 0.00756590 0.02666829 0.02180913 0.17386867 0.00802914
18.20091005 6.38859077 0.00027607 0.00032529 0.00020265 0.00401552 0.41197120 0.04759070 0.30166437 0.00637301 0.02608142 0.02059485 0.17195772 0.00894721
18.30091505 6.38413826 0.00032613 0.00031943 0.00026753 0.00542184 0.41637112 0.04405934 0.30029887 0.00553127 0.02809978 0.02032556 0.17091080 0.00806834
18.40092005 6.38148955 0.00022075 0.00030129 0.00011810 0.00020116 0.42217058 0.04591059 0.29702608 0.00926486 0.02720988 0.02073199 0.16729216 0.00955254
18.50092505 6.37809332 0.00029862 0.00034592 0.00018886 0.00198750 0.41967214 0.03916929 0.29525432 0.01071070 0.03266040 0.02120635 0.16806721 0.01043868
18.60093005 6.37894880 0.00032109 0.00032659 0.00017474 0.00201336 0.42328106 0.03840821 0.29030285 0.01230676 0.03013996 0.02321546 0.16994953 0.00956038
18.70093505 6.37705703 0.00026745 0.00035638 0.00019214 0.00405833 0.41834218 0.03349639 0.29763496 0.00850245 0.03045798 0.02731062 0.17120850 0.00817262
18.80094005 6.37656039 0.00030115 0.00035571 0.00008349 0.00025691 0.41771396 0.03867440 0.29777043 0.01413745 0.02873357 0.02311431 0.17342632 0.00543229
18.90094505 6.37591319 0.00035076 0.00031926 0.00017729 0.00590962 0.42295586 0.04050759 0.29436372 0.01157470 0.02535242 0.02210588 0.17100873 0.00537416
19.00095005 6.37435609 0.00021211 0.00033550 0.00009761 0.00013834 0.42451417 0.04252207 0.29057803 0.00917929 0.02870336 0.02220402 0.17386894 0.00764657
19.10095505 6.36981568 0.00056862 0.00032773 0.00044710 0.01253756 0.42230308 0.03842238 0.28597871 0.00921963 0.02844869 0.02094191 0.17294178 0.00786280
19.20096005 6.36682658 0.00040231 0.00031589 0.00029506 0.00892383 0.41854981 0.04274886 0.29619830 0.00704152 0.02476173 0.02303198 0.17017427 0.00755644
19.30096505 6.36545093 0.00042446 0.00030898 0.00037227 0.00929114 0.42292420 0.03665670 0.29467345 0.00797804 0.02313361 0.02160197 0.17095976 0.01167541
19.40097005 6.36296207 0.00025796 0.00036977 0.00017080 0.00182614 0.42183457 0.03581183 0.29836953 0.00745397 0.02801327 0.02503160 0.17141286 0.00944771
19.50097505 6.36201849 0.00044734 0.00031583 0.00031835 0.00543244 0.41695100 0.03423261 0.30231698 0.01217727 0.02386241 0.02668076 0.16655378 0.01071122
19.60098005 6.35869518 0.00046257 0.00028846 0.00036029 0.00727693 0.41941219 0.03811051 0.30382176 0.00946484 0.01835312 0.02473193 0.16812447 0.00959291
19.70098505 6.35200381 0.00041378 0.00026408 0.00031811 0.00552775 0.42109730 0.04362852 0.30159030 0.01070678 0.01773691 0.02372048 0.16531141 0.00968457
19.80099005 6.35008461 0.00025795 0.00026367 0.00012264 0.00026373 0.43055532 0.04130098 0.30111669 0.01232838 0.01756952 0.02234213 0.16449480 0.00938419
19.90099505 6.34550940 0.00038416 0.00026074 0.00027587 0.00536203 0.42891614 0.03958512 0.30086709 0.00991975 0.01732016 0.02539243 0.16263587 0.00908063
20.00100005 6.34292392 0.00040396 0.00027423 0.00027213 0.00494580 0.42959865 0.03824593 0.30065273 0.01114736 0.01713522 0.02581353 0.16433917 0.00717128
20.10100505 6.34092506 0.00025817 0.00026840 0.00018424 0.00028488 0.42969503 0.04319658 0.30003713 0.00970126 0.01543518 0.02417903 0.16456426 0.01219583
20.20101005 6.33887080 0.00024838 0.00027296 0.00017058 0.00225360 0.43456627 0.04174884 0.29899402 0.00974286 0.01598304 0.01916804 0.16418371 0.01266769
20.30101505 6.33287676 0.00022104 0.00027195 0.00022827 0.00219063 0.43348765 0.04503053 0.29709285 0.00764823 0.01402498 0.02000224 0.16512258 0.01467906
20.40102005 6.33198182 0.00032664 0.00026435 0.00029761 0.00351892 0.43489003 0.04431488 0.29798651 0.00744373 0.01357795 0.02020880 0.16528116 0.01188943
20.50102505 6.32546551 0.00031920 0.00028751 0.00028484 0.00548498 0.43251251 0.04345119 0.30167084 0.00647649 0.01770862 0.01848085 0.16382053 0.00950245
20.60103005 6.32137968 0.00019169 0.00028727 0.00013673 0.00020949 0.43765245 0.04091254 0.29894893 0.00671689 0.01574440 0.02388231 0.16536695 0.00995035
20.70103505 6.31752869 0.00023436 0.00030162 0.00018054 0.00183777 0.43500897 0.03925066 0.30174683 0.00647855 0.01950690 0.02541665 0.16143568 0.00860147
20.80104005 6.31158997 0.00040602 0.00028135 0.00037053 0.00511490 0.43400934 0.03904959 0.29786084 0.00640121 0.01951224 0.02679938 0.16033623 0.00985837
20.90104505 6.31223053 0.00043404 0.00026798 0.00039191 0.00949072 0.43788515 0.03439516 0.29929070 0.00560288 0.01697824 0.02684534 0.15957793 0.00883995
21.00105005 6.30662541 0.00046519 0.00029570 0.00043826 0.00880543 0.43118562 0.03742326 0.29552609 0.00632222 0.01655889 0.02590409 0.16443370 0.01264155
21.10105505 6.30508193 0.00035465 0.00032587 0.00022651 0.00377716 0.43549996 0.03426178 0.29770949 0.00973869 0.01725573 0.02508052 0.16720895 0.00856070
21.20106005 6.30166915 0.00037045 0.00033706 0.00019953 0.00381086 0.44093493 0.03567501 0.29417412 0.01147015 0.01795482 0.01902441 0.17059907 0.00544958
21.30106505 6.29934582 0.00024069 0.00029514 0.00006356 0.00022216 0.44019806 0.03638625 0.29456571 0.01231024 0.01821691 0.02109815 0.17072418 0.00567893
21.40107005 6.29742694 0.00032184 0.00029771 0.00017531 0.00379664 0.44109207 0.03900568 0.29564089 0.00953774 0.01924422 0.01763384 0.16772511 0.00552895
21.50107505 6.29658722 0.00038548 0.00028693 0.00021328 0.00765600 0.43993420 0.04031403 0.29220686 0.01009296 0.02051270 0.01748218 0.16505931 0.00585607
21.60108005 6.29684595 0.00038660 0.00029263 0.00021608 0.00377140 0.44025894 0.03709598 0.29227973 0.01268602 0.02181244 0.02044619 0.16335626 0.00739773
21.70108505 6.29322270 0.00039584 0.00031895 0.00025367 0.00529261 0.44193740 0.03064497 0.28937457 0.01087072 0.01781676 0.02558918 0.17055232 0.00695301
21.80109005 6.29148856 0.00036168 0.00029415 0.00033075 0.00514169 0.44353856 0.02753786 0.29195503 0.00941655 0.01393902 0.02632828 0.17027324 0.01088321
21.90109505 6.28985994 0.00038673 0.00025212 0.00035065 0.00503811 0.44433431 0.03123311 0.29291638 0.01050887 0.01402462 0.02342584 0.16647256 0.01105669
22.00110006 6.29084665 0.00034734 0.00029113 0.00021102 0.00791956 0.44639833 0.02659949 0.29808022 0.00997118 0.01992439 0.02118778 0.16330594 0.00576363
22.10110506 6.28939852 0.00015452 0.00032758 0.00011413 0.00211821 0.44959848 0.02816337 0.29787651 0.00489698 0.02342406 0.02164007 0.16477337 0.00691272
22.20111006 6.28800047 0.00028668 0.00030704 0.00017771 0.00369659 0.45151081 0.02668272 0.30165420 0.00638017 0.02092980 0.01666931 0.16759815 0.00410681
22.30111506 6.28616137 0.00033543 0.00032025 0.00016544 0.00367953 0.45346998 0.02103929 0.30306131 0.01018651 0.02269498 0.01313705 0.16845347 0.00345675
22.40112006 6.28234824 0.00027566 0.00033161 0.00014848 0.00386986 0.45164907 0.02510796 0.30239776 0.00919170 0.01931815 0.01216723 0.17230341 0.00323911
22.50112506 6.27667199 0.00028662 0.00030320 0.00021019 0.00355754 0.44383032 0.03117415 0.30094570 0.00862284 0.02095251 0.01463225 0.16996827 0.00551641
22.60113006 6.27242006 0.00016548 0.00029023 0.00005761 0.00012220 0.44880882 0.03527869 0.29932674 0.00801142 0.02125249 0.01260741 0.16832172 0.00575719
22.70113506 6.27074068 0.00022352 0.00028816 0.00013010 0.00178298 0.44419294 0.03601259 0.29799209 0.00884880 0.02480626 0.01283594 0.16672055 0.00616607
22.80114006 6.26636539 0.00044951 0.00027509 0.00047097 0.00870415 0.44424782 0.03164471 0.29601478 0.00565163 0.02504385 0.01194842 0.16441846 0.01113060
22.90114506 6.26329251 0.00030213 0.00026467 0.00019394 0.00179475 0.44218882 0.03837293 0.30190139 0.00869386 0.01925140 0.00897035 0.16639372 0.01167204
23.00115006 6.26157960 0.00023896 0.00026266 0.00018502 0.00164402 0.44034055 0.03882031 0.30720130 0.00688303 0.01743826 0.01004524 0.16675723 0.01018342
23.10115506 6.25649137 0.00020960 0.00030805 0.00021852 0.00188159 0.43993397 0.03416228 0.30688457 0.00743469 0.01805180 0.00875991 0.17082162 0.01133342
23.20116006 6.25365947 0.00022870 0.00031273 0.00012891 0.00167038 0.44052438 0.03315408 0.30849522 0.00673865 0.02025060 0.00961059 0.17241707 0.00646869
23.30116506 6.25109436 0.00025887 0.00028653 0.00014594 0.00396489 0.43910070 0.03560748 0.30566191 0.01065987 0.01854244 0.00967118 0.17040842 0.00569177
23.40117006 6.24644648 0.00031932 0.00029368 0.00024332 0.00513386 0.44081026 0.03818922 0.30753201 0.00683382 0.02002850 0.00651145 0.16933555 0.00476901
23.50117506 6.24108009 0.00025016 0.00028766 0.00016951 0.00352625 0.43950783 0.04200122 0.30481272 0.00472122 0.01960106 0.00849454 0.17179073 0.00483710
23.60118006 6.23857591 0.00026497 0.00028385 0.00014360 0.00377407 0.44085847 0.04180328 0.30295572 0.00491979 0.01926098 0.00985322 0.17064098 0.00524107
23.70118506 6.23452625 0.00038376 0.00030183 0.00024147 0.00718039 0.43928851 0.03940621 0.29635659 0.00704779 0.02148909 0.01363746 0.16856397 0.00610291
23.80119006 6.22872538 0.00035502 0.00031690 0.00026338 0.00726421 0.43945427 0.04017088 0.29636313 0.00500547 0.01997075 0.01483722 0.16989494 0.00610383
23.90119506 6.22718175 0.00042664 0.00031452 0.00035282 0.00915132 0.43776556 0.03794921 0.29904295 0.00529205 0.02001602 0.01112704 0.17086095 0.00770093
24.00120006 6.22485770 0.00021622 0.00030120 0.00008444 0.00214057 0.43610369 0.03911476 0.29907339 0.00865293 0.02018807 0.01290575 0.17433366 0.00688532
24.10120506 6.22172933 0.00027379 0.00026864 0.00019594 0.00366674 0.44232451 0.03730748 0.30313157 0.00613145 0.01525966 0.01494574 0.16901562 0.00747887
24.20121006 6.21777101 0.00022191 0.00027307 0.00015431 0.00328625 0.44191586 0.03771940 0.30315452 0.00439399 0.01762349 0.01650998 0.16703305 0.00771415
24.30121506 6.21420204 0.00024092 0.00030098 0.00010765 0.00192807 0.44420286 0.03447953 0.30702791 0.00779797 0.01524353 0.01564001 0.16722472 0.00580585
24.40122006 6.21201165 0.00025329 0.00026980 0.00011099 0.00165007 0.44767728 0.03605083 0.30312641 0.00777538 0.01332318 0.01589913 0.16760333 0.00626031
24.50122506 6.20407719 0.00022126 0.00029153 0.00014879 0.00165914 0.44175388 0.03848944 0.30420169 0.00577342 0.01317549 0.01559816 0.17057740 0.00810978
24.60123006 6.20090573 0.00030063 0.00029097 0.00024079 0.00549689 0.43817249 0.03842142 0.30382068 0.00447295 0.01546667 0.01327798 0.17224919 0.00778933
24.70123506 6.20025789 0.00023595 0.00027502 0.00014789 0.00190277 0.43937854 0.04425751 0.30247437 0.00576405 0.01383262 0.01290656 0.17203946 0.00678527
24.80124006 6.19814816 0.00027091 0.00025225 0.00019588 0.00351223 0.43816655 0.04446559 0.30074215 0.00547289 0.01255354 0.01374815 0.17228550 0.00833434
24.90124506 6.19524043 0.00030773 0.00024367 0.00024221 0.00366686 0.43570535 0.04194363 0.30067545 0.00896027 0.01238812 0.01364370 0.17298741 0.00923560
25.00125006 6.19013412 0.00035471 0.00031887 0.00024604 0.00386713 0.43236877 0.03764865 0.30064681 0.00973486 0.01657284 0.01219666 0.17609271 0.00995196
25.10125506 6.18493588 0.00040878 0.00028270 0.00028685 0.00504222 0.43073676 0.03865074 0.30264474 0.00913884 0.01776954 0.01532494 0.17256626 0.00714763
25.20126006 6.18268691 0.00015779 0.00029294 0.00006442 0.00011204 0.43935761 0.03577009 0.30120899 0.00636550 0.01549165 0.02024620 0.17364880 0.00728396
25.30126506 6.17668563 0.00033149 0.00028885 0.00022720 0.00545451 0.43832899 0.03564107 0.29715260 0.00628986 0.01907833 0.02053471 0.16915124 0.00752115
25.40127006 6.17493322 0.00017810 0.00029296 0.00005077 0.00014120 0.44262323 0.03587580 0.29961124 0.00749075 0.02255297 0.01617466 0.16891960 0.00608873
25.50127506 6.17128774 0.00019900 0.00029128 0.00015069 0.00197551 0.44176096 0.03221585 0.30670483 0.00634193 0.02163677 0.01370996 0.16760617 0.00740706
25.60128006 6.16910048 0.00018997 0.00028669 0.00017315 0.00371012 0.44053071 0.03181768 0.31060210 0.00518755 0.01969879 0.00850224 0.17088172 0.00841930
25.70128506 6.16245650 0.00024429 0.00031182 0.00024060 0.00329557 0.44164631 0.02881423 0.30649279 0.00513494 0.02156963 0.01177132 0.17197945 0.00849905
