0.00000000 9.00000000 0.00000000 0.00000000 0.00000000 0.00000000 0.00000000 0.00000000 0.00000000 1.00000000 0.00000000 0.00000000 0.00000000 0.00000000
0.10000500 9.00366634 0.02699590 0.00178390 0.00710171 0.07466455 0.10073009 0.14729795 0.01469614 0.42282805 0.07234249 0.08731001 0.01244738 0.03180183
0.20001000 9.00086093 0.00876613 0.00149774 0.00490178 0.04296626 0.13043767 0.22502845 0.04107493 0.22670200 0.08625891 0.15865749 0.03473075 0.03897790
0.30001500 8.99648270 0.00523855 0.00109274 0.00346359 0.02518951 0.12931932 0.24005746 0.05082576 0.16291394 0.09575482 0.19931198 0.04300736 0.04382496
0.40002000 8.99126565 0.00477188 0.00097776 0.00238894 0.01715509 0.13437480 0.20867071 0.06085569 0.16143226 0.09646826 0.22124611 0.04932349 0.04233500
0.50002500 8.98911905 0.00513857 0.00113869 0.00259218 0.01694418 0.14414987 0.17560552 0.06677853 0.14973201 0.10660653 0.22660695 0.05532638 0.04938059
0.60003000 8.98665777 0.00534047 0.00140039 0.00245655 0.02334887 0.15618084 0.15101020 0.07595397 0.13982302 0.11833358 0.22180454 0.06013121 0.04421635
0.70003500 8.98217331 0.00492346 0.00119075 0.00289590 0.02498081 0.17410633 0.13437650 0.09063876 0.12074138 0.10706470 0.22212298 0.06499945 0.05195896
0.80004000 8.97822967 0.00375677 0.00109472 0.00201128 0.01927170 0.18333033 0.13467709 0.09778157 0.10332250 0.10136738 0.23142801 0.07042600 0.05153264
0.90004500 8.97624531 0.00346447 0.00099226 0.00212564 0.01335416 0.19788997 0.14874484 0.09658304 0.09238224 0.09612738 0.22574881 0.07240734 0.05017985
1.00005000 8.97354395 0.00331771 0.00101797 0.00201061 0.01310958 0.20997916 0.14832129 0.11036277 0.08841816 0.09543803 0.20746032 0.07320207 0.04736234
1.10005500 8.96907466 0.00328754 0.00117112 0.00182406 0.01679603 0.21119016 0.14797537 0.11714845 0.08675987 0.09955364 0.19526552 0.07493662 0.04409161
1.20006000 8.95796561 0.00309964 0.00115302 0.00133704 0.01469717 0.21460891 0.16584414 0.12605189 0.08834334 0.09967912 0.17065487 0.07450706 0.04002380
1.30006500 8.94613900 0.00341884 0.00117123 0.00155024 0.01395691 0.22390611 0.16435335 0.12665996 0.09049403 0.10564845 0.15489778 0.07261424 0.04132886
1.40007000 8.93867416 0.00357886 0.00113254 0.00168996 0.01337317 0.23755713 0.16759956 0.13647449 0.09108029 0.10193782 0.12757315 0.07889802 0.03910501
1.50007500 8.93054964 0.00378387 0.00101659 0.00172364 0.01226168 0.24131971 0.16851977 0.14724832 0.09935044 0.09601658 0.10908621 0.08039880 0.03927439
1.60008000 8.92457867 0.00409678 0.00117722 0.00193217 0.01566849 0.26445295 0.16721884 0.15408070 0.08900334 0.09847843 0.09448164 0.07581070 0.03359874
1.70008500 8.91969534 0.00400093 0.00115127 0.00193958 0.01249146 0.28130669 0.15294618 0.15938776 0.08685906 0.09783795 0.08950213 0.07831634 0.03426065
1.80009000 8.91018514 0.00406236 0.00119714 0.00237606 0.01876777 0.28767861 0.13957290 0.16100760 0.07936207 0.10380344 0.08731615 0.07831320 0.03654269
1.90009500 8.89977541 0.00277772 0.00115014 0.00119463 0.00787687 0.30418158 0.12946005 0.17426837 0.07214338 0.09637794 0.08932479 0.08602196 0.03522257
2.00010001 8.89320453 0.00361048 0.00116652 0.00215278 0.01824829 0.30282241 0.11139978 0.18377343 0.06694826 0.09662262 0.09131675 0.09161503 0.03032365
2.10010501 8.88568797 0.00300022 0.00122133 0.00138493 0.01211862 0.30210135 0.10305244 0.18707271 0.06732440 0.10370214 0.09521195 0.09590248 0.02790745
2.20011001 8.87727910 0.00287466 0.00114613 0.00142929 0.01194753 0.30259140 0.09909453 0.19697234 0.06266409 0.09804588 0.10122186 0.09324424 0.02876804
2.30011501 8.87255948 0.00194071 0.00120077 0.00093952 0.00659795 0.31126653 0.09963962 0.19785471 0.05246393 0.09908017 0.10045359 0.09859782 0.02996468
2.40012001 8.86396887 0.00210974 0.00103177 0.00160981 0.00792445 0.31390670 0.10247256 0.19862578 0.04677413 0.09497493 0.09572205 0.09946083 0.03538727
2.50012501 8.85358882 0.00217154 0.00108331 0.00134936 0.01088431 0.31465511 0.09185886 0.21423200 0.04835405 0.09148948 0.09585390 0.09854010 0.02952799
2.60013001 8.84720596 0.00180810 0.00119013 0.00097601 0.00618327 0.32234877 0.09210459 0.21364178 0.04481259 0.09263735 0.09055325 0.10618197 0.02756219
2.70013501 8.83914166 0.00266323 0.00104013 0.00135097 0.01158049 0.32089791 0.09117591 0.21799873 0.05082068 0.09067844 0.08339881 0.10538478 0.02300992
2.80014001 8.82788213 0.00222407 0.00125567 0.00135539 0.01022023 0.32549934 0.08949638 0.21466693 0.04559639 0.09269892 0.07598969 0.11387913 0.02711785
2.90014501 8.81331723 0.00156198 0.00156553 0.00085943 0.00658188 0.32154424 0.08452654 0.21722421 0.04332429 0.10728730 0.06664445 0.12037873 0.02850143
3.00015001 8.81074505 0.00163672 0.00127235 0.00087579 0.00442626 0.33292080 0.08875577 0.22234883 0.04225166 0.10124684 0.06263786 0.11621118 0.02541594
3.10015501 8.80586309 0.00215781 0.00125804 0.00132475 0.00863236 0.33776518 0.07997745 0.22939109 0.04400859 0.10150188 0.05676901 0.11608381 0.02113003
3.20016001 8.79927720 0.00192813 0.00117932 0.00068364 0.00602130 0.34469558 0.08776171 0.22436783 0.04673258 0.10154237 0.05282464 0.11421490 0.01804801
3.30016501 8.79140156 0.00116328 0.00123808 0.00051794 0.00404836 0.34526124 0.08418730 0.23064263 0.03708644 0.10150518 0.05671195 0.11735288 0.02028474
3.40017001 8.78113784 0.00153717 0.00118344 0.00066656 0.00425801 0.34493745 0.08093238 0.23398806 0.03974162 0.09828841 0.05520366 0.11560264 0.02366059
3.50017501 8.77123917 0.00144436 0.00116882 0.00075726 0.00595628 0.34304391 0.07910895 0.24620656 0.03594356 0.09757578 0.05558063 0.11400494 0.01920896
3.60018001 8.76765018 0.00134802 0.00117992 0.00078503 0.00423045 0.34747882 0.07422712 0.25268502 0.03463362 0.08780976 0.05751417 0.11684647 0.02126158
3.70018501 8.75593767 0.00178952 0.00123470 0.00123183 0.01123558 0.35021786 0.06887739 0.24220681 0.03514938 0.08908810 0.05632084 0.11725253 0.02539546
3.80019001 8.75377856 0.00179618 0.00124875 0.00088681 0.00661971 0.35437833 0.06871159 0.25054539 0.03574603 0.08763435 0.05035856 0.12019317 0.02188113
3.90019501 8.74334495 0.00154714 0.00124706 0.00110340 0.00701501 0.35624455 0.06275213 0.25794287 0.02949061 0.08599019 0.05386864 0.12257534 0.02022306
4.00020001 8.73710833 0.00147989 0.00120621 0.00107775 0.00770763 0.35512405 0.05432435 0.26417385 0.03042653 0.08473316 0.05181246 0.12876272 0.01917139
4.10020501 8.72520202 0.00128415 0.00113779 0.00086940 0.00528815 0.36124788 0.05898569 0.25955114 0.02813837 0.07983829 0.05554686 0.12822489 0.01988738
4.20021001 8.72043678 0.00165472 0.00119837 0.00112912 0.00967761 0.36042785 0.05504418 0.25904223 0.03004896 0.07691611 0.05481496 0.13241544 0.01763045
4.30021501 8.71501480 0.00140635 0.00115293 0.00089270 0.00752372 0.35943648 0.05958343 0.26096228 0.02954748 0.07351893 0.05570707 0.13292938 0.01733926
4.40022001 8.70746843 0.00136953 0.00110118 0.00080987 0.00411877 0.36471137 0.05973647 0.26027644 0.03499273 0.07170650 0.05050036 0.13020451 0.02047226
4.50022501 8.69103540 0.00146361 0.00110221 0.00112169 0.00932270 0.37351459 0.05899195 0.25466942 0.03025299 0.07048790 0.05007463 0.13022587 0.01877243
4.60023001 8.68125844 0.00110757 0.00112447 0.00058057 0.00508309 0.37318603 0.05871979 0.25906529 0.03099317 0.07711000 0.04477677 0.12951421 0.01873905
4.70023501 8.67654154 0.00115253 0.00112903 0.00048081 0.00356623 0.37457599 0.06425381 0.25897293 0.02790875 0.07883130 0.04372539 0.13049076 0.01491247
4.80024001 8.66681656 0.00130717 0.00114418 0.00076653 0.00891927 0.37748265 0.06160265 0.25557885 0.02653447 0.07715096 0.04029447 0.13464337 0.01457544
4.90024501 8.65494524 0.00141780 0.00119494 0.00103785 0.00791449 0.38301255 0.05291679 0.25543331 0.02520654 0.07587443 0.04003516 0.14248477 0.01347136
5.00025001 8.64505973 0.00116990 0.00122420 0.00038941 0.00356658 0.38232806 0.05429514 0.26006921 0.02790544 0.07472543 0.03755587 0.14365309 0.01311767
5.10025501 8.63766632 0.00104013 0.00116169 0.00038121 0.00192616 0.37141084 0.05617278 0.26833357 0.02850162 0.07299835 0.04078822 0.14209555 0.01518988
5.20026001 8.62789066 0.00112159 0.00124558 0.00088600 0.00557626 0.37332484 0.05137686 0.27125938 0.02226386 0.07442358 0.03854450 0.14174662 0.01823094
5.30026501 8.61387193 0.00126226 0.00118697 0.00082117 0.00544095 0.37397630 0.05415969 0.27479962 0.02274117 0.07308099 0.03820261 0.13695612 0.01737215
5.40027001 8.59978185 0.00086716 0.00127108 0.00045508 0.00078284 0.37108276 0.05619804 0.27659512 0.02403350 0.06794732 0.03385533 0.14710373 0.01980805
5.50027501 8.58098819 0.00130284 0.00123851 0.00094463 0.00753003 0.36524208 0.05953853 0.27484315 0.02168165 0.07194569 0.03290383 0.14673057 0.01609848
5.60028001 8.56811585 0.00157410 0.00119845 0.00108276 0.00884121 0.36399189 0.05786720 0.27304027 0.02566624 0.06920894 0.03948597 0.14456045 0.01348252
5.70028501 8.56102373 0.00094315 0.00118636 0.00051333 0.00201659 0.36604819 0.06104433 0.27191665 0.02331190 0.06911956 0.04100951 0.14572924 0.01716118
5.80029001 8.54952230 0.00119987 0.00114498 0.00073450 0.00553404 0.35905426 0.05595056 0.27339119 0.02376192 0.06522519 0.04649554 0.15118439 0.01632356
5.90029501 8.53860424 0.00167374 0.00114918 0.00105473 0.00849140 0.34834528 0.05577735 0.27769097 0.02681536 0.06698517 0.04539159 0.14982940 0.01679582
6.00030002 8.52662309 0.00132060 0.00120785 0.00090170 0.00675607 0.35604643 0.05027831 0.27808929 0.02422171 0.06742342 0.04534809 0.15123302 0.01717351
6.10030502 8.51811406 0.00100522 0.00116810 0.00052060 0.00290902 0.36024111 0.05131121 0.27897742 0.02331524 0.06555973 0.04413089 0.15405364 0.01680784
6.20031002 8.50875506 0.00081501 0.00111632 0.00081560 0.00661555 0.36089944 0.05093307 0.28192203 0.01824619 0.06773031 0.04464154 0.14833189 0.01793305
6.30031502 8.49773792 0.00084949 0.00117229 0.00030994 0.00177144 0.36160334 0.05415127 0.28129721 0.02238156 0.06533427 0.04828137 0.15059289 0.01225491
6.40032002 8.48573494 0.00108255 0.00110616 0.00068348 0.00534787 0.36258829 0.05022747 0.28194363 0.02084835 0.06125131 0.05210423 0.14911061 0.01370606
6.50032502 8.46886541 0.00121492 0.00109277 0.00076500 0.00839299 0.36317174 0.05124507 0.28411390 0.02239716 0.05567017 0.05025598 0.14595142 0.01572889
6.60033002 8.46293439 0.00185871 0.00108890 0.00147147 0.01448458 0.36421742 0.05132471 0.28815072 0.02364499 0.05232930 0.03938280 0.14821365 0.01383272
6.70033502 8.45285591 0.00123415 0.00116474 0.00068316 0.00692085 0.35824775 0.05660285 0.29128336 0.02457338 0.05340076 0.03899972 0.15190340 0.01498588
6.80034002 8.44359490 0.00144515 0.00118033 0.00083785 0.00720786 0.36096366 0.05494271 0.29092624 0.02590856 0.05000630 0.04013932 0.15292347 0.01351854
6.90034502 8.43799147 0.00110640 0.00113773 0.00064423 0.00479246 0.36263025 0.05692424 0.29127456 0.02368709 0.04894542 0.04466418 0.15001204 0.01418139
7.00035002 8.42478718 0.00155896 0.00104137 0.00104083 0.01304846 0.35898258 0.05630744 0.28476542 0.02371983 0.04624071 0.04935359 0.15096992 0.01297089
7.10035502 8.41180482 0.00190915 0.00110937 0.00124271 0.01002172 0.35530921 0.05632949 0.28301633 0.02592181 0.04808562 0.04691387 0.15647947 0.01366125
7.20036002 8.40598716 0.00169943 0.00108394 0.00089531 0.00831527 0.35958638 0.05205595 0.27933669 0.03123422 0.05035690 0.04403545 0.15563610 0.01576437
7.30036502 8.39180175 0.00152515 0.00124089 0.00090148 0.00619593 0.36211068 0.04617609 0.28198162 0.02899239 0.05580301 0.04592649 0.15486381 0.01428246
7.40037002 8.38238925 0.00123332 0.00117844 0.00095857 0.00584433 0.36576809 0.04803853 0.27873382 0.02392866 0.05676598 0.04414811 0.15755367 0.01584848
7.50037502 8.37729974 0.00079567 0.00119251 0.00039447 0.00069845 0.36460980 0.04618361 0.28258604 0.02610222 0.05522978 0.04346400 0.16438188 0.01436157
7.60038002 8.36140641 0.00086612 0.00128410 0.00045089 0.00346051 0.36394625 0.04767626 0.28580678 0.02247728 0.05719319 0.04251986 0.16176968 0.01254908
7.70038502 8.34933595 0.00114406 0.00129574 0.00046653 0.00525956 0.37139524 0.04678086 0.27974657 0.02599935 0.05955609 0.03787208 0.16000636 0.01047756
7.80039002 8.34159546 0.00116274 0.00121368 0.00067680 0.00479796 0.37686459 0.04544720 0.28663605 0.02080147 0.05592121 0.03881762 0.15736447 0.01029621
7.90039502 8.33080996 0.00112731 0.00123322 0.00059617 0.00647015 0.37228735 0.04443104 0.28908379 0.02083406 0.05769241 0.03773722 0.15770323 0.01080404
8.00040002 8.31787154 0.00094192 0.00115046 0.00045805 0.00394607 0.38125578 0.04672939 0.28391073 0.02166252 0.05394487 0.03781960 0.15573816 0.01244244
8.10040502 8.29574582 0.00133842 0.00118292 0.00091155 0.00738948 0.37494206 0.04539953 0.28717840 0.02164024 0.05496210 0.03700128 0.15373452 0.01431951
8.20041002 8.29172990 0.00086398 0.00110233 0.00059792 0.00715897 0.37943699 0.04559310 0.28890477 0.01926090 0.05458351 0.03604812 0.15197240 0.01447700
8.30041502 8.28903286 0.00056211 0.00113235 0.00022295 0.00430664 0.38189035 0.04522352 0.28749686 0.02020425 0.05400393 0.03421111 0.15947652 0.01126943
8.40042002 8.27893605 0.00079093 0.00114289 0.00032489 0.00172626 0.38115590 0.05154113 0.28450372 0.02002425 0.05690499 0.03108038 0.15829249 0.01251215
8.50042502 8.27328586 0.00092653 0.00115802 0.00046523 0.00333468 0.37982711 0.04992335 0.28295911 0.01980872 0.05406055 0.03030398 0.16599520 0.01123750
8.60043002 8.25900282 0.00202360 0.00118929 0.00154639 0.01259837 0.37462395 0.04451420 0.28326383 0.01709987 0.05357038 0.03272107 0.16535256 0.01149650
8.70043502 8.24571313 0.00169725 0.00117480 0.00111542 0.00932970 0.37514453 0.04747456 0.28531762 0.01936034 0.05649515 0.03091894 0.15986790 0.01210379
8.80044002 8.23593783 0.00119178 0.00112924 0.00066971 0.00664881 0.38014946 0.03872510 0.28839403 0.02166594 0.05706318 0.03039954 0.16326409 0.01069912
8.90044502 8.22126694 0.00147225 0.00114070 0.00094637 0.00965775 0.37421451 0.03724561 0.29238058 0.02275877 0.05780539 0.02815060 0.16045883 0.01376864
9.00045002 8.21157108 0.00095841 0.00120695 0.00054811 0.00309887 0.37593692 0.04200864 0.29574903 0.02339575 0.05826645 0.03018600 0.15484064 0.01380422
9.10045502 8.19814752 0.00093049 0.00122266 0.00053927 0.00680517 0.37017316 0.04127756 0.29934298 0.02038244 0.05830415 0.03214048 0.15695705 0.01192459
9.20046002 8.19290866 0.00139020 0.00114079 0.00114613 0.01012042 0.37226239 0.04132578 0.30034271 0.01991172 0.05787244 0.03004617 0.15438167 0.01005958
9.30046502 8.18428591 0.00112989 0.00109893 0.00076178 0.00531725 0.37217431 0.04082445 0.30321885 0.01794643 0.05741310 0.03226725 0.15409481 0.01375295
9.40047002 8.17834028 0.00093269 0.00108593 0.00049098 0.00196597 0.37528054 0.03788023 0.30559881 0.02059880 0.05435584 0.03269867 0.15567887 0.01343266
9.50047502 8.16923181 0.00119326 0.00111207 0.00082227 0.00762889 0.37297690 0.03452655 0.30350534 0.02098277 0.05474012 0.03336209 0.15766558 0.01148417
9.60048002 8.15420194 0.00128267 0.00110889 0.00089945 0.00843850 0.36713723 0.04189702 0.30283092 0.02338342 0.05608830 0.03158194 0.15283465 0.01251699
9.70048502 8.14820878 0.00076531 0.00114829 0.00056250 0.00389002 0.37357508 0.04228320 0.30752654 0.01816566 0.05602712 0.03198211 0.15372297 0.01035119
9.80049002 8.14190482 0.00107185 0.00106184 0.00079518 0.00566764 0.37522816 0.04459986 0.30179460 0.01832268 0.05538784 0.03237352 0.15052756 0.01316927
9.90049502 8.13643739 0.00104678 0.00100924 0.00056597 0.00403255 0.37258104 0.04648972 0.30602534 0.02120176 0.05078081 0.03368935 0.14960357 0.01297386
10.00050003 8.12591953 0.00152017 0.00099207 0.00109264 0.00994104 0.37416921 0.04553585 0.29962610 0.02052912 0.04791467 0.03470429 0.15129796 0.01267689
10.10050503 8.11555088 0.00097835 0.00126796 0.00047940 0.00548498 0.37283989 0.04376738 0.30184301 0.01753651 0.05416399 0.03085528 0.15988516 0.01089810
10.20051003 8.09941905 0.00146394 0.00118935 0.00127251 0.01296591 0.37117258 0.03595983 0.30122249 0.01590517 0.05751762 0.03259598 0.15689796 0.01183666
10.30051503 8.08349210 0.00149351 0.00112749 0.00139029 0.01219155 0.37257954 0.03979014 0.30549415 0.01425990 0.05288445 0.03233210 0.15391437 0.01254252
10.40052003 8.06662985 0.00157798 0.00113109 0.00116475 0.00971117 0.36418862 0.04681526 0.30573875 0.01910904 0.05455754 0.02642368 0.15838400 0.01119812
10.50052503 8.05769476 0.00120545 0.00116393 0.00073955 0.00664360 0.36398161 0.05080023 0.31373933 0.01895182 0.05090808 0.02463300 0.15820705 0.00902636
10.60053003 8.04914350 0.00122835 0.00106946 0.00083659 0.00479121 0.36195546 0.05309527 0.31875077 0.01738591 0.05209223 0.02353240 0.15413208 0.01113028
10.70053503 8.03762587 0.00091057 0.00117255 0.00053210 0.00477557 0.36070694 0.04607168 0.32125258 0.01732955 0.05489947 0.02707542 0.15396847 0.01130511
10.80054003 8.03370659 0.00086504 0.00111651 0.00033589 0.00276158 0.36398820 0.04329040 0.32184630 0.01959001 0.05611399 0.02633204 0.15293500 0.01082504
10.90054503 8.02568423 0.00091988 0.00110164 0.00062272 0.00327052 0.36701617 0.04351081 0.32440028 0.01562644 0.05299222 0.02670115 0.15048969 0.01334847
11.00055003 8.01478543 0.00140035 0.00099636 0.00117986 0.00805267 0.36574202 0.04176672 0.32368030 0.01601617 0.04911439 0.03146613 0.14846693 0.01211810
11.10055503 8.01103509 0.00065338 0.00100551 0.00037331 0.00223543 0.36311568 0.04246813 0.32377375 0.01490617 0.04860334 0.03684797 0.15150172 0.01451562
11.20056003 7.99966103 0.00064411 0.00119050 0.00043218 0.00385502 0.36556399 0.03837232 0.31975199 0.01308082 0.05480900 0.03568658 0.15468453 0.01192898
11.30056503 7.99121523 0.00074412 0.00112419 0.00062340 0.00285818 0.36216141 0.03707494 0.31922660 0.01479115 0.05484541 0.03644034 0.15464239 0.01546787
11.40057003 7.98320896 0.00085777 0.00119533 0.00059649 0.00307913 0.36819578 0.03586380 0.31577499 0.01442748 0.05246667 0.03666989 0.15836723 0.01250545
11.50057503 7.97141581 0.00094184 0.00113226 0.00063091 0.00470497 0.36451893 0.03919353 0.32111111 0.01821016 0.04961307 0.03480695 0.15362462 0.01151164
11.60058003 7.96252244 0.00092844 0.00122836 0.00061936 0.00776986 0.37697933 0.03842666 0.31616510 0.01293525 0.05249947 0.02526569 0.15512775 0.01205475
11.70058503 7.95235692 0.00087533 0.00117932 0.00063241 0.00522002 0.37570627 0.04226373 0.32621322 0.01232300 0.05156040 0.01882620 0.15534079 0.00985931
11.80059003 7.94614013 0.00139143 0.00101262 0.00104475 0.00700684 0.37255419 0.04292235 0.32547868 0.01512137 0.04824435 0.02052465 0.15471016 0.00998861
11.90059503 7.94366952 0.00092659 0.00104325 0.00049271 0.00486504 0.36975517 0.04057933 0.32548070 0.01703467 0.04755346 0.02644359 0.15816742 0.00765807
12.00060003 7.93428081 0.00103468 0.00110758 0.00064765 0.00335987 0.37350433 0.03928261 0.32175873 0.01760352 0.04944501 0.02384864 0.15618435 0.01222304
12.10060503 7.92140691 0.00111637 0.00105867 0.00101595 0.00757503 0.37561296 0.03562962 0.31900476 0.01512915 0.04829378 0.02946500 0.15202982 0.01406889
12.20061003 7.89855830 0.00106564 0.00110704 0.00074549 0.00542960 0.37206099 0.03475386 0.31405029 0.02060346 0.04872676 0.03323421 0.15405492 0.01416774
12.30061503 7.89236522 0.00179951 0.00103060 0.00146163 0.01157275 0.37159229 0.03598912 0.31153039 0.01842674 0.05048103 0.03249458 0.15136569 0.01225567
12.40062003 7.88304214 0.00123448 0.00100401 0.00086409 0.00775831 0.37579157 0.03727304 0.31059232 0.01995451 0.04872823 0.03298447 0.15388387 0.00993111
12.50062503 7.87403084 0.00103237 0.00097186 0.00055075 0.00355380 0.37705550 0.04393122 0.30886574 0.02055550 0.04809380 0.02972336 0.15501310 0.01065299
12.60063003 7.86432838 0.00118713 0.00104235 0.00078176 0.00556396 0.37716136 0.04663600 0.30858358 0.02028201 0.04575806 0.02831229 0.15345465 0.01123685
12.70063503 7.85556075 0.00089960 0.00106911 0.00079142 0.00439035 0.37406344 0.04249601 0.31007594 0.01791383 0.05065850 0.03207530 0.15013302 0.01543350
12.80064003 7.84159691 0.00075842 0.00116594 0.00057951 0.00449663 0.36819246 0.04031794 0.30942207 0.01854344 0.04976485 0.03626699 0.15345468 0.01703707
12.90064503 7.82598402 0.00167266 0.00099768 0.00124356 0.00915978 0.36895083 0.03799119 0.31025510 0.02252831 0.04651590 0.03751054 0.15128049 0.01189396
13.00065003 7.81432301 0.00137125 0.00101423 0.00096320 0.00636131 0.37506622 0.03971797 0.30943018 0.02091362 0.04562943 0.03563588 0.15085993 0.01303676
13.10065503 7.80744475 0.00114158 0.00100900 0.00076315 0.00622782 0.37240842 0.03713788 0.30788552 0.01998168 0.04645441 0.03805651 0.15424266 0.01469139
13.20066003 7.80048111 0.00176912 0.00100175 0.00138341 0.01417721 0.36862836 0.03802249 0.30962394 0.02055025 0.04719318 0.03484771 0.15155277 0.01124981
13.30066503 7.79111147 0.00086176 0.00117499 0.00058328 0.00353239 0.36783305 0.04113435 0.31027078 0.02030530 0.05081550 0.03504162 0.15590568 0.01254130
13.40067003 7.78158691 0.00066699 0.00112756 0.00032622 0.00060241 0.36891971 0.04457523 0.31120088 0.02051982 0.04630726 0.03471781 0.15844459 0.01259152
13.50067503 7.77028180 0.00094485 0.00108146 0.00039904 0.00206076 0.37329441 0.04268125 0.30643300 0.02277972 0.05041270 0.03293800 0.15477843 0.01219638
13.60068003 7.76054692 0.00070942 0.00109539 0.00026596 0.00155793 0.37134565 0.04271633 0.30442202 0.02076890 0.05376091 0.03673289 0.15537602 0.01124857
13.70068503 7.74983051 0.00080411 0.00105341 0.00026634 0.00156360 0.37243057 0.03992940 0.30546939 0.01937335 0.04765588 0.03868806 0.15939076 0.01337513
13.80069003 7.73665220 0.00075034 0.00116169 0.00035349 0.00555971 0.36152838 0.04267312 0.30048822 0.01822786 0.05552408 0.04357404 0.15729763 0.01286144
13.90069503 7.72502886 0.00094500 0.00110570 0.00069777 0.00451886 0.36244166 0.04303878 0.30915700 0.01975221 0.05213670 0.03711162 0.15315895 0.01593576
14.00070004 7.71125755 0.00089974 0.00119356 0.00066517 0.00674006 0.35967560 0.04415971 0.30955221 0.01810286 0.05625622 0.03634265 0.15132242 0.01508980
14.10070504 7.70379908 0.00109490 0.00106299 0.00059455 0.00713908 0.36264170 0.04040567 0.31272767 0.02437271 0.05664018 0.03010257 0.15092745 0.01229052
14.20071004 7.69756691 0.00061332 0.00102791 0.00022841 0.00237210 0.36979439 0.04486641 0.31115473 0.01875585 0.05707540 0.03539925 0.14894758 0.00976465
14.30071504 7.68386400 0.00093725 0.00112206 0.00046470 0.00334871 0.36825758 0.04100129 0.30672871 0.02129414 0.05744654 0.03472815 0.15444511 0.01022576
14.40072004 7.66854075 0.00160610 0.00120917 0.00105921 0.00773196 0.36585124 0.03783924 0.30102379 0.02055620 0.06052536 0.03601771 0.15539044 0.01118957
14.50072504 7.65523913 0.00153146 0.00108723 0.00094280 0.00939103 0.36022341 0.04143924 0.30269171 0.02151114 0.05807520 0.03653810 0.15592246 0.01064623
14.60073004 7.64457737 0.00118419 0.00101531 0.00089425 0.00558902 0.36252316 0.04026833 0.30743508 0.01986601 0.05511566 0.03891664 0.15591079 0.01128155
14.70073504 7.63205121 0.00135113 0.00104895 0.00114613 0.00797421 0.35709690 0.04335161 0.30775859 0.02115878 0.05698785 0.03379628 0.15510771 0.01322186
14.80074004 7.62327165 0.00133636 0.00108259 0.00121022 0.00952882 0.35877823 0.03606506 0.30562436 0.02280986 0.06363278 0.03168419 0.15088204 0.01736549
14.90074504 7.61677664 0.00117551 0.00108934 0.00092151 0.00589407 0.35928474 0.04230832 0.30850400 0.01867845 0.06400330 0.03348315 0.14911863 0.01553899
15.00075004 7.60550929 0.00092357 0.00101102 0.00061771 0.00483515 0.35723604 0.05206556 0.31069300 0.01874346 0.06136550 0.02763681 0.14969444 0.01517774
15.10075504 7.59269626 0.00131635 0.00112372 0.00107870 0.00896302 0.35273458 0.04764409 0.31210191 0.01743669 0.05841312 0.02798577 0.15562667 0.01557539
15.20076004 7.58203261 0.00151022 0.00104176 0.00113198 0.00895278 0.34960505 0.04657691 0.31419756 0.02152441 0.05388664 0.03299373 0.15326899 0.01530997
15.30076504 7.57477734 0.00150100 0.00108251 0.00124664 0.01215529 0.35122640 0.04493928 0.30964677 0.01948940 0.05567631 0.03418568 0.15236802 0.01648271
15.40077004 7.56706068 0.00161497 0.00101328 0.00106559 0.01334183 0.35000780 0.04540428 0.31020978 0.02145491 0.05584790 0.03361668 0.15092124 0.01550174
15.50077504 7.55655380 0.00120214 0.00120353 0.00086173 0.00622916 0.35567574 0.04506132 0.31228091 0.01753444 0.06269680 0.03418900 0.15214302 0.01092221
15.60078004 7.54994510 0.00080835 0.00107572 0.00092877 0.00597303 0.35439048 0.03859034 0.30865128 0.01769644 0.06428242 0.03479214 0.15360010 0.01921093
15.70078504 7.54247173 0.00072315 0.00101482 0.00060466 0.00576457 0.35957947 0.03731294 0.31196092 0.01432552 0.05849730 0.04001001 0.15494749 0.01525916
15.80079004 7.53287747 0.00120839 0.00104412 0.00100462 0.00657896 0.35755677 0.03464886 0.30863964 0.01963179 0.06087004 0.03814981 0.15588944 0.01477756
15.90079504 7.51936122 0.00107275 0.00117326 0.00084399 0.00341194 0.35491980 0.03788778 0.30275301 0.01872831 0.06148293 0.04563716 0.15767100 0.01441807
16.00080004 7.50928455 0.00098253 0.00120043 0.00061706 0.00387768 0.35483024 0.04371610 0.30476427 0.01797491 0.06354082 0.04014584 0.15566424 0.01268587
16.10080504 7.50226600 0.00100957 0.00099997 0.00056555 0.00498796 0.35399519 0.04516864 0.31124355 0.02183543 0.05716891 0.03789132 0.15459238 0.01054152
16.20081004 7.49247193 0.00085358 0.00103535 0.00044953 0.00414571 0.35391966 0.04929131 0.30840926 0.02153085 0.05739916 0.03546000 0.15523657 0.01226902
16.30081504 7.47882392 0.00085669 0.00119888 0.00051073 0.00290347 0.35367442 0.04894445 0.31267389 0.01915784 0.06280002 0.03297999 0.15165280 0.01264683
16.40082004 7.47211424 0.00135336 0.00112893 0.00092705 0.00618917 0.35733174 0.04616556 0.30951520 0.02032244 0.05454278 0.03325613 0.15548134 0.01378630
16.50082504 7.45826962 0.00094090 0.00110756 0.00052365 0.00813237 0.35099407 0.04741940 0.31010797 0.01883690 0.05554043 0.03737799 0.15424997 0.01476877
16.60083004 7.44723681 0.00132054 0.00109069 0.00061596 0.00452588 0.35104844 0.04206174 0.31611186 0.02582503 0.05406065 0.03388069 0.15568836 0.01377016
16.70083504 7.43517426 0.00159572 0.00109124 0.00113196 0.00922121 0.35598917 0.04396116 0.31230075 0.02269571 0.05204235 0.03144418 0.15657649 0.01195007
16.80084004 7.43034097 0.00149495 0.00113009 0.00124362 0.00741300 0.36222770 0.04406495 0.31042445 0.01874571 0.05427868 0.02959574 0.15793908 0.01144203
16.90084504 7.42252433 0.00075663 0.00107332 0.00057306 0.00332074 0.36392483 0.04298685 0.31736440 0.01761851 0.05389744 0.03075252 0.15574001 0.01199169
17.00085004 7.41556914 0.00084749 0.00099668 0.00056150 0.00547216 0.35722370 0.04530646 0.32391553 0.02038259 0.05360926 0.02743155 0.15425483 0.00999825
17.10085504 7.40859616 0.00125732 0.00102669 0.00087693 0.00898208 0.35970336 0.03976395 0.32014034 0.01850283 0.05199259 0.02665032 0.15913702 0.01196657
17.20086004 7.39465054 0.00119684 0.00117769 0.00107464 0.00753267 0.35192719 0.04164520 0.32339073 0.01748104 0.05655134 0.02457944 0.15695306 0.01649017
17.30086504 7.38731137 0.00080365 0.00109483 0.00057284 0.00450473 0.34856145 0.04472715 0.32753813 0.01542180 0.05336134 0.02687596 0.16144425 0.01509387
17.40087004 7.37322696 0.00127187 0.00113567 0.00101637 0.00796626 0.35770490 0.04055064 0.31478543 0.01355448 0.05711494 0.03030622 0.15925906 0.01533416
17.50087504 7.36150253 0.00125579 0.00104036 0.00120468 0.01178740 0.35670244 0.04049941 0.31260414 0.01256917 0.05647056 0.03616684 0.15518249 0.01451671
17.60088004 7.35496724 0.00087201 0.00105552 0.00073470 0.00331062 0.36584402 0.04368031 0.31398901 0.01401161 0.06002401 0.03164275 0.15108743 0.01374799
17.70088504 7.34649478 0.00114815 0.00101872 0.00082183 0.00663305 0.36144525 0.04367975 0.31842861 0.01314460 0.05860709 0.03154509 0.15250033 0.01102754
17.80089004 7.33581857 0.00119187 0.00101926 0.00093204 0.00633563 0.35936725 0.04639618 0.31532254 0.01169145 0.06236953 0.03117934 0.15192143 0.01227349
17.90089504 7.32311515 0.00060396 0.00117921 0.00016557 0.00047123 0.35536287 0.04951952 0.31317409 0.01421614 0.06333320 0.03239879 0.15895063 0.01062480
18.00090005 7.31520308 0.00071574 0.00111477 0.00020209 0.00164602 0.35433512 0.04672020 0.31361246 0.01644406 0.06173524 0.03030190 0.16120241 0.01196998
18.10090505 7.30698635 0.00104215 0.00112417 0.00048065 0.00354225 0.35154032 0.04586079 0.31856346 0.01773531 0.06114337 0.02630905 0.16162868 0.01102981
18.20091005 7.29636672 0.00074759 0.00113964 0.00024837 0.00154268 0.36262099 0.04395517 0.31932208 0.01869538 0.06001490 0.02418965 0.15490239 0.01262115
18.30091505 7.28793333 0.00160524 0.00107778 0.00108853 0.01018113 0.35949858 0.04069732 0.32026582 0.01869238 0.06387913 0.02356507 0.14927868 0.01017034
18.40092005 7.26798575 0.00099677 0.00118011 0.00053983 0.00550435 0.36171177 0.04718023 0.31304636 0.01571492 0.06235781 0.02804109 0.15370396 0.01002282
18.50092505 7.25430034 0.00112466 0.00117823 0.00065835 0.00768280 0.35985015 0.04162142 0.30721988 0.01699686 0.06865939 0.03072694 0.15309235 0.01118897
18.60093005 7.24164674 0.00067612 0.00109006 0.00018143 0.00050459 0.36485847 0.04935412 0.30196342 0.01711741 0.06067220 0.03186118 0.16141585 0.01030514
18.70093505 7.22654009 0.00084805 0.00108770 0.00055119 0.00494872 0.35882080 0.04850444 0.30733986 0.01497717 0.06250752 0.03137760 0.15424412 0.01479282
18.80094005 7.21731098 0.00105923 0.00107373 0.00101048 0.00872033 0.36073159 0.04157507 0.30889675 0.01612015 0.05984483 0.03076169 0.15345311 0.01675306
18.90094505 7.20547716 0.00061051 0.00114294 0.00050728 0.00313266 0.36209592 0.04607970 0.31386948 0.01463548 0.06125223 0.02870075 0.15163943 0.01633364
19.00095005 7.19779651 0.00117879 0.00100481 0.00087773 0.01087933 0.36380303 0.04121848 0.31779315 0.01682192 0.06251867 0.02688944 0.14488034 0.01213432
19.10095505 7.18748942 0.00092575 0.00105474 0.00065884 0.00373798 0.37159789 0.04114816 0.31950751 0.01625405 0.06316175 0.02129445 0.14667812 0.01398078
19.20096005 7.18333581 0.00115155 0.00096864 0.00104526 0.00547582 0.36617942 0.03554333 0.32655694 0.01548194 0.05989795 0.02493155 0.14839705 0.01437055
19.30096505 7.17625571 0.00112289 0.00102324 0.00061648 0.00665405 0.36212194 0.03753669 0.32934604 0.01799505 0.05435944 0.02548077 0.15314934 0.01059408
19.40097005 7.16641034 0.00090569 0.00104419 0.00058516 0.00837651 0.36358714 0.03731171 0.33189830 0.01657048 0.05208701 0.02691561 0.15138336 0.00933484
19.50097505 7.15630946 0.00076505 0.00107541 0.00044728 0.00199648 0.36564136 0.03399692 0.33040698 0.01698956 0.05473290 0.02824786 0.15414334 0.01155684
19.60098005 7.14510721 0.00051276 0.00105406 0.00038632 0.00227902 0.36040020 0.03564601 0.33347059 0.01628404 0.05660196 0.03073832 0.15047319 0.01215352
19.70098505 7.13668317 0.00084088 0.00100115 0.00040056 0.00184842 0.36634043 0.04269604 0.32873495 0.01747707 0.05358771 0.02631769 0.15033576 0.01041936
19.80099005 7.12059577 0.00088257 0.00097656 0.00071052 0.00365917 0.36396071 0.04131830 0.33278679 0.01555281 0.05433909 0.02427611 0.14593684 0.01560053
19.90099505 7.10569643 0.00156442 0.00103390 0.00108322 0.00744504 0.35552505 0.04366361 0.33095508 0.01629935 0.05599589 0.02604942 0.14849008 0.01189494
20.00100005 7.09317908 0.00086873 0.00097321 0.00099799 0.00373464 0.35275397 0.04101708 0.33265462 0.01419632 0.05429639 0.02728647 0.14932182 0.02189876
20.10100505 7.08219821 0.00101623 0.00101128 0.00097731 0.00633314 0.35022220 0.04370971 0.33185772 0.01497179 0.05469183 0.02837713 0.15021697 0.01661469
20.20101005 7.07844836 0.00094390 0.00093035 0.00043673 0.00194676 0.35846565 0.04165521 0.33592729 0.01877875 0.05180225 0.02773318 0.15087445 0.01050547
20.30101505 7.06381927 0.00089734 0.00103486 0.00054413 0.00578992 0.35823298 0.03743839 0.33626211 0.01964303 0.05031214 0.03184200 0.14815791 0.00984519
20.40102005 7.05452056 0.00095793 0.00106182 0.00080076 0.00643075 0.35809421 0.03958053 0.33540682 0.01427288 0.05001329 0.03123016 0.15142387 0.01072699
20.50102505 7.04536606 0.00077995 0.00099458 0.00046878 0.00186817 0.35783168 0.03762256 0.33593422 0.01778819 0.04904737 0.03458379 0.15019216 0.01288855
20.60103005 7.03219628 0.00099156 0.00105277 0.00058005 0.00721843 0.35451817 0.03163586 0.33787596 0.02039974 0.04749906 0.03721335 0.14905404 0.01196102
20.70103505 7.02180343 0.00101248 0.00101894 0.00066675 0.00415128 0.35399130 0.03175295 0.33280723 0.01877742 0.04732420 0.04344361 0.15485833 0.01019551
20.80104005 7.01051226 0.00088979 0.00099011 0.00055696 0.00599793 0.35258255 0.03224298 0.33159868 0.02118372 0.04558451 0.04147184 0.15724416 0.00965678
20.90104505 6.99610990 0.00157097 0.00099578 0.00119546 0.00976318 0.35533905 0.03174549 0.32391725 0.02062709 0.04890958 0.04376664 0.15083834 0.01133118
21.00105005 6.99109156 0.00139678 0.00095980 0.00086237 0.00750566 0.35617210 0.03650050 0.32135952 0.02306436 0.05421537 0.03969793 0.14929322 0.00897240
21.10105505 6.98083105 0.00106879 0.00094838 0.00047991 0.00300474 0.35300798 0.03569195 0.32377842 0.02614749 0.05817283 0.04115650 0.14809239 0.00845063
21.20106005 6.96914806 0.00092698 0.00099894 0.00056987 0.00329944 0.35518627 0.03839872 0.32594759 0.02301282 0.05654872 0.03835947 0.14531847 0.01143271
21.30106505 6.95621267 0.00078243 0.00106171 0.00030389 0.00366048 0.34592697 0.03585180 0.32433098 0.02343505 0.06529267 0.03940636 0.14938767 0.01056001
21.40107005 6.94706283 0.00071380 0.00100153 0.00031161 0.00154379 0.34269209 0.04053877 0.32791533 0.02411576 0.06097360 0.03844496 0.15341744 0.00833130
21.50107505 6.93814603 0.00121611 0.00104787 0.00068677 0.00797155 0.34929337 0.03539815 0.32764029 0.02252244 0.05933531 0.02960758 0.15668315 0.00859741
21.60108005 6.93172901 0.00111169 0.00100937 0.00032785 0.00434152 0.34904787 0.03437033 0.32777303 0.02719009 0.05847965 0.03308629 0.15569008 0.00757223
21.70108505 6.91857283 0.00139124 0.00100781 0.00099423 0.00880716 0.35001251 0.03249275 0.33422345 0.02096704 0.05708356 0.03033390 0.15367266 0.00901369
21.80109005 6.91378007 0.00093767 0.00101883 0.00049263 0.00335224 0.35183596 0.03302017 0.33686222 0.02187686 0.05754625 0.03127712 0.15273674 0.00904331
21.90109505 6.89702618 0.00119973 0.00111243 0.00095667 0.00939562 0.34999132 0.02773994 0.34007329 0.01662366 0.06132921 0.03127378 0.15149375 0.00881059
22.00110006 6.89543647 0.00067675 0.00101177 0.00046103 0.00588413 0.35005597 0.02689365 0.33876852 0.01529088 0.06044409 0.03762037 0.15371965 0.00917319
22.10110506 6.88317656 0.00136090 0.00110657 0.00097202 0.00627910 0.34297480 0.02638883 0.33795502 0.02030844 0.05394318 0.03600135 0.16202043 0.01068934
22.20111006 6.87001891 0.00131466 0.00104749 0.00117970 0.00984825 0.33257434 0.03265671 0.33596665 0.01829911 0.05254871 0.03709674 0.16386281 0.01360484
22.30111506 6.86175109 0.00061287 0.00112630 0.00043885 0.00163141 0.33337578 0.03308482 0.33591200 0.01835205 0.05677979 0.04279136 0.16280613 0.01308862
22.40112006 6.85786689 0.00112821 0.00096147 0.00073662 0.00674901 0.33354386 0.03245607 0.33711960 0.02074618 0.05665647 0.04262261 0.15571860 0.01156129
22.50112506 6.84938631 0.00105711 0.00085489 0.00066651 0.00409891 0.33651486 0.04037991 0.33737542 0.02138782 0.05595071 0.04212313 0.14930412 0.01028662
22.60113006 6.83721209 0.00145862 0.00093233 0.00096585 0.00935015 0.33881521 0.03406896 0.33842299 0.02429500 0.05512258 0.03742394 0.14870689 0.01043748
22.70113506 6.82535854 0.00113613 0.00096805 0.00045166 0.00325355 0.34008192 0.03391247 0.34300707 0.02837742 0.05480593 0.03487457 0.14913702 0.00999420
22.80114006 6.81400244 0.00099614 0.00108436 0.00052380 0.00617205 0.33899765 0.03282750 0.34345894 0.02516572 0.05561535 0.03112017 0.15484370 0.00919464
22.90114506 6.80171063 0.00110702 0.00103497 0.00064856 0.00716825 0.33505842 0.03850183 0.34074182 0.02508518 0.05493246 0.03118610 0.15423233 0.01030306
23.00115006 6.79045388 0.00115094 0.00112804 0.00075221 0.00458312 0.33196578 0.04079092 0.34486339 0.02417810 0.05679053 0.02749348 0.15525226 0.01105122
23.10115506 6.77788166 0.00097069 0.00104838 0.00057002 0.00557105 0.34003245 0.03843039 0.34251639 0.02433264 0.05057401 0.02847388 0.15382876 0.01365133
23.20116006 6.76179934 0.00118099 0.00100160 0.00067612 0.00429978 0.33457203 0.04463851 0.33935171 0.02550898 0.05439588 0.02983937 0.15067879 0.01385625
23.30116506 6.75153505 0.00154583 0.00101402 0.00110186 0.00803720 0.33419686 0.04272372 0.33949659 0.02303928 0.05108836 0.03289543 0.15220417 0.01265668
23.40117006 6.74688698 0.00139007 0.00104165 0.00087636 0.00808233 0.33753425 0.04127111 0.33616202 0.02414611 0.04758581 0.03085776 0.15567626 0.01537627
23.50117506 6.74082973 0.00090399 0.00103772 0.00055603 0.00383085 0.33458234 0.04310634 0.34068877 0.01989619 0.05008926 0.03032531 0.16160191 0.01338129
23.60118006 6.73026202 0.00075681 0.00111944 0.00054562 0.00307173 0.33317031 0.04254664 0.34448521 0.01546173 0.04721675 0.03360845 0.16400829 0.01400903
23.70118506 6.72138320 0.00061362 0.00110029 0.00035564 0.00394807 0.32389241 0.03899255 0.35280754 0.01326785 0.05169998 0.03820503 0.16449978 0.01061725
23.80119006 6.71307181 0.00125406 0.00099315 0.00084762 0.00932025 0.32398269 0.03742474 0.34810756 0.01819981 0.05179352 0.03619225 0.16112308 0.01076127
23.90119506 6.70876592 0.00095924 0.00099919 0.00050064 0.00512595 0.32847621 0.03552949 0.35031660 0.01884179 0.05092746 0.03501836 0.15928053 0.01402455
24.00120006 6.69739289 0.00128533 0.00101635 0.00087018 0.00915831 0.33684698 0.03795822 0.34196297 0.01988781 0.05122046 0.03765563 0.15295324 0.00918451
24.10120506 6.68631407 0.00165609 0.00099418 0.00105454 0.01186237 0.34311677 0.03563577 0.34312590 0.02261250 0.04889847 0.03224852 0.14986469 0.00893021
24.20121006 6.67985873 0.00083743 0.00095616 0.00046938 0.00616406 0.34014798 0.03632973 0.34277656 0.01958892 0.05185409 0.03302091 0.15426521 0.01358958
24.30121506 6.66393418 0.00104563 0.00105799 0.00084677 0.00546848 0.33765213 0.03839400 0.34199440 0.01824911 0.05368051 0.03186693 0.15561496 0.01412908
24.40122006 6.65891320 0.00075041 0.00103768 0.00040543 0.00232127 0.33790611 0.03748491 0.34651210 0.02140436 0.05166088 0.02836301 0.16088323 0.01127061
24.50122506 6.65201517 0.00150727 0.00094464 0.00106320 0.00745729 0.33434606 0.03911039 0.34466174 0.01898855 0.05387195 0.03090817 0.15817561 0.00896512
24.60123006 6.64501617 0.00088399 0.00094765 0.00035664 0.00347210 0.33692717 0.03978063 0.34532118 0.01928951 0.05306652 0.03272557 0.15773748 0.00949156
24.70123506 6.63893534 0.00163902 0.00085577 0.00126811 0.01022096 0.33660696 0.03769663 0.34930418 0.01774778 0.05034992 0.02765302 0.15688317 0.00977448
24.80124006 6.62968156 0.00148663 0.00089306 0.00087166 0.00720023 0.34145310 0.03978696 0.34315164 0.02258668 0.05083726 0.02645692 0.15566493 0.00961092
24.90124506 6.62340479 0.00139115 0.00097659 0.00060900 0.00477237 0.34541627 0.03350523 0.33939225 0.02541744 0.04853413 0.02622440 0.16368076 0.01008040
25.00125006 6.61394713 0.00096877 0.00103291 0.00048307 0.00405246 0.34053314 0.03679971 0.34497778 0.02038825 0.04852089 0.02767267 0.16493529 0.00963507
25.10125506 6.60098440 0.00105682 0.00107977 0.00083299 0.00745327 0.33523767 0.03840813 0.34279266 0.01825702 0.04253366 0.03217557 0.16835625 0.01181620
25.20126006 6.59289344 0.00188666 0.00091162 0.00145300 0.01049360 0.33648622 0.03854091 0.34044889 0.02019060 0.04243703 0.03285515 0.16371624 0.01058007
25.30126506 6.58467845 0.00130831 0.00085992 0.00085304 0.00608439 0.33463934 0.03695144 0.34468603 0.02196458 0.04277201 0.03734618 0.15904271 0.01349206
25.40127006 6.57670422 0.00090036 0.00084896 0.00053561 0.00188964 0.33893196 0.03747929 0.34983125 0.02205467 0.04173408 0.03891682 0.15465374 0.01222361
25.50127506 6.56506368 0.00064894 0.00089800 0.00045028 0.00152206 0.33787952 0.03889164 0.35522867 0.02042985 0.04238794 0.03856805 0.14960588 0.01348918
25.60128006 6.55651049 0.00059966 0.00094590 0.00022848 0.00046013 0.33661071 0.04260946 0.35357658 0.01995339 0.04126436 0.03784799 0.15560246 0.01030089
25.70128506 6.54797074 0.00110932 0.00088137 0.00081556 0.00699804 0.33441602 0.04119139 0.34410040 0.01968524 0.03623451 0.04346593 0.16036769 0.01073453
