0.00000000 6.00000000 0.00000000 0.00000000 0.00000000 0.00000000 0.00000000 0.00000000 0.00000000 1.00000000 0.00000000 0.00000000 0.00000000 0.00000000
0.10000500 6.00168954 0.01207705 0.00061778 0.00307076 0.09102902 0.10921009 0.12986567 0.00823635 0.53442483 0.04541264 0.03989684 0.01652314 0.00963583
0.20001000 6.00123673 0.00557301 0.00069246 0.00217560 0.04821610 0.15830808 0.20450270 0.02137391 0.33571358 0.06189956 0.09311523 0.03372600 0.03470378
0.30001500 6.00027540 0.00396923 0.00057480 0.00199593 0.04427109 0.17211767 0.21624665 0.04493209 0.23193543 0.07556804 0.12829833 0.03680740 0.04328334
0.40002000 6.00019820 0.00325404 0.00055257 0.00167007 0.03479715 0.18785184 0.22444038 0.06804358 0.16595824 0.08214306 0.15020352 0.04140895 0.03967660
0.50002500 5.99980021 0.00318562 0.00057128 0.00147331 0.02673837 0.20303305 0.21923095 0.07574688 0.14035742 0.08470800 0.16130712 0.04594079 0.03770721
0.60003000 5.99974078 0.00268746 0.00066837 0.00121653 0.01966084 0.22405919 0.21072497 0.08623333 0.11240848 0.09260058 0.15477446 0.05243853 0.04252726
0.70003500 5.99532670 0.00242934 0.00071231 0.00121137 0.02205170 0.24520525 0.20422313 0.09608711 0.08853089 0.09292022 0.14097169 0.06107510 0.04458187
0.80004000 5.99169106 0.00221480 0.00062063 0.00112887 0.01768530 0.25086075 0.20022642 0.11164015 0.08022349 0.08160622 0.14610079 0.06727225 0.04042032
0.90004500 5.99123407 0.00191894 0.00056074 0.00119134 0.02201599 0.27547574 0.18551241 0.12488414 0.06217453 0.07202867 0.14236220 0.06905071 0.04282460
1.00005000 5.99148200 0.00150149 0.00057351 0.00091749 0.01324141 0.27668099 0.18813499 0.13377707 0.05690433 0.07802933 0.12709470 0.07493910 0.04820560
1.10005500 5.99132937 0.00171611 0.00057866 0.00110649 0.01869132 0.27780108 0.19477191 0.14032070 0.05302466 0.07039968 0.11849365 0.08089987 0.04219587
1.20006000 5.98888842 0.00178275 0.00054007 0.00107731 0.02207959 0.28798509 0.18279227 0.14817779 0.05659724 0.06993527 0.10258373 0.08536177 0.04108711
1.30006500 5.98649248 0.00145548 0.00059371 0.00106620 0.01777244 0.30275329 0.18310341 0.15605037 0.03671004 0.07191398 0.08920675 0.09868865 0.04068568
1.40007000 5.98376284 0.00142001 0.00049984 0.00101568 0.01739490 0.31178761 0.17976166 0.16607685 0.03678693 0.06452485 0.08117248 0.09911084 0.04044835
1.50007500 5.98269715 0.00132673 0.00053549 0.00082724 0.01132970 0.31939369 0.17304704 0.17426506 0.03905066 0.06935166 0.07080850 0.10045410 0.03961013
1.60008000 5.97849344 0.00140328 0.00057103 0.00080211 0.01300040 0.31950685 0.16834712 0.18480625 0.03826219 0.07613420 0.06278265 0.10098166 0.03340225
1.70008500 5.97735229 0.00136997 0.00050880 0.00083289 0.01268988 0.32277751 0.16209424 0.19414834 0.04006219 0.07011203 0.05627866 0.10245332 0.03667217
1.80009000 5.97419653 0.00150362 0.00051515 0.00094416 0.01850230 0.32735931 0.15271001 0.20381864 0.03922574 0.07261390 0.05117558 0.10369299 0.02793858
1.90009500 5.96919545 0.00156461 0.00050434 0.00100312 0.01763702 0.33180906 0.14615061 0.19985492 0.04294942 0.06792565 0.04979236 0.10990603 0.03090286
2.00010001 5.96467203 0.00133793 0.00056002 0.00084533 0.01396812 0.34544933 0.13679606 0.20300942 0.03914484 0.06508462 0.04819416 0.11789661 0.02771355
2.10010501 5.96303034 0.00111545 0.00053459 0.00051794 0.00971420 0.35920442 0.13409650 0.20703386 0.03579682 0.06597608 0.04352075 0.11925106 0.02323833
2.20011001 5.96086545 0.00112012 0.00054722 0.00066742 0.01447576 0.36263427 0.12974780 0.21107662 0.02834303 0.06855001 0.04308219 0.11919187 0.02056367
2.30011501 5.95949995 0.00113094 0.00050000 0.00069088 0.01165628 0.36502659 0.12815488 0.21282178 0.02937233 0.06158528 0.04462355 0.12206636 0.02237114
2.40012001 5.95718764 0.00092489 0.00042569 0.00059522 0.01139998 0.36357402 0.12007952 0.21985215 0.02772950 0.05640454 0.05019486 0.12374361 0.02507603
2.50012501 5.95388083 0.00095786 0.00044586 0.00064110 0.00888455 0.36650940 0.11654527 0.21535248 0.02539424 0.05548767 0.05313772 0.12820459 0.02843926
2.60013001 5.94980715 0.00107274 0.00046297 0.00082443 0.01226735 0.36701769 0.11006350 0.21784999 0.02566143 0.05394110 0.04834016 0.13072826 0.03177038
2.70013501 5.94850955 0.00086075 0.00045669 0.00048881 0.00674278 0.37360335 0.11313259 0.22408099 0.02849263 0.05580344 0.04523680 0.12805553 0.02304564
2.80014001 5.94477116 0.00076279 0.00047633 0.00051028 0.00888567 0.37429729 0.11651570 0.22851115 0.01506985 0.05935681 0.04253172 0.13135842 0.02172398
2.90014501 5.93985787 0.00063271 0.00049715 0.00051588 0.00757245 0.37261449 0.10823019 0.23370186 0.01568997 0.05852885 0.04193891 0.13265765 0.02741988
3.00015001 5.93806114 0.00045935 0.00047420 0.00024189 0.00237810 0.37799422 0.10811520 0.24010461 0.01492938 0.05908059 0.04258325 0.13234638 0.02129282
3.10015501 5.93823453 0.00082312 0.00044383 0.00059676 0.01254624 0.37827908 0.09424407 0.23721431 0.01685441 0.05932900 0.04234937 0.13873377 0.01858603
3.20016001 5.93524426 0.00069627 0.00044993 0.00049484 0.01108763 0.38554902 0.09862394 0.23240830 0.01462110 0.05524610 0.04116638 0.14034665 0.01930984
3.30016501 5.93037222 0.00056478 0.00045806 0.00028932 0.00216748 0.39187415 0.09623239 0.23328333 0.01944753 0.05313717 0.03749300 0.14524729 0.01980550
3.40017001 5.92582692 0.00064725 0.00045897 0.00040398 0.00577603 0.38876839 0.09268083 0.24069983 0.01785067 0.05453863 0.03470850 0.14353418 0.01993273
3.50017501 5.92434093 0.00086844 0.00044142 0.00060102 0.01471185 0.39586484 0.08286674 0.24108366 0.01918903 0.05166179 0.03155290 0.14294828 0.01821001
3.60018001 5.91907071 0.00079936 0.00046691 0.00051263 0.01029762 0.40299878 0.08083305 0.24999149 0.01845040 0.04569312 0.02985701 0.14284970 0.01724994
3.70018501 5.91707128 0.00066808 0.00043252 0.00047995 0.00722414 0.40768602 0.07615554 0.25019649 0.01552918 0.04454794 0.03493645 0.14313703 0.01900665
3.80019001 5.91606885 0.00050714 0.00042630 0.00044506 0.00709609 0.41400948 0.07433813 0.24710879 0.01201217 0.04618353 0.02975492 0.14627191 0.02184649
3.90019501 5.91440280 0.00079142 0.00040926 0.00063342 0.01475905 0.41532221 0.07458837 0.24231890 0.01325964 0.04413702 0.02595078 0.14981261 0.01801733
4.00020001 5.91236351 0.00045563 0.00042614 0.00031379 0.00376917 0.41712845 0.07393517 0.25009467 0.01055879 0.04334284 0.02952383 0.15500790 0.01544364
4.10020501 5.90907970 0.00048455 0.00041495 0.00041319 0.00514688 0.41753682 0.06766268 0.25121062 0.00926737 0.04446003 0.02824160 0.15637759 0.01878373
4.20021001 5.90447133 0.00066183 0.00040607 0.00049487 0.00849269 0.41416612 0.06348232 0.24930027 0.01637138 0.04829623 0.02451878 0.15583131 0.01797813
4.30021501 5.90277198 0.00063274 0.00039009 0.00044330 0.00722531 0.41459484 0.06492594 0.24672410 0.01681493 0.04837139 0.02168895 0.15991958 0.01826883
4.40022001 5.89889340 0.00055745 0.00037945 0.00046501 0.00923557 0.41734088 0.06637691 0.24883138 0.01136051 0.04236050 0.02674322 0.16108779 0.01526133
4.50022501 5.89907964 0.00066464 0.00037667 0.00036363 0.00954661 0.42505616 0.06170408 0.25045096 0.01774470 0.03798352 0.02362939 0.16013268 0.01234695
4.60023001 5.89609190 0.00066015 0.00041165 0.00048189 0.01253854 0.42257468 0.05627993 0.25549960 0.01263900 0.04197708 0.02367321 0.16353699 0.00972729
4.70023501 5.89182384 0.00040350 0.00036289 0.00024474 0.00497888 0.43443381 0.06373785 0.24977645 0.01240976 0.03359557 0.02815587 0.16183128 0.01006939
4.80024001 5.89112556 0.00043142 0.00033592 0.00026835 0.00390096 0.43185677 0.06764752 0.24755022 0.01241075 0.03025211 0.02768334 0.16600498 0.01165766
4.90024501 5.88587207 0.00041108 0.00034603 0.00029199 0.00553043 0.42524383 0.06427995 0.25503417 0.01148308 0.03080097 0.02675308 0.16657499 0.01325040
5.00025001 5.88319016 0.00050918 0.00032273 0.00035590 0.00732825 0.42470043 0.06301460 0.25331594 0.01442054 0.03069069 0.02392803 0.16697021 0.01444348
5.10025501 5.88038155 0.00047523 0.00034602 0.00029739 0.00544415 0.42787203 0.06233831 0.25441207 0.01451867 0.03240456 0.02254490 0.16696531 0.01238135
5.20026001 5.87746512 0.00071273 0.00034094 0.00039608 0.00914880 0.43116117 0.05787737 0.25150888 0.01790074 0.03263058 0.02206025 0.16835843 0.00790403
5.30026501 5.87630021 0.00056848 0.00035576 0.00022806 0.00374664 0.42956814 0.05557400 0.25345404 0.02193327 0.03294655 0.02169029 0.16967551 0.01025925
5.40027001 5.87419937 0.00059708 0.00030904 0.00030001 0.00785113 0.43146804 0.05858625 0.24791175 0.02085397 0.03027551 0.02385644 0.16803566 0.00995512
5.50027501 5.87256414 0.00045917 0.00030804 0.00024988 0.00373711 0.43618662 0.05873908 0.24926177 0.01571118 0.02748954 0.02942880 0.16875403 0.00967479
5.60028001 5.87066897 0.00037066 0.00030122 0.00013012 0.00025847 0.43280796 0.05695346 0.25086569 0.01676155 0.02904680 0.03206178 0.16897833 0.01146397
5.70028501 5.86756971 0.00037177 0.00032765 0.00015902 0.00189860 0.43674172 0.05811227 0.24852936 0.01279095 0.02926190 0.03483470 0.16913936 0.00783268
5.80029001 5.86532719 0.00049484 0.00029639 0.00030082 0.00547742 0.44008252 0.05282335 0.24558712 0.01442218 0.02371767 0.03426595 0.17031631 0.01221543
5.90029501 5.86167898 0.00049100 0.00030301 0.00028349 0.00519709 0.43496173 0.05464748 0.24865178 0.01058447 0.02207131 0.04051964 0.17201216 0.01027683
6.00030002 5.85964802 0.00031265 0.00029574 0.00014171 0.00023991 0.43826227 0.05312430 0.25071536 0.01121506 0.01998737 0.04092964 0.17273925 0.01203673
6.10030502 5.85456414 0.00051308 0.00030019 0.00036981 0.00710412 0.43114987 0.05630762 0.25310980 0.00970291 0.02049484 0.03611627 0.17294530 0.01188618
6.20031002 5.85433299 0.00046206 0.00025843 0.00046317 0.00784026 0.43684842 0.05221564 0.25260845 0.00852084 0.01988389 0.03148032 0.17240082 0.01701771
6.30031502 5.85113726 0.00045349 0.00030978 0.00031063 0.00354076 0.43597429 0.05073077 0.25092229 0.01185380 0.02911368 0.03258509 0.17167995 0.01252546
6.40032002 5.84321127 0.00055962 0.00033559 0.00038293 0.00733959 0.43793813 0.04886537 0.25300632 0.01328045 0.02639062 0.02710657 0.17432935 0.01046547
6.50032502 5.84261362 0.00058977 0.00032094 0.00034424 0.00711734 0.43975896 0.04371568 0.25210332 0.01765111 0.03003532 0.02402106 0.17578146 0.00856080
6.60033002 5.83874532 0.00045952 0.00032790 0.00033057 0.00518898 0.43742444 0.04135698 0.25397351 0.01376275 0.03153565 0.02605361 0.17873849 0.01084761
6.70033502 5.83467550 0.00044493 0.00034001 0.00033121 0.00641567 0.43919054 0.03923254 0.25711788 0.01422496 0.02982843 0.02530533 0.17952315 0.00804536
6.80034002 5.83042197 0.00050605 0.00032222 0.00029175 0.00521938 0.44146637 0.04037651 0.25376203 0.01693191 0.02494285 0.03118691 0.17750653 0.00748749
6.90034502 5.82873372 0.00052340 0.00032239 0.00033424 0.00764799 0.43848639 0.03904821 0.25511490 0.01686982 0.02638259 0.02758512 0.17769374 0.00999123
7.00035002 5.82747472 0.00039199 0.00030921 0.00019589 0.00390946 0.43655624 0.04000310 0.26074029 0.01701711 0.02409833 0.02857909 0.17829593 0.00990335
7.10035502 5.82306720 0.00038785 0.00029943 0.00024960 0.00399916 0.44310587 0.03965164 0.25713325 0.01552427 0.02142305 0.03084833 0.17603842 0.01133914
7.20036002 5.82033462 0.00026338 0.00029615 0.00013896 0.00016478 0.44176043 0.04452147 0.25899242 0.01230267 0.02322801 0.03007997 0.17572299 0.01252876
7.30036502 5.81956428 0.00052263 0.00028273 0.00030004 0.00550471 0.44578946 0.04379984 0.25725935 0.01534327 0.02122248 0.02357146 0.17744598 0.00895805
7.40037002 5.81615168 0.00052789 0.00026888 0.00031109 0.00942564 0.44639245 0.04538190 0.25892157 0.01456562 0.01947822 0.01778000 0.17693888 0.01000787
7.50037502 5.81363597 0.00056759 0.00026628 0.00040220 0.00710013 0.44916736 0.04398574 0.26088287 0.01491116 0.01944271 0.01437310 0.17624078 0.01266009
7.60038002 5.81259113 0.00045708 0.00027069 0.00028111 0.00590966 0.45242681 0.04440388 0.26656785 0.01287182 0.01933700 0.01367720 0.17539765 0.00839924
7.70038502 5.80950781 0.00034713 0.00030625 0.00025757 0.00556953 0.45858287 0.03765968 0.26675797 0.00923030 0.01967761 0.01578228 0.17667530 0.00915352
7.80039002 5.80402469 0.00038323 0.00033036 0.00024941 0.00549219 0.46201502 0.03887034 0.26500476 0.00932958 0.02552296 0.00864622 0.17712691 0.00702903
7.90039502 5.80190598 0.00041269 0.00033944 0.00031649 0.00723323 0.45876753 0.03788387 0.26641762 0.00675963 0.02402169 0.01010342 0.18045371 0.00729068
8.00040002 5.79791118 0.00025064 0.00034637 0.00020069 0.00388008 0.46182807 0.03948550 0.26525338 0.00312456 0.02361296 0.01157571 0.18295922 0.00748283
8.10040502 5.79037788 0.00023173 0.00031022 0.00014197 0.00194150 0.45780016 0.04265970 0.26381676 0.00541251 0.02509393 0.01370459 0.18097893 0.00790801
8.20041002 5.78772212 0.00023478 0.00032977 0.00017932 0.00353059 0.46348369 0.04264348 0.26323693 0.00315051 0.02285914 0.01180796 0.18209047 0.00645336
8.30041502 5.78432633 0.00029830 0.00035146 0.00022237 0.00554738 0.46313724 0.03828381 0.26069256 0.00485820 0.02312345 0.01422294 0.18269529 0.00656700
8.40042002 5.78041349 0.00028500 0.00031472 0.00021786 0.00337629 0.46089571 0.03799670 0.26144191 0.00684799 0.02321924 0.01550631 0.18012843 0.00976986
8.50042502 5.77768944 0.00039593 0.00030936 0.00035659 0.00874384 0.46255788 0.03498672 0.26015241 0.00500711 0.02168455 0.01691518 0.18129580 0.00759463
8.60043002 5.77520833 0.00047172 0.00028566 0.00032359 0.00704653 0.46630549 0.03171620 0.26274323 0.00830606 0.02007685 0.01861094 0.17858877 0.00552496
8.70043502 5.77316539 0.00028924 0.00027063 0.00021727 0.00356034 0.47091540 0.03539826 0.26492657 0.00537255 0.01808101 0.01551834 0.17780638 0.00764398
8.80044002 5.76972761 0.00027760 0.00028421 0.00021165 0.00348239 0.46718514 0.03948466 0.26410990 0.00527610 0.01954000 0.01580995 0.17688075 0.00745765
8.90044502 5.76712014 0.00032965 0.00026041 0.00016982 0.00377240 0.46567779 0.03604896 0.26741768 0.01414583 0.01934299 0.01104971 0.17330112 0.00848363
9.00045002 5.76304240 0.00024365 0.00027956 0.00019928 0.00363563 0.46501218 0.03720968 0.27099708 0.00789458 0.01889626 0.01223875 0.17481492 0.00857842
9.10045502 5.76031196 0.00035876 0.00027984 0.00028947 0.00556554 0.46868365 0.03794342 0.26457992 0.00716533 0.01680322 0.01465864 0.17565338 0.00801884
9.20046002 5.75629191 0.00030437 0.00030201 0.00014145 0.00201465 0.47756379 0.03703694 0.26063955 0.01024222 0.01194179 0.01502923 0.17755287 0.00723114
9.30046502 5.75188304 0.00028056 0.00031156 0.00013312 0.00403159 0.47464637 0.03607947 0.25709088 0.00921021 0.01637630 0.01419103 0.17957490 0.00807403
9.40047002 5.75132747 0.00024464 0.00029035 0.00010665 0.00187626 0.47914903 0.03879667 0.25560648 0.00787591 0.01663621 0.01275144 0.18031793 0.00634842
9.50047502 5.74781870 0.00037476 0.00027221 0.00029439 0.00686680 0.47640679 0.04014857 0.25947350 0.00540729 0.01507326 0.01412844 0.17477424 0.00677975
9.60048002 5.74418691 0.00031932 0.00026326 0.00023566 0.00564603 0.47458912 0.03757805 0.26499849 0.00702107 0.01304715 0.01538584 0.17310198 0.00781403
9.70048502 5.74154014 0.00035175 0.00024405 0.00022082 0.00386893 0.47243065 0.04286618 0.26430662 0.01000302 0.01450829 0.01408721 0.17051039 0.00660210
9.80049002 5.73766048 0.00027809 0.00025687 0.00023655 0.00182970 0.47475916 0.03661127 0.26449643 0.00663614 0.01612340 0.02044958 0.16836414 0.00995867
9.90049502 5.73448883 0.00035337 0.00026085 0.00031835 0.00560603 0.47395272 0.03297035 0.26677692 0.00777328 0.01531049 0.01562192 0.17169902 0.00935669
10.00050003 5.72820038 0.00039568 0.00025895 0.00033820 0.00760577 0.47412732 0.03137552 0.27043120 0.00667331 0.01476147 0.01290021 0.17042107 0.01071130
10.10050503 5.72852534 0.00031828 0.00026809 0.00026979 0.00562733 0.48006407 0.02798859 0.26695687 0.00496220 0.01524862 0.01989173 0.16946234 0.00894208
10.20051003 5.72336179 0.00026114 0.00030207 0.00025257 0.00365470 0.48016363 0.02666295 0.26828210 0.00442928 0.01565438 0.01863190 0.17159781 0.01010746
10.30051503 5.72110546 0.00036073 0.00028337 0.00032583 0.00732847 0.47992555 0.02945489 0.26724735 0.00451599 0.01751200 0.01660612 0.16903173 0.00740798
10.40052003 5.71888252 0.00030436 0.00026836 0.00024884 0.00561282 0.47804972 0.03061954 0.26332516 0.00762412 0.02104152 0.01773487 0.16731524 0.00785544
10.50052503 5.71867474 0.00038744 0.00026824 0.00032133 0.00864647 0.47984474 0.03153684 0.26514816 0.00580715 0.02019996 0.01454430 0.16853889 0.00475647
10.60053003 5.71463935 0.00041818 0.00024612 0.00021518 0.00699947 0.47667653 0.03341457 0.26553093 0.01105764 0.01970535 0.01302946 0.16784106 0.00486550
10.70053503 5.71207813 0.00035282 0.00023232 0.00020421 0.00568328 0.48030025 0.03629678 0.26939196 0.00912676 0.01607073 0.00993040 0.16800473 0.00440575
10.80054003 5.70786540 0.00043638 0.00028171 0.00020672 0.00535208 0.47849461 0.03627232 0.26426564 0.01002056 0.01637697 0.01111153 0.17258106 0.00460041
10.90054503 5.70195803 0.00028688 0.00025070 0.00015316 0.00184773 0.47871725 0.04163149 0.26512065 0.00937972 0.01506830 0.01455590 0.16684310 0.00614512
11.00055003 5.69975421 0.00026966 0.00023892 0.00022336 0.00384367 0.47833932 0.04480529 0.26306584 0.00674185 0.01195330 0.01367034 0.16640262 0.01044582
11.10055503 5.69341884 0.00034173 0.00026633 0.00025684 0.00554898 0.48195599 0.04004653 0.25997738 0.00764536 0.01405424 0.01404526 0.16774606 0.00811529
11.20056003 5.68820696 0.00030876 0.00029073 0.00022204 0.00353693 0.48806009 0.03604516 0.26194082 0.00691563 0.01347809 0.01378577 0.16823027 0.00718571
11.30056503 5.68497570 0.00022196 0.00027518 0.00007613 0.00211222 0.48982309 0.03499750 0.26057039 0.00929358 0.01729879 0.01278540 0.16803255 0.00451320
11.40057003 5.68403316 0.00014065 0.00024989 0.00005263 0.00007418 0.49071769 0.03835254 0.26534723 0.00504413 0.01694785 0.01136096 0.16673734 0.00497491
11.50057503 5.68121350 0.00031603 0.00025581 0.00023701 0.00535153 0.48582365 0.03860147 0.26241996 0.00470610 0.01630165 0.01368962 0.16719894 0.00509825
11.60058003 5.67651502 0.00020908 0.00029108 0.00012003 0.00195052 0.48292995 0.03512818 0.26415329 0.00459251 0.01825839 0.01714147 0.17036729 0.00485820
11.70058503 5.67471980 0.00033321 0.00026632 0.00016885 0.00351613 0.48135209 0.03314751 0.26206734 0.01048427 0.01724144 0.01527088 0.16907281 0.00707915
11.80059003 5.66980105 0.00030751 0.00029314 0.00016929 0.00348007 0.48397314 0.03326476 0.25956122 0.00788144 0.01705236 0.01555749 0.17312014 0.00533944
11.90059503 5.66543344 0.00028624 0.00027655 0.00017484 0.00354936 0.48175142 0.03580128 0.25633366 0.00673427 0.01745597 0.02012126 0.17218240 0.00533276
12.00060003 5.66188828 0.00026214 0.00027566 0.00021714 0.00368033 0.48436876 0.03494631 0.25534248 0.00648441 0.01741543 0.01540984 0.17259767 0.00899982
12.10060503 5.65749746 0.00028374 0.00025119 0.00022765 0.00566959 0.48144773 0.03697922 0.25647697 0.00802825 0.01559485 0.01584775 0.17022925 0.00896381
12.20061003 5.65448351 0.00027014 0.00027319 0.00019090 0.00207388 0.48387977 0.03736699 0.25865665 0.00858483 0.01797004 0.01133663 0.16922035 0.01017662
12.30061503 5.65110710 0.00025347 0.00028415 0.00012965 0.00199688 0.48138015 0.03994031 0.25908196 0.00790061 0.01961090 0.01370813 0.16964284 0.00607096
12.40062003 5.65069648 0.00025333 0.00026557 0.00015109 0.00197672 0.48547565 0.03871068 0.25932344 0.00828573 0.01904871 0.01119214 0.16788663 0.00743030
12.50062503 5.64667774 0.00030832 0.00025939 0.00027344 0.00373891 0.48519552 0.03514778 0.25932468 0.00772374 0.01692720 0.01027946 0.17029321 0.01052835
12.60063003 5.64272224 0.00032719 0.00026457 0.00023242 0.00356228 0.48311500 0.03553332 0.26147450 0.00910211 0.01640557 0.01293928 0.16874036 0.00830339
12.70063503 5.63824188 0.00040262 0.00024488 0.00023297 0.00534880 0.48810100 0.02987290 0.26348812 0.01214140 0.01660551 0.01190347 0.16556049 0.00609784
12.80064003 5.63370674 0.00049005 0.00027624 0.00029933 0.00694285 0.48249015 0.02961022 0.26739196 0.01368796 0.01701057 0.01049507 0.16683109 0.00447452
12.90064503 5.63194115 0.00027008 0.00024675 0.00021792 0.00389731 0.48032931 0.03470206 0.26663356 0.01001292 0.01668763 0.01085792 0.16810275 0.00804180
13.00065003 5.62624261 0.00021616 0.00025104 0.00019868 0.00191531 0.47860964 0.03537636 0.26599539 0.00765388 0.01307357 0.01505325 0.17207036 0.00958636
13.10065503 5.62291934 0.00023760 0.00025823 0.00014744 0.00173208 0.48415114 0.03294574 0.26589432 0.00659548 0.01330074 0.01634884 0.17239557 0.00599281
13.20066003 5.62092194 0.00016783 0.00027014 0.00006242 0.00015762 0.48288273 0.03274639 0.26097104 0.00649160 0.01500468 0.02208206 0.17287142 0.00629207
13.30066503 5.61887917 0.00017693 0.00026486 0.00006225 0.00210972 0.48184997 0.03083683 0.26064445 0.00739914 0.01515725 0.02149439 0.17408347 0.00592074
13.40067003 5.61409111 0.00027182 0.00026821 0.00028965 0.00544340 0.47676223 0.02424341 0.26712831 0.00488171 0.01523731 0.01800882 0.17460394 0.01286118
13.50067503 5.60800842 0.00018114 0.00028934 0.00022525 0.00211590 0.47362677 0.02510940 0.27262243 0.00596388 0.01882684 0.01465158 0.17263463 0.01375286
13.60068003 5.60571754 0.00023985 0.00025223 0.00022380 0.00174873 0.47684726 0.02770064 0.26893593 0.00577888 0.01838520 0.01644218 0.17357938 0.00986592
13.70068503 5.60444001 0.00026417 0.00023883 0.00025010 0.00491362 0.47527409 0.02771484 0.27249384 0.00626490 0.01650412 0.01419582 0.17348912 0.00839654
13.80069003 5.60085631 0.00014741 0.00025255 0.00017586 0.00020163 0.47605858 0.02572486 0.27241688 0.00618733 0.01632751 0.01605918 0.17494448 0.01150374
13.90069503 5.59531538 0.00030883 0.00029726 0.00029271 0.00952421 0.47702108 0.02448488 0.26898210 0.00429229 0.01986192 0.01405677 0.17383763 0.00704031
14.00070004 5.59064508 0.00021777 0.00028919 0.00019527 0.00201974 0.47436424 0.02985900 0.27182331 0.00615960 0.01998779 0.01330183 0.17353547 0.00824679
14.10070504 5.58518082 0.00035377 0.00027757 0.00030160 0.00898557 0.46977081 0.03058518 0.26853068 0.00644091 0.01979446 0.01527674 0.17362648 0.00605623
14.20071004 5.58280114 0.00030362 0.00028657 0.00020546 0.00358401 0.47214226 0.02909268 0.26884007 0.00786027 0.02112128 0.01481633 0.17560983 0.00613763
14.30071504 5.57728542 0.00029776 0.00027505 0.00020870 0.00328269 0.46832540 0.03367588 0.26626618 0.00659873 0.02072381 0.01807565 0.17640955 0.00586059
14.40072004 5.57492547 0.00022479 0.00026338 0.00011088 0.00179247 0.47145758 0.03739551 0.26440311 0.00603212 0.01917532 0.01772990 0.17670061 0.00471433
14.50072504 5.57314139 0.00034070 0.00029827 0.00019073 0.00572720 0.46744234 0.03368446 0.26328256 0.00776193 0.02149889 0.02127129 0.17347795 0.00502369
14.60073004 5.56628282 0.00047900 0.00029806 0.00031167 0.00854486 0.46877169 0.02942721 0.26720347 0.01071507 0.02102968 0.01556559 0.17269709 0.00495659
14.70073504 5.56346739 0.00016396 0.00030160 0.00009244 0.00015678 0.47317991 0.03526435 0.26237812 0.00633619 0.02249921 0.01531141 0.17564115 0.00867488
14.80074004 5.56081815 0.00040783 0.00027514 0.00029841 0.00661815 0.46723958 0.03528457 0.26026955 0.00857629 0.02241745 0.01746203 0.17579828 0.00535272
14.90074504 5.55328928 0.00038206 0.00031537 0.00024162 0.00547546 0.46347132 0.03658839 0.26197854 0.00853155 0.02762893 0.01902852 0.17060584 0.00575240
15.00075004 5.55052944 0.00049386 0.00026934 0.00043293 0.00851149 0.46327736 0.03929181 0.26084784 0.00893913 0.01920294 0.01847379 0.17040251 0.00985699
15.10075504 5.54622424 0.00031964 0.00030142 0.00029967 0.00503318 0.46178977 0.04110615 0.25923171 0.00680887 0.02129617 0.02066715 0.17138093 0.01176534
15.20076004 5.54318592 0.00035840 0.00027970 0.00039869 0.00560397 0.46229944 0.03722835 0.25953358 0.00613936 0.02100197 0.02093426 0.17088531 0.01533697
15.30076504 5.54211760 0.00023895 0.00026560 0.00020925 0.00167060 0.46863814 0.04135556 0.26101574 0.00509200 0.01915585 0.02042135 0.17092467 0.01101229
15.40077004 5.54156266 0.00026348 0.00025909 0.00015735 0.00173524 0.46638232 0.04468847 0.26080921 0.00671503 0.01914788 0.01768556 0.17340150 0.00875488
15.50077504 5.53904551 0.00023773 0.00026477 0.00007796 0.00215271 0.46894309 0.04430276 0.26053995 0.00856132 0.01744712 0.01537131 0.17480507 0.00729620
15.60078004 5.53795922 0.00039472 0.00023089 0.00026731 0.00746546 0.46799115 0.04108337 0.26265600 0.00830952 0.01397676 0.01805083 0.17314521 0.00642879
15.70078504 5.53747396 0.00043480 0.00028111 0.00037286 0.00927220 0.46943995 0.03670331 0.26135386 0.00679740 0.02128914 0.01469358 0.17163593 0.00772585
15.80079004 5.53450872 0.00039843 0.00024614 0.00036346 0.00909542 0.46696612 0.03463948 0.26026600 0.00837753 0.02051783 0.01602425 0.17200391 0.01110143
15.90079504 5.53167105 0.00021981 0.00026463 0.00026262 0.00204082 0.46917262 0.03867444 0.26200132 0.00536131 0.02221521 0.01397251 0.17234621 0.01346848
16.00080004 5.52878363 0.00028466 0.00027619 0.00020692 0.00396204 0.46666457 0.03574581 0.26369023 0.00770637 0.02548464 0.01418850 0.17188437 0.00990569
16.10080504 5.52279028 0.00047626 0.00026318 0.00040404 0.00749549 0.46041841 0.03336658 0.25991564 0.01143738 0.02366185 0.02100765 0.16974092 0.01181260
16.20081004 5.52256333 0.00030422 0.00027840 0.00021169 0.00196593 0.46643763 0.03080460 0.25962274 0.01194114 0.02324721 0.01977743 0.17441402 0.01099499
16.30081504 5.51765881 0.00035369 0.00028530 0.00020884 0.00396850 0.46347158 0.03052359 0.26312888 0.01409172 0.01828324 0.02063547 0.17683100 0.00821818
16.40082004 5.51553693 0.00035323 0.00030902 0.00023542 0.00356314 0.46422563 0.03242652 0.25996492 0.01335546 0.02073317 0.01930084 0.17876727 0.00676540
16.50082504 5.51172514 0.00059826 0.00029189 0.00039283 0.00703737 0.46047902 0.03011828 0.26177188 0.01777648 0.02164065 0.01575895 0.17781656 0.00631783
16.60083004 5.51077568 0.00041211 0.00026931 0.00020494 0.00405266 0.46410843 0.03181106 0.26385848 0.01588928 0.01958813 0.01722861 0.17617565 0.00640134
16.70083504 5.50918142 0.00029060 0.00030431 0.00008473 0.00026910 0.46285477 0.03345007 0.26573434 0.01363126 0.02098843 0.01820182 0.17811815 0.00607242
16.80084004 5.50821894 0.00021055 0.00031682 0.00007743 0.00013955 0.46413254 0.03343433 0.26551971 0.00932670 0.02487275 0.01611262 0.17915817 0.00669882
16.90084504 5.50305457 0.00033702 0.00029162 0.00012437 0.00186040 0.46422184 0.03409060 0.26004819 0.01413192 0.02422553 0.01827116 0.17521282 0.00718453
17.00085004 5.49724837 0.00050421 0.00031126 0.00027556 0.00742373 0.46147510 0.03607753 0.25058237 0.01399353 0.02545712 0.01833541 0.17817415 0.00739003
17.10085504 5.48932763 0.00046460 0.00033885 0.00030222 0.00710340 0.46530447 0.03583005 0.24720489 0.01086022 0.02917873 0.01902550 0.17797306 0.00641401
17.20086004 5.48747432 0.00023753 0.00033706 0.00008568 0.00208148 0.46631323 0.03806107 0.24954453 0.01060115 0.02991381 0.01730045 0.17989137 0.00563265
17.30086504 5.48319176 0.00028016 0.00034518 0.00018695 0.00353014 0.46995875 0.03965670 0.24918250 0.00654062 0.03399621 0.01258554 0.17851736 0.00521989
17.40087004 5.48052146 0.00025130 0.00034272 0.00011680 0.00371377 0.47372083 0.03995734 0.24601844 0.00710383 0.03443547 0.01358239 0.17548255 0.00527458
17.50087504 5.47636732 0.00032221 0.00033473 0.00016719 0.00385113 0.47230638 0.04203724 0.24402674 0.00794005 0.03346300 0.01389509 0.17586915 0.00578708
17.60088004 5.47249783 0.00022645 0.00036454 0.00005847 0.00018992 0.46831958 0.04326906 0.24014679 0.00857072 0.03092847 0.01949842 0.18224063 0.00618696
17.70088504 5.46813699 0.00024206 0.00032375 0.00015048 0.00186724 0.46868896 0.03806205 0.24008825 0.00798555 0.03019297 0.02528178 0.17870607 0.00841084
17.80089004 5.46658785 0.00034704 0.00031490 0.00022988 0.00576429 0.46846092 0.03859484 0.24206911 0.00910540 0.02708229 0.02177776 0.17807278 0.00818079
17.90089504 5.46475382 0.00018826 0.00032145 0.00010970 0.00014092 0.46654016 0.03874410 0.24981079 0.00854520 0.02728112 0.02266921 0.17604647 0.00960262
18.00090005 5.46045970 0.00028955 0.00029302 0.00016754 0.00403490 0.46377371 0.04125955 0.25363037 0.01110216 0.02523283 0.01871530 0.17307006 0.00843101
18.10090505 5.45744347 0.00021509 0.00027295 0.00011622 0.00016571 0.46446225 0.04720538 0.25015218 0.00830035 0.02675974 0.02206187 0.17235289 0.00793538
18.20091005 5.45355131 0.00050932 0.00029435 0.00042646 0.01265136 0.46554871 0.04092847 0.25031707 0.00776633 0.02670631 0.01436066 0.17313356 0.00735740
18.30091505 5.44859412 0.00060759 0.00030746 0.00053220 0.01035441 0.46020432 0.04070171 0.25244079 0.01243625 0.02596414 0.01003932 0.17508329 0.01132851
18.40092005 5.44613760 0.00046854 0.00031681 0.00035728 0.01121610 0.46192629 0.03803586 0.25214751 0.01210913 0.02631127 0.01273639 0.17529812 0.00907670
18.50092505 5.44053755 0.00052844 0.00031055 0.00036768 0.00712855 0.46177543 0.03931817 0.25417588 0.01434398 0.02601205 0.01524817 0.17172609 0.00906502
18.60093005 5.43671756 0.00065622 0.00032161 0.00054427 0.00981273 0.45820975 0.03613866 0.25520888 0.01332406 0.02948878 0.01573829 0.17077097 0.00978577
18.70093505 5.43101797 0.00056585 0.00032724 0.00052731 0.01117840 0.45430025 0.03900847 0.25903559 0.01062616 0.02999168 0.01553707 0.16634523 0.01255674
18.80094005 5.42535501 0.00061212 0.00030547 0.00054884 0.01267628 0.44977872 0.03724435 0.26409554 0.01164230 0.02827648 0.01682525 0.16354379 0.01445085
18.90094505 5.42264376 0.00060818 0.00029359 0.00053034 0.01136110 0.45091797 0.03972713 0.26952625 0.00874387 0.02949452 0.01459968 0.16576766 0.00842971
19.00095005 5.42029685 0.00054537 0.00029563 0.00045572 0.01150828 0.45414776 0.03543433 0.27059305 0.00808941 0.02901678 0.01327736 0.16794678 0.00868952
19.10095505 5.41763225 0.00025206 0.00033591 0.00031052 0.00372399 0.45626695 0.03443318 0.27195059 0.00677682 0.02804695 0.01307915 0.17139960 0.01342427
19.20096005 5.41409604 0.00031485 0.00034701 0.00029752 0.00525198 0.45632825 0.03331698 0.26900487 0.00717152 0.03204442 0.01467955 0.17027545 0.01096759
19.30096505 5.41187711 0.00030087 0.00034686 0.00026456 0.00384399 0.45392271 0.02932906 0.27478098 0.00935652 0.03274976 0.01412910 0.17019970 0.01077590
19.40097005 5.40975002 0.00032058 0.00030624 0.00017186 0.00393019 0.45222641 0.03084043 0.28207736 0.01046398 0.02829586 0.01518996 0.17109412 0.00508300
19.50097505 5.40552327 0.00052986 0.00029640 0.00038989 0.01066846 0.45272252 0.02710959 0.28271141 0.00970164 0.02753344 0.01254258 0.17073623 0.00505797
19.60098005 5.40155205 0.00040934 0.00039919 0.00031376 0.00715190 0.44716556 0.02073190 0.28417229 0.01072422 0.03356903 0.00910007 0.17869393 0.00756881
19.70098505 5.40043289 0.00042287 0.00034398 0.00034025 0.00927211 0.44962972 0.02052485 0.28295051 0.00815393 0.02978543 0.01460516 0.17929036 0.00468084
19.80099005 5.39914924 0.00017948 0.00035009 0.00009299 0.00201320 0.45288441 0.02454753 0.28616978 0.00727858 0.03027098 0.01355123 0.17832474 0.00433698
19.90099505 5.39653059 0.00027531 0.00031730 0.00016291 0.00367691 0.45290708 0.02874994 0.28526838 0.00773176 0.02680652 0.01499348 0.17470072 0.00440970
20.00100005 5.39219318 0.00026936 0.00032955 0.00018733 0.00530046 0.45406715 0.03341378 0.28091268 0.00543963 0.02378819 0.01522445 0.17690242 0.00416498
20.10100505 5.38612500 0.00045956 0.00031525 0.00036756 0.00871642 0.45257156 0.03266767 0.27591109 0.00714044 0.02532407 0.01392242 0.17587803 0.00672592
20.20101005 5.38411286 0.00030883 0.00034544 0.00019748 0.00349952 0.45262144 0.03559697 0.27783775 0.00676414 0.02710136 0.01351115 0.17609401 0.00612191
20.30101505 5.38251499 0.00017091 0.00033006 0.00007303 0.00011885 0.45478633 0.03718772 0.27730548 0.00789438 0.03033925 0.01312587 0.17323889 0.00542924
20.40102005 5.37713594 0.00033907 0.00030955 0.00027450 0.00543828 0.45723974 0.03262756 0.27566759 0.00647530 0.03178672 0.01199094 0.17099640 0.00685435
20.50102505 5.37374078 0.00024232 0.00032049 0.00017889 0.00171803 0.45227794 0.02505010 0.27790745 0.00942520 0.03515956 0.01777446 0.17033456 0.00961099
20.60103005 5.37236850 0.00028144 0.00030635 0.00013862 0.00183144 0.45885420 0.02345995 0.28104440 0.01231946 0.03103950 0.01476653 0.16875556 0.00720257
20.70103505 5.37100251 0.00029793 0.00029775 0.00015713 0.00363726 0.46039980 0.02531075 0.27916283 0.01114605 0.03209775 0.01249330 0.17004187 0.00495758
20.80104005 5.36664991 0.00022427 0.00031441 0.00014028 0.00170618 0.45712725 0.02680099 0.28243056 0.00939512 0.02889668 0.01349790 0.17323111 0.00623526
20.90104505 5.36476607 0.00030023 0.00027246 0.00017171 0.00380427 0.45871726 0.02394070 0.28604118 0.00872523 0.02656807 0.01526370 0.17240103 0.00379415
21.00105005 5.36337130 0.00019954 0.00028345 0.00010573 0.00183942 0.45933073 0.02682954 0.28427069 0.00782368 0.02589482 0.01560426 0.17422030 0.00359783
21.10105505 5.36081023 0.00034217 0.00026211 0.00025157 0.00528839 0.46872652 0.02609404 0.27922322 0.00648193 0.02369228 0.01372499 0.17209587 0.00381692
21.20106005 5.35771949 0.00029203 0.00028361 0.00017849 0.00326224 0.46487617 0.02450065 0.28361665 0.00839413 0.02037899 0.01551968 0.17484457 0.00385277
21.30106505 5.35485341 0.00024004 0.00027015 0.00013895 0.00516663 0.46675396 0.02505343 0.28370942 0.00700614 0.01858107 0.01283649 0.17668540 0.00355831
21.40107005 5.35438229 0.00040358 0.00024508 0.00032668 0.00713467 0.47187706 0.02451916 0.28079811 0.00575836 0.01421172 0.01452142 0.17486803 0.00533613
21.50107505 5.35283370 0.00041915 0.00023213 0.00025439 0.00556294 0.46750393 0.02843600 0.28080436 0.00919300 0.01424289 0.01296055 0.17521671 0.00517399
21.60108005 5.35185209 0.00029095 0.00024387 0.00022618 0.00372011 0.47275530 0.02761027 0.27788784 0.00726017 0.01443144 0.01307119 0.17468154 0.00782112
21.70108505 5.35077878 0.00012820 0.00023092 0.00011743 0.00210437 0.47453273 0.02948319 0.27841497 0.00401217 0.01409431 0.01288221 0.17472707 0.00927241
21.80109005 5.34852781 0.00028469 0.00020474 0.00030975 0.00368102 0.47445710 0.02645321 0.27722402 0.00428920 0.01085078 0.01699818 0.17326335 0.01198395
21.90109505 5.34812083 0.00017859 0.00022076 0.00021522 0.00397578 0.47592751 0.02691353 0.27675261 0.00277559 0.01237182 0.01723441 0.17472730 0.00870689
22.00110006 5.34465648 0.00025531 0.00022491 0.00021873 0.00373237 0.47465627 0.02651964 0.27854821 0.00478080 0.01211690 0.01492107 0.17645370 0.00757209
22.10110506 5.34265260 0.00020640 0.00025077 0.00015181 0.00198333 0.47065603 0.03290255 0.27915415 0.00543336 0.01418210 0.01105886 0.17775695 0.00626369
22.20111006 5.33898257 0.00014703 0.00025724 0.00006529 0.00012456 0.47204816 0.03655699 0.27640709 0.00530552 0.01758628 0.00870497 0.17770123 0.00509565
22.30111506 5.33256041 0.00021860 0.00024042 0.00015183 0.00197766 0.46767589 0.03349642 0.27536290 0.00509301 0.01871018 0.01391200 0.17601062 0.00715047
22.40112006 5.32921135 0.00028433 0.00023989 0.00016810 0.00366930 0.46834382 0.03047146 0.27394588 0.00682560 0.01976410 0.01717223 0.17370632 0.00540899
22.50112506 5.32940370 0.00020167 0.00024606 0.00010378 0.00194723 0.47076287 0.02948473 0.27569567 0.00639373 0.01990879 0.01638532 0.17338661 0.00548353
22.60113006 5.32544686 0.00013355 0.00026064 0.00005050 0.00013235 0.47319378 0.02958817 0.27353932 0.00500641 0.02055827 0.01951852 0.17244799 0.00557050
22.70113506 5.32188025 0.00027231 0.00026138 0.00021158 0.00557158 0.47523311 0.02685406 0.27036426 0.00409335 0.02071958 0.01975898 0.17142167 0.00523814
22.80114006 5.31739368 0.00027119 0.00025524 0.00021155 0.00359109 0.47961840 0.02541786 0.26850756 0.00702721 0.02007113 0.01564234 0.17154768 0.00783877
22.90114506 5.31169145 0.00029189 0.00028324 0.00020300 0.00379460 0.47383230 0.02895134 0.27023150 0.00639967 0.01826741 0.01880653 0.17338555 0.00555297
23.00115006 5.30793372 0.00032795 0.00024954 0.00023036 0.00536622 0.47037878 0.02879443 0.26846908 0.00519915 0.01697291 0.02760970 0.17192969 0.00447220
23.10115506 5.30746915 0.00039112 0.00024537 0.00023051 0.00551557 0.46794292 0.02903466 0.26823745 0.00925671 0.01898857 0.02279116 0.17258569 0.00478026
23.20116006 5.30569178 0.00036093 0.00027647 0.00018135 0.00359635 0.46644115 0.02990950 0.26637913 0.00932369 0.02311364 0.02174373 0.17378962 0.00488446
23.30116506 5.30324629 0.00022906 0.00025728 0.00008643 0.00221920 0.47103641 0.02936993 0.26278799 0.01118767 0.02298019 0.01997563 0.17293813 0.00693208
23.40117006 5.30294985 0.00027376 0.00026340 0.00020140 0.00368606 0.47216608 0.03133592 0.26187576 0.00697938 0.02249730 0.01833019 0.17519746 0.00719330
23.50117506 5.29910455 0.00031133 0.00025921 0.00020866 0.00550922 0.47048100 0.03141191 0.26819549 0.00605598 0.02049822 0.01567162 0.17456607 0.00683127
23.60118006 5.29543785 0.00032584 0.00027246 0.00018068 0.00356939 0.46746309 0.03297073 0.27294029 0.00885904 0.01723619 0.01725026 0.17408797 0.00484407
23.70118506 5.29057742 0.00051256 0.00028393 0.00043681 0.00886216 0.46815210 0.03066191 0.26954068 0.00840754 0.01610037 0.01287483 0.17592292 0.00824420
23.80119006 5.28833424 0.00020345 0.00025678 0.00018483 0.00207511 0.46993501 0.03601569 0.26972962 0.00696679 0.01621511 0.01214390 0.17586347 0.01041023
23.90119506 5.28553059 0.00025296 0.00024266 0.00024951 0.00172073 0.47222656 0.03344422 0.26937392 0.00824321 0.01634387 0.01186421 0.17381299 0.01222515
24.00120006 5.28371091 0.00028709 0.00027067 0.00029462 0.00645919 0.47059262 0.02799937 0.26977927 0.00679994 0.01815288 0.01289757 0.17720455 0.00926223
24.10120506 5.27849927 0.00019460 0.00029581 0.00017206 0.00414768 0.46504493 0.03393885 0.27218846 0.00771484 0.02134163 0.01043720 0.17512917 0.00939478
24.20121006 5.27824756 0.00016500 0.00028081 0.00013180 0.00013602 0.46361072 0.03546379 0.27577027 0.00689652 0.02124225 0.01050680 0.17509595 0.01070007
24.30121506 5.27525498 0.00028689 0.00025643 0.00014453 0.00185643 0.46073192 0.03364999 0.27494722 0.01171702 0.01880824 0.01634578 0.17325619 0.00799936
24.40122006 5.27174299 0.00027414 0.00028025 0.00011978 0.00165900 0.46076812 0.03293197 0.27805009 0.00917862 0.02070671 0.01560832 0.17419483 0.00622817
24.50122506 5.26908366 0.00033406 0.00028565 0.00017261 0.00386395 0.45879916 0.03203734 0.27662965 0.00868908 0.02506725 0.01504858 0.17321829 0.00585438
24.60123006 5.26457129 0.00024154 0.00031937 0.00021201 0.00345673 0.46191360 0.03191958 0.27989610 0.00357516 0.02543319 0.01418342 0.17243774 0.00641155
24.70123506 5.26253136 0.00016116 0.00028844 0.00011102 0.00017662 0.46074988 0.03179829 0.28135359 0.00571869 0.01942173 0.01778054 0.17418636 0.00825369
24.80124006 5.25860397 0.00029781 0.00026567 0.00024212 0.00353649 0.46285288 0.03244211 0.27565182 0.00559410 0.02089247 0.01635851 0.17433716 0.00752886
24.90124506 5.25568179 0.00034944 0.00026835 0.00022729 0.00369395 0.45830916 0.03148340 0.27314739 0.01039461 0.02277833 0.01559303 0.17549676 0.00825827
25.00125006 5.25204376 0.00032314 0.00028700 0.00014216 0.00202440 0.45667415 0.03321226 0.26831019 0.01276207 0.02799414 0.02023482 0.17273451 0.00530114
25.10125506 5.25074489 0.00021576 0.00028400 0.00006526 0.00013835 0.45633318 0.03699000 0.26861343 0.00999133 0.02744254 0.01925057 0.17532685 0.00534873
25.20126006 5.24730905 0.00029355 0.00027649 0.00018729 0.00553184 0.45786795 0.03726520 0.26759735 0.00666777 0.02672394 0.01495858 0.17753427 0.00509577
25.30126506 5.24648596 0.00018595 0.00030322 0.00006952 0.00406889 0.45555002 0.03989268 0.27023771 0.00574283 0.02674990 0.01279038 0.17915915 0.00524973
25.40127006 5.24378803 0.00023702 0.00030749 0.00019347 0.00379126 0.45735674 0.04018576 0.26802969 0.00404193 0.02735710 0.01234921 0.17894898 0.00720134
25.50127506 5.23921402 0.00027475 0.00030835 0.00021916 0.00369870 0.45844233 0.03824483 0.26946125 0.00589498 0.02430595 0.01289190 0.17748213 0.00877569
25.60128006 5.23387482 0.00044151 0.00030732 0.00037086 0.00688018 0.45909761 0.03643315 0.27104468 0.00584594 0.02132971 0.01109139 0.17822067 0.00893697
25.70128506 5.23127452 0.00030147 0.00029118 0.00018490 0.00557444 0.46077309 0.03812001 0.27486734 0.00483565 0.01989696 0.01011714 0.17817144 0.00686638
