0.00000000 0.00000000 0.00000000 0.00000000 0.00000000 0.00000000 0.00000000 0.00000000 0.00000000 1.00000000 0.00000000 0.00000000 0.00000000 0.00000000
0.10000500 0.00184114 0.02104832 0.00127749 0.00655764 0.08345116 0.09110707 0.16387646 0.02421561 0.43665626 0.05802330 0.07685982 0.01337653 0.02355033
0.20001000 0.00293710 0.00766809 0.00128524 0.00390575 0.04085128 0.13208757 0.21265312 0.03203226 0.26225330 0.07787910 0.14149743 0.04071583 0.04717103
0.30001500 0.00381801 0.00425088 0.00095062 0.00257633 0.02274307 0.14582412 0.23798763 0.05446882 0.17881181 0.08206005 0.18075809 0.04669640 0.04287218
0.40002000 0.00480379 0.00389023 0.00076676 0.00181955 0.01714042 0.15349012 0.21909793 0.05796696 0.16033062 0.08932749 0.20096441 0.04844867 0.04675682
0.50002500 0.00529268 0.00396610 0.00078869 0.00181359 0.01464246 0.17097490 0.19140780 0.07298796 0.14271674 0.09645302 0.21009012 0.05079543 0.04336319
0.60003000 0.00577069 0.00379908 0.00090612 0.00166336 0.01656296 0.17928293 0.16743686 0.07908435 0.13164500 0.10674852 0.20970988 0.05997807 0.04318286
0.70003500 0.00612744 0.00318305 0.00084783 0.00105892 0.01171700 0.19805242 0.15213572 0.08132518 0.11801042 0.11147975 0.21440928 0.06629482 0.04148562
0.80004000 0.00641311 0.00294130 0.00077409 0.00109829 0.01068728 0.20276496 0.15157127 0.08916731 0.10513605 0.10725114 0.21333954 0.07204250 0.04322628
0.90004500 0.00673947 0.00247426 0.00075320 0.00139390 0.00961617 0.20993097 0.15116044 0.09924060 0.08508179 0.10757799 0.20655253 0.07849724 0.04772092
1.00005000 0.00703144 0.00250014 0.00076305 0.00158290 0.01303545 0.21145518 0.15075530 0.10271193 0.07765103 0.10554448 0.19315866 0.08752536 0.05331652
1.10005500 0.00751451 0.00263408 0.00064098 0.00132563 0.00973041 0.22031929 0.15360790 0.10718905 0.08549568 0.10336189 0.18378358 0.08448880 0.04742274
1.20006000 0.00770515 0.00265324 0.00072058 0.00114844 0.01377266 0.22451305 0.16986760 0.11263275 0.08509115 0.10495067 0.15989976 0.08518294 0.03956715
1.30006500 0.00801829 0.00286683 0.00069019 0.00135961 0.01326400 0.24162605 0.18219074 0.11714724 0.07930984 0.10593392 0.13566883 0.08260260 0.03734014
1.40007000 0.00814793 0.00289209 0.00073395 0.00157387 0.01518165 0.25080437 0.19156210 0.12111016 0.07046936 0.10726543 0.10852459 0.09008609 0.03979634
1.50007500 0.00822658 0.00339088 0.00077073 0.00162626 0.01651111 0.25791132 0.18946611 0.12868419 0.07392543 0.10961894 0.09093670 0.09101482 0.03614352
1.60008000 0.00849371 0.00279641 0.00069215 0.00130571 0.00953697 0.26352477 0.20043433 0.13591135 0.06826887 0.10000475 0.07741971 0.09786699 0.04223798
1.70008500 0.00897053 0.00297949 0.00067286 0.00146788 0.01497153 0.27167445 0.18664408 0.14734011 0.06549761 0.09839171 0.07003811 0.10192087 0.03840130
1.80009000 0.00929806 0.00284962 0.00078791 0.00153902 0.01533327 0.28686116 0.17238215 0.14672430 0.06015338 0.10492629 0.06461645 0.10270034 0.04112611
1.90009500 0.00979672 0.00234688 0.00062637 0.00145863 0.01682887 0.31229213 0.16857785 0.14274760 0.05420101 0.09454657 0.06369733 0.09978734 0.04288943
2.00010001 0.01026874 0.00221978 0.00076019 0.00111671 0.01209078 0.32644485 0.15399323 0.15629657 0.04881361 0.09253551 0.06383743 0.10796288 0.03392846
2.10010501 0.01081124 0.00265473 0.00075099 0.00181272 0.02152615 0.32773325 0.13749780 0.16026518 0.04330144 0.09515021 0.06349357 0.11410038 0.03171359
2.20011001 0.01076797 0.00190622 0.00070695 0.00098780 0.00803821 0.33045457 0.13855134 0.16656944 0.03997475 0.09375401 0.06244034 0.12051502 0.03610136
2.30011501 0.01105053 0.00171127 0.00074556 0.00124333 0.01219397 0.34237725 0.12743933 0.16903328 0.03184037 0.08924069 0.05748488 0.13060322 0.03608686
2.40012001 0.01131208 0.00160609 0.00070171 0.00112185 0.01284409 0.34445505 0.12550099 0.17319082 0.03165442 0.08240391 0.05816259 0.13524851 0.03310996
2.50012501 0.01142522 0.00137987 0.00062624 0.00088533 0.01011100 0.34571363 0.12092630 0.17948283 0.03077347 0.08048256 0.06113370 0.13369475 0.03479033
2.60013001 0.01161590 0.00132167 0.00058817 0.00089223 0.00483637 0.34727823 0.12543143 0.18048560 0.03091974 0.07570642 0.06209865 0.13594159 0.03449991
2.70013501 0.01167787 0.00155369 0.00050798 0.00084821 0.00647293 0.34726764 0.12666619 0.18942998 0.03240269 0.07179735 0.05908781 0.13699705 0.02696847
2.80014001 0.01213695 0.00156108 0.00051691 0.00083490 0.00669058 0.34921708 0.12537085 0.19112190 0.03087185 0.06926085 0.05682428 0.13988327 0.02784646
2.90014501 0.01224683 0.00123613 0.00051624 0.00059408 0.00739040 0.35278060 0.11831588 0.19503392 0.02622596 0.07229397 0.06133662 0.13937527 0.02490093
3.00015001 0.01248123 0.00123505 0.00055004 0.00062353 0.00512599 0.35902628 0.10364755 0.19645083 0.02827086 0.07507577 0.05908842 0.14289708 0.02800859
3.10015501 0.01274180 0.00116762 0.00052713 0.00050469 0.00572493 0.36355236 0.10392652 0.19670518 0.02855645 0.07098080 0.05903031 0.14223453 0.02708949
3.20016001 0.01307617 0.00128210 0.00047220 0.00079330 0.00741772 0.36914463 0.10452947 0.19586944 0.02728511 0.06870114 0.05600696 0.14381259 0.02468533
3.30016501 0.01347700 0.00126420 0.00048940 0.00071213 0.00548685 0.37949978 0.09990447 0.19896146 0.02666985 0.06569691 0.05149880 0.14335245 0.02646371
3.40017001 0.01374574 0.00163158 0.00047673 0.00102475 0.01148189 0.38176724 0.08972965 0.20672852 0.02954069 0.05693349 0.05063755 0.14609402 0.02395389
3.50017501 0.01388847 0.00165077 0.00057914 0.00096973 0.01105588 0.39174594 0.07673127 0.21341156 0.02813636 0.05843428 0.04507494 0.15382907 0.01838105
3.60018001 0.01430702 0.00161981 0.00040415 0.00094820 0.01246980 0.39137026 0.07640550 0.21852560 0.02886212 0.05182242 0.04377952 0.15587758 0.01791504
3.70018501 0.01428850 0.00121144 0.00044385 0.00064990 0.00611279 0.39473988 0.07781131 0.22022659 0.02510053 0.05268222 0.04163444 0.15990746 0.01947958
3.80019001 0.01437174 0.00136502 0.00039366 0.00078903 0.00731793 0.39785385 0.07664749 0.22006389 0.02852435 0.05382051 0.03610566 0.15986808 0.01725053
3.90019501 0.01456090 0.00137541 0.00036881 0.00083769 0.01357315 0.39965836 0.06772835 0.22587239 0.02538177 0.05121773 0.03651552 0.16288272 0.01458809
4.00020001 0.01475306 0.00119117 0.00034372 0.00073647 0.00644399 0.40317183 0.06695017 0.23010379 0.02313132 0.04901185 0.03779309 0.16536882 0.01575379
4.10020501 0.01554637 0.00101228 0.00033116 0.00058254 0.00529777 0.40109925 0.07273304 0.23132096 0.01994559 0.04802543 0.03532088 0.16922320 0.01510791
4.20021001 0.01564265 0.00084446 0.00036445 0.00042635 0.00342164 0.40549610 0.07118278 0.22932865 0.01770820 0.04986394 0.03321927 0.17094686 0.01719729
4.30021501 0.01572060 0.00095249 0.00035202 0.00048707 0.00344394 0.40782942 0.06871933 0.23109487 0.01916858 0.04818928 0.03079058 0.17253441 0.01643801
4.40022001 0.01573461 0.00062891 0.00028702 0.00028847 0.00413797 0.40982931 0.06614012 0.23429933 0.01535275 0.04542507 0.03415929 0.17415928 0.01529248
4.50022501 0.01566296 0.00081972 0.00031868 0.00056707 0.00492406 0.40958048 0.06201698 0.23515425 0.01390805 0.04301949 0.03557350 0.17792709 0.01619061
4.60023001 0.01578017 0.00098931 0.00025726 0.00070153 0.00582840 0.41470597 0.05465016 0.23689692 0.01821973 0.03903176 0.03694154 0.17510809 0.01666932
4.70023501 0.01584690 0.00075229 0.00031495 0.00049252 0.00617477 0.41611469 0.05274426 0.23463047 0.01550364 0.04264380 0.03635524 0.17829609 0.01597728
4.80024001 0.01584467 0.00071076 0.00033787 0.00034313 0.00302654 0.41684058 0.05065545 0.24027546 0.01600711 0.04075965 0.03415196 0.18178644 0.01510505
4.90024501 0.01611945 0.00071873 0.00034906 0.00035676 0.00309273 0.42412170 0.05249968 0.23527547 0.01588608 0.03947695 0.03131483 0.18477682 0.01213120
5.00025001 0.01713295 0.00050721 0.00031237 0.00025589 0.00250610 0.42398394 0.05149375 0.23536149 0.01498085 0.03853972 0.03072263 0.18580247 0.01553356
5.10025501 0.01725668 0.00048607 0.00031000 0.00024510 0.00167768 0.42701764 0.05006339 0.23626668 0.01425878 0.04034924 0.02895085 0.18605644 0.01431813
5.20026001 0.01767537 0.00073036 0.00027839 0.00039690 0.00507262 0.42618415 0.04633089 0.24047105 0.01789565 0.03633210 0.02608868 0.18673432 0.01348491
5.30026501 0.01794318 0.00060557 0.00030848 0.00027666 0.00548351 0.43084325 0.04584167 0.23961752 0.01378778 0.03643161 0.02630004 0.19079915 0.00970477
5.40027001 0.01798756 0.00046559 0.00031298 0.00012082 0.00035302 0.43189335 0.04226808 0.24393145 0.01482377 0.03693601 0.02678679 0.19092622 0.01118193
5.50027501 0.01794412 0.00045097 0.00028022 0.00021237 0.00153351 0.43294154 0.03999461 0.24639121 0.01356790 0.03371493 0.02710345 0.19067211 0.01313719
5.60028001 0.01792352 0.00053860 0.00024830 0.00042228 0.00540284 0.44001101 0.03534231 0.24447588 0.01187835 0.03200413 0.02595020 0.19126068 0.01246542
5.70028501 0.01815983 0.00048370 0.00019558 0.00028618 0.00094984 0.44277304 0.03869396 0.24649928 0.01633366 0.02633330 0.02436558 0.19219881 0.01088709
5.80029001 0.01810546 0.00071227 0.00021702 0.00041781 0.00362972 0.43914594 0.04396150 0.24557762 0.01380124 0.02602282 0.02193941 0.19503660 0.00953806
5.90029501 0.01860592 0.00075019 0.00020635 0.00042228 0.00321520 0.44075225 0.04331798 0.24486692 0.01336902 0.02455214 0.02202935 0.19762234 0.00889598
6.00030002 0.01893713 0.00063976 0.00017348 0.00042181 0.00318243 0.44211315 0.04527860 0.24376433 0.01294521 0.02215994 0.02107243 0.19578909 0.01245976
6.10030502 0.01894666 0.00059060 0.00019123 0.00038249 0.00318082 0.44180284 0.04409999 0.24384100 0.01180462 0.02394447 0.01972754 0.19822046 0.01221393
6.20031002 0.01899592 0.00033788 0.00023460 0.00013344 0.00021342 0.44193751 0.04334171 0.24806981 0.01237795 0.02366982 0.01729535 0.20208826 0.01030025
6.30031502 0.01921431 0.00057566 0.00016356 0.00038409 0.00493911 0.44212548 0.04288655 0.24999401 0.01086276 0.02042591 0.01895814 0.19929104 0.00939370
6.40032002 0.01943453 0.00049155 0.00017950 0.00015979 0.00164465 0.44080459 0.04745989 0.24937357 0.01277472 0.02121409 0.01837719 0.19842825 0.00909221
6.50032502 0.01941797 0.00050520 0.00015884 0.00015670 0.00166959 0.44442468 0.04465405 0.25087337 0.01366361 0.01888246 0.01793738 0.19766065 0.00941347
6.60033002 0.01938496 0.00052100 0.00019115 0.00021451 0.00390267 0.44591466 0.04192039 0.25216742 0.01177824 0.01663186 0.01784369 0.20109492 0.00781950
6.70033502 0.01945911 0.00045128 0.00022565 0.00039198 0.00355051 0.44806652 0.03622127 0.25209799 0.00814021 0.02055513 0.01634393 0.20305472 0.01090082
6.80034002 0.02055838 0.00074071 0.00022390 0.00049799 0.00451016 0.44904797 0.03463823 0.25449730 0.01086646 0.02240260 0.01474512 0.19982823 0.00800132
6.90034502 0.02063072 0.00039998 0.00022030 0.00024439 0.00172788 0.45357689 0.03690079 0.25466977 0.00736607 0.02012080 0.01433929 0.20341223 0.00702160
7.00035002 0.02100471 0.00022367 0.00022003 0.00006193 0.00013275 0.45434780 0.03644150 0.25700553 0.00656268 0.02006225 0.01354889 0.20436439 0.00702858
7.10035502 0.02104406 0.00042474 0.00019239 0.00027003 0.00356275 0.45646441 0.03277712 0.25693500 0.00629058 0.01862267 0.01364987 0.20378553 0.00702492
7.20036002 0.02125583 0.00032434 0.00017916 0.00011212 0.00035450 0.45651671 0.03583019 0.25336980 0.00703377 0.01939876 0.01595710 0.20253555 0.00838799
7.30036502 0.02115476 0.00025787 0.00020570 0.00005756 0.00012419 0.46088976 0.03422286 0.25369109 0.00741102 0.02078060 0.01164379 0.20443286 0.00628272
7.40037002 0.02126353 0.00026222 0.00014116 0.00013137 0.00141316 0.46516479 0.03563610 0.25403459 0.00519916 0.01853347 0.01072540 0.20212599 0.00663260
7.50037502 0.02120689 0.00026535 0.00014495 0.00005027 0.00014012 0.46952770 0.03188885 0.25444568 0.00698115 0.01832401 0.01024128 0.20155766 0.00643299
7.60038002 0.02121249 0.00034940 0.00017942 0.00014069 0.00152046 0.46988678 0.02516993 0.25680198 0.00755334 0.01853669 0.01123909 0.20259513 0.00602709
7.70038502 0.02119814 0.00035969 0.00015179 0.00020934 0.00252740 0.47233293 0.02559109 0.25550451 0.00388789 0.01834797 0.01093341 0.20366280 0.00649117
7.80039002 0.02125462 0.00024410 0.00020703 0.00015022 0.00139885 0.47860412 0.02061437 0.25757382 0.00395324 0.01845989 0.00999293 0.20315514 0.00564630
7.90039502 0.02124302 0.00013739 0.00018521 0.00005402 0.00012863 0.48089088 0.02326374 0.25586028 0.00325211 0.02014573 0.01022555 0.20091790 0.00493856
8.00040002 0.02143678 0.00025982 0.00019025 0.00018373 0.00332896 0.48155777 0.02172039 0.25641259 0.00376674 0.01832285 0.00989241 0.19951654 0.00484795
8.10040502 0.02153154 0.00013378 0.00017777 0.00004700 0.00008555 0.48381584 0.02437640 0.25488834 0.00319468 0.01985496 0.00924155 0.19926309 0.00492103
8.20041002 0.02160532 0.00025043 0.00014404 0.00013192 0.00192553 0.48645004 0.02019814 0.25498494 0.00436161 0.01919872 0.00850813 0.19922226 0.00462425
8.30041502 0.02186264 0.00046699 0.00011255 0.00028135 0.00284821 0.48717121 0.01946468 0.25683279 0.00603752 0.01545299 0.00836930 0.19843047 0.00453196
8.40042002 0.02185666 0.00032211 0.00013149 0.00018807 0.00142341 0.49390293 0.02097677 0.25504785 0.00637531 0.01374727 0.00682939 0.19717046 0.00388494
8.50042502 0.02363989 0.00029003 0.00011349 0.00019574 0.00175438 0.49675924 0.01941735 0.25496266 0.00404063 0.01068431 0.01230374 0.19548031 0.00399813
8.60043002 0.02357627 0.00034676 0.00016108 0.00017320 0.00140829 0.49353724 0.02096227 0.25487153 0.00458547 0.01075554 0.01000764 0.19867461 0.00451637
8.70043502 0.02349779 0.00027285 0.00014482 0.00017847 0.00324380 0.49421703 0.01841048 0.25456755 0.00446255 0.01291709 0.00944360 0.19815352 0.00398826
8.80044002 0.02332334 0.00019453 0.00015424 0.00016163 0.00200290 0.49398784 0.02065826 0.25397604 0.00379003 0.01470079 0.00791937 0.19718108 0.00527328
8.90044502 0.02332019 0.00013056 0.00014724 0.00006852 0.00010331 0.49911503 0.01889557 0.25618351 0.00349243 0.01289139 0.00663715 0.19766284 0.00467246
9.00045002 0.02342076 0.00027513 0.00011240 0.00019939 0.00169389 0.50048939 0.01813903 0.25856072 0.00341343 0.01090890 0.00619106 0.19592859 0.00408808
9.10045502 0.02375168 0.00012619 0.00013232 0.00003686 0.00009784 0.50397815 0.01830765 0.26045815 0.00338578 0.00897723 0.00611404 0.19445415 0.00393165
9.20046002 0.02373696 0.00011212 0.00011060 0.00003213 0.00008790 0.50483228 0.01964100 0.26237116 0.00260359 0.00761119 0.00555101 0.19307477 0.00397225
9.30046502 0.02481718 0.00011592 0.00013947 0.00002840 0.00008769 0.50782127 0.01940107 0.25981398 0.00266773 0.00758964 0.00552613 0.19263564 0.00417307
9.40047002 0.02471441 0.00012952 0.00014940 0.00001986 0.00007260 0.51042106 0.01524023 0.25970674 0.00436587 0.00984099 0.00471961 0.19188180 0.00345231
9.50047502 0.02474859 0.00010768 0.00010331 0.00003572 0.00007628 0.51102600 0.01562966 0.25923387 0.00235304 0.01025295 0.00655992 0.19138388 0.00323770
9.60048002 0.02463741 0.00010066 0.00013395 0.00002292 0.00007630 0.51127417 0.01556565 0.26082075 0.00258712 0.01149943 0.00437636 0.19027171 0.00327099
9.70048502 0.02466442 0.00014980 0.00009333 0.00003113 0.00009108 0.51421724 0.01525402 0.25939478 0.00371371 0.01074968 0.00379236 0.18954496 0.00296790
9.80049002 0.02471516 0.00010100 0.00008527 0.00003535 0.00204137 0.51699398 0.01512169 0.25790459 0.00201079 0.01034022 0.00362157 0.18867593 0.00306822
9.90049502 0.02480879 0.00014865 0.00012921 0.00002575 0.00013938 0.51947005 0.01502376 0.25628443 0.00305282 0.01031281 0.00277190 0.18980350 0.00283773
10.00050003 0.02473678 0.00009869 0.00010978 0.00002204 0.00006617 0.51979622 0.01568264 0.25621325 0.00259224 0.01057829 0.00275723 0.18930246 0.00278099
10.10050503 0.02472405 0.00017487 0.00010497 0.00012122 0.00127271 0.51996317 0.01563424 0.25456539 0.00261458 0.01080734 0.00306772 0.18855913 0.00311466
10.20051003 0.02513380 0.00015263 0.00016916 0.00001736 0.00014159 0.51963625 0.01276096 0.25599566 0.00368737 0.00934736 0.00270959 0.19285157 0.00253050
10.30051503 0.02503616 0.00021422 0.00012978 0.00013926 0.00178160 0.52045083 0.01130407 0.25824271 0.00296254 0.00816564 0.00319078 0.19101105 0.00240753
10.40052003 0.02533435 0.00031822 0.00010148 0.00019765 0.00171679 0.52105337 0.00975814 0.25800655 0.00552721 0.00655902 0.00440624 0.18827958 0.00407575
10.50052503 0.02539409 0.00028513 0.00007818 0.00018607 0.00170168 0.52192132 0.01453720 0.25989341 0.00429248 0.00449738 0.00494227 0.18560972 0.00205518
10.60053003 0.02602372 0.00009231 0.00007117 0.00009374 0.00007183 0.52339838 0.01480887 0.25977648 0.00347541 0.00429802 0.00563904 0.18445595 0.00381880
10.70053503 0.02617863 0.00009058 0.00009068 0.00001746 0.00004383 0.52539770 0.01373241 0.25901187 0.00343683 0.00386828 0.00611463 0.18563146 0.00256425
10.80054003 0.02617587 0.00016973 0.00007508 0.00003405 0.00016146 0.52558416 0.01287562 0.25713279 0.00436342 0.00392701 0.00771069 0.18528095 0.00268503
10.90054503 0.02618194 0.00035646 0.00006216 0.00029702 0.00309812 0.52592885 0.01397653 0.25682222 0.00250543 0.00354383 0.00673897 0.18364294 0.00302748
11.00055003 0.02627526 0.00013631 0.00010968 0.00003691 0.00012366 0.52612696 0.01702806 0.25515265 0.00338096 0.00355791 0.00431399 0.18705281 0.00298010
11.10055503 0.02713152 0.00017542 0.00009101 0.00010670 0.00139954 0.52698560 0.01520193 0.25523397 0.00314416 0.00387833 0.00476168 0.18581109 0.00321058
11.20056003 0.02740954 0.00026861 0.00011698 0.00006318 0.00114889 0.52860292 0.01200182 0.25498469 0.00402952 0.00616438 0.00518261 0.18413103 0.00330537
11.30056503 0.02735828 0.00009159 0.00008158 0.00003063 0.00203338 0.52884960 0.01206856 0.25535325 0.00319300 0.00596974 0.00570277 0.18374583 0.00288007
11.40057003 0.02733064 0.00009958 0.00007059 0.00004131 0.00014756 0.53059751 0.01203933 0.25244659 0.00286847 0.00556244 0.00988132 0.18332288 0.00292243
11.50057503 0.02729855 0.00007849 0.00007401 0.00001944 0.00005870 0.53217861 0.01137128 0.25259745 0.00256874 0.00533453 0.00881629 0.18381540 0.00308706
11.60058003 0.02725326 0.00008311 0.00006695 0.00002053 0.00005783 0.53163006 0.01117505 0.25267794 0.00275516 0.00529394 0.00873707 0.18433112 0.00317125
11.70058503 0.02725600 0.00020111 0.00007084 0.00015973 0.00128772 0.53307110 0.01000311 0.25114149 0.00306452 0.00533732 0.00836591 0.18437924 0.00291790
11.80059003 0.02723666 0.00008711 0.00006803 0.00002883 0.00006896 0.53278279 0.01019509 0.25121653 0.00291626 0.00536380 0.00984281 0.18456886 0.00286095
11.90059503 0.02725196 0.00016704 0.00006492 0.00011216 0.00145083 0.53264745 0.00950858 0.25124169 0.00322254 0.00528061 0.00877802 0.18476533 0.00276084
12.00060003 0.02721239 0.00009401 0.00006148 0.00002713 0.00006488 0.53247181 0.01197112 0.25115592 0.00317270 0.00511291 0.00802526 0.18519788 0.00264490
12.10060503 0.02746073 0.00022479 0.00006276 0.00021881 0.00137217 0.53401835 0.01104526 0.24934294 0.00323447 0.00493478 0.00566608 0.18564116 0.00423842
12.20061003 0.02761519 0.00010745 0.00006920 0.00005809 0.00008232 0.53330115 0.01339806 0.24946610 0.00320535 0.00484250 0.00528019 0.18632105 0.00386855
12.30061503 0.02761953 0.00011500 0.00006571 0.00003122 0.00011023 0.53453029 0.01430244 0.24897752 0.00286615 0.00326370 0.00596208 0.18716277 0.00261289
12.40062003 0.02781178 0.00024790 0.00009354 0.00015890 0.00173591 0.53259492 0.01274419 0.24866846 0.00310710 0.00330111 0.00534281 0.18934198 0.00266319
12.50062503 0.02782511 0.00011539 0.00007154 0.00001927 0.00007198 0.53230143 0.01448548 0.24862105 0.00337676 0.00343922 0.00506952 0.18956675 0.00286159
12.60063003 0.02782296 0.00009882 0.00007332 0.00001812 0.00006596 0.53416489 0.01331898 0.24870072 0.00276896 0.00355711 0.00480392 0.18950396 0.00292525
12.70063503 0.02769696 0.00013424 0.00006427 0.00002121 0.00011776 0.53386893 0.01233008 0.24881462 0.00390032 0.00359239 0.00455388 0.18965979 0.00294251
12.80064003 0.02765881 0.00018109 0.00006493 0.00011714 0.00148146 0.53524209 0.01131183 0.24889768 0.00234837 0.00353929 0.00359337 0.19025601 0.00296673
12.90064503 0.02759946 0.00017590 0.00006788 0.00014574 0.00154521 0.53717457 0.01080937 0.24834465 0.00155271 0.00185000 0.00340689 0.19256289 0.00236418
13.00065003 0.02753062 0.00019307 0.00011617 0.00023512 0.00173637 0.53784453 0.00921940 0.24523329 0.00122201 0.00391635 0.00350279 0.19288967 0.00389124
13.10065503 0.02754635 0.00014120 0.00008174 0.00011421 0.00146218 0.54069893 0.00890846 0.24541120 0.00140904 0.00223325 0.00369975 0.19357488 0.00226516
13.20066003 0.02789732 0.00011980 0.00008006 0.00002028 0.00007092 0.53895460 0.01042510 0.24341857 0.00457600 0.00397802 0.00264238 0.19356875 0.00214552
13.30066503 0.02753451 0.00004866 0.00007133 0.00005834 0.00003523 0.54006458 0.01095570 0.24409425 0.00077743 0.00366701 0.00220946 0.19410284 0.00391517
13.40067003 0.02779407 0.00022225 0.00005625 0.00018936 0.00136694 0.53603310 0.01080508 0.24398828 0.00121004 0.00336811 0.00611087 0.19455425 0.00209545
13.50067503 0.02790781 0.00013818 0.00005414 0.00010581 0.00128697 0.53494328 0.01245167 0.24219783 0.00168726 0.00330818 0.00565417 0.19549656 0.00267593
13.60068003 0.02786023 0.00008161 0.00007341 0.00001743 0.00004953 0.53378182 0.01283952 0.24193174 0.00185733 0.00515228 0.00459371 0.19706075 0.00256087
13.70068503 0.02774408 0.00007687 0.00008077 0.00001196 0.00204981 0.53266342 0.01233457 0.24172278 0.00148650 0.00488467 0.00157046 0.20064836 0.00246982
13.80069003 0.02783723 0.00019292 0.00007445 0.00001765 0.00014713 0.53180133 0.01005823 0.24354648 0.00476483 0.00493278 0.00101424 0.20164496 0.00180500
13.90069503 0.02782759 0.00028479 0.00006939 0.00015951 0.00179097 0.53129471 0.00852173 0.24339578 0.00389926 0.00504724 0.00156913 0.20219288 0.00177461
14.00070004 0.02779123 0.00025304 0.00005881 0.00023439 0.00168549 0.53070973 0.00877419 0.24292996 0.00240897 0.00461503 0.00324518 0.20168647 0.00339874
14.10070504 0.02797804 0.00032378 0.00004912 0.00033524 0.00287264 0.53019262 0.01087887 0.24104644 0.00226752 0.00294133 0.00410009 0.20177048 0.00322186
14.20071004 0.02801009 0.00006589 0.00005988 0.00004990 0.00005532 0.52965168 0.01146397 0.24079508 0.00176666 0.00286786 0.00613393 0.20462550 0.00246433
14.30071504 0.02944021 0.00014557 0.00007311 0.00012429 0.00144796 0.52742360 0.01176317 0.24089412 0.00200701 0.00298526 0.00621854 0.20462390 0.00229346
14.40072004 0.02945233 0.00007303 0.00006620 0.00007936 0.00009828 0.52657531 0.01145767 0.24072523 0.00205745 0.00321998 0.00606924 0.20541328 0.00416496
14.50072504 0.02946822 0.00011880 0.00010792 0.00012898 0.00133660 0.52980873 0.00708285 0.24073303 0.00189409 0.00529535 0.00418627 0.20605498 0.00325242
14.60073004 0.02953573 0.00007818 0.00008464 0.00007349 0.00197550 0.53104848 0.00683004 0.24131974 0.00148611 0.00515181 0.00372377 0.20639533 0.00183292
14.70073504 0.03063339 0.00027723 0.00007781 0.00024725 0.00263421 0.53080359 0.00589169 0.24175465 0.00194863 0.00497732 0.00352201 0.20638663 0.00147897
14.80074004 0.03045902 0.00021040 0.00006499 0.00026102 0.00167924 0.52849831 0.00458090 0.24159749 0.00322965 0.00488290 0.00331298 0.20695632 0.00472581
14.90074504 0.03057132 0.00020105 0.00007851 0.00017306 0.00164777 0.52973118 0.00834864 0.24166089 0.00135074 0.00489365 0.00308928 0.20763577 0.00118947
15.00075004 0.03074761 0.00014261 0.00008997 0.00011014 0.00181793 0.53056249 0.00626558 0.24193716 0.00143717 0.00492529 0.00297848 0.20848510 0.00124809
15.10075504 0.03214865 0.00020866 0.00008751 0.00023257 0.00244399 0.52782196 0.00686020 0.24318833 0.00101984 0.00366159 0.00371421 0.20924061 0.00152053
15.20076004 0.03290150 0.00003633 0.00010424 0.00001105 0.00002305 0.52736961 0.00650068 0.24454798 0.00068908 0.00537300 0.00325193 0.21060517 0.00148787
15.30076504 0.03277437 0.00003917 0.00007662 0.00000792 0.00002731 0.52665556 0.00628202 0.24442815 0.00085601 0.00496488 0.00312259 0.21187479 0.00166498
15.40077004 0.03275797 0.00003970 0.00006171 0.00000918 0.00002910 0.52637824 0.00619152 0.24398292 0.00092526 0.00473207 0.00310029 0.21284505 0.00170496
15.50077504 0.03274389 0.00003921 0.00005975 0.00001092 0.00003104 0.52626080 0.00620782 0.24355296 0.00095619 0.00466655 0.00308292 0.21345994 0.00167190
15.60078004 0.03274213 0.00010265 0.00006100 0.00001442 0.00012432 0.52606538 0.00504990 0.24312284 0.00248209 0.00465721 0.00287198 0.21409357 0.00135465
15.70078504 0.03268269 0.00009089 0.00008211 0.00000990 0.00008450 0.52569252 0.00407659 0.24273801 0.00233910 0.00653806 0.00236432 0.21494931 0.00103469
15.80079004 0.03265282 0.00010347 0.00006576 0.00008736 0.00128561 0.52526437 0.00336383 0.24251778 0.00208996 0.00621914 0.00217441 0.21593296 0.00089537
15.90079504 0.03267414 0.00003274 0.00006579 0.00007986 0.00008864 0.52484523 0.00361676 0.24435325 0.00156974 0.00460671 0.00215228 0.21612903 0.00245997
16.00080004 0.03267058 0.00004441 0.00006108 0.00001458 0.00002315 0.52485239 0.00560175 0.24439659 0.00154845 0.00463208 0.00207742 0.21605786 0.00069024
16.10080504 0.03381661 0.00004689 0.00006883 0.00000829 0.00002468 0.52401919 0.00541071 0.24595727 0.00167816 0.00464058 0.00205805 0.21531413 0.00077323
16.20081004 0.03373211 0.00013988 0.00008981 0.00013223 0.00123160 0.52444874 0.00423534 0.24594685 0.00134267 0.00302974 0.00195669 0.21648486 0.00096159
16.30081504 0.03363243 0.00004971 0.00006928 0.00007799 0.00061061 0.52477855 0.00411697 0.24428738 0.00132865 0.00311739 0.00429803 0.21574740 0.00151804
16.40082004 0.03358910 0.00015947 0.00005925 0.00013009 0.00183118 0.52486751 0.00449730 0.24408386 0.00133655 0.00167710 0.00422301 0.21531227 0.00182240
16.50082504 0.03379396 0.00003842 0.00006277 0.00001825 0.00002590 0.52407841 0.00663206 0.24534255 0.00133304 0.00169706 0.00436029 0.21481921 0.00159204
16.60083004 0.03403046 0.00003992 0.00005853 0.00001614 0.00002325 0.52249514 0.00644296 0.24499342 0.00142793 0.00362920 0.00453928 0.21482371 0.00151052
16.70083504 0.03391077 0.00005231 0.00005807 0.00002244 0.00004111 0.52278978 0.00625882 0.24309065 0.00152133 0.00322135 0.00655171 0.21484014 0.00155228
16.80084004 0.03376188 0.00005288 0.00004400 0.00001898 0.00003107 0.52338356 0.00817327 0.24315677 0.00156884 0.00285306 0.00450426 0.21456261 0.00165070
16.90084504 0.03380155 0.00005334 0.00006665 0.00002419 0.00002252 0.52262884 0.00935033 0.24270239 0.00145763 0.00464166 0.00383345 0.21396046 0.00125855
17.00085004 0.03377158 0.00005667 0.00005282 0.00001330 0.00002958 0.52321060 0.00897834 0.24268590 0.00177646 0.00435991 0.00359265 0.21369078 0.00155299
17.10085504 0.03536150 0.00013163 0.00005252 0.00008960 0.00129978 0.52214093 0.00871845 0.24245144 0.00231962 0.00423290 0.00347463 0.21312221 0.00196629
17.20086004 0.03530046 0.00007265 0.00006237 0.00000912 0.00004691 0.52417289 0.00864981 0.24217499 0.00222611 0.00430952 0.00311522 0.21328023 0.00188018
17.30086504 0.03534205 0.00005710 0.00011400 0.00000983 0.00004050 0.52414456 0.00781505 0.24038296 0.00158568 0.00827539 0.00266584 0.21308310 0.00182600
17.40087004 0.03531149 0.00005634 0.00006986 0.00001133 0.00004118 0.52453796 0.00977263 0.24038288 0.00156131 0.00617114 0.00274962 0.21283816 0.00180759
17.50087504 0.03528754 0.00009043 0.00005706 0.00001472 0.00202618 0.52721815 0.00774363 0.24053811 0.00239560 0.00428640 0.00210622 0.21190028 0.00162322
17.60088004 0.03533025 0.00018765 0.00005717 0.00011802 0.00132533 0.52816997 0.00751232 0.24073414 0.00249047 0.00420380 0.00246913 0.21083491 0.00189707
17.70088504 0.03527955 0.00016115 0.00005776 0.00009222 0.00139685 0.52892756 0.00742219 0.24082514 0.00236999 0.00428132 0.00258291 0.20990822 0.00197471
17.80089004 0.03521109 0.00011159 0.00006788 0.00002135 0.00015338 0.53143235 0.00506489 0.24073789 0.00312860 0.00437034 0.00419356 0.20939154 0.00132662
17.90089504 0.03514884 0.00002285 0.00009079 0.00008143 0.00009071 0.53173491 0.00465344 0.24245790 0.00032958 0.00636952 0.00182080 0.20934688 0.00300119
18.00090005 0.03512330 0.00014807 0.00006363 0.00018690 0.00327701 0.53030988 0.00497970 0.24205215 0.00069216 0.00443743 0.00217562 0.20913691 0.00254054
18.10090505 0.03507799 0.00002547 0.00008549 0.00003462 0.00003641 0.53108192 0.00552167 0.24377252 0.00047109 0.00450100 0.00219792 0.21055906 0.00171283
18.20091005 0.03633234 0.00011821 0.00007927 0.00012704 0.00146495 0.53075425 0.00471357 0.24556901 0.00050099 0.00470942 0.00191806 0.20888805 0.00115718
18.30091505 0.03638561 0.00009194 0.00009891 0.00001743 0.00012549 0.53202476 0.00496006 0.24389262 0.00217882 0.00482677 0.00163389 0.20915694 0.00099237
18.40092005 0.03628151 0.00003499 0.00011749 0.00000623 0.00002153 0.53336785 0.00396156 0.24389338 0.00155869 0.00689942 0.00159860 0.20772186 0.00081840
18.50092505 0.03625872 0.00001878 0.00008283 0.00006896 0.00008772 0.53452636 0.00283299 0.24389654 0.00099769 0.00671028 0.00157835 0.20678399 0.00241551
18.60093005 0.03624568 0.00001882 0.00007276 0.00000355 0.00001429 0.53728327 0.00283675 0.24576939 0.00094497 0.00485535 0.00157527 0.20601923 0.00060635
18.70093505 0.03618681 0.00002499 0.00006625 0.00000377 0.00001621 0.53796090 0.00280417 0.24558570 0.00098327 0.00482440 0.00156405 0.20556276 0.00060353
18.80094005 0.03614623 0.00002827 0.00006483 0.00000394 0.00001758 0.53877147 0.00276347 0.24549224 0.00100881 0.00485977 0.00156922 0.20481169 0.00060872
18.90094505 0.03612450 0.00001937 0.00008622 0.00000257 0.00001022 0.53983873 0.00140606 0.24555105 0.00080676 0.00679148 0.00141410 0.20373251 0.00034092
19.00095005 0.03610901 0.00001759 0.00006598 0.00000297 0.00000976 0.54108904 0.00138576 0.24572227 0.00075134 0.00645542 0.00147377 0.20266729 0.00035882
19.10095505 0.03607708 0.00001569 0.00006028 0.00000327 0.00000938 0.54221644 0.00140796 0.24580489 0.00068650 0.00619572 0.00150207 0.20172268 0.00037513
19.20096005 0.03597029 0.00002311 0.00005433 0.00001186 0.00001154 0.54287512 0.00146157 0.24760181 0.00063073 0.00291805 0.00346861 0.20055069 0.00039258
19.30096505 0.03593111 0.00002006 0.00005590 0.00000648 0.00001358 0.54341412 0.00152688 0.24722717 0.00071794 0.00297820 0.00319473 0.20032461 0.00052032
19.40097005 0.03588589 0.00002070 0.00005640 0.00000355 0.00001363 0.54388298 0.00159717 0.24682348 0.00082854 0.00299899 0.00293306 0.20023816 0.00060336
19.50097505 0.03586324 0.00002198 0.00007502 0.00000446 0.00001370 0.54443389 0.00169753 0.24651453 0.00092246 0.00133067 0.00274144 0.20164588 0.00059844
19.60098005 0.03578968 0.00009942 0.00004823 0.00009018 0.00137566 0.54715084 0.00185633 0.24481504 0.00120476 0.00127584 0.00265498 0.19871004 0.00071867
19.70098505 0.03574732 0.00002522 0.00006632 0.00000532 0.00001818 0.54810252 0.00206990 0.24485818 0.00109670 0.00130468 0.00227263 0.19966829 0.00051205
19.80099005 0.03568161 0.00009322 0.00005695 0.00007670 0.00186329 0.54910176 0.00192563 0.24498381 0.00072859 0.00146608 0.00093950 0.19839140 0.00037307
19.90099505 0.03570582 0.00002219 0.00005957 0.00007009 0.00008467 0.55185540 0.00081817 0.24544415 0.00074491 0.00156651 0.00040749 0.19707435 0.00185249
20.00100005 0.03659664 0.00014059 0.00007069 0.00016009 0.00149691 0.55036103 0.00110625 0.24345072 0.00092672 0.00126926 0.00269989 0.19684829 0.00146955
20.10100505 0.03658169 0.00003597 0.00008008 0.00003586 0.00002752 0.55060827 0.00344473 0.24318280 0.00097645 0.00321965 0.00268545 0.19490919 0.00079401
20.20101005 0.03657235 0.00015386 0.00005902 0.00015936 0.00156023 0.55107018 0.00283153 0.24309032 0.00047749 0.00302436 0.00224284 0.19475611 0.00057467
20.30101505 0.03654462 0.00015431 0.00004623 0.00001970 0.00012432 0.55015959 0.00330562 0.24306557 0.00400867 0.00266541 0.00205138 0.19406321 0.00033600
20.40102005 0.03654223 0.00007855 0.00004513 0.00000721 0.00003826 0.55106751 0.00359626 0.24312528 0.00326919 0.00256742 0.00247839 0.19319466 0.00053214
20.50102505 0.03643986 0.00003171 0.00005448 0.00001356 0.00199845 0.55388378 0.00189427 0.24312303 0.00149072 0.00258756 0.00215445 0.19235115 0.00041686
20.60103005 0.03664307 0.00014240 0.00009120 0.00013408 0.00152531 0.55624084 0.00162341 0.24141825 0.00068299 0.00463289 0.00140812 0.19161683 0.00048369
20.70103505 0.03660967 0.00002881 0.00007135 0.00001363 0.00005866 0.55820721 0.00179082 0.23966428 0.00067820 0.00447181 0.00301963 0.19158535 0.00041024
20.80104005 0.03659001 0.00009325 0.00005708 0.00008663 0.00127835 0.55629174 0.00194787 0.23945166 0.00116225 0.00420431 0.00271809 0.19199522 0.00071355
20.90104505 0.03668144 0.00004126 0.00006167 0.00001364 0.00006377 0.55614817 0.00209006 0.23968989 0.00109679 0.00415629 0.00411434 0.19194398 0.00058014
21.00105005 0.03672532 0.00014722 0.00005598 0.00013334 0.00124532 0.55628439 0.00223796 0.23768473 0.00168210 0.00417402 0.00376383 0.19180088 0.00079023
21.10105505 0.03661968 0.00005100 0.00005609 0.00001527 0.00002398 0.55661470 0.00438624 0.23774210 0.00158238 0.00421233 0.00325841 0.19137477 0.00068272
21.20106005 0.03658004 0.00004911 0.00005569 0.00000979 0.00002562 0.55696826 0.00441728 0.23780704 0.00177123 0.00422099 0.00299846 0.19094802 0.00072851
21.30106505 0.03652689 0.00005186 0.00005529 0.00000703 0.00002775 0.55714517 0.00436594 0.23779595 0.00189727 0.00419948 0.00282033 0.19080410 0.00082981
21.40107005 0.03648422 0.00005257 0.00005533 0.00000564 0.00002940 0.55705904 0.00432305 0.23768645 0.00191074 0.00417157 0.00275104 0.19102761 0.00092756
21.50107505 0.03654755 0.00004737 0.00006278 0.00001537 0.00002069 0.55672443 0.00557842 0.23790739 0.00125051 0.00415676 0.00218233 0.19114865 0.00090531
21.60108005 0.03650648 0.00003802 0.00006037 0.00000928 0.00001946 0.55652029 0.00528824 0.23768224 0.00118998 0.00419761 0.00243083 0.19153948 0.00102420
21.70108505 0.03647522 0.00003610 0.00005927 0.00000768 0.00002045 0.55652923 0.00501493 0.23752070 0.00117882 0.00422916 0.00260268 0.19166165 0.00113934
21.80109005 0.03647228 0.00003535 0.00009136 0.00000765 0.00002304 0.55669546 0.00490685 0.23577086 0.00117733 0.00610236 0.00265304 0.19133995 0.00119674
21.90109505 0.03642775 0.00017129 0.00005419 0.00014604 0.00156065 0.55695033 0.00492238 0.23574016 0.00125968 0.00411753 0.00266325 0.19113779 0.00127672
22.00110006 0.03952669 0.00010204 0.00006846 0.00001787 0.00014134 0.55402955 0.00393759 0.23945761 0.00299975 0.00408810 0.00392543 0.19035628 0.00087598
22.10110506 0.03948612 0.00006456 0.00006163 0.00000793 0.00003121 0.55381537 0.00422651 0.23901928 0.00267544 0.00414052 0.00398114 0.19096319 0.00101321
22.20111006 0.03941569 0.00004996 0.00006122 0.00000647 0.00003272 0.55333959 0.00441380 0.23852925 0.00231664 0.00417677 0.00408485 0.19189317 0.00109556
22.30111506 0.03933267 0.00004872 0.00006068 0.00000728 0.00002897 0.55279607 0.00441160 0.23815238 0.00219610 0.00415621 0.00419379 0.19283466 0.00111353
22.40112006 0.03923788 0.00038971 0.00005097 0.00036798 0.00435832 0.55211465 0.00329995 0.23823129 0.00254349 0.00091436 0.00393173 0.19268873 0.00110881
22.50112506 0.03919657 0.00019607 0.00005413 0.00015604 0.00160600 0.55389279 0.00330376 0.23804212 0.00219178 0.00091137 0.00565877 0.19309958 0.00088757
22.60113006 0.03929917 0.00010039 0.00005477 0.00001369 0.00009918 0.55561281 0.00398807 0.23807429 0.00271999 0.00090804 0.00423037 0.19335009 0.00084831
22.70113506 0.03980272 0.00016246 0.00006321 0.00015248 0.00154615 0.55821604 0.00287253 0.23748043 0.00105374 0.00104127 0.00363525 0.19319905 0.00057741
22.80114006 0.03968952 0.00003323 0.00005362 0.00001296 0.00001360 0.55721824 0.00485009 0.23732332 0.00124364 0.00117091 0.00323300 0.19423391 0.00061349
22.90114506 0.03972678 0.00004298 0.00005846 0.00000661 0.00002104 0.55593253 0.00472263 0.23755552 0.00158487 0.00119407 0.00282131 0.19525942 0.00080055
23.00115006 0.03971780 0.00013121 0.00005036 0.00010179 0.00181535 0.55479555 0.00389271 0.23736342 0.00113063 0.00118545 0.00207393 0.19660522 0.00085438
23.10115506 0.03969139 0.00017340 0.00004614 0.00014626 0.00174562 0.55382644 0.00448183 0.23562186 0.00115139 0.00116868 0.00356854 0.19733688 0.00073297
23.20116006 0.03956254 0.00029605 0.00006062 0.00029093 0.00286927 0.55318801 0.00543103 0.23398922 0.00116864 0.00299394 0.00118795 0.19776821 0.00075613
23.30116506 0.03945818 0.00023633 0.00004464 0.00022335 0.00316076 0.55287685 0.00638615 0.23401821 0.00070319 0.00265651 0.00050807 0.19840379 0.00078215
23.40117006 0.03947306 0.00010267 0.00004236 0.00001746 0.00011943 0.55250098 0.00591183 0.23395680 0.00239488 0.00248840 0.00241416 0.19901146 0.00103957
23.50117506 0.03941238 0.00016202 0.00004583 0.00014710 0.00126161 0.55187877 0.00543368 0.23376314 0.00106317 0.00248806 0.00254504 0.19982421 0.00138738
23.60118006 0.03939032 0.00004562 0.00004961 0.00008829 0.00054913 0.55102248 0.00525769 0.23348808 0.00114719 0.00254579 0.00299858 0.20089404 0.00191349
23.70118506 0.03935627 0.00007839 0.00005615 0.00000770 0.00001921 0.55205964 0.00356857 0.23323513 0.00248371 0.00260782 0.00271745 0.20204126 0.00112497
23.80119006 0.03934302 0.00002574 0.00005267 0.00001297 0.00001685 0.55121548 0.00546260 0.23308995 0.00059492 0.00264742 0.00273939 0.20299448 0.00114752
23.90119506 0.03926969 0.00013147 0.00004891 0.00011303 0.00179494 0.55067062 0.00427669 0.23306180 0.00074397 0.00263217 0.00203357 0.20358651 0.00090634
24.00120006 0.03924830 0.00002609 0.00005668 0.00001263 0.00001748 0.55032301 0.00475776 0.23508744 0.00069295 0.00258967 0.00178739 0.20394320 0.00070569
24.10120506 0.03918193 0.00002962 0.00006289 0.00000756 0.00002051 0.54987410 0.00475589 0.23500883 0.00089741 0.00109073 0.00150777 0.20596345 0.00078124
24.20121006 0.03883594 0.00010320 0.00005624 0.00007205 0.00188813 0.54920851 0.00475011 0.23330817 0.00108764 0.00131773 0.00123710 0.20610935 0.00086176
24.30121506 0.03872089 0.00003276 0.00008598 0.00000372 0.00002368 0.55030055 0.00334694 0.23320224 0.00099893 0.00146210 0.00096531 0.20894913 0.00062865
24.40122006 0.03864895 0.00020571 0.00006768 0.00015281 0.00163165 0.54921404 0.00257189 0.23157511 0.00232838 0.00164903 0.00050942 0.20949415 0.00060015
24.50122506 0.03853855 0.00011170 0.00005979 0.00010187 0.00141644 0.54842115 0.00450216 0.23165687 0.00056847 0.00176871 0.00052972 0.21009348 0.00076964
24.60123006 0.03864332 0.00002614 0.00005713 0.00007296 0.00005043 0.54788492 0.00438634 0.23214810 0.00051493 0.00177731 0.00049667 0.21013254 0.00245254
24.70123506 0.03860514 0.00007786 0.00004845 0.00004609 0.00011293 0.54768631 0.00329220 0.23221123 0.00226988 0.00170083 0.00061217 0.21035318 0.00158888
24.80124006 0.03858146 0.00002623 0.00004337 0.00003429 0.00002670 0.54748744 0.00559560 0.23221261 0.00048133 0.00158834 0.00085315 0.21066824 0.00098271
24.90124506 0.03857613 0.00002738 0.00004265 0.00007972 0.00007958 0.54706188 0.00445527 0.23208717 0.00050705 0.00151026 0.00038039 0.21129804 0.00247060
25.00125006 0.03851764 0.00002842 0.00004415 0.00004289 0.00003547 0.54637243 0.00445809 0.23184157 0.00048554 0.00146520 0.00088422 0.21227665 0.00206536
25.10125506 0.03905872 0.00001503 0.00006992 0.00000187 0.00000835 0.54640485 0.00252577 0.23304704 0.00023657 0.00343209 0.00056554 0.21304609 0.00064687
25.20126006 0.03900511 0.00001181 0.00006271 0.00000279 0.00000830 0.54572757 0.00237668 0.23275463 0.00016247 0.00322310 0.00076248 0.21423199 0.00067547
25.30126506 0.03906492 0.00012107 0.00004835 0.00013537 0.00122766 0.54526336 0.00228668 0.23100350 0.00041002 0.00294425 0.00105232 0.21474055 0.00076687
25.40127006 0.03912873 0.00000790 0.00005086 0.00007715 0.00005354 0.54697899 0.00231287 0.22933403 0.00009410 0.00284601 0.00110149 0.21479011 0.00235295
25.50127506 0.03921333 0.00000840 0.00007516 0.00004530 0.00002747 0.54560067 0.00265280 0.22871649 0.00010285 0.00288684 0.00144201 0.21672083 0.00172118
25.60128006 0.03979464 0.00001577 0.00007044 0.00003804 0.00005423 0.54355440 0.00313737 0.22898109 0.00013576 0.00310370 0.00358343 0.21629037 0.00103541
25.70128506 0.03983472 0.00010677 0.00006528 0.00012310 0.00145677 0.54307108 0.00227579 0.22881472 0.00034266 0.00330268 0.00300810 0.21674624 0.00068681
