0.00000000 14.00000000 0.00000000 0.00000000 0.00000000 0.00000000 0.00000000 0.00000000 0.00000000 1.00000000 0.00000000 0.00000000 0.00000000 0.00000000
0.10000500 13.97401852 0.02765816 0.00127237 0.00860567 0.09335382 0.12556914 0.16078084 0.02235977 0.40635463 0.03351328 0.08045537 0.01328544 0.02679151
0.20001000 13.95480897 0.01020956 0.00156616 0.00688462 0.06394171 0.15292570 0.24195267 0.04208485 0.20336037 0.06724327 0.13702947 0.03418003 0.03862160
0.30001500 13.93770933 0.00462047 0.00159652 0.00311070 0.02351452 0.16836547 0.23824953 0.07358314 0.14312807 0.08348505 0.16410129 0.05296983 0.04327542
0.40002000 13.92240209 0.00498561 0.00140157 0.00251894 0.02023993 0.16816714 0.21103376 0.08371091 0.13839550 0.08345791 0.18100432 0.06526247 0.03982194
0.50002500 13.89843718 0.00619938 0.00162075 0.00296258 0.02762094 0.17512307 0.16767869 0.08257706 0.14030721 0.09583818 0.18674314 0.07484094 0.03848806
0.60003000 13.87929853 0.00568667 0.00146576 0.00312588 0.02324918 0.19610625 0.13714697 0.09942559 0.12410091 0.09685315 0.19172282 0.07614925 0.04496757
0.70003500 13.86438070 0.00443474 0.00135493 0.00215168 0.02356434 0.19541489 0.13365053 0.11167326 0.10657178 0.10155628 0.19774956 0.07800064 0.04387738
0.80004000 13.85204107 0.00302688 0.00135789 0.00169497 0.01507576 0.21364882 0.12401116 0.13327709 0.08739923 0.09722654 0.19318362 0.08448965 0.04560837
0.90004500 13.83525245 0.00382896 0.00126277 0.00251980 0.02071807 0.21776468 0.12206437 0.13571184 0.08144025 0.09972070 0.18848682 0.08154001 0.04494173
1.00005000 13.82128174 0.00364351 0.00138361 0.00226504 0.02190090 0.22586514 0.12475687 0.14189794 0.07780388 0.10150735 0.17832399 0.08134597 0.03930580
1.10005500 13.80891249 0.00313658 0.00148299 0.00174017 0.01297001 0.23469228 0.12326548 0.14858561 0.07297788 0.11108889 0.16723675 0.08415024 0.03867312
1.20006000 13.79867829 0.00384213 0.00133592 0.00182236 0.01516581 0.23266440 0.12483952 0.15383153 0.08329049 0.10779775 0.14817033 0.08637040 0.04086936
1.30006500 13.78108831 0.00348144 0.00135570 0.00197815 0.02105058 0.23872812 0.12302551 0.16042546 0.07888062 0.10912990 0.13429694 0.08836081 0.03928676
1.40007000 13.76639082 0.00389451 0.00126276 0.00188834 0.01621832 0.25390145 0.12449758 0.16659487 0.08637713 0.10479438 0.11745683 0.08944654 0.03366730
1.50007500 13.75196947 0.00405812 0.00132025 0.00211305 0.02021549 0.27157087 0.12996323 0.17328200 0.08683684 0.09850037 0.09801473 0.08732651 0.02679854
1.60008000 13.74094171 0.00388027 0.00123347 0.00203808 0.01529129 0.27527564 0.13203675 0.18672688 0.08804899 0.09716490 0.08793448 0.08559911 0.02477014
1.70008500 13.72600921 0.00347208 0.00135027 0.00196796 0.02038918 0.28895551 0.12704552 0.17845622 0.07844871 0.10436580 0.08233659 0.08487220 0.02833997
1.80009000 13.70773694 0.00289315 0.00145455 0.00156411 0.01479246 0.29525228 0.13107820 0.17997185 0.07045350 0.10767415 0.07784878 0.08564717 0.03136980
1.90009500 13.69077191 0.00365997 0.00153558 0.00220376 0.01713794 0.30160004 0.11817522 0.17836073 0.06382178 0.10607240 0.08021081 0.09443125 0.03279051
2.00010001 13.68016450 0.00268717 0.00140851 0.00151633 0.01160159 0.31256534 0.10373801 0.18389573 0.05448882 0.10043982 0.09507668 0.09969060 0.03289140
2.10010501 13.66809818 0.00272951 0.00133238 0.00140526 0.01215315 0.31356485 0.09343218 0.19395250 0.05800792 0.09561239 0.09791751 0.10353788 0.02635447
2.20011001 13.65195714 0.00291272 0.00126835 0.00193129 0.01954106 0.31480190 0.09397475 0.19346803 0.05173765 0.09178395 0.09414860 0.10067776 0.03375393
2.30011501 13.63375066 0.00224578 0.00132646 0.00154240 0.00785640 0.31811039 0.10224951 0.20405764 0.04635460 0.09342359 0.09081410 0.09708192 0.03493722
2.40012001 13.61994757 0.00246098 0.00123856 0.00142321 0.01104478 0.32007452 0.11380824 0.20831922 0.04337430 0.09177170 0.07971886 0.09659601 0.03016962
2.50012501 13.60406927 0.00208605 0.00138529 0.00121627 0.00498291 0.31943973 0.10882508 0.22072239 0.04659095 0.08894004 0.07526603 0.09751255 0.03303270
2.60013001 13.58977591 0.00313940 0.00134691 0.00210052 0.01630423 0.32835374 0.10033058 0.22529442 0.04483386 0.08463940 0.06781142 0.09836552 0.02748000
2.70013501 13.57388929 0.00254107 0.00135543 0.00168904 0.01001923 0.32874548 0.09605683 0.22897600 0.04242399 0.08904524 0.06748541 0.10387784 0.02778442
2.80014001 13.56414441 0.00213532 0.00117356 0.00119114 0.01077335 0.32725156 0.09794208 0.23816445 0.04557209 0.08210121 0.06546864 0.10130922 0.02691738
2.90014501 13.55028226 0.00294919 0.00117221 0.00197134 0.01456662 0.33162326 0.09300310 0.24353179 0.04595886 0.08293805 0.06065224 0.09873469 0.02289864
3.00015001 13.53158420 0.00292926 0.00122093 0.00226864 0.01773308 0.34086701 0.08761079 0.24060591 0.03857607 0.07708339 0.06266338 0.10222275 0.02621877
3.10015501 13.51881641 0.00185021 0.00132708 0.00126925 0.01176273 0.34871967 0.09079370 0.24157121 0.03676540 0.07562410 0.05834480 0.10475794 0.02721392
3.20016001 13.50461844 0.00235600 0.00131581 0.00142299 0.01187755 0.34708572 0.08880380 0.24948870 0.03792220 0.07196229 0.06159966 0.10414749 0.02201780
3.30016501 13.48578332 0.00200604 0.00136929 0.00118215 0.01131280 0.33921804 0.09080330 0.24953166 0.03818194 0.07534243 0.06047791 0.10453859 0.02603586
3.40017001 13.47433379 0.00200086 0.00135424 0.00088013 0.00802768 0.33823261 0.09349153 0.25343491 0.03754897 0.07620512 0.05417867 0.11277312 0.02187217
3.50017501 13.45291991 0.00206521 0.00147672 0.00120735 0.00767446 0.34005759 0.08627464 0.25285868 0.03447184 0.08135702 0.05509011 0.11424999 0.02321639
3.60018001 13.44190252 0.00166205 0.00123017 0.00074224 0.00485414 0.34683338 0.08291409 0.25985324 0.03437316 0.07917656 0.05900608 0.10890666 0.02044824
3.70018501 13.42233185 0.00181228 0.00121272 0.00124103 0.00944491 0.34964567 0.07966211 0.26180728 0.03181450 0.07712365 0.05820155 0.10621068 0.02182363
3.80019001 13.40425378 0.00165301 0.00129400 0.00070588 0.00552994 0.35254730 0.08175139 0.26304419 0.03341955 0.08457349 0.05188824 0.10454102 0.01905199
3.90019501 13.39358712 0.00179182 0.00130346 0.00115452 0.00803862 0.34678865 0.08006445 0.27072790 0.02879795 0.07858492 0.05348114 0.10659507 0.02267152
4.00020001 13.38813504 0.00203744 0.00130732 0.00118981 0.00930178 0.34840225 0.07929913 0.26695263 0.02943769 0.07844425 0.05033110 0.11089355 0.02240305
4.10020501 13.37545340 0.00176972 0.00131619 0.00089018 0.01067567 0.34290174 0.07053870 0.26383870 0.03243596 0.07596978 0.05406316 0.11997358 0.02562660
4.20021001 13.36161104 0.00218845 0.00133675 0.00144618 0.01753550 0.34231345 0.06291934 0.26355672 0.02965827 0.07582719 0.05380727 0.12296588 0.02644500
4.30021501 13.35451312 0.00234077 0.00125832 0.00225896 0.01805324 0.34541070 0.06534593 0.26599161 0.02550246 0.07678938 0.05317898 0.12054999 0.02331966
4.40022001 13.34319325 0.00176326 0.00124015 0.00146601 0.01417282 0.35095578 0.06795829 0.26742233 0.02483457 0.07858464 0.05092422 0.11779710 0.02288082
4.50022501 13.33069795 0.00102325 0.00135054 0.00047796 0.00786838 0.35920350 0.06654450 0.27754503 0.02665464 0.07567172 0.04870801 0.11822922 0.01672325
4.60023001 13.31539992 0.00144431 0.00141751 0.00090521 0.01095178 0.35473123 0.06168817 0.27880589 0.02976063 0.07534603 0.04781138 0.11969935 0.01743852
4.70023501 13.29505326 0.00134319 0.00151509 0.00097627 0.00569670 0.34713478 0.06690131 0.27843990 0.02540427 0.07996140 0.04902762 0.12094883 0.02265065
4.80024001 13.28031531 0.00169145 0.00162280 0.00106701 0.00897453 0.35008854 0.05691074 0.27356470 0.02551030 0.07892735 0.04643582 0.13379662 0.02141015
4.90024501 13.26797820 0.00121753 0.00155987 0.00095617 0.00516653 0.35394343 0.05676404 0.26856622 0.02744519 0.08491805 0.04265917 0.13301243 0.02379138
5.00025001 13.24818987 0.00162095 0.00154185 0.00123486 0.00801652 0.35417619 0.05818106 0.27135135 0.02504511 0.08482824 0.04287356 0.13210237 0.01902793
5.10025501 13.23805479 0.00135022 0.00136448 0.00098437 0.00572338 0.35508404 0.05919871 0.27704447 0.02528749 0.08747360 0.04160018 0.12703340 0.01785565
5.20026001 13.21873628 0.00144588 0.00148909 0.00124126 0.00688022 0.35143750 0.06143087 0.28479923 0.02407547 0.08452257 0.03972018 0.12575161 0.01720611
5.30026501 13.20068465 0.00164768 0.00144016 0.00099225 0.00820672 0.34544973 0.06379930 0.28620162 0.02819527 0.08210097 0.04339310 0.12480752 0.01376568
5.40027001 13.18086491 0.00181672 0.00158743 0.00112034 0.00931044 0.34222324 0.05835144 0.28311026 0.02807283 0.08576141 0.04347842 0.12731767 0.01784981
5.50027501 13.16828469 0.00132567 0.00160459 0.00071598 0.00404089 0.34010768 0.06036108 0.28529523 0.02396408 0.08852392 0.04483555 0.13046858 0.01875674
5.60028001 13.15198632 0.00152534 0.00149816 0.00120297 0.01170872 0.34138799 0.05382298 0.28186582 0.02256319 0.08482038 0.04769335 0.13242766 0.01948347
5.70028501 13.14254024 0.00096194 0.00147741 0.00078702 0.00715113 0.34418842 0.05439527 0.27789301 0.02439877 0.08099023 0.04877117 0.13945094 0.01953469
5.80029001 13.12166491 0.00169121 0.00143080 0.00134190 0.00908000 0.34571979 0.05675418 0.28410422 0.02517246 0.07780071 0.04507745 0.13494449 0.01688282
5.90029501 13.11116108 0.00145677 0.00144308 0.00100943 0.01195890 0.34898614 0.06028275 0.28551210 0.02317490 0.08041885 0.04248451 0.13163983 0.01163273
6.00030002 13.09887997 0.00094946 0.00148941 0.00066726 0.00291589 0.35519768 0.06075423 0.27871915 0.02366332 0.08393181 0.04376768 0.13066196 0.01728215
6.10030502 13.08325009 0.00164195 0.00150916 0.00106923 0.00816766 0.35959960 0.06279340 0.27531166 0.02136109 0.08078080 0.03671572 0.13679878 0.01425095
6.20031002 13.07332287 0.00158076 0.00142716 0.00099701 0.00830257 0.36242555 0.05517335 0.27537079 0.02570174 0.07659557 0.03423062 0.14218093 0.01601395
6.30031502 13.04983132 0.00233055 0.00151537 0.00182345 0.01455817 0.35259515 0.05588220 0.26712892 0.02307054 0.07914061 0.03753113 0.14961994 0.01480396
6.40032002 13.03352608 0.00228118 0.00161009 0.00152835 0.01270703 0.34914666 0.05617841 0.27054254 0.02427474 0.08462585 0.03692361 0.14807486 0.01210667
6.50032502 13.01881335 0.00128197 0.00151615 0.00085779 0.01020500 0.34874349 0.05387460 0.28824156 0.02168550 0.07767713 0.03814185 0.14382167 0.01395330
6.60033002 13.01212138 0.00115257 0.00162919 0.00073628 0.00575409 0.35620653 0.05061468 0.28875180 0.01945290 0.08047707 0.03822766 0.14493542 0.01206181
6.70033502 12.99933698 0.00067962 0.00162559 0.00044360 0.00376824 0.35593041 0.04777325 0.29652770 0.01831046 0.08002885 0.03986067 0.13988745 0.01516417
6.80034002 12.98263241 0.00100352 0.00152863 0.00069509 0.00326519 0.34926395 0.04633736 0.29551960 0.02062756 0.07898872 0.03852992 0.14469910 0.01954137
6.90034502 12.96667379 0.00129050 0.00153192 0.00078710 0.00786235 0.34449588 0.04835161 0.30032705 0.02326318 0.07477767 0.03484431 0.14686748 0.01560095
7.00035002 12.94317831 0.00197078 0.00154013 0.00166437 0.01155187 0.34180301 0.04608448 0.29572957 0.02165175 0.07485496 0.04158713 0.14607232 0.01548961
7.10035502 12.92565179 0.00173235 0.00155237 0.00118322 0.01041647 0.33864645 0.05226751 0.29142063 0.02507473 0.07294683 0.04081378 0.14943371 0.01451194
7.20036002 12.91363356 0.00166685 0.00154829 0.00142840 0.00946862 0.34369283 0.05803769 0.28805280 0.02253962 0.07077382 0.03672982 0.14793226 0.01812899
7.30036502 12.89976796 0.00142965 0.00159047 0.00121058 0.00702846 0.35386432 0.05941113 0.29003252 0.02224540 0.06661882 0.03412991 0.14589388 0.01654486
7.40037002 12.88492844 0.00105281 0.00156836 0.00068492 0.00706797 0.35563201 0.06021966 0.29473379 0.02166392 0.06573161 0.03300214 0.14433422 0.01430858
7.50037502 12.86773772 0.00146263 0.00160537 0.00107300 0.01179845 0.35273487 0.05413535 0.29791368 0.02132058 0.06882079 0.03036249 0.14492529 0.01384750
7.60038002 12.85663423 0.00130059 0.00157223 0.00076544 0.00585772 0.34262421 0.05662657 0.29680331 0.02554452 0.07463101 0.03581448 0.14436925 0.01409068
7.70038502 12.83885535 0.00131519 0.00162345 0.00078390 0.00602684 0.34268761 0.05342364 0.29097510 0.02585759 0.07614837 0.03575884 0.15056548 0.01483400
7.80039002 12.82053648 0.00149343 0.00145500 0.00077038 0.00495425 0.33337849 0.05657333 0.29246855 0.02922928 0.07435898 0.03798871 0.15033897 0.01699061
7.90039502 12.80644411 0.00147751 0.00132976 0.00103070 0.00918258 0.33200337 0.05805441 0.29426693 0.02595505 0.07312192 0.04430541 0.14327802 0.01599435
8.00040002 12.78792337 0.00153502 0.00137291 0.00104223 0.00726662 0.33427511 0.05544882 0.30134308 0.02638874 0.07221871 0.04608521 0.13679018 0.01623335
8.10040502 12.76542403 0.00148583 0.00156473 0.00113659 0.01095430 0.34116664 0.05098732 0.29657934 0.02344347 0.07169019 0.04531000 0.13899910 0.01668250
8.20041002 12.74216557 0.00140060 0.00153662 0.00123278 0.00955537 0.33986637 0.04961873 0.29239297 0.02292393 0.07403051 0.04579570 0.14217353 0.01947289
8.30041502 12.72244105 0.00117065 0.00161794 0.00081083 0.00462643 0.33627150 0.05636792 0.29222856 0.01818735 0.07972908 0.04872900 0.14415293 0.01610783
8.40042002 12.70772446 0.00159051 0.00156386 0.00118383 0.00816804 0.32753990 0.05259661 0.29143198 0.02195944 0.07959594 0.04854786 0.14986832 0.01595370
8.50042502 12.68639780 0.00137042 0.00158123 0.00086623 0.00808616 0.33348324 0.05941116 0.28307363 0.02123729 0.08572688 0.04405608 0.14613502 0.01497266
8.60043002 12.67721709 0.00126018 0.00145583 0.00073748 0.00549345 0.34044031 0.05435438 0.28805668 0.02580755 0.08079813 0.04357399 0.14324905 0.01477297
8.70043502 12.66776217 0.00126645 0.00141553 0.00107405 0.00801286 0.33721289 0.05363042 0.29949902 0.02278682 0.07527329 0.04290402 0.14059927 0.01632539
8.80044002 12.65972131 0.00101186 0.00149554 0.00087031 0.00372869 0.33484177 0.05900668 0.30001601 0.02276009 0.07803601 0.04024680 0.13961067 0.01837557
8.90044502 12.64498074 0.00120242 0.00163629 0.00048564 0.00685793 0.34251915 0.06305475 0.29067433 0.02499782 0.07651808 0.03882526 0.14065215 0.01257617
9.00045002 12.62932707 0.00173393 0.00150324 0.00078935 0.00611693 0.34438054 0.05626977 0.28551259 0.02918946 0.07069929 0.04370572 0.14590434 0.01419484
9.10045502 12.60475814 0.00237147 0.00148567 0.00163243 0.01441011 0.33946390 0.05441532 0.28504044 0.02987925 0.06395300 0.04567030 0.14405700 0.01762111
9.20046002 12.58462960 0.00118678 0.00153431 0.00070577 0.00742890 0.33593052 0.06607466 0.27985253 0.02989531 0.06851048 0.04913576 0.14217216 0.01757283
9.30046502 12.57226669 0.00167807 0.00139722 0.00141553 0.00937397 0.33932205 0.06259176 0.28930430 0.02669727 0.06467279 0.04984756 0.13730364 0.01639582
9.40047002 12.55698822 0.00120762 0.00127638 0.00087369 0.00374098 0.34098063 0.06630426 0.28829942 0.02726714 0.06277788 0.05421651 0.13466568 0.01838979
9.50047502 12.54237915 0.00194860 0.00127893 0.00113225 0.01013622 0.33548899 0.06566988 0.28755469 0.03188406 0.06372807 0.05440327 0.12994932 0.01682572
9.60048002 12.52165354 0.00219611 0.00122706 0.00129803 0.01091159 0.33757381 0.06381050 0.28579305 0.03444788 0.06056407 0.05867154 0.12484202 0.01866434
9.70048502 12.50353503 0.00195787 0.00129241 0.00089427 0.00995296 0.34131779 0.06286877 0.28494871 0.03732941 0.05642090 0.05396441 0.12802019 0.02103233
9.80049002 12.49147017 0.00152850 0.00135791 0.00112304 0.00556768 0.33965211 0.06748380 0.27967896 0.03311253 0.05690180 0.05237201 0.13640923 0.02481243
9.90049502 12.47723111 0.00146503 0.00145183 0.00097389 0.00847491 0.34277528 0.06911951 0.27708786 0.03152636 0.05944225 0.04750727 0.13924278 0.02093303
10.00050003 12.47046955 0.00142219 0.00124843 0.00096252 0.00620229 0.34878257 0.07035480 0.28141215 0.02898307 0.05760232 0.05025924 0.13695454 0.01581588
10.10050503 12.46300223 0.00147406 0.00120132 0.00102458 0.00525744 0.34625803 0.07008142 0.27946423 0.03081068 0.05587225 0.05494806 0.13720418 0.01640377
10.20051003 12.44573206 0.00157084 0.00132148 0.00119991 0.01157192 0.35242010 0.06355362 0.27663359 0.03006814 0.05648165 0.05102028 0.13114318 0.02301528
10.30051503 12.42253088 0.00200484 0.00136263 0.00114705 0.00696525 0.34442670 0.06061689 0.28354489 0.03316595 0.05837699 0.05721543 0.13028878 0.02088458
10.40052003 12.40789399 0.00145477 0.00145247 0.00105100 0.00758269 0.34319563 0.05881527 0.27708921 0.03028946 0.05822193 0.05977471 0.13604076 0.02503211
10.50052503 12.38970975 0.00261035 0.00134618 0.00218801 0.01713799 0.33824199 0.06367159 0.27177791 0.03209384 0.05811971 0.05871942 0.13451420 0.01957880
10.60053003 12.37474617 0.00237273 0.00155677 0.00193014 0.01453848 0.33447170 0.06136213 0.26746366 0.03089622 0.06781175 0.05874462 0.13869611 0.02015567
10.70053503 12.36234130 0.00204466 0.00143937 0.00170268 0.01146264 0.34190600 0.06131881 0.27653297 0.02770893 0.06279228 0.05310427 0.13932938 0.02065801
10.80054003 12.34197322 0.00291270 0.00142848 0.00205957 0.02118948 0.34139089 0.06014960 0.28021230 0.02890208 0.06509416 0.04698456 0.13187416 0.01780201
10.90054503 12.33076392 0.00175755 0.00128737 0.00148723 0.01205871 0.35007386 0.06901663 0.28466934 0.02769369 0.06263526 0.04603879 0.12133417 0.02194740
11.00055003 12.30674159 0.00148301 0.00142004 0.00084294 0.00562502 0.34580693 0.06975343 0.28926806 0.03281465 0.06302106 0.04292884 0.12648392 0.02055210
11.10055503 12.29390319 0.00181369 0.00141761 0.00124467 0.00868208 0.34362544 0.07273582 0.28964552 0.03002174 0.06445621 0.04124815 0.12685522 0.01825385
11.20056003 12.27403361 0.00175697 0.00144857 0.00139786 0.01388387 0.33128728 0.06916684 0.28794775 0.03045394 0.06670580 0.04019790 0.13061060 0.02514262
11.30056503 12.24990580 0.00192702 0.00150491 0.00136528 0.00774372 0.32746330 0.07231265 0.27838028 0.03543136 0.07035717 0.04033500 0.13629435 0.02688499
11.40057003 12.24022251 0.00174319 0.00134445 0.00158074 0.01136476 0.33798584 0.07309658 0.27791902 0.02945521 0.06147937 0.04692368 0.13327132 0.02383583
11.50057503 12.23018029 0.00203814 0.00126293 0.00183046 0.01342208 0.34425123 0.06838915 0.27871297 0.02894003 0.05406537 0.05253906 0.13170750 0.02284107
11.60058003 12.22216057 0.00155365 0.00133656 0.00101052 0.00805866 0.35046207 0.06793306 0.28886331 0.02870120 0.05640220 0.04694667 0.12893586 0.01979624
11.70058503 12.20619496 0.00184127 0.00131285 0.00151007 0.01021377 0.34832009 0.08024817 0.28390421 0.02375226 0.05760942 0.04209719 0.12885343 0.02033727
11.80059003 12.19598501 0.00134465 0.00133010 0.00118109 0.00602295 0.33829876 0.08348469 0.29166074 0.02156715 0.05958055 0.04396051 0.12712984 0.02443896
11.90059503 12.17032993 0.00154177 0.00146496 0.00107577 0.00505652 0.33813630 0.08255635 0.28889515 0.02365198 0.06183639 0.04274062 0.12966720 0.02337699
12.00060003 12.15093389 0.00121438 0.00152031 0.00063740 0.00302640 0.32854533 0.07521566 0.29738982 0.02767206 0.06908226 0.03895209 0.13346228 0.02328200
12.10060503 12.13971707 0.00192290 0.00125574 0.00087489 0.00587739 0.33359780 0.06609186 0.30170535 0.03286440 0.06394331 0.04113656 0.13149779 0.01923200
12.20061003 12.13277908 0.00220336 0.00120219 0.00167204 0.01395162 0.33275465 0.06695320 0.30236478 0.02255724 0.06518376 0.04180859 0.12849463 0.02085394
12.30061503 12.11772449 0.00175970 0.00125523 0.00131834 0.01049508 0.34182797 0.06523946 0.30953941 0.02320519 0.06399229 0.03879409 0.12338511 0.01918814
12.40062003 12.10484596 0.00178976 0.00128861 0.00118531 0.00745662 0.33948956 0.06834925 0.30849897 0.02505763 0.06177340 0.04199958 0.12494946 0.01816185
12.50062503 12.08554664 0.00128265 0.00138392 0.00081518 0.00520186 0.34556900 0.06467319 0.30222269 0.02622263 0.06203039 0.04108462 0.13079400 0.01871988
12.60063003 12.06629224 0.00105651 0.00148817 0.00043071 0.00190554 0.34191306 0.06532070 0.29439025 0.02781811 0.06452382 0.04495670 0.13768471 0.01851175
12.70063503 12.05048708 0.00139709 0.00130000 0.00090300 0.00693311 0.34138930 0.06852687 0.28695527 0.02714954 0.05926721 0.04972205 0.13508822 0.02136833
12.80064003 12.02264694 0.00190093 0.00139215 0.00132961 0.01013365 0.33084502 0.07454588 0.28418486 0.02769444 0.06449575 0.04901132 0.13308222 0.02138417
12.90064503 12.01683091 0.00181678 0.00116473 0.00106046 0.00808790 0.33770121 0.07269411 0.28709977 0.03186884 0.06186235 0.05002715 0.12817195 0.01844476
13.00065003 12.00275379 0.00159593 0.00119125 0.00097559 0.00813786 0.33961593 0.07712767 0.28856758 0.02945156 0.06197670 0.05174791 0.12264854 0.01696348
13.10065503 11.99327780 0.00127755 0.00132115 0.00057954 0.00614132 0.34593118 0.07137271 0.29073630 0.02812018 0.05660757 0.05208343 0.12740380 0.01842527
13.20066003 11.98294948 0.00140047 0.00130530 0.00117845 0.00912087 0.34371485 0.06934770 0.29433155 0.02345485 0.05759148 0.05102571 0.12705682 0.02047196
13.30066503 11.96637557 0.00129650 0.00135039 0.00104352 0.00723901 0.33511777 0.06451364 0.29223988 0.02288389 0.05962685 0.06057971 0.12966511 0.02444373
13.40067003 11.94854793 0.00249425 0.00140065 0.00188794 0.01551511 0.32817875 0.06804438 0.29274076 0.02563370 0.05758879 0.05253072 0.13209105 0.02189390
13.50067503 11.93099742 0.00176686 0.00127892 0.00104314 0.00892477 0.33286303 0.07307298 0.29764350 0.02941647 0.05250661 0.05096005 0.12970794 0.02081573
13.60068003 11.91249526 0.00202556 0.00133022 0.00138737 0.01083730 0.33317748 0.06759715 0.29547998 0.03159101 0.05640431 0.04738386 0.12960801 0.02317774
13.70068503 11.89877842 0.00125673 0.00139892 0.00087576 0.00604404 0.33658121 0.06877970 0.30175709 0.02546262 0.05945531 0.04608256 0.13080747 0.02149860
13.80069003 11.88606884 0.00142125 0.00124821 0.00099094 0.00786153 0.34081629 0.07026261 0.30355048 0.02627911 0.06015293 0.04581083 0.12423209 0.01737373
13.90069503 11.87926114 0.00111942 0.00140554 0.00053777 0.00197065 0.34668504 0.06683300 0.30090086 0.02619016 0.06230706 0.04513985 0.12870149 0.01820915
14.00070004 11.86524397 0.00132187 0.00131219 0.00063087 0.00419433 0.33400009 0.06641448 0.30251307 0.02771200 0.06541573 0.04618418 0.13275892 0.01754227
14.10070504 11.85250342 0.00145026 0.00127976 0.00080898 0.00862787 0.32859118 0.06647362 0.29915607 0.02585213 0.06369886 0.04792609 0.13927413 0.01686106
14.20071004 11.84436510 0.00142144 0.00127658 0.00061631 0.00452983 0.32759090 0.06268456 0.30478266 0.02778364 0.06723064 0.04607155 0.13911922 0.01689266
14.30071504 11.82986596 0.00181099 0.00118600 0.00122590 0.01042550 0.32442248 0.05701592 0.30514110 0.03178943 0.06382356 0.05054693 0.13542686 0.01718533
14.40072004 11.81991439 0.00126524 0.00125316 0.00093293 0.00942825 0.33164987 0.05364326 0.31653621 0.02605300 0.06346199 0.05041800 0.12709876 0.01825933
14.50072504 11.79777492 0.00126468 0.00132866 0.00080345 0.00605711 0.33251238 0.05437982 0.31571681 0.03055611 0.06025756 0.05298131 0.12818458 0.01595753
14.60073004 11.78710519 0.00131937 0.00136757 0.00065463 0.00435114 0.33549399 0.05574786 0.31223353 0.03104933 0.06228911 0.05386009 0.12661581 0.01501759
14.70073504 11.77165965 0.00123960 0.00135971 0.00061800 0.00602996 0.33087491 0.05784302 0.30875663 0.02873603 0.06135395 0.05371661 0.13165481 0.01781677
14.80074004 11.75559545 0.00154755 0.00133597 0.00056273 0.00758689 0.32122257 0.05604061 0.31762426 0.03383576 0.06298848 0.04846804 0.13282872 0.01595842
14.90074504 11.75025640 0.00125394 0.00129990 0.00076373 0.00498075 0.32174197 0.05779834 0.31927208 0.02819145 0.06031071 0.04785684 0.13737535 0.01915495
15.00075004 11.73817508 0.00163842 0.00123739 0.00120530 0.00930788 0.32017814 0.05671818 0.32346123 0.02874784 0.05774433 0.04721981 0.13337891 0.01916257
15.10075504 11.72167605 0.00172245 0.00127603 0.00120583 0.01350776 0.32747737 0.05683864 0.31822268 0.02907157 0.05437224 0.04546426 0.13265168 0.01818949
15.20076004 11.70478797 0.00177210 0.00124395 0.00146519 0.01194442 0.33396236 0.06527841 0.31516595 0.02489425 0.05475964 0.04287234 0.12886810 0.01777330
15.30076504 11.68733053 0.00130863 0.00124482 0.00092162 0.00749110 0.33202244 0.07107385 0.31782713 0.02424958 0.05419381 0.04328451 0.12871180 0.01767071
15.40077004 11.67487775 0.00140624 0.00135824 0.00093513 0.00571459 0.33330677 0.06457331 0.31475612 0.02273117 0.05650644 0.04192607 0.13607243 0.02071349
15.50077504 11.65112775 0.00207202 0.00150099 0.00178492 0.01497769 0.33633006 0.05709721 0.30727739 0.02189234 0.05769388 0.03766149 0.14119768 0.02051433
15.60078004 11.64070621 0.00160357 0.00146128 0.00112936 0.00707037 0.33651866 0.05836476 0.30759715 0.02324459 0.06540699 0.03604105 0.14301593 0.01854630
15.70078504 11.62280561 0.00121676 0.00142167 0.00057982 0.00706868 0.33452992 0.05276361 0.31320388 0.02283548 0.06908549 0.04086102 0.14375904 0.01267464
15.80079004 11.60250776 0.00152835 0.00133942 0.00104606 0.00711143 0.33786967 0.04806231 0.31626888 0.02256598 0.07023254 0.04342361 0.13828949 0.01226227
15.90079504 11.59155214 0.00121799 0.00132506 0.00070686 0.00726317 0.34256570 0.05073843 0.31355116 0.02377702 0.07222745 0.03945760 0.13433064 0.01283893
16.00080004 11.57998952 0.00131620 0.00135012 0.00064099 0.00341423 0.33899171 0.05173543 0.31321391 0.02708119 0.07160889 0.04173284 0.13283537 0.01607912
16.10080504 11.56145950 0.00177983 0.00139289 0.00124393 0.01105007 0.33173084 0.05415486 0.31506258 0.02495741 0.06918137 0.04509586 0.13063231 0.01371804
16.20081004 11.54866337 0.00178991 0.00132845 0.00123712 0.00838788 0.32697951 0.05363820 0.31817609 0.02610927 0.06868031 0.04016312 0.13683564 0.01667450
16.30081504 11.53639288 0.00164146 0.00134333 0.00072302 0.00752215 0.32483934 0.05250521 0.31232492 0.03170422 0.06996337 0.03678612 0.14352904 0.01711781
16.40082004 11.51826727 0.00178153 0.00137788 0.00141730 0.01270412 0.31962320 0.05422534 0.30756817 0.02586097 0.07525210 0.03959712 0.14217865 0.01841362
16.50082504 11.50733225 0.00118863 0.00140148 0.00077862 0.00525206 0.32568604 0.05249864 0.30914976 0.02861193 0.07607468 0.04206845 0.13968804 0.01760167
16.60083004 11.49189672 0.00103197 0.00131488 0.00068144 0.00301984 0.33367079 0.05710259 0.31196392 0.02665892 0.06992532 0.04428228 0.13312509 0.01722296
16.70083504 11.47516630 0.00124097 0.00130940 0.00083060 0.00749253 0.33328665 0.05357199 0.31817744 0.02631703 0.06828330 0.04124021 0.13294321 0.01530668
16.80084004 11.46852703 0.00120256 0.00132864 0.00071067 0.00315978 0.33601209 0.05422335 0.31797842 0.02861870 0.06024664 0.04248976 0.13843420 0.01559519
16.90084504 11.45659965 0.00111052 0.00142827 0.00080734 0.00640296 0.32961553 0.05609674 0.31468591 0.02465028 0.06286627 0.04491710 0.13940403 0.01801506
17.00085004 11.43894673 0.00202731 0.00134631 0.00130910 0.01224133 0.31750685 0.05093390 0.31934831 0.03101627 0.06049862 0.04752267 0.14129991 0.01494943
17.10085504 11.43413708 0.00167407 0.00132072 0.00132515 0.01111344 0.31800539 0.05561774 0.32180218 0.02457795 0.05415139 0.04830792 0.14272031 0.01938373
17.20086004 11.42670892 0.00203640 0.00118177 0.00198761 0.01206219 0.32389365 0.05678265 0.31743584 0.02301718 0.05270660 0.04744899 0.13678214 0.02466498
17.30086504 11.40353383 0.00169926 0.00132886 0.00148269 0.01262228 0.32459062 0.05593478 0.32870895 0.02509065 0.05140116 0.04436150 0.13397041 0.01880884
17.40087004 11.39859023 0.00154503 0.00125251 0.00115654 0.01006389 0.32831233 0.05630913 0.33056753 0.02354748 0.05011019 0.04392139 0.13575743 0.01745655
17.50087504 11.38394164 0.00181979 0.00122762 0.00136305 0.01111856 0.32883468 0.05945023 0.32801765 0.02452912 0.04740838 0.04713094 0.13251167 0.01658831
17.60088004 11.37474623 0.00175707 0.00141270 0.00104712 0.01000650 0.33173092 0.05254800 0.32273162 0.02712205 0.05544040 0.04448616 0.13668435 0.01503310
17.70088504 11.35360411 0.00134295 0.00139038 0.00085442 0.00629239 0.32693773 0.04645685 0.32392476 0.02662964 0.05788042 0.05242085 0.13986671 0.01600290
17.80089004 11.33741487 0.00193740 0.00125250 0.00149106 0.01162034 0.32069356 0.05459444 0.31951465 0.02513498 0.05565614 0.04867564 0.14088316 0.01854613
17.90089504 11.32920426 0.00124892 0.00117229 0.00079484 0.00739183 0.32450942 0.06029168 0.32534259 0.02731139 0.05262807 0.04644729 0.13634763 0.01651405
18.00090005 11.31094731 0.00193717 0.00132189 0.00160098 0.01128556 0.32881778 0.05655219 0.31880381 0.02610473 0.05635594 0.04411869 0.13670058 0.01640069
18.10090505 11.29597167 0.00207214 0.00125918 0.00141369 0.00941714 0.33486087 0.06051282 0.32366707 0.02609752 0.05301724 0.04133010 0.13119564 0.01515659
18.20091005 11.29337233 0.00211577 0.00112118 0.00171503 0.01219646 0.32963635 0.05790566 0.32381325 0.02646818 0.05132951 0.04647711 0.13009972 0.01712181
18.30091505 11.28495201 0.00119390 0.00129128 0.00081727 0.00887877 0.32743266 0.05652372 0.32796891 0.02153033 0.05055140 0.04665005 0.13875575 0.01840596
18.40092005 11.26995554 0.00147767 0.00137628 0.00073842 0.00656457 0.32413473 0.05520173 0.32930572 0.02398162 0.05115883 0.04802279 0.14202444 0.01601320
18.50092505 11.26430823 0.00144147 0.00133994 0.00081077 0.00602277 0.31790913 0.05883922 0.33130416 0.02397009 0.05182476 0.04416187 0.14562201 0.01675380
18.60093005 11.25498990 0.00123464 0.00112455 0.00073822 0.00584088 0.31745532 0.05844576 0.33605059 0.02440737 0.05026858 0.04471281 0.14310095 0.01662032
18.70093505 11.24395273 0.00122462 0.00126509 0.00089040 0.00462403 0.32703912 0.05518990 0.33705760 0.02232925 0.04937309 0.03863755 0.14326510 0.01910426
18.80094005 11.22460698 0.00129964 0.00130034 0.00092437 0.00635478 0.32237048 0.05605950 0.33647529 0.02295492 0.05919595 0.04088810 0.13465793 0.01751869
18.90094505 11.21169099 0.00099930 0.00127223 0.00064272 0.00481004 0.32026849 0.06003041 0.34140073 0.02208501 0.05612434 0.03792206 0.13693420 0.01751046
19.00095005 11.19625051 0.00127212 0.00129428 0.00066614 0.00416584 0.31817751 0.05996328 0.34185863 0.02436875 0.05496981 0.04157073 0.13769977 0.01399314
19.10095505 11.17933186 0.00168038 0.00140521 0.00121216 0.00877353 0.31703094 0.05235753 0.34498461 0.02291743 0.05467642 0.03657760 0.14190282 0.01648137
19.20096005 11.16569501 0.00173975 0.00138527 0.00130212 0.01143436 0.32174050 0.05340983 0.34176104 0.02257986 0.05722305 0.03278656 0.13989013 0.01474752
19.30096505 11.14453579 0.00124731 0.00127275 0.00089681 0.00736700 0.32649518 0.05343342 0.34183978 0.02109498 0.05725081 0.03564969 0.13714148 0.01631080
19.40097005 11.12697142 0.00138230 0.00128433 0.00106026 0.00796604 0.32943472 0.04527002 0.34875386 0.02097329 0.05625313 0.03396942 0.13627396 0.01737866
19.50097505 11.11857005 0.00103301 0.00124848 0.00060335 0.00333777 0.33679517 0.04708289 0.35133348 0.02163263 0.05450397 0.02895654 0.13811889 0.01535381
19.60098005 11.10535820 0.00114886 0.00127594 0.00052928 0.00512229 0.33683441 0.04560289 0.35008430 0.02257376 0.05534240 0.02975877 0.13846296 0.01326414
19.70098505 11.08734360 0.00072944 0.00130869 0.00038950 0.00239824 0.33604226 0.04433967 0.35111263 0.01772732 0.05764208 0.03630497 0.13989434 0.01211086
19.80099005 11.06914235 0.00118771 0.00129178 0.00087965 0.00465707 0.33622859 0.04044605 0.34881125 0.01910906 0.05484532 0.03496579 0.14282305 0.01475467
19.90099505 11.05994243 0.00130017 0.00122818 0.00088520 0.00674095 0.32712733 0.04016647 0.35338297 0.02373525 0.05208930 0.03644390 0.14417221 0.01272806
20.00100005 11.04204096 0.00134980 0.00131382 0.00111990 0.01070920 0.32003096 0.03899746 0.36193294 0.01969886 0.05298094 0.03546170 0.14574134 0.01066308
20.10100505 11.03284810 0.00153679 0.00125197 0.00137695 0.01035850 0.31976570 0.04212290 0.36429699 0.01738232 0.05308158 0.03238007 0.14360376 0.01284248
20.20101005 11.03010779 0.00083014 0.00119341 0.00071784 0.00291473 0.32934557 0.04504423 0.36435530 0.01665717 0.05687931 0.02989743 0.13622641 0.01593847
20.30101505 11.01535384 0.00085842 0.00117053 0.00042885 0.00177187 0.32974927 0.04602300 0.36503143 0.02204362 0.05133154 0.03144891 0.13671724 0.01342532
20.40102005 10.99748527 0.00156856 0.00115888 0.00122380 0.01389570 0.33158606 0.03959386 0.35825627 0.02359149 0.04890672 0.03135217 0.13409208 0.01477442
20.50102505 10.98213149 0.00116033 0.00128515 0.00065970 0.00351465 0.33709697 0.04506120 0.35586969 0.02166365 0.04835061 0.03347326 0.13939757 0.01246722
20.60103005 10.96416697 0.00085150 0.00137665 0.00049251 0.00374177 0.32989552 0.04338487 0.36162104 0.02063930 0.05028574 0.02995303 0.14482106 0.01293702
20.70103505 10.94913097 0.00082764 0.00119409 0.00050918 0.00728806 0.31827970 0.05254667 0.36305421 0.01902283 0.05036588 0.03056543 0.14310612 0.01324019
20.80104005 10.93995194 0.00093876 0.00125013 0.00058556 0.00288451 0.31890443 0.05435439 0.36049200 0.01941959 0.05219438 0.03344486 0.14315906 0.01237232
20.90104505 10.92802704 0.00127332 0.00110676 0.00064804 0.00532434 0.31769018 0.05567418 0.36268708 0.02714895 0.04823778 0.03632943 0.13027821 0.01360173
21.00105005 10.91538535 0.00162824 0.00110631 0.00078716 0.00696534 0.32176948 0.05664198 0.36055686 0.02903535 0.04332940 0.03319110 0.13323794 0.01175083
21.10105505 10.90522697 0.00139545 0.00116493 0.00062044 0.00623290 0.32864924 0.05555869 0.35913512 0.02839216 0.03989959 0.03117062 0.13515113 0.01262974
21.20106005 10.89352000 0.00152938 0.00117981 0.00078590 0.00789939 0.32633679 0.05136821 0.35573996 0.02845947 0.04077984 0.03258160 0.13596361 0.01737605
21.30106505 10.88161743 0.00126530 0.00133776 0.00086152 0.00603378 0.32239681 0.05398753 0.34639538 0.02446232 0.05077884 0.03637736 0.13709121 0.01901219
21.40107005 10.86725518 0.00129118 0.00131070 0.00089473 0.01039261 0.31239273 0.05238774 0.35504864 0.02454188 0.04708769 0.03755258 0.14416025 0.01293929
21.50107505 10.85497910 0.00123446 0.00134897 0.00092656 0.00757387 0.30825336 0.04641353 0.36065598 0.02318611 0.04979131 0.03776796 0.14795038 0.01489750
21.60108005 10.84139098 0.00094116 0.00118285 0.00063958 0.00308667 0.30991043 0.04908785 0.36241954 0.02136550 0.04806696 0.04814935 0.13842022 0.01672989
21.70108505 10.82765204 0.00104472 0.00113746 0.00068679 0.00439544 0.31346869 0.04648276 0.35927397 0.02305073 0.04944612 0.04966431 0.13267375 0.01867526
21.80109005 10.80071419 0.00137441 0.00128499 0.00110313 0.00487695 0.29930433 0.04974883 0.36137776 0.02401896 0.05307971 0.04899367 0.13495321 0.01988405
21.90109505 10.78351719 0.00163410 0.00141023 0.00133037 0.01013280 0.29657711 0.05285526 0.35569381 0.02078741 0.05760510 0.04418465 0.13871375 0.01907541
22.00110006 10.76661212 0.00151840 0.00136459 0.00123504 0.01488210 0.29300636 0.05545781 0.35133114 0.02151217 0.05362820 0.04686325 0.14266972 0.01653123
22.10110506 10.75231416 0.00153047 0.00127192 0.00141277 0.00950300 0.28939023 0.05290666 0.34892129 0.02555040 0.05667172 0.04845588 0.14174485 0.02264082
22.20111006 10.74187263 0.00201302 0.00124575 0.00135578 0.00887222 0.28374547 0.05417765 0.35312466 0.03124405 0.05352699 0.04775885 0.14235714 0.02057843
22.30111506 10.73860892 0.00154949 0.00116013 0.00093679 0.00497518 0.29510209 0.06066541 0.35704691 0.02942391 0.04864986 0.04396025 0.13804100 0.01848897
22.40112006 10.73151558 0.00138287 0.00131312 0.00069155 0.00555510 0.29901210 0.05706510 0.35384080 0.02991784 0.05683494 0.04213192 0.13499904 0.01725562
22.50112506 10.72022504 0.00131507 0.00131026 0.00067588 0.00429084 0.29861856 0.06383506 0.34647673 0.03090420 0.05854256 0.04204848 0.13705188 0.01493048
22.60113006 10.71223553 0.00144974 0.00122080 0.00091960 0.00779349 0.29511728 0.06153250 0.34570303 0.02957454 0.05648694 0.04079893 0.14347195 0.01593119
22.70113506 10.70356530 0.00120445 0.00127749 0.00042014 0.00467902 0.29919054 0.05893664 0.34857821 0.03190602 0.05497935 0.03727642 0.14597441 0.01557730
22.80114006 10.68690216 0.00231434 0.00126361 0.00169873 0.01344116 0.29360243 0.05717969 0.34708089 0.03183833 0.05672425 0.03705103 0.14332882 0.01447672
22.90114506 10.67650599 0.00160325 0.00129974 0.00106679 0.00604753 0.29304156 0.05695267 0.34881773 0.03380368 0.05488470 0.03783955 0.14795627 0.01668652
23.00115006 10.67016230 0.00124361 0.00112378 0.00079665 0.00436294 0.29967526 0.05821515 0.36206272 0.02860890 0.05189231 0.04001947 0.13724592 0.01475327
23.10115506 10.66041508 0.00218614 0.00119057 0.00164343 0.01058164 0.29851836 0.05433988 0.36124469 0.02824933 0.05136009 0.04269341 0.13368629 0.01430618
23.20116006 10.64993664 0.00140735 0.00125409 0.00093110 0.00457858 0.29771715 0.05480113 0.35901470 0.03142167 0.04405237 0.04603361 0.14196168 0.01682656
23.30116506 10.62996296 0.00177845 0.00144069 0.00129206 0.01128965 0.29652747 0.05807532 0.35108700 0.02617216 0.05359785 0.04477992 0.13934699 0.01461244
23.40117006 10.61757703 0.00135209 0.00136979 0.00058789 0.00423372 0.29455938 0.05668626 0.35677458 0.02772658 0.05257983 0.04915154 0.14071643 0.01426192
23.50117506 10.61066993 0.00099108 0.00128020 0.00040568 0.00352484 0.29974314 0.05141614 0.35157211 0.02584653 0.05336281 0.04955369 0.14604173 0.01626204
23.60118006 10.59522604 0.00159558 0.00122379 0.00116072 0.00797544 0.29603784 0.04774841 0.35040890 0.02933871 0.05636074 0.04318169 0.14396874 0.02099944
23.70118506 10.57516114 0.00226672 0.00114219 0.00147188 0.01365602 0.29439195 0.05759679 0.35106632 0.03075647 0.05240506 0.04206760 0.14099448 0.01218451
23.80119006 10.56556888 0.00139623 0.00112244 0.00083575 0.00530455 0.29693866 0.06092222 0.35788609 0.02764723 0.05453374 0.04106546 0.13751907 0.01482858
23.90119506 10.55344802 0.00110300 0.00118485 0.00062890 0.00427492 0.30143212 0.06456385 0.35224897 0.02588462 0.05221205 0.04263928 0.13892202 0.01490543
24.00120006 10.53633316 0.00105819 0.00124883 0.00063677 0.00233316 0.29820225 0.06432794 0.34692167 0.02692565 0.05449808 0.04451055 0.14112918 0.01820773
24.10120506 10.51828850 0.00150804 0.00133052 0.00115011 0.00911722 0.30001250 0.05287188 0.34123541 0.02589291 0.05424586 0.04269163 0.14917571 0.02076821
24.20121006 10.50596442 0.00117573 0.00136970 0.00095559 0.00526904 0.30358055 0.04732776 0.34568865 0.02473694 0.05586943 0.04315053 0.15149167 0.01938440
24.30121506 10.49746039 0.00159572 0.00116713 0.00126863 0.00895492 0.31106551 0.05220611 0.33902634 0.02324871 0.05378906 0.04438222 0.14695196 0.01634369
24.40122006 10.48113130 0.00134507 0.00118273 0.00090804 0.00565404 0.31540406 0.05715177 0.33901706 0.02816485 0.05096649 0.04087231 0.14142966 0.01790391
24.50122506 10.46692604 0.00126531 0.00129743 0.00078176 0.00590251 0.32041989 0.05792266 0.34603187 0.02693467 0.04791543 0.03349986 0.14233538 0.01569324
24.60123006 10.45018385 0.00191592 0.00131627 0.00147301 0.01320292 0.32249821 0.05562376 0.34871546 0.02477158 0.04783716 0.03188889 0.13563289 0.01512391
24.70123506 10.43398090 0.00164390 0.00127002 0.00131010 0.01217242 0.32206092 0.05263791 0.34659471 0.02441805 0.04764075 0.03765813 0.13443360 0.01815949
24.80124006 10.41238011 0.00193776 0.00134244 0.00141856 0.01223940 0.32413600 0.04936588 0.34220106 0.02643274 0.04996951 0.03582225 0.14035098 0.01478340
24.90124506 10.40040136 0.00126361 0.00133644 0.00111722 0.00826477 0.32735143 0.05343477 0.33605830 0.02059305 0.04854247 0.03986274 0.14671135 0.01546384
25.00125006 10.38678698 0.00147690 0.00116270 0.00097325 0.00789085 0.33285684 0.05932106 0.33520172 0.02102821 0.04336933 0.04021190 0.14140942 0.01509783
25.10125506 10.37288293 0.00133074 0.00112251 0.00082656 0.00349609 0.32966702 0.06592016 0.33331393 0.02344967 0.04275354 0.04008505 0.14114300 0.01689173
25.20126006 10.35759195 0.00141299 0.00122332 0.00096079 0.01080267 0.32484555 0.05990551 0.32991716 0.02557049 0.04686963 0.04392710 0.13914434 0.01542045
25.30126506 10.35142950 0.00123283 0.00111974 0.00080934 0.00683489 0.32664646 0.06354036 0.33434224 0.02144337 0.04553567 0.04586048 0.13835589 0.01427873
25.40127006 10.33254092 0.00163184 0.00125655 0.00114612 0.01204088 0.32252653 0.05601400 0.33299216 0.02041309 0.04946096 0.04782680 0.13976380 0.01492727
25.50127506 10.31949978 0.00122607 0.00137744 0.00054063 0.00398272 0.33113699 0.05477580 0.32406636 0.02271689 0.05194118 0.04535206 0.14547803 0.01740583
25.60128006 10.29693305 0.00142300 0.00131298 0.00077423 0.00498939 0.33114058 0.05548747 0.31693382 0.02382841 0.04976948 0.04671422 0.15084314 0.01678329
