0.00000000 13.00000000 0.00000000 0.00000000 0.00000000 0.00000000 0.00000000 0.00000000 0.00000000 1.00000000 0.00000000 0.00000000 0.00000000 0.00000000
0.10000500 13.00430365 0.02522205 0.00149047 0.00752550 0.08548831 0.09924805 0.14586699 0.01669502 0.42872379 0.06431232 0.08008732 0.01225413 0.03308605
0.20001000 12.99953501 0.00779684 0.00123674 0.00520391 0.04227048 0.15022541 0.23495626 0.04225057 0.22249498 0.06229665 0.15237446 0.03199063 0.04690307
0.30001500 12.99184013 0.00447905 0.00116055 0.00294467 0.02750941 0.16111042 0.23032003 0.05954142 0.16193917 0.07183815 0.19019041 0.04434946 0.04461727
0.40002000 12.98707301 0.00448388 0.00115255 0.00233551 0.02181343 0.17633414 0.20917061 0.06846315 0.14233038 0.07941366 0.19917684 0.05663649 0.03868934
0.50002500 12.97688678 0.00501495 0.00127230 0.00219182 0.01750713 0.18374898 0.18268621 0.08759127 0.13890476 0.08134724 0.19636884 0.06804021 0.03532629
0.60003000 12.96704027 0.00488008 0.00130756 0.00187521 0.01986121 0.19863227 0.14559452 0.10275779 0.13390424 0.09414284 0.19796350 0.06515954 0.03392124
0.70003500 12.95388316 0.00415947 0.00111022 0.00231698 0.01602882 0.20633937 0.14556072 0.10670993 0.11159695 0.09639973 0.20025237 0.06544074 0.04408468
0.80004000 12.94411462 0.00348586 0.00107467 0.00196672 0.01287795 0.20548044 0.13287065 0.11509484 0.10336857 0.09535947 0.20898551 0.07099059 0.04844475
0.90004500 12.93661704 0.00348648 0.00104134 0.00206669 0.01618448 0.20676429 0.13272463 0.12297236 0.09636937 0.09478063 0.20495141 0.07644138 0.04221694
1.00005000 12.92876768 0.00351377 0.00102791 0.00219853 0.01773162 0.21345799 0.13382499 0.12152056 0.09027096 0.09433015 0.19781912 0.07766339 0.04664100
1.10005500 12.92359423 0.00290410 0.00110714 0.00155125 0.00872098 0.22186322 0.14214878 0.13166668 0.08909789 0.09640636 0.18192978 0.07895660 0.04364722
1.20006000 12.91782363 0.00264004 0.00119192 0.00125317 0.00703517 0.23668917 0.13865368 0.13637802 0.08633961 0.09499255 0.17007657 0.08474833 0.04000177
1.30006500 12.91112805 0.00320476 0.00124508 0.00139871 0.00803942 0.24296485 0.15093134 0.13596377 0.08848595 0.09763835 0.15132890 0.08418795 0.03461091
1.40007000 12.89983634 0.00343586 0.00120323 0.00161254 0.01457118 0.24800110 0.15204745 0.14760649 0.08412203 0.09182048 0.13471394 0.08536870 0.03549700
1.50007500 12.89241024 0.00354669 0.00115793 0.00157653 0.01422539 0.25471224 0.14908027 0.16286473 0.08431910 0.09273140 0.11556112 0.08053370 0.03969090
1.60008000 12.87900123 0.00313739 0.00114798 0.00202276 0.01858414 0.27176866 0.14144204 0.17334193 0.07389690 0.08511295 0.10663421 0.08062849 0.04228255
1.70008500 12.86794540 0.00338841 0.00118530 0.00165223 0.01378684 0.27749832 0.13985096 0.17874969 0.07931270 0.08810576 0.09550811 0.08446094 0.03650074
1.80009000 12.85275364 0.00395265 0.00108797 0.00235985 0.02039573 0.29152348 0.13535308 0.17968289 0.07654936 0.07643276 0.09018062 0.08727290 0.03520871
1.90009500 12.84250737 0.00362374 0.00113157 0.00225682 0.01847757 0.30096372 0.13380636 0.18132828 0.07074432 0.08173023 0.08281971 0.08884620 0.03427148
2.00010001 12.82504082 0.00327289 0.00132245 0.00217277 0.01873770 0.31722398 0.11697011 0.19717669 0.05798192 0.08460328 0.07818150 0.09367360 0.02868311
2.10010501 12.81016868 0.00266121 0.00116198 0.00167661 0.01416744 0.32585429 0.11043795 0.21291256 0.05464772 0.07624173 0.07603047 0.08982943 0.03437860
2.20011001 12.80355861 0.00275591 0.00119404 0.00178581 0.01206493 0.32732603 0.10251136 0.21258307 0.05470905 0.07334534 0.07765783 0.09955152 0.03451511
2.30011501 12.79231013 0.00238835 0.00128629 0.00183314 0.01436313 0.33265342 0.09060318 0.22641497 0.04502242 0.08417883 0.07779040 0.09546648 0.02799937
2.40012001 12.78453359 0.00190460 0.00109243 0.00143067 0.00837205 0.33416814 0.09604690 0.23198633 0.04270751 0.07864873 0.07654607 0.09810437 0.02899220
2.50012501 12.77287728 0.00154032 0.00124548 0.00074765 0.00369777 0.32733292 0.09314530 0.23766719 0.04238271 0.07989643 0.08159720 0.10585797 0.02488905
2.60013001 12.76858637 0.00183393 0.00120905 0.00102849 0.00857178 0.33459905 0.09015944 0.23368725 0.04033983 0.08230544 0.07716633 0.10619921 0.02290019
2.70013501 12.75464911 0.00210383 0.00110320 0.00110316 0.01418065 0.34156064 0.08804977 0.24319907 0.04044150 0.07121480 0.06693204 0.10692229 0.02318906
2.80014001 12.74180983 0.00216927 0.00115391 0.00130986 0.01012348 0.35327106 0.08851296 0.24225994 0.03957204 0.06677889 0.06409014 0.10853620 0.02222224
2.90014501 12.72816746 0.00171129 0.00112135 0.00088406 0.01202546 0.35720393 0.08644128 0.24239223 0.03649857 0.06971796 0.06583324 0.10556452 0.02060611
3.00015001 12.72670149 0.00153320 0.00110587 0.00085729 0.00622490 0.36735692 0.08314703 0.24734116 0.03351440 0.07232209 0.05899003 0.10587396 0.02173315
3.10015501 12.71428002 0.00170847 0.00109982 0.00110507 0.00675554 0.36738497 0.08193588 0.24898937 0.03411163 0.07173012 0.05941939 0.10479572 0.02096403
3.20016001 12.70078467 0.00147092 0.00110635 0.00090927 0.00547063 0.37311513 0.07920632 0.24860566 0.03369322 0.07204349 0.05550868 0.10512937 0.02374096
3.30016501 12.69209145 0.00131652 0.00103155 0.00059350 0.00426705 0.37023198 0.08140969 0.25619566 0.03229722 0.07170975 0.05340886 0.10483105 0.02270716
3.40017001 12.67855266 0.00176212 0.00105676 0.00129019 0.00772005 0.36611176 0.08371978 0.25775208 0.02964949 0.07140236 0.05066402 0.10567704 0.02319434
3.50017501 12.66590840 0.00134790 0.00112474 0.00087723 0.00690557 0.36980671 0.08030316 0.26349722 0.02802785 0.06563999 0.05230087 0.10593133 0.02423742
3.60018001 12.64600491 0.00162137 0.00128122 0.00116146 0.01083547 0.36970430 0.06913798 0.26555641 0.02533218 0.07204877 0.05497541 0.10940930 0.01893614
3.70018501 12.63594172 0.00172500 0.00109519 0.00147444 0.00943011 0.36688056 0.06750974 0.26984349 0.02723682 0.06811488 0.05219006 0.10806587 0.02643382
3.80019001 12.62536213 0.00178880 0.00102318 0.00127583 0.00952651 0.36676201 0.07123841 0.26836236 0.03055702 0.06687915 0.05260767 0.10697330 0.02300576
3.90019501 12.60403714 0.00153881 0.00116820 0.00107127 0.00794016 0.36446534 0.07823658 0.26403521 0.03077754 0.06436429 0.05734046 0.10796697 0.02109519
4.00020001 12.58275018 0.00153782 0.00115598 0.00111550 0.00822375 0.37859316 0.07534429 0.25388068 0.02926817 0.06657866 0.05313943 0.10779152 0.02337105
4.10020501 12.57713480 0.00158322 0.00105060 0.00109362 0.00817918 0.37628896 0.07464551 0.26185693 0.02929617 0.06420087 0.05051327 0.11060264 0.02068903
4.20021001 12.56654060 0.00181667 0.00114240 0.00120961 0.00997890 0.37214875 0.06730898 0.26754730 0.02938548 0.06713532 0.04549146 0.12002623 0.01680891
4.30021501 12.55667431 0.00173557 0.00110772 0.00130957 0.01062728 0.36723234 0.06585655 0.26919496 0.02663658 0.06810590 0.04914834 0.11835908 0.02068609
4.40022001 12.54751185 0.00140128 0.00113210 0.00091582 0.01091273 0.37643380 0.07300011 0.26747127 0.02510590 0.06837207 0.04048485 0.11659076 0.01817931
4.50022501 12.53693568 0.00177730 0.00109321 0.00144415 0.00954204 0.37796486 0.07716555 0.26594687 0.02151176 0.06461922 0.04347574 0.11637584 0.01908346
4.60023001 12.52673601 0.00216960 0.00115359 0.00165691 0.01329637 0.38049029 0.07131227 0.26998829 0.02242100 0.06089094 0.04058139 0.11747690 0.01856247
4.70023501 12.50983726 0.00118990 0.00120888 0.00078478 0.00553013 0.37230917 0.07312157 0.27574272 0.02085140 0.06000320 0.04330475 0.12673602 0.01921747
4.80024001 12.49427244 0.00172030 0.00119506 0.00126553 0.01288171 0.36737859 0.07036565 0.27989147 0.02178709 0.06084956 0.04018568 0.12268532 0.01979404
4.90024501 12.48072772 0.00158612 0.00114007 0.00118894 0.00742519 0.36391084 0.06942928 0.28629998 0.02528227 0.05808443 0.04287093 0.12256468 0.02021726
5.00025001 12.45971857 0.00149294 0.00108457 0.00124294 0.01063057 0.36185439 0.06870708 0.28627615 0.02148715 0.05506343 0.05398175 0.11772147 0.02045757
5.10025501 12.45080378 0.00166626 0.00101607 0.00135828 0.00925502 0.36149171 0.06455595 0.28154169 0.02509946 0.05656158 0.05948452 0.11538895 0.02258050
5.20026001 12.43453819 0.00125456 0.00119864 0.00088433 0.00976805 0.35688497 0.06607040 0.27481303 0.02601365 0.06375107 0.05468077 0.12135230 0.02332825
5.30026501 12.41803066 0.00149749 0.00121975 0.00118163 0.00827848 0.35723454 0.06658633 0.28100767 0.02561755 0.05890580 0.05029696 0.12763224 0.02054156
5.40027001 12.40686635 0.00109888 0.00126694 0.00058643 0.00508716 0.35505007 0.07284072 0.28184025 0.02230514 0.06287994 0.04868182 0.12896280 0.01939985
5.50027501 12.40281686 0.00117845 0.00123819 0.00049136 0.00331435 0.35284330 0.07083053 0.28450636 0.02367059 0.06192492 0.04793782 0.13548723 0.01657690
5.60028001 12.39031953 0.00181889 0.00110882 0.00110748 0.01047570 0.35224195 0.06747903 0.28431414 0.02824109 0.06271500 0.04398096 0.12962010 0.01689684
5.70028501 12.37430668 0.00128574 0.00116164 0.00083729 0.00840649 0.35103960 0.07049614 0.28079117 0.02431816 0.05903825 0.04911662 0.13196932 0.02153955
5.80029001 12.36521971 0.00177824 0.00119129 0.00137783 0.01075255 0.34996042 0.06936444 0.27878123 0.02667145 0.06236562 0.04776126 0.12970143 0.02029422
5.90029501 12.35261355 0.00159702 0.00112425 0.00124639 0.00860953 0.35470246 0.06966995 0.28136342 0.02829691 0.05961133 0.04639441 0.12719854 0.02018581
6.00030002 12.33382842 0.00170122 0.00130577 0.00123241 0.01471034 0.34981790 0.06543030 0.28265814 0.02932853 0.06598995 0.03920241 0.13022824 0.01839478
6.10030502 12.31552658 0.00239332 0.00131249 0.00193473 0.01755612 0.35594011 0.05428516 0.28213693 0.02557185 0.06355081 0.04257359 0.13505966 0.01768522
6.20031002 12.30225689 0.00225272 0.00125256 0.00218359 0.01739614 0.35452866 0.05924434 0.28536701 0.02330976 0.06255285 0.04075462 0.13429892 0.01685883
6.30031502 12.28931955 0.00179415 0.00130256 0.00146005 0.01447401 0.36240522 0.05975580 0.27944738 0.02567531 0.07118109 0.02990687 0.13366375 0.01893381
6.40032002 12.28062149 0.00142152 0.00138664 0.00098111 0.00815158 0.36495759 0.06350135 0.28333065 0.02342173 0.07591042 0.02695824 0.13641469 0.01356447
6.50032502 12.26036655 0.00225371 0.00122341 0.00192395 0.01839063 0.35666498 0.06030713 0.28091134 0.02458754 0.07036243 0.02876809 0.13683784 0.01776895
6.60033002 12.25480188 0.00172433 0.00126382 0.00135073 0.01194041 0.36335112 0.06067062 0.28982817 0.01933209 0.06851113 0.02959831 0.13904576 0.01338351
6.70033502 12.24632618 0.00087516 0.00133988 0.00037838 0.00385703 0.35944536 0.06166725 0.29376035 0.01732867 0.07249447 0.03111087 0.14495994 0.01278264
6.80034002 12.23738778 0.00122195 0.00129579 0.00067286 0.01018435 0.35072736 0.05640738 0.29934386 0.01847999 0.06992903 0.03387571 0.14470397 0.01315775
6.90034502 12.22387715 0.00122864 0.00133040 0.00062224 0.00467584 0.35148235 0.05929125 0.29601815 0.02038865 0.07002586 0.03266810 0.14914324 0.01312527
7.00035002 12.21440171 0.00119188 0.00129621 0.00051468 0.00922043 0.34406213 0.05479083 0.30627564 0.02222541 0.07341599 0.03089872 0.14295003 0.01315805
7.10035502 12.19918101 0.00127107 0.00126869 0.00096006 0.00852488 0.34521611 0.05206010 0.30250202 0.01916379 0.07518504 0.03307991 0.14182814 0.01894018
7.20036002 12.18491132 0.00155792 0.00118076 0.00119114 0.00932449 0.35022346 0.05160724 0.29602053 0.02417976 0.06900895 0.03598168 0.14156630 0.01815778
7.30036502 12.18118837 0.00130998 0.00116504 0.00093760 0.01200700 0.35220289 0.05072328 0.30060877 0.01917869 0.06381174 0.03749179 0.14621156 0.01435166
7.40037002 12.16305641 0.00110119 0.00136314 0.00082467 0.00798546 0.35030871 0.05125125 0.29564731 0.02045416 0.06823832 0.03927034 0.15044251 0.01311293
7.50037502 12.14976934 0.00229805 0.00144846 0.00207064 0.01863075 0.34596215 0.04692403 0.29152082 0.01578356 0.07950492 0.03558781 0.14956365 0.01070516
7.60038002 12.13978537 0.00123269 0.00135698 0.00083973 0.00780439 0.34811234 0.05059693 0.29838978 0.01586482 0.07485515 0.03650626 0.15328575 0.01115517
7.70038502 12.12547096 0.00070376 0.00132585 0.00044788 0.00295292 0.34915690 0.04788628 0.30001320 0.01515786 0.07441399 0.03781729 0.15509007 0.01503401
7.80039002 12.10497941 0.00129301 0.00132255 0.00078544 0.00675429 0.34445008 0.04543012 0.30055664 0.01872945 0.07304397 0.04591906 0.14662676 0.01508863
7.90039502 12.08433612 0.00194662 0.00144673 0.00159478 0.02025436 0.33651778 0.04658807 0.28887382 0.02116564 0.07895580 0.03780571 0.14820587 0.01664481
8.00040002 12.06771592 0.00212931 0.00151750 0.00197059 0.01461988 0.34277636 0.05261234 0.28893921 0.01953467 0.07572617 0.03352017 0.15104075 0.01561305
8.10040502 12.05428602 0.00138473 0.00143326 0.00074812 0.00694949 0.34105042 0.05823882 0.29018196 0.02687639 0.07478182 0.03377836 0.15255255 0.01202409
8.20041002 12.04404756 0.00115925 0.00135184 0.00078493 0.00756053 0.34152059 0.05994603 0.29085606 0.02352296 0.07070887 0.03413265 0.15156264 0.01689365
8.30041502 12.02644056 0.00131157 0.00142322 0.00093642 0.00691361 0.34122774 0.05967988 0.28698902 0.02598083 0.06960671 0.03834282 0.15075331 0.01683487
8.40042002 12.01267845 0.00097468 0.00145222 0.00071132 0.00534370 0.34380115 0.06074905 0.29032837 0.02003976 0.07561984 0.03820528 0.14679842 0.01597621
8.50042502 11.99595406 0.00111125 0.00139862 0.00048567 0.00337802 0.33458593 0.05993285 0.29467662 0.02344248 0.07258145 0.04040666 0.15275738 0.01524307
8.60043002 11.98172051 0.00105033 0.00132465 0.00045814 0.00391515 0.33458954 0.05323972 0.29752718 0.02374233 0.06978011 0.04409404 0.15277852 0.01750028
8.70043502 11.97354097 0.00127710 0.00134720 0.00082231 0.00613510 0.33927022 0.04832855 0.29692960 0.02350108 0.06752944 0.04506600 0.15292355 0.01686986
8.80044002 11.96112332 0.00131782 0.00136105 0.00097445 0.01003190 0.33821189 0.04484770 0.29619322 0.02414064 0.07331278 0.04556599 0.14892106 0.01512149
8.90044502 11.94779153 0.00124322 0.00126400 0.00101527 0.01070139 0.33528659 0.05389098 0.29458198 0.02233703 0.07284106 0.04621939 0.14602637 0.01459271
9.00045002 11.94521650 0.00162266 0.00118534 0.00154058 0.01068794 0.33391593 0.05338987 0.29424529 0.02325119 0.06533302 0.04342964 0.15132040 0.02007811
9.10045502 11.92962021 0.00171309 0.00121196 0.00135674 0.00777656 0.33150906 0.05473127 0.29872849 0.02544001 0.06495875 0.04504241 0.14959174 0.01793991
9.20046002 11.91583798 0.00123807 0.00119080 0.00071085 0.00480045 0.34246687 0.05988991 0.29902223 0.02376930 0.06349430 0.04323710 0.14582579 0.01435431
9.30046502 11.89730231 0.00187374 0.00119665 0.00153183 0.01771217 0.34317084 0.05227239 0.30305563 0.02238115 0.06364404 0.03738581 0.14093284 0.01484292
9.40047002 11.88142680 0.00181518 0.00122685 0.00165887 0.01497162 0.35635220 0.05006488 0.30439367 0.01961066 0.06398567 0.03362401 0.13804161 0.01425477
9.50047502 11.86981079 0.00149747 0.00125742 0.00127517 0.01231757 0.35595704 0.04638296 0.29778875 0.02145109 0.07023922 0.03571335 0.14075757 0.01536238
9.60048002 11.85794484 0.00136291 0.00126341 0.00096771 0.00760814 0.36034997 0.04828723 0.30075968 0.02168471 0.06351857 0.03507770 0.14410836 0.01501159
9.70048502 11.84447057 0.00096370 0.00133223 0.00071153 0.00554952 0.35503855 0.05327575 0.30537298 0.01717079 0.06444625 0.03439653 0.14781000 0.01393218
9.80049002 11.82549057 0.00168217 0.00122858 0.00124340 0.01636733 0.35903981 0.04679966 0.30121728 0.02020625 0.05942785 0.03124431 0.14708648 0.01445687
9.90049502 11.81085296 0.00121446 0.00123359 0.00087617 0.00945473 0.35534974 0.05092896 0.30446672 0.01932593 0.06261361 0.03644261 0.14433634 0.01375715
10.00050003 11.80355095 0.00153137 0.00123086 0.00120211 0.01201349 0.36104642 0.04599248 0.30524546 0.01789537 0.06224874 0.03350926 0.14622851 0.01185591
10.10050503 11.78938442 0.00089168 0.00132052 0.00059547 0.00438755 0.36675760 0.04362926 0.30466284 0.01723672 0.06694129 0.03031837 0.15231775 0.01094095
10.20051003 11.77805794 0.00096684 0.00118539 0.00059052 0.00754599 0.36718664 0.04103788 0.30556424 0.02106953 0.05571814 0.03442903 0.15234559 0.01236022
10.30051503 11.75940143 0.00163208 0.00128114 0.00121044 0.01209256 0.36584747 0.04107407 0.29916673 0.02107586 0.05353171 0.03695456 0.15017295 0.01596043
10.40052003 11.74797766 0.00114118 0.00127440 0.00055101 0.00669642 0.36873467 0.04194082 0.30151232 0.02183896 0.05345257 0.03859269 0.15102603 0.01323893
10.50052503 11.73149249 0.00098220 0.00131053 0.00064153 0.00706569 0.37005464 0.04989058 0.29003732 0.01774021 0.05612168 0.03714810 0.15647582 0.01253167
10.60053003 11.71640841 0.00111668 0.00116400 0.00081136 0.00656910 0.36434324 0.04928869 0.29774504 0.01995629 0.05222526 0.04429857 0.14852246 0.01395931
10.70053503 11.69411709 0.00208515 0.00122998 0.00157631 0.01083441 0.36494434 0.04373768 0.29557169 0.02684130 0.05507315 0.04241891 0.14118084 0.01450625
10.80054003 11.67878717 0.00130769 0.00126581 0.00092175 0.00505944 0.35305123 0.04726709 0.30522372 0.02768708 0.05658457 0.04560918 0.14187466 0.01414778
10.90054503 11.66262679 0.00194072 0.00133846 0.00127161 0.01289190 0.35610091 0.04599227 0.29850328 0.02819345 0.05946123 0.04009317 0.14059612 0.01361688
11.00055003 11.64515174 0.00135776 0.00113970 0.00084647 0.00748228 0.36641159 0.04905973 0.29224432 0.03058878 0.05265896 0.04362193 0.13754544 0.01704304
11.10055503 11.62207201 0.00102709 0.00124124 0.00080331 0.00343635 0.36505221 0.05458579 0.29073390 0.02466650 0.05812368 0.04337761 0.13684898 0.02010334
11.20056003 11.60969687 0.00118942 0.00115079 0.00090867 0.00536978 0.36279986 0.05432110 0.30091967 0.02210364 0.05704986 0.04271372 0.13407982 0.01739367
11.30056503 11.59243549 0.00130799 0.00116320 0.00099263 0.01050447 0.35716546 0.05919763 0.30126260 0.02269182 0.05600963 0.04017556 0.13439911 0.01512990
11.40057003 11.58490751 0.00096506 0.00109741 0.00069510 0.00438918 0.36374115 0.06044194 0.30566247 0.02122994 0.05528257 0.03711377 0.13221640 0.01716501
11.50057503 11.57460465 0.00098353 0.00111609 0.00067913 0.00496167 0.36546561 0.05559329 0.30669876 0.02062094 0.06266667 0.03430024 0.13005285 0.01686119
11.60058003 11.56152965 0.00140433 0.00122150 0.00137394 0.01413818 0.36892776 0.05051207 0.30007535 0.01662160 0.06648038 0.03344057 0.12929501 0.01650930
11.70058503 11.54695657 0.00153048 0.00119266 0.00083526 0.00635530 0.37626082 0.04679763 0.30059628 0.02414253 0.06859217 0.03132646 0.12935807 0.01301234
11.80059003 11.53694750 0.00131146 0.00113210 0.00104215 0.00726991 0.37003809 0.04710640 0.29745581 0.01972814 0.06417395 0.03507813 0.13720005 0.01846379
11.90059503 11.52765515 0.00130502 0.00115515 0.00102252 0.00866286 0.36832682 0.04914734 0.29864827 0.01964225 0.06239969 0.03638243 0.13947007 0.01383757
12.00060003 11.52094777 0.00111156 0.00115698 0.00080244 0.00606445 0.37474261 0.04670143 0.29914103 0.01893612 0.06191474 0.03365045 0.14304463 0.01273355
12.10060503 11.51003684 0.00122820 0.00125160 0.00108756 0.01124038 0.37918621 0.05218870 0.29563513 0.01499232 0.06343363 0.02873406 0.13849343 0.01252878
12.20061003 11.50277116 0.00108769 0.00122906 0.00069660 0.00430090 0.37742687 0.05443646 0.29927953 0.01839800 0.06135189 0.02950147 0.14071265 0.01157888
12.30061503 11.49027776 0.00099624 0.00127790 0.00088475 0.00646143 0.37307924 0.04841608 0.30279344 0.01540189 0.06102096 0.03420262 0.13982847 0.01563699
12.40062003 11.48141256 0.00093850 0.00121551 0.00073766 0.00423139 0.37623476 0.05206913 0.30461577 0.01549205 0.06203003 0.02782147 0.13990393 0.01470980
12.50062503 11.47153341 0.00080761 0.00114332 0.00050423 0.00689034 0.37770300 0.05032022 0.30499079 0.01496694 0.05804621 0.03391186 0.13811669 0.01259880
12.60063003 11.45243156 0.00104651 0.00110333 0.00076701 0.00611251 0.38098004 0.05246850 0.30279352 0.01360065 0.05946395 0.03582407 0.13365916 0.01218075
12.70063503 11.44120545 0.00122056 0.00114234 0.00072920 0.00682857 0.37594183 0.05128730 0.30443345 0.01840854 0.05777762 0.03621562 0.13470475 0.01131022
12.80064003 11.42805222 0.00122001 0.00109942 0.00079888 0.01046641 0.37981890 0.04718213 0.29821603 0.01991277 0.05605282 0.03741840 0.13481283 0.01300141
12.90064503 11.42281501 0.00072890 0.00116643 0.00042096 0.00285814 0.37552656 0.05160515 0.30241262 0.01759665 0.05648013 0.03742577 0.14041426 0.01336443
13.00065003 11.41754606 0.00083377 0.00110251 0.00047747 0.00514731 0.38403450 0.04846285 0.30201404 0.01774847 0.05232290 0.03678168 0.13852605 0.01254845
13.10065503 11.40544540 0.00092588 0.00118191 0.00065503 0.00737919 0.38289202 0.04984653 0.30597473 0.01530638 0.05553789 0.03408350 0.13441344 0.01180349
13.20066003 11.39629305 0.00161445 0.00118827 0.00138258 0.01587725 0.38559272 0.04290753 0.30294006 0.01504445 0.05366783 0.02885830 0.13861112 0.01231545
13.30066503 11.38174703 0.00120706 0.00118897 0.00095998 0.00705024 0.39119181 0.04416624 0.29756411 0.01568151 0.05208546 0.03126540 0.14396966 0.01366956
13.40067003 11.37308635 0.00078827 0.00104724 0.00069625 0.00569081 0.38134629 0.05729082 0.30098015 0.01429251 0.05293038 0.03116336 0.13969593 0.01407799
13.50067503 11.36193922 0.00084347 0.00108882 0.00064756 0.00400025 0.38399491 0.05115895 0.30676968 0.01660711 0.05240305 0.02893076 0.13974354 0.01381191
13.60068003 11.35451109 0.00121229 0.00107563 0.00082309 0.00680134 0.38940607 0.04750883 0.30872646 0.01441953 0.05289636 0.02790714 0.13789547 0.01132778
13.70068503 11.34611417 0.00129251 0.00104401 0.00095458 0.01123890 0.38758211 0.04919601 0.30551310 0.01707294 0.05441314 0.02306323 0.13544764 0.01318184
13.80069003 11.33516667 0.00083940 0.00118379 0.00056543 0.00326839 0.39486250 0.04287520 0.31061065 0.01335112 0.05659505 0.02296900 0.13874801 0.01413147
13.90069503 11.32031031 0.00057891 0.00116007 0.00032047 0.00166309 0.39158500 0.04274042 0.31792021 0.01252249 0.05537105 0.02467837 0.13796368 0.01349624
14.00070004 11.30387245 0.00088226 0.00118870 0.00060259 0.00614637 0.38818587 0.04076187 0.31320985 0.01543388 0.05594261 0.02362373 0.14347297 0.01054929
14.10070504 11.29555032 0.00059936 0.00127094 0.00033351 0.00056221 0.38790613 0.03864930 0.31303691 0.01608700 0.05962874 0.01999363 0.15015728 0.01177500
14.20071004 11.28356979 0.00084008 0.00126020 0.00064175 0.00476796 0.38573716 0.03613183 0.30739156 0.01372128 0.06048717 0.02677071 0.15312392 0.00912639
14.30071504 11.27444093 0.00084259 0.00122029 0.00081373 0.00606180 0.38759416 0.02993437 0.30889367 0.01274295 0.06411169 0.02789214 0.14818019 0.01171242
14.40072004 11.25935347 0.00127424 0.00116017 0.00083578 0.00869236 0.38679605 0.03221972 0.30702355 0.01550298 0.06110281 0.03142670 0.14391742 0.01004823
14.50072504 11.24900420 0.00093415 0.00108635 0.00079912 0.00748245 0.38914178 0.03354076 0.30909816 0.01285807 0.05960273 0.03459873 0.13907099 0.01178672
14.60073004 11.23866722 0.00105705 0.00107502 0.00085455 0.00790352 0.38207151 0.03594420 0.31549819 0.01566868 0.05444392 0.03638326 0.13891136 0.01018873
14.70073504 11.23099341 0.00070554 0.00112300 0.00042380 0.00566253 0.38723268 0.03192470 0.31949279 0.01497819 0.05700316 0.03013818 0.14114837 0.01016708
14.80074004 11.21907651 0.00078262 0.00111083 0.00079738 0.00435489 0.37735420 0.03633617 0.31745207 0.01381531 0.05790294 0.03299204 0.14417996 0.01292160
14.90074504 11.21221885 0.00124425 0.00101515 0.00105025 0.00888590 0.37406759 0.04208743 0.31831719 0.01601927 0.05015181 0.03158044 0.14444827 0.01113247
15.00075004 11.19718032 0.00130914 0.00107884 0.00118653 0.00874751 0.37392379 0.04895771 0.31262344 0.01434713 0.04979077 0.02865091 0.14458317 0.01480108
15.10075504 11.18378486 0.00094129 0.00117408 0.00069878 0.00797537 0.37593262 0.05093833 0.30608351 0.01643058 0.05390223 0.02513468 0.14290756 0.01788096
15.20076004 11.17001620 0.00077843 0.00104333 0.00078556 0.00485040 0.37797172 0.05533419 0.31103370 0.01396147 0.04954962 0.02060238 0.14240162 0.02168757
15.30076504 11.15072756 0.00141538 0.00110484 0.00146397 0.00964614 0.37244923 0.05168774 0.30946632 0.01291059 0.05027959 0.02440474 0.14470002 0.02047144
15.40077004 11.13740977 0.00119203 0.00109020 0.00090415 0.00734368 0.36754498 0.05052368 0.31514833 0.01699338 0.04927708 0.03101149 0.14293941 0.01603159
15.50077504 11.12245977 0.00157664 0.00116744 0.00131624 0.01383400 0.36311579 0.04420161 0.31350403 0.01830776 0.05177178 0.02878767 0.14844097 0.01397608
15.60078004 11.11299465 0.00137498 0.00111469 0.00121974 0.01126785 0.36047750 0.04917688 0.31575316 0.01444639 0.05115077 0.03552273 0.14550387 0.01299143
15.70078504 11.09915895 0.00094795 0.00113196 0.00079760 0.00714978 0.35898898 0.04005991 0.32205824 0.01203720 0.05284116 0.04357748 0.14697966 0.01343007
15.80079004 11.08971578 0.00098224 0.00108449 0.00086491 0.00547772 0.36600704 0.03410128 0.31741141 0.01770330 0.04656342 0.04263398 0.14893365 0.01823657
15.90079504 11.06994871 0.00100517 0.00124861 0.00056503 0.00957069 0.36622081 0.03484039 0.32056914 0.01816615 0.05141356 0.03653494 0.14854788 0.01131763
16.00080004 11.05855734 0.00102725 0.00112196 0.00085341 0.00776315 0.36097566 0.04001503 0.32224188 0.01727130 0.04708709 0.04212475 0.14657341 0.01294510
16.10080504 11.04613022 0.00074616 0.00113312 0.00038598 0.00247025 0.36605191 0.04326221 0.31547602 0.02082062 0.04615730 0.04137912 0.14918165 0.01293565
16.20081004 11.02663846 0.00093316 0.00117714 0.00065690 0.00638793 0.35092168 0.04595973 0.32448244 0.02389822 0.04365452 0.03872022 0.14776422 0.01544384
16.30081504 11.01684446 0.00113092 0.00122686 0.00058892 0.00521232 0.35176193 0.04147068 0.32449142 0.02601836 0.04698578 0.03454141 0.15353401 0.01303739
16.40082004 10.99900714 0.00159414 0.00116384 0.00102652 0.00939518 0.34688438 0.04778719 0.32354791 0.02606386 0.04794493 0.03121682 0.15245894 0.01091628
16.50082504 10.99228671 0.00111303 0.00119787 0.00060979 0.00916140 0.35738169 0.04818826 0.32005347 0.02112026 0.04672939 0.02814768 0.15663758 0.00965959
16.60083004 10.98054461 0.00115093 0.00118491 0.00064388 0.00662166 0.36492353 0.04216040 0.32050947 0.02211273 0.04877000 0.02784386 0.15061208 0.01346654
16.70083504 10.96549912 0.00168221 0.00112368 0.00137866 0.01385760 0.36766546 0.04083055 0.31973211 0.01876009 0.04431092 0.02875962 0.15116784 0.01073127
16.80084004 10.94827050 0.00141248 0.00119194 0.00115533 0.01061314 0.36905282 0.03815207 0.31316909 0.02060616 0.04884223 0.03043811 0.15174391 0.01362271
16.90084504 10.93565094 0.00073204 0.00111288 0.00051731 0.00478383 0.37488031 0.05128842 0.31314321 0.01446874 0.04899300 0.02867236 0.14987061 0.01153730
17.00085004 10.92298380 0.00113394 0.00114927 0.00075897 0.00692160 0.36818681 0.04445600 0.31420233 0.01805834 0.04749424 0.02989020 0.15696735 0.01078094
17.10085504 10.90226345 0.00094149 0.00115131 0.00071199 0.00812066 0.35370253 0.04894697 0.32001112 0.01633555 0.04935860 0.03041406 0.15577645 0.01452929
17.20086004 10.88271544 0.00119030 0.00109728 0.00109911 0.00666880 0.35263329 0.05114190 0.31819707 0.01663709 0.05003473 0.03366032 0.15003763 0.01760248
17.30086504 10.86541104 0.00126212 0.00111670 0.00083770 0.00949736 0.34538476 0.04488323 0.32862400 0.02129543 0.04726195 0.03885183 0.14561259 0.01537233
17.40087004 10.86289994 0.00122702 0.00109303 0.00067520 0.00580532 0.35074022 0.04544141 0.33030281 0.02443822 0.04684823 0.03290480 0.14901572 0.01150802
17.50087504 10.84636393 0.00144613 0.00109529 0.00095301 0.00864639 0.34887894 0.04476452 0.32434302 0.02390003 0.05242800 0.03540307 0.14725475 0.01088683
17.60088004 10.83135756 0.00142655 0.00109721 0.00103479 0.01222767 0.35189128 0.04327222 0.32014667 0.02062661 0.04782121 0.03758819 0.14904363 0.01382397
17.70088504 10.81979274 0.00141685 0.00121552 0.00087834 0.00774843 0.35481519 0.04452179 0.32523226 0.02025945 0.04912268 0.03246097 0.15161435 0.01071416
17.80089004 10.81068790 0.00120872 0.00113879 0.00054426 0.00439445 0.36168435 0.04416474 0.32144273 0.02125773 0.04482965 0.03355571 0.15290448 0.01287439
17.90089504 10.80446640 0.00094320 0.00116300 0.00066703 0.00448737 0.36292850 0.04594140 0.32099507 0.01802411 0.04845615 0.03047530 0.15445728 0.01146159
18.00090005 10.79324683 0.00078591 0.00118727 0.00043696 0.00443470 0.36156220 0.04535302 0.32216117 0.01776710 0.05596301 0.03007590 0.15112635 0.00914641
18.10090505 10.78642683 0.00091292 0.00112707 0.00063405 0.00474326 0.35767797 0.04415772 0.32318958 0.01547681 0.05543524 0.03060832 0.15457014 0.01146692
18.20091005 10.77683554 0.00073417 0.00112125 0.00038971 0.00541987 0.36203285 0.04407744 0.32888132 0.01570058 0.05157194 0.02447287 0.15439263 0.01120536
18.30091505 10.76788811 0.00076154 0.00117693 0.00030668 0.00229196 0.36050730 0.04513259 0.32926777 0.01678646 0.05058804 0.02395472 0.15845996 0.01076606
18.40092005 10.75794278 0.00097190 0.00115132 0.00045004 0.00503359 0.35421703 0.04076863 0.33118132 0.02115244 0.05016322 0.02817872 0.15728711 0.00944469
18.50092505 10.74865016 0.00120397 0.00109227 0.00086419 0.00797473 0.35343159 0.04491326 0.33235058 0.01759721 0.05029789 0.02921765 0.15082767 0.01022898
18.60093005 10.73488206 0.00123092 0.00116785 0.00100272 0.00776860 0.34543059 0.04780216 0.32928569 0.01651027 0.05587903 0.03188483 0.15023682 0.01180050
18.70093505 10.72216526 0.00147863 0.00114611 0.00109179 0.01269943 0.34330735 0.04582300 0.33621554 0.01749201 0.05091077 0.02557395 0.15442022 0.00984118
18.80094005 10.70251268 0.00089485 0.00120132 0.00049753 0.00312755 0.34094503 0.04763967 0.34367910 0.01910752 0.05536266 0.02591280 0.14881189 0.01282008
18.90094505 10.69096747 0.00093766 0.00111896 0.00080523 0.00560358 0.33772418 0.04537352 0.34786325 0.01755642 0.05061793 0.02617147 0.15067567 0.01555213
19.00095005 10.67827462 0.00114338 0.00116877 0.00079982 0.00928374 0.34543200 0.04146764 0.34329113 0.01760419 0.05164322 0.02720455 0.14846487 0.01249669
19.10095505 10.67154347 0.00107196 0.00116213 0.00075632 0.00832473 0.34509922 0.04157213 0.34309710 0.01948938 0.05371476 0.02562038 0.14892679 0.01116511
19.20096005 10.65913781 0.00118089 0.00117218 0.00096509 0.00696444 0.34116824 0.04961721 0.33887410 0.01512116 0.05517310 0.02779216 0.14761238 0.01435905
19.30096505 10.64287866 0.00101397 0.00112608 0.00079516 0.00661180 0.34650206 0.05291883 0.33332923 0.01663271 0.05726093 0.02400697 0.14578171 0.01402057
19.40097005 10.63233339 0.00152550 0.00105524 0.00130751 0.00945273 0.35543737 0.04765062 0.33383467 0.01454724 0.04982014 0.02519681 0.14585258 0.01431960
19.50097505 10.61368795 0.00125799 0.00113537 0.00087346 0.01182412 0.35073299 0.04843692 0.33907438 0.01461266 0.05189296 0.02504173 0.14516430 0.00995311
19.60098005 10.59494810 0.00191681 0.00111073 0.00157401 0.01366871 0.34695678 0.04020743 0.32884903 0.01943950 0.05110094 0.03145507 0.14998251 0.01373847
19.70098505 10.58194392 0.00105159 0.00128458 0.00086930 0.00913574 0.34825708 0.03927982 0.33033370 0.01366902 0.06056156 0.03175062 0.15156308 0.01224391
19.80099005 10.56214728 0.00111467 0.00132835 0.00100194 0.00741538 0.34795484 0.03510902 0.32446933 0.01405808 0.05924935 0.03706923 0.15499813 0.01623169
19.90099505 10.55306817 0.00076537 0.00120119 0.00063293 0.00359209 0.34985652 0.04250916 0.32694648 0.01437727 0.06024276 0.03594460 0.15175305 0.01217858
20.00100005 10.54547359 0.00075768 0.00115032 0.00055368 0.00445555 0.35215218 0.04103006 0.32535706 0.01485608 0.05661023 0.03557645 0.15273021 0.01477051
20.10100505 10.52538149 0.00087831 0.00125619 0.00081615 0.00809170 0.34298561 0.03886868 0.32670216 0.01625902 0.06472790 0.03004426 0.15232813 0.01704189
20.20101005 10.51650211 0.00088788 0.00113543 0.00076846 0.00311633 0.33681800 0.04450678 0.33705622 0.01933198 0.06533079 0.02607452 0.14765956 0.01731404
20.30101505 10.49953788 0.00084851 0.00116091 0.00059961 0.00351599 0.33211745 0.04937408 0.34393681 0.01816927 0.06622288 0.02524452 0.14456194 0.01424802
20.40102005 10.49400726 0.00097666 0.00106688 0.00060062 0.00481556 0.33193927 0.05060635 0.34247734 0.01893858 0.06393186 0.02677666 0.14458465 0.01328557
20.50102505 10.48272512 0.00079468 0.00119157 0.00065195 0.00416512 0.33324537 0.04905709 0.34055230 0.01599069 0.06593674 0.02834174 0.14507401 0.01499875
20.60103005 10.47335837 0.00078931 0.00110745 0.00068037 0.00342737 0.32905138 0.05013503 0.33535121 0.01720028 0.06124139 0.04087254 0.14524857 0.01489510
20.70103505 10.46601017 0.00081771 0.00111441 0.00050987 0.00319105 0.32687446 0.04698802 0.34348643 0.01713795 0.06043220 0.03962568 0.14609250 0.01372972
20.80104005 10.44866666 0.00154854 0.00115947 0.00103801 0.01031434 0.32592297 0.04724804 0.33745338 0.01895121 0.06288853 0.03264619 0.14457565 0.01625368
20.90104505 10.43430250 0.00116933 0.00114302 0.00103536 0.00828222 0.33040731 0.05455330 0.32991109 0.01241588 0.05913575 0.03575190 0.14940282 0.01679201
21.00105005 10.42430605 0.00104242 0.00113416 0.00082974 0.00832233 0.33142683 0.05216360 0.33160495 0.01527518 0.05462800 0.04026094 0.14720606 0.01610578
21.10105505 10.41988966 0.00084017 0.00112462 0.00061194 0.00504439 0.33501279 0.05009095 0.33709976 0.01440416 0.05447768 0.03828690 0.14828516 0.01472149
21.20106005 10.39710798 0.00088778 0.00127395 0.00065123 0.00467692 0.33480181 0.05559737 0.33125745 0.01510152 0.06345059 0.03663066 0.14121620 0.01445451
21.30106505 10.38300257 0.00097810 0.00118227 0.00072242 0.00491917 0.33021203 0.05753979 0.33278216 0.01587951 0.05991804 0.03630120 0.14390550 0.01565981
21.40107005 10.36748158 0.00142355 0.00122252 0.00112414 0.01122703 0.33160909 0.05653833 0.32029173 0.01989291 0.05764352 0.03716632 0.14723314 0.01462772
21.50107505 10.35892673 0.00110079 0.00114548 0.00060955 0.00541002 0.33761687 0.06394842 0.32064475 0.01938357 0.05376907 0.03380316 0.14682383 0.01574449
21.60108005 10.34908851 0.00133072 0.00112431 0.00094867 0.00919146 0.34469614 0.06284532 0.31806936 0.01575901 0.05274353 0.03341953 0.14536666 0.01450529
21.70108505 10.33060491 0.00131542 0.00118637 0.00118670 0.01376410 0.34538318 0.05472102 0.32079727 0.01635761 0.05250251 0.03147387 0.14013067 0.02118129
21.80109005 10.31819574 0.00140162 0.00112326 0.00129268 0.00974814 0.34361875 0.05133658 0.32502066 0.01843272 0.05148112 0.03541940 0.14075621 0.02036886
21.90109505 10.30423408 0.00104861 0.00111848 0.00064919 0.00390540 0.33816631 0.05075515 0.33297169 0.02138954 0.04885071 0.04041440 0.14489281 0.01583770
22.00110006 10.29847329 0.00077675 0.00109290 0.00048981 0.00471939 0.34674795 0.04995458 0.32865506 0.01917039 0.05120591 0.04122525 0.14229818 0.01366383
22.10110506 10.29065299 0.00114287 0.00104256 0.00050507 0.00519131 0.34487713 0.04684853 0.32411284 0.02907545 0.04607069 0.04291858 0.14389678 0.01431819
22.20111006 10.27837267 0.00121632 0.00116955 0.00083807 0.00891296 0.34664214 0.04536349 0.32282158 0.02104773 0.04917719 0.04056425 0.15018955 0.01205717
22.30111506 10.26880287 0.00113133 0.00111567 0.00078992 0.00631227 0.34615774 0.04733826 0.32461320 0.02064808 0.04688768 0.04098433 0.14922571 0.01479581
22.40112006 10.25738880 0.00134775 0.00105804 0.00084954 0.01200315 0.34798824 0.04982901 0.31946577 0.02427458 0.04686005 0.03380064 0.14862790 0.01389533
22.50112506 10.24257719 0.00135752 0.00119004 0.00134585 0.00696400 0.35141571 0.04811945 0.32012839 0.01926610 0.04855852 0.03153510 0.14870734 0.02141199
22.60113006 10.23024863 0.00140052 0.00109201 0.00104513 0.00869561 0.35274668 0.04989540 0.32350000 0.02220643 0.04801516 0.03211159 0.14664615 0.01264532
22.70113506 10.21523735 0.00124059 0.00108965 0.00072121 0.00793616 0.34748818 0.05331525 0.32463478 0.02156709 0.04736677 0.03608491 0.14742061 0.01113480
22.80114006 10.20193738 0.00140508 0.00108971 0.00076124 0.01082217 0.35348730 0.04740936 0.31898279 0.02200047 0.04541504 0.03873024 0.14902516 0.01087144
22.90114506 10.18600616 0.00131617 0.00118640 0.00088787 0.00574093 0.34757632 0.04912042 0.32096508 0.02114128 0.04844207 0.03817186 0.15183014 0.01362147
23.00115006 10.17669580 0.00106096 0.00117789 0.00057388 0.00469925 0.35011777 0.05058119 0.32009583 0.02218262 0.05350661 0.03589658 0.14710189 0.01300552
23.10115506 10.16910718 0.00091141 0.00116119 0.00036122 0.00341393 0.35522745 0.04970349 0.31927425 0.02494741 0.05598167 0.03520754 0.14235544 0.01145500
23.20116006 10.15432326 0.00134933 0.00111532 0.00060411 0.00567368 0.35814658 0.04694899 0.31488144 0.02749743 0.05404473 0.03316794 0.14581193 0.01075852
23.30116506 10.14792846 0.00106707 0.00110512 0.00043206 0.00680422 0.35952961 0.04461972 0.31302594 0.02521351 0.05292487 0.03550290 0.14941446 0.01036051
23.40117006 10.13800790 0.00115387 0.00118053 0.00077425 0.00679600 0.35993351 0.04027225 0.31399445 0.02121403 0.05703747 0.03316810 0.15385404 0.01062149
23.50117506 10.12725174 0.00129945 0.00128587 0.00094926 0.01096346 0.35476064 0.04020404 0.31449778 0.01731621 0.05931237 0.03465767 0.15414334 0.01060991
23.60118006 10.11573362 0.00146511 0.00108298 0.00135713 0.01022079 0.35143054 0.03903706 0.31925542 0.01893288 0.05503171 0.03524375 0.14919936 0.01774327
23.70118506 10.10847492 0.00093901 0.00116187 0.00087501 0.00563822 0.35248165 0.04221976 0.32157356 0.01683501 0.05993188 0.03243973 0.14885105 0.01705325
23.80119006 10.09760766 0.00086454 0.00110551 0.00062878 0.00509265 0.35964563 0.04652650 0.32172618 0.01800230 0.05342288 0.03499461 0.14609980 0.01189061
23.90119506 10.08341176 0.00137562 0.00107372 0.00091724 0.00717643 0.36226859 0.04454024 0.32242211 0.02117373 0.04935211 0.03018587 0.15088346 0.00863087
24.00120006 10.07521513 0.00088586 0.00107710 0.00065762 0.00519808 0.36372261 0.04220615 0.32947439 0.01802645 0.04791074 0.02915779 0.14981517 0.01186805
24.10120506 10.05943250 0.00118575 0.00109410 0.00070560 0.00863746 0.35622964 0.04346278 0.32184326 0.02151784 0.04874673 0.03425516 0.15208627 0.01023541
24.20121006 10.04513695 0.00111154 0.00115693 0.00067996 0.00850060 0.35254511 0.03999231 0.32467806 0.02223322 0.05339090 0.03265057 0.15022901 0.01283180
24.30121506 10.02606650 0.00123209 0.00115892 0.00095961 0.00979093 0.36148997 0.03771342 0.32236191 0.01968916 0.04992589 0.03138091 0.15106331 0.01323387
24.40122006 10.01243934 0.00104829 0.00123787 0.00080237 0.00772509 0.36173935 0.03986901 0.32465116 0.01482240 0.05304108 0.03423760 0.15133055 0.00949526
24.50122506 10.00326712 0.00071730 0.00118711 0.00058001 0.00508594 0.36544976 0.03840970 0.32840174 0.01327996 0.05806339 0.03084494 0.14689800 0.01108215
24.60123006 9.98688658 0.00109831 0.00103345 0.00085764 0.00571182 0.36559531 0.04067021 0.32537752 0.01494548 0.05737928 0.02999587 0.14461443 0.01272068
24.70123506 9.97526522 0.00104254 0.00109883 0.00077462 0.00604634 0.35632428 0.03998220 0.32953937 0.01419887 0.06052440 0.02982903 0.14851312 0.01212641
24.80124006 9.96729204 0.00079256 0.00109148 0.00038347 0.00271847 0.36288363 0.03909426 0.32892506 0.01712975 0.06203793 0.02523087 0.14906191 0.01065062
24.90124506 9.95740795 0.00124738 0.00110942 0.00082717 0.00612507 0.36523661 0.03710833 0.32442451 0.01886010 0.06118559 0.02249099 0.15204388 0.00934095
25.00125006 9.94271379 0.00114103 0.00118513 0.00097264 0.00612785 0.36055608 0.03828404 0.32300216 0.01512617 0.06559099 0.02113346 0.15566565 0.01121481
25.10125506 9.93422117 0.00061930 0.00123534 0.00053652 0.00374869 0.36080607 0.03724840 0.32212397 0.01634411 0.06544530 0.02278751 0.15438932 0.01471546
25.20126006 9.91378778 0.00104740 0.00131439 0.00105219 0.01149319 0.35768495 0.03595088 0.32466032 0.01162457 0.06644642 0.01923090 0.15589392 0.01360087
25.30126506 9.90780048 0.00048315 0.00125268 0.00060165 0.00563929 0.35249664 0.03892339 0.33134915 0.01063010 0.06986002 0.01847230 0.15504152 0.01525013
25.40127006 9.89429817 0.00129825 0.00110869 0.00119567 0.00912012 0.34321598 0.04058503 0.33301898 0.01258625 0.07107007 0.02739144 0.14758628 0.01182325
25.50127506 9.88405193 0.00128095 0.00112134 0.00107955 0.00837133 0.34344043 0.04353335 0.33024628 0.01328134 0.07007041 0.02720860 0.14712155 0.01324487
25.60128006 9.86860286 0.00124501 0.00113245 0.00085479 0.01114832 0.34384300 0.04155160 0.33029436 0.01752689 0.07312010 0.02540492 0.14361009 0.01026847
