0.00000000 3.00000000 0.00000000 0.00000000 0.00000000 0.00000000 0.00000000 0.00000000 0.00000000 1.00000000 0.00000000 0.00000000 0.00000000 0.00000000
0.10000500 3.00255658 0.02787198 0.00146143 0.00882616 0.09664430 0.09664005 0.17176270 0.01454606 0.40230929 0.05752800 0.07910788 0.01182445 0.03147768
0.20001000 3.00232888 0.00863959 0.00130679 0.00548614 0.03436502 0.13783393 0.24589933 0.04060267 0.23088136 0.06407100 0.14254360 0.03218560 0.05618497
0.30001500 3.00149660 0.00566283 0.00106080 0.00421035 0.02940407 0.14843587 0.24845110 0.04613286 0.16094239 0.07266647 0.18952133 0.03970400 0.05380792
0.40002000 3.00026044 0.00481621 0.00108748 0.00250587 0.02546445 0.14900875 0.23517752 0.06655205 0.15193557 0.07747430 0.19527589 0.05187742 0.03882449
0.50002500 2.99826573 0.00532821 0.00102047 0.00207741 0.01643758 0.16694837 0.19826681 0.08011528 0.15154547 0.07915894 0.20533931 0.05675693 0.03700521
0.60003000 2.99685817 0.00493133 0.00102630 0.00216550 0.02714994 0.17673143 0.17005475 0.08762891 0.13495738 0.08429347 0.21032377 0.05831989 0.04241733
0.70003500 2.99548515 0.00527623 0.00101839 0.00297141 0.02312108 0.19795722 0.14130392 0.09580315 0.11639210 0.09039267 0.21244280 0.06482857 0.04849246
0.80004000 2.99429403 0.00472423 0.00086599 0.00287291 0.02145134 0.21229939 0.12801243 0.10288696 0.10703832 0.08489682 0.21632144 0.06705084 0.05157933
0.90004500 2.98969514 0.00344839 0.00096802 0.00210729 0.01673903 0.21894479 0.12898175 0.10366339 0.09821393 0.08728607 0.21648915 0.07313772 0.05002046
1.00005000 2.98599109 0.00352994 0.00081754 0.00221564 0.01487216 0.22799344 0.14711687 0.10673457 0.08579533 0.08443618 0.20118300 0.08001828 0.04528705
1.10005500 2.98295234 0.00266462 0.00088591 0.00152156 0.01322137 0.22940815 0.15072075 0.10878868 0.08249859 0.08410984 0.19115602 0.08680743 0.04821709
1.20006000 2.98224221 0.00389361 0.00079367 0.00225060 0.01819684 0.23282488 0.15636220 0.11170685 0.09090041 0.08545192 0.16985425 0.08522268 0.04254210
1.30006500 2.98110576 0.00346725 0.00095307 0.00191781 0.01267950 0.24545332 0.15948323 0.11876234 0.09088071 0.08777532 0.14135836 0.09105595 0.04621315
1.40007000 2.97910384 0.00306670 0.00092714 0.00129392 0.00724438 0.26724649 0.16466710 0.12547773 0.09201202 0.09006767 0.11529202 0.09228097 0.04042384
1.50007500 2.97655846 0.00332764 0.00090007 0.00129708 0.01080615 0.27342120 0.16260500 0.13237402 0.09289390 0.08788226 0.10467830 0.09142246 0.03839193
1.60008000 2.97177249 0.00356083 0.00090276 0.00153252 0.01617152 0.27849553 0.15640394 0.13812367 0.08715722 0.09304148 0.09548228 0.09143657 0.03769168
1.70008500 2.96712163 0.00314830 0.00080698 0.00117523 0.01533826 0.28657597 0.15727814 0.14191826 0.08354247 0.09294547 0.09536669 0.08975333 0.03215091
1.80009000 2.96642727 0.00284937 0.00079811 0.00111225 0.01188533 0.29824807 0.15316201 0.14753871 0.07651440 0.09555960 0.09077321 0.08985551 0.03170342
1.90009500 2.96310590 0.00262735 0.00076118 0.00126416 0.00858262 0.30032172 0.15549887 0.14674388 0.07157987 0.08931289 0.09104986 0.09286033 0.03939727
2.00010001 2.96182536 0.00227520 0.00094640 0.00096525 0.00843981 0.31355527 0.14313081 0.15037902 0.06113602 0.09045409 0.08888342 0.10066523 0.03916949
2.10010501 2.95602555 0.00253253 0.00102933 0.00117705 0.00924045 0.31885906 0.12526575 0.16273350 0.05959570 0.09345823 0.08724704 0.10391987 0.03494147
2.20011001 2.95416479 0.00232367 0.00101232 0.00137585 0.00927028 0.32840900 0.11451123 0.17169875 0.04756890 0.09387767 0.08744928 0.11100226 0.03150079
2.30011501 2.94839721 0.00220937 0.00094822 0.00096678 0.00726655 0.32826353 0.10695856 0.17001884 0.05206169 0.08894043 0.09120315 0.11982899 0.03133391
2.40012001 2.94502837 0.00250164 0.00097823 0.00180795 0.01394324 0.32684220 0.10091353 0.17360854 0.04126217 0.09386651 0.08978619 0.12270453 0.03178528
2.50012501 2.94145751 0.00187550 0.00094574 0.00119954 0.00674640 0.33118131 0.10046074 0.17943033 0.03977578 0.09258975 0.08810505 0.12385287 0.03383698
2.60013001 2.93984792 0.00169371 0.00090401 0.00099443 0.00370536 0.33104366 0.09771235 0.18392550 0.04203628 0.09252509 0.08378944 0.12960174 0.03206844
2.70013501 2.93746606 0.00184906 0.00081988 0.00099021 0.00717624 0.33738206 0.10324348 0.18648300 0.04173840 0.08689235 0.07996379 0.12642270 0.02703881
2.80014001 2.93657124 0.00168622 0.00084894 0.00089461 0.00617459 0.34002424 0.09997082 0.19304220 0.04052155 0.08621971 0.07489521 0.12786490 0.02785700
2.90014501 2.93316890 0.00138235 0.00076893 0.00041512 0.00405584 0.34105853 0.10630162 0.20121966 0.04132460 0.08196285 0.06956073 0.12899002 0.02295974
3.00015001 2.92698655 0.00161077 0.00067400 0.00063663 0.00658972 0.34216755 0.10814749 0.21089378 0.03962317 0.07309774 0.06596677 0.12716693 0.02342547
3.10015501 2.92475274 0.00181848 0.00068904 0.00056634 0.00424358 0.34771502 0.10590845 0.20976057 0.04562865 0.06850644 0.06333241 0.12532893 0.02650209
3.20016001 2.92131659 0.00183506 0.00071260 0.00104903 0.00491637 0.35310420 0.10651252 0.20864604 0.03922676 0.06899158 0.05887456 0.12654559 0.02958569
3.30016501 2.92003589 0.00158817 0.00074344 0.00058899 0.00548870 0.36292213 0.10165503 0.20819950 0.03823269 0.06868129 0.05672469 0.12945363 0.02572173
3.40017001 2.91804724 0.00128877 0.00067728 0.00047128 0.00467141 0.37026389 0.09808351 0.20856840 0.03589063 0.06762735 0.05602700 0.13086307 0.02556739
3.50017501 2.91622575 0.00124753 0.00070585 0.00056240 0.00392546 0.36995545 0.09845863 0.20729506 0.03232541 0.06597869 0.06051299 0.13406495 0.02496758
3.60018001 2.91406715 0.00153263 0.00069106 0.00075205 0.00369248 0.36796857 0.08967766 0.21141784 0.03647567 0.06526899 0.05844958 0.13865354 0.02541993
3.70018501 2.91233910 0.00166186 0.00061424 0.00092942 0.00990536 0.37303895 0.08861494 0.21386664 0.03123215 0.05958822 0.05770902 0.14089196 0.02194724
3.80019001 2.90901199 0.00140758 0.00066501 0.00061651 0.00541564 0.37330929 0.08624088 0.22079320 0.03057067 0.05642308 0.05788771 0.14480942 0.02186101
3.90019501 2.90593734 0.00134864 0.00070054 0.00080772 0.00984013 0.37609430 0.08189385 0.22019248 0.02684839 0.05864438 0.05407920 0.14636830 0.02318207
4.00020001 2.90462045 0.00125586 0.00069375 0.00080057 0.00511167 0.38205407 0.07965460 0.22421030 0.02487138 0.05617616 0.05356330 0.14886571 0.02274263
4.10020501 2.90385168 0.00123788 0.00061947 0.00072339 0.00474415 0.38299482 0.07890813 0.22625370 0.02407605 0.05487124 0.05554876 0.14926077 0.02076165
4.20021001 2.89704521 0.00124633 0.00060624 0.00080655 0.00515110 0.38101228 0.07908131 0.22827987 0.02300704 0.05111182 0.05726676 0.15098978 0.02144091
4.30021501 2.89167919 0.00129825 0.00063653 0.00089790 0.00477131 0.37801474 0.07695997 0.22828205 0.02603046 0.05000384 0.05483605 0.15306284 0.02520606
4.40022001 2.88674817 0.00143550 0.00063230 0.00100347 0.00693109 0.37821234 0.07519717 0.23236087 0.02575962 0.05008020 0.05226477 0.15271430 0.02340838
4.50022501 2.88079489 0.00101371 0.00059387 0.00055426 0.00268183 0.37856503 0.07818258 0.24150097 0.02506456 0.04506311 0.05006105 0.15427702 0.02244202
4.60023001 2.87754099 0.00118189 0.00065609 0.00076083 0.00357025 0.38028343 0.07201569 0.24188319 0.02460752 0.04589219 0.05225764 0.15528510 0.02160619
4.70023501 2.87560110 0.00114751 0.00056814 0.00045244 0.00215008 0.37962210 0.07408031 0.24219802 0.02818220 0.04501922 0.05204604 0.15459252 0.01994142
4.80024001 2.87398026 0.00110378 0.00064853 0.00021627 0.00294555 0.38011040 0.07087596 0.24165756 0.03074511 0.04608934 0.04841294 0.15949417 0.01770039
4.90024501 2.87206677 0.00129157 0.00059216 0.00051489 0.00334663 0.38517614 0.06708855 0.24070959 0.03000823 0.04875223 0.04442246 0.16076988 0.01732766
5.00025001 2.86912827 0.00105967 0.00056101 0.00058390 0.00327070 0.38546562 0.06648933 0.24647278 0.02580762 0.04788496 0.03922899 0.16361563 0.01955980
5.10025501 2.86675141 0.00144662 0.00061010 0.00105960 0.00835755 0.38612899 0.06073269 0.24431056 0.02334405 0.04619348 0.04250465 0.16675688 0.01855483
5.20026001 2.85990410 0.00128422 0.00078102 0.00097282 0.00923245 0.38440649 0.06241638 0.25223178 0.02076428 0.04166169 0.03641014 0.17291902 0.01691972
5.30026501 2.85336641 0.00156914 0.00080228 0.00109397 0.00809790 0.38348132 0.06169253 0.25119535 0.02442682 0.04897436 0.03428994 0.16954669 0.01482970
5.40027001 2.85222303 0.00113805 0.00068885 0.00056230 0.00513610 0.38661024 0.05887394 0.25664507 0.02526484 0.04667389 0.03444639 0.16938195 0.01457839
5.50027501 2.84379922 0.00126455 0.00070058 0.00050199 0.00356762 0.38620894 0.06068695 0.25234569 0.02532801 0.04905514 0.03476755 0.17168965 0.01388334
5.60028001 2.84209490 0.00160340 0.00063328 0.00119268 0.01064351 0.38563873 0.05875771 0.25624162 0.01769660 0.04855395 0.03426829 0.17093242 0.01383781
5.70028501 2.83937989 0.00110172 0.00059247 0.00062219 0.00486851 0.38663873 0.05714658 0.26007119 0.02042171 0.04796650 0.03355612 0.17073111 0.01628317
5.80029001 2.83212516 0.00102827 0.00064747 0.00039108 0.00392557 0.39113569 0.05417735 0.26148645 0.02154550 0.04668973 0.03253546 0.17204067 0.01439678
5.90029501 2.82953950 0.00093885 0.00069170 0.00045578 0.00302650 0.38696458 0.05207444 0.26222169 0.01802254 0.05364402 0.03104669 0.17447801 0.01643520
6.00030002 2.82380316 0.00121771 0.00066061 0.00100803 0.00641702 0.38555316 0.05117057 0.26602379 0.01527468 0.04764060 0.03256750 0.17612184 0.01634449
6.10030502 2.82034921 0.00074077 0.00067859 0.00043773 0.00194361 0.38649363 0.05110084 0.26855921 0.01472137 0.04952054 0.03272915 0.17874803 0.01432654
6.20031002 2.81540846 0.00073090 0.00065964 0.00045351 0.00512865 0.38689156 0.04903620 0.26922880 0.01308613 0.04899875 0.03190061 0.18222125 0.01166400
6.30031502 2.81126591 0.00069342 0.00064683 0.00029874 0.00528398 0.38643041 0.04712084 0.27181046 0.01553547 0.04849832 0.02933475 0.18261397 0.01173280
6.40032002 2.80996833 0.00110801 0.00067742 0.00057144 0.00680931 0.38818594 0.04305655 0.27054492 0.01849170 0.04869262 0.02687130 0.18389911 0.01109170
6.50032502 2.80639420 0.00113178 0.00064305 0.00066655 0.00555188 0.39581264 0.04481499 0.26947603 0.01549101 0.04457591 0.02911640 0.18349238 0.00922738
6.60033002 2.80517496 0.00069788 0.00067827 0.00046671 0.00437343 0.40188401 0.04317466 0.27098993 0.01300445 0.03905901 0.02899154 0.18538878 0.01129133
6.70033502 2.80056749 0.00078472 0.00070163 0.00037650 0.00221516 0.40448857 0.04200211 0.27177035 0.01525659 0.04250474 0.02690121 0.18253471 0.01046370
6.80034002 2.79642442 0.00136274 0.00068332 0.00109280 0.00969118 0.40110753 0.03881830 0.26895244 0.01656090 0.04706593 0.02224268 0.18019078 0.01223140
6.90034502 2.79161644 0.00061065 0.00060456 0.00030000 0.00154986 0.40457537 0.04410826 0.27592297 0.01461235 0.04347724 0.02054719 0.18141986 0.01227168
7.00035002 2.78787273 0.00067678 0.00063469 0.00063902 0.00298492 0.40291888 0.03923392 0.27579803 0.01256838 0.04558248 0.02092945 0.18306593 0.01496753
7.10035502 2.78518141 0.00061350 0.00058820 0.00038895 0.00280348 0.40605562 0.04014009 0.27490753 0.01365752 0.04378614 0.02323600 0.18266251 0.01116048
7.20036002 2.77892267 0.00089841 0.00059188 0.00081654 0.00717351 0.40589756 0.04002838 0.27389532 0.01162512 0.04120288 0.02262893 0.18241236 0.01282911
7.30036502 2.76962795 0.00110174 0.00060359 0.00077018 0.00458028 0.40625896 0.04076808 0.27402226 0.01394482 0.04285706 0.02429769 0.18025813 0.01053722
7.40037002 2.76189178 0.00103619 0.00060119 0.00083454 0.00567841 0.40195657 0.03796668 0.28127321 0.01319127 0.03757457 0.02941997 0.17859445 0.01187294
7.50037502 2.75258178 0.00091707 0.00058681 0.00089497 0.00629774 0.39939747 0.03896080 0.28370939 0.01805673 0.03574706 0.02584949 0.17455928 0.01502320
7.60038002 2.75001927 0.00086107 0.00065418 0.00052397 0.00319631 0.40184986 0.03789785 0.28049691 0.01753690 0.03702432 0.02522714 0.18197473 0.01275675
7.70038502 2.74743928 0.00082753 0.00066283 0.00057077 0.00614973 0.40194128 0.03050631 0.28719973 0.01922074 0.03721858 0.02089005 0.18297757 0.01183487
7.80039002 2.74610574 0.00100200 0.00064885 0.00080781 0.00540725 0.40482815 0.03080634 0.28959411 0.01516864 0.03774270 0.01858598 0.18518619 0.01022199
7.90039502 2.74264393 0.00113964 0.00062658 0.00072920 0.00532367 0.40598291 0.03033367 0.29014999 0.01506442 0.03581510 0.01956682 0.18742541 0.00784258
8.00040002 2.73295449 0.00084806 0.00058308 0.00060407 0.00790862 0.40711663 0.03249166 0.29361004 0.01246875 0.03760648 0.01657997 0.18308377 0.00709886
8.10040502 2.73055323 0.00112379 0.00060382 0.00067560 0.00479236 0.40885054 0.03097163 0.29735059 0.01378897 0.03716110 0.01571676 0.18203395 0.00693089
8.20041002 2.72719485 0.00074096 0.00061386 0.00053178 0.00598786 0.41297835 0.03255957 0.29478260 0.00994910 0.03668569 0.01670234 0.18093949 0.00752839
8.30041502 2.72325784 0.00048665 0.00059432 0.00006408 0.00033369 0.42057851 0.02862528 0.29277332 0.01250252 0.03786957 0.01731774 0.18218427 0.00667004
8.40042002 2.71747027 0.00083667 0.00057852 0.00061334 0.00499222 0.41304115 0.02516981 0.29644192 0.01059900 0.03470141 0.01901428 0.18523699 0.00877467
8.50042502 2.71353966 0.00083508 0.00059690 0.00055407 0.00885016 0.41317597 0.02083599 0.29603563 0.01032339 0.03744513 0.02213653 0.18274637 0.00646477
8.60043002 2.70685642 0.00070841 0.00062421 0.00033397 0.00330082 0.41142367 0.02287516 0.29756968 0.01272453 0.04009268 0.02317536 0.18028976 0.00688174
8.70043502 2.70388336 0.00076407 0.00058312 0.00046620 0.00637723 0.40939217 0.02794587 0.29627962 0.01008135 0.03778092 0.02321112 0.17996417 0.00715416
8.80044002 2.69395834 0.00093266 0.00059983 0.00046427 0.00678460 0.40850873 0.02516957 0.29750839 0.01537032 0.03581010 0.02553278 0.17557294 0.00774580
8.90044502 2.69245333 0.00045897 0.00058269 0.00010823 0.00034255 0.41485413 0.02663078 0.29851267 0.01456685 0.03368550 0.02547645 0.17836501 0.00641615
9.00045002 2.68505930 0.00074291 0.00055132 0.00045818 0.00555036 0.41351440 0.02627908 0.29845701 0.01239091 0.03230481 0.02783290 0.17517246 0.00674566
9.10045502 2.67889342 0.00097614 0.00053832 0.00070394 0.00773981 0.41393379 0.02565315 0.29275313 0.01386538 0.03301389 0.03006027 0.17376087 0.00700131
9.20046002 2.67633222 0.00066232 0.00052422 0.00036324 0.00272741 0.41818007 0.02746677 0.29334216 0.01283926 0.03231493 0.02872394 0.17563862 0.00721706
9.30046502 2.67109449 0.00095260 0.00051648 0.00068189 0.00459081 0.41980388 0.02573111 0.29266040 0.01429102 0.02719146 0.02668884 0.17782779 0.00906373
9.40047002 2.66465911 0.00070693 0.00057970 0.00036781 0.00331535 0.42242252 0.02779177 0.29776774 0.01377356 0.02780912 0.02127714 0.17742091 0.00676744
9.50047502 2.66112161 0.00089324 0.00057599 0.00065635 0.00319818 0.42478087 0.03031920 0.29644883 0.01309259 0.02708049 0.01583886 0.17711382 0.01000159
9.60048002 2.65617455 0.00105815 0.00047196 0.00081568 0.00568057 0.42729795 0.02954169 0.29105452 0.01627668 0.02420846 0.02178539 0.17296710 0.00884185
9.70048502 2.65158218 0.00078483 0.00049319 0.00042561 0.00355733 0.43446143 0.02978461 0.28957697 0.01430499 0.02440274 0.02023834 0.17306568 0.00890428
9.80049002 2.64736634 0.00055088 0.00050393 0.00036954 0.00163848 0.43094994 0.03006485 0.29403636 0.01295851 0.02619257 0.02135155 0.17231720 0.00906620
9.90049502 2.64516852 0.00032820 0.00050248 0.00019002 0.00032606 0.43333441 0.02952637 0.29451098 0.01051978 0.02751843 0.02115797 0.17213371 0.00995160
10.00050003 2.64206350 0.00070547 0.00043565 0.00056939 0.00470846 0.43698197 0.02710545 0.29452205 0.01177226 0.02374821 0.01943804 0.17231213 0.00770093
10.10050503 2.63367949 0.00054207 0.00050018 0.00044998 0.00281741 0.44202796 0.02649969 0.29479835 0.00924305 0.02563578 0.01890432 0.17103772 0.00754348
10.20051003 2.62929526 0.00067118 0.00057206 0.00047745 0.00482656 0.43918819 0.02369038 0.29257006 0.01059768 0.02536507 0.01895093 0.17630462 0.00678582
10.30051503 2.62447801 0.00061316 0.00049038 0.00057526 0.00399349 0.43827740 0.02551812 0.29318675 0.00932911 0.02549405 0.02030763 0.17455142 0.00766323
10.40052003 2.62394690 0.00074983 0.00046781 0.00067605 0.00565801 0.43829827 0.02728849 0.29697154 0.00919158 0.02544052 0.01496771 0.17282187 0.00746832
10.50052503 2.62264723 0.00063766 0.00049841 0.00034734 0.00331613 0.43848606 0.02333035 0.30193580 0.01106912 0.02320580 0.01461652 0.17587394 0.00668288
10.60053003 2.61876393 0.00081641 0.00048109 0.00063347 0.00484072 0.43799452 0.02208719 0.30704942 0.00934006 0.02308150 0.01314418 0.17339348 0.00713797
10.70053503 2.61359026 0.00033777 0.00045422 0.00033872 0.00139382 0.44186974 0.02662282 0.30257320 0.00631059 0.02301373 0.01658322 0.17208911 0.00841307
10.80054003 2.61103924 0.00035726 0.00046794 0.00012720 0.00031708 0.44477093 0.02524867 0.30068804 0.00786034 0.02264986 0.01748568 0.17342323 0.00660377
10.90054503 2.61013048 0.00037334 0.00042787 0.00008343 0.00020237 0.44525331 0.02640832 0.30070699 0.00908564 0.02260511 0.01514754 0.17300671 0.00669937
11.00055003 2.60622155 0.00027120 0.00051166 0.00004500 0.00016033 0.44484648 0.02428861 0.30282663 0.00750267 0.02638112 0.01342826 0.17343411 0.00630392
11.10055503 2.60004086 0.00051558 0.00043855 0.00041596 0.00303940 0.44917036 0.02420710 0.30305937 0.00675879 0.02190809 0.01288518 0.16942363 0.00817800
11.20056003 2.59693882 0.00077703 0.00043861 0.00055304 0.00447170 0.44883435 0.02563001 0.30187842 0.00449987 0.02017666 0.01556739 0.17067197 0.00650096
11.30056503 2.59321495 0.00056389 0.00048211 0.00028405 0.00165055 0.44801793 0.02643220 0.30114410 0.00761161 0.02271277 0.01550193 0.16964310 0.00595576
11.40057003 2.58851447 0.00061965 0.00046927 0.00048151 0.00386942 0.44398574 0.02547422 0.29957417 0.00742078 0.02231027 0.01550082 0.17166055 0.00863360
11.50057503 2.58624223 0.00024362 0.00046214 0.00021456 0.00021014 0.44445316 0.02868986 0.29977088 0.00636507 0.02358036 0.01300336 0.17373346 0.00927339
11.60058003 2.58401435 0.00045314 0.00044625 0.00034068 0.00156918 0.44198192 0.02989183 0.29909581 0.00744987 0.02361405 0.01276458 0.17286198 0.00953071
11.70058503 2.57638403 0.00051281 0.00052906 0.00028653 0.00159482 0.43774877 0.03238841 0.29651717 0.00835626 0.02736981 0.01570100 0.17183519 0.00716017
11.80059003 2.57341675 0.00056484 0.00055473 0.00036084 0.00280266 0.43796235 0.03043294 0.29515256 0.00933579 0.02937173 0.01161587 0.17295863 0.00888707
11.90059503 2.57221646 0.00081032 0.00052425 0.00059249 0.00425892 0.43993269 0.02624746 0.29682678 0.00831468 0.03057407 0.01417173 0.17214220 0.00560440
12.00060003 2.56980397 0.00027054 0.00049702 0.00008861 0.00014167 0.44065746 0.03440269 0.29489938 0.00636465 0.02788490 0.01258053 0.17606123 0.00615131
12.10060503 2.56626546 0.00061216 0.00048759 0.00052411 0.00415332 0.44454184 0.02636290 0.29483635 0.00695235 0.02868826 0.01285011 0.17144596 0.00854505
12.20061003 2.56380905 0.00059423 0.00050370 0.00051015 0.00513770 0.44262126 0.02030000 0.29300323 0.00687612 0.03064308 0.01744251 0.17322873 0.00913930
12.30061503 2.56307872 0.00041814 0.00055412 0.00034713 0.00168356 0.44568989 0.02160489 0.29394622 0.00578909 0.03467040 0.01509269 0.17313937 0.00706450
12.40062003 2.56177201 0.00027498 0.00052469 0.00022076 0.00023071 0.44458777 0.02069435 0.29645799 0.00727572 0.02850899 0.01424996 0.17792056 0.00905352
12.50062503 2.56041032 0.00022763 0.00047677 0.00011231 0.00214093 0.44661703 0.01959723 0.29859005 0.00626097 0.02896660 0.01307383 0.17734955 0.00658711
12.60063003 2.55880699 0.00030512 0.00046460 0.00019396 0.00129609 0.44801448 0.02166580 0.29710601 0.00641801 0.02969527 0.01269763 0.17671964 0.00542340
12.70063503 2.55596729 0.00027581 0.00045678 0.00013142 0.00128255 0.44374282 0.02329154 0.30069056 0.00629415 0.02922540 0.01307718 0.17588444 0.00564735
12.80064003 2.55330174 0.00023511 0.00052309 0.00004297 0.00014431 0.44616079 0.02071449 0.30227524 0.00630476 0.02934774 0.01147695 0.17769314 0.00508142
12.90064503 2.54959769 0.00028719 0.00047543 0.00008551 0.00215837 0.44425981 0.02109890 0.30369021 0.00672531 0.02431226 0.01250521 0.17926229 0.00513950
13.00065003 2.54768848 0.00045330 0.00043525 0.00024505 0.00570561 0.44402719 0.01991278 0.30514793 0.00730285 0.02216201 0.01125560 0.17822763 0.00512481
13.10065503 2.54307903 0.00043573 0.00050881 0.00024444 0.00257659 0.44682180 0.02147456 0.30013931 0.00918706 0.02229593 0.01288900 0.17823415 0.00519262
13.20066003 2.53942208 0.00090291 0.00044768 0.00074439 0.00652488 0.44579394 0.01968285 0.29923452 0.00680957 0.02409577 0.01239670 0.17842809 0.00493869
13.30066503 2.53396657 0.00025304 0.00045177 0.00030924 0.00135175 0.44730613 0.02536641 0.29663544 0.00514710 0.02334841 0.01302063 0.17825824 0.00855184
13.40067003 2.53093423 0.00020215 0.00042679 0.00024396 0.00020286 0.44789116 0.02468831 0.29776904 0.00524665 0.02408279 0.01174916 0.17783022 0.00966691
13.50067503 2.52694681 0.00051528 0.00047763 0.00032146 0.00179233 0.44661557 0.02526028 0.29612215 0.00654364 0.02432731 0.00953085 0.18245734 0.00603616
13.60068003 2.52580257 0.00025879 0.00056651 0.00011940 0.00128145 0.44536569 0.02316315 0.29568755 0.00539875 0.02837056 0.00878789 0.18600969 0.00499058
13.70068503 2.52486894 0.00029950 0.00052281 0.00026474 0.00335161 0.44407468 0.02154843 0.29476411 0.00497064 0.02670377 0.01251279 0.18393463 0.00705227
13.80069003 2.52386307 0.00064828 0.00049967 0.00053795 0.00507575 0.44193181 0.02367746 0.29356820 0.00673373 0.02155389 0.01143276 0.18644642 0.00789407
13.90069503 2.52365907 0.00053015 0.00043212 0.00043036 0.00262084 0.44180046 0.02592639 0.29602809 0.00715036 0.01851860 0.01273280 0.18522072 0.00860910
14.00070004 2.52295067 0.00029788 0.00043896 0.00018340 0.00128595 0.44174941 0.02919339 0.29816424 0.00650789 0.01857331 0.01204530 0.18507408 0.00648620
14.10070504 2.51889199 0.00036254 0.00043983 0.00018445 0.00392884 0.44214656 0.02821147 0.29837814 0.00613778 0.01587462 0.01311651 0.18516084 0.00605842
14.20071004 2.51421759 0.00039471 0.00046046 0.00022150 0.00146642 0.44112718 0.02774435 0.30194320 0.00612668 0.01437288 0.01379393 0.18609628 0.00625241
14.30071504 2.50851701 0.00051424 0.00042111 0.00031454 0.00185021 0.43691060 0.02583828 0.30250989 0.00788413 0.01581261 0.01586982 0.18434579 0.00772878
14.40072004 2.50294365 0.00046109 0.00042093 0.00022524 0.00210622 0.43289503 0.02613250 0.30309169 0.00891178 0.01731350 0.01710977 0.18427885 0.00705341
14.50072504 2.49809235 0.00080856 0.00039631 0.00060223 0.00415017 0.43076982 0.02648997 0.30115194 0.01007962 0.01666213 0.01883492 0.18301979 0.00703452
14.60073004 2.49325579 0.00038410 0.00043532 0.00020848 0.00192411 0.43056553 0.02914077 0.30031983 0.00713856 0.02049832 0.01999230 0.18218101 0.00721169
14.70073504 2.48987079 0.00026866 0.00041267 0.00008898 0.00020719 0.42903260 0.03040760 0.30275743 0.00687655 0.02121070 0.01881801 0.18258661 0.00733300
14.80074004 2.48842506 0.00035439 0.00037318 0.00016320 0.00031916 0.43031138 0.02765397 0.30060251 0.00879546 0.02055020 0.01766852 0.18416272 0.00904531
14.90074504 2.48486920 0.00025945 0.00044623 0.00008387 0.00021766 0.43160797 0.03033617 0.29826933 0.00727933 0.02069412 0.01701675 0.18698236 0.00680676
15.00075004 2.48098005 0.00049779 0.00043367 0.00023143 0.00150608 0.43064680 0.02905710 0.29818780 0.00928447 0.02120427 0.01458151 0.18752746 0.00684163
15.10075504 2.47642488 0.00064637 0.00052671 0.00048497 0.00455528 0.43175034 0.02798271 0.29826708 0.00672345 0.02190959 0.01134734 0.18954628 0.00625987
15.20076004 2.47357216 0.00024210 0.00049620 0.00005400 0.00014820 0.43614495 0.02706937 0.30217183 0.00551138 0.02356147 0.00895795 0.18962554 0.00601700
15.30076504 2.47258290 0.00038520 0.00043811 0.00020916 0.00180090 0.43906045 0.02433042 0.30360577 0.00510595 0.02070443 0.00848473 0.19019124 0.00568364
15.40077004 2.46971131 0.00035294 0.00042607 0.00019501 0.00145447 0.43559470 0.02410344 0.30750448 0.00515542 0.02062890 0.00939376 0.18984585 0.00534496
15.50077504 2.46844019 0.00040609 0.00044737 0.00025929 0.00165103 0.43435075 0.02183889 0.30863504 0.00489908 0.01873602 0.01174115 0.19183082 0.00520447
15.60078004 2.46100047 0.00066378 0.00043852 0.00048963 0.00384790 0.42811990 0.02218239 0.31232620 0.00679554 0.01879900 0.01066053 0.19031638 0.00536023
15.70078504 2.45768088 0.00019702 0.00048028 0.00006321 0.00011477 0.43104297 0.02467222 0.31043111 0.00599362 0.01907495 0.00967201 0.19297070 0.00528715
15.80079004 2.45708116 0.00039102 0.00044761 0.00026097 0.00314014 0.43048266 0.02182804 0.30808625 0.00465424 0.01952121 0.01370745 0.19146227 0.00601813
15.90079504 2.45250684 0.00022614 0.00042603 0.00007347 0.00018874 0.43273347 0.02255830 0.30552018 0.00473505 0.02082548 0.01613800 0.19049483 0.00608029
16.00080004 2.44843894 0.00025169 0.00042989 0.00008570 0.00209833 0.43437164 0.02089138 0.30221619 0.00540935 0.01985342 0.01695698 0.19112887 0.00630657
16.10080504 2.44690057 0.00031564 0.00040470 0.00014007 0.00126330 0.43650614 0.02133267 0.30267377 0.00753423 0.02137051 0.01330266 0.18904488 0.00611143
16.20081004 2.43881426 0.00077109 0.00042984 0.00059634 0.00402809 0.43200478 0.01908455 0.30649055 0.00774300 0.01978810 0.01203253 0.18928672 0.00774440
16.30081504 2.43476115 0.00033758 0.00046886 0.00020644 0.00156783 0.43229505 0.02158619 0.30427855 0.00600400 0.02368421 0.01177555 0.19127333 0.00652241
16.40082004 2.43054206 0.00052625 0.00048203 0.00045120 0.00460946 0.43249839 0.01881565 0.30623307 0.00495846 0.02512215 0.01055095 0.19166436 0.00408802
16.50082504 2.42503895 0.00053527 0.00051167 0.00047660 0.00302377 0.43143803 0.01732846 0.30802212 0.00561626 0.02733449 0.00955872 0.19069369 0.00546091
16.60083004 2.42310230 0.00033480 0.00049492 0.00022675 0.00145851 0.43142434 0.01898004 0.30557463 0.00619960 0.02520263 0.01369736 0.19130347 0.00510295
16.70083504 2.41786716 0.00030585 0.00044351 0.00021969 0.00134356 0.42932982 0.01963339 0.30621668 0.00685776 0.02458383 0.01468247 0.18942615 0.00695729
16.80084004 2.41505775 0.00037983 0.00043341 0.00029278 0.00181229 0.42988041 0.01824020 0.30771551 0.00713454 0.02439586 0.01357374 0.18757482 0.00856662
16.90084504 2.41481480 0.00023091 0.00042824 0.00017285 0.00024559 0.43331021 0.01817820 0.30938934 0.00584164 0.02419860 0.01138123 0.18867361 0.00794959
17.00085004 2.40973490 0.00021491 0.00044976 0.00005912 0.00010632 0.43353240 0.01937500 0.30889646 0.00657574 0.02595051 0.01101169 0.18917087 0.00465722
17.10085504 2.40493970 0.00022031 0.00049584 0.00004577 0.00017290 0.43283427 0.01964327 0.30930414 0.00601154 0.02432089 0.01102597 0.19104485 0.00488023
17.20086004 2.39922155 0.00016133 0.00052260 0.00005632 0.00015913 0.42952869 0.01971040 0.31147300 0.00439181 0.02622205 0.01096826 0.19225366 0.00455275
17.30086504 2.39729474 0.00015526 0.00047259 0.00004425 0.00009697 0.43041426 0.02175739 0.31129685 0.00397435 0.02666096 0.00935883 0.19115533 0.00461295
17.40087004 2.39215753 0.00030696 0.00048712 0.00020127 0.00130132 0.42743500 0.01976786 0.31314588 0.00479902 0.02663375 0.01090591 0.19029825 0.00471765
17.50087504 2.38991518 0.00049996 0.00045032 0.00038095 0.00267711 0.42640968 0.01895112 0.31339299 0.00557013 0.02628282 0.01266279 0.18746420 0.00525794
17.60088004 2.38617990 0.00082680 0.00046532 0.00058980 0.00474486 0.42665434 0.01633005 0.31833189 0.00759937 0.02324727 0.01092753 0.18530118 0.00498159
17.70088504 2.37908325 0.00031879 0.00047620 0.00029699 0.00200818 0.42817382 0.02185681 0.31614576 0.00476809 0.02295092 0.00908757 0.18625329 0.00766357
17.80089004 2.37528011 0.00052640 0.00048178 0.00046099 0.00320755 0.42770640 0.01940129 0.31041663 0.00638536 0.02691385 0.01155660 0.18648135 0.00646182
17.90089504 2.37182123 0.00023320 0.00046005 0.00018706 0.00197974 0.42909659 0.02050537 0.31399065 0.00453514 0.02641587 0.01148574 0.18603684 0.00507376
18.00090005 2.36578031 0.00041096 0.00042441 0.00025305 0.00319821 0.42718604 0.02009885 0.31801573 0.00608098 0.02275297 0.01327831 0.18362086 0.00467964
18.10090505 2.36520199 0.00050746 0.00040385 0.00029980 0.00263015 0.43166013 0.02058742 0.31579855 0.00773703 0.02139833 0.00950044 0.18273914 0.00673770
18.20091005 2.36432394 0.00047220 0.00040195 0.00042763 0.00267667 0.43591151 0.01915354 0.31386230 0.00681869 0.01989142 0.01180431 0.18193282 0.00664696
18.30091505 2.35995548 0.00059534 0.00040819 0.00044149 0.00330663 0.43471191 0.01932242 0.31485524 0.00798153 0.01958428 0.01225961 0.18044039 0.00609298
18.40092005 2.35810940 0.00019865 0.00039437 0.00016572 0.00023270 0.43627114 0.02157636 0.31467758 0.00623342 0.01951995 0.01261300 0.18113695 0.00698015
18.50092505 2.35244251 0.00025242 0.00041319 0.00013973 0.00134181 0.43186682 0.02257494 0.31710301 0.00582005 0.02134987 0.01294560 0.18126711 0.00492546
18.60093005 2.35139823 0.00043750 0.00049306 0.00020843 0.00154087 0.43282637 0.02011786 0.31459447 0.00708548 0.02265501 0.00971187 0.18543108 0.00489799
18.70093505 2.34749941 0.00045194 0.00044781 0.00037524 0.00169732 0.42987034 0.01929576 0.31149593 0.00833512 0.02556438 0.01350290 0.18262154 0.00634172
18.80094005 2.34616675 0.00030080 0.00042819 0.00012612 0.00028763 0.43062037 0.02326637 0.31048920 0.00721280 0.02678397 0.01298281 0.18167828 0.00582347
18.90094505 2.34363760 0.00022532 0.00044890 0.00007657 0.00013278 0.43040676 0.02335102 0.31398326 0.00661341 0.02687968 0.01238590 0.18028139 0.00521500
19.00095005 2.33902549 0.00029279 0.00045833 0.00005303 0.00023718 0.43101960 0.02302761 0.31285447 0.00779004 0.02543804 0.01124538 0.18222955 0.00535396
19.10095505 2.33668650 0.00034234 0.00042384 0.00004251 0.00015485 0.43272094 0.02259103 0.31135396 0.01010157 0.02557716 0.01115702 0.17992411 0.00561068
19.20096005 2.33553511 0.00031723 0.00043698 0.00004445 0.00022914 0.43260430 0.02278286 0.30943440 0.00892337 0.02755590 0.01194609 0.17996841 0.00575686
19.30096505 2.33204796 0.00022708 0.00040995 0.00004296 0.00016189 0.43020502 0.02305907 0.31490186 0.00784523 0.02551833 0.01284135 0.17896483 0.00582243
19.40097005 2.32934361 0.00041462 0.00040883 0.00030959 0.00254178 0.43062659 0.02685687 0.31232397 0.00559027 0.02515601 0.01072594 0.17948461 0.00556093
19.50097505 2.32562059 0.00048531 0.00042412 0.00014073 0.00138272 0.43469804 0.02309262 0.31436976 0.01139051 0.02341306 0.00858663 0.17709503 0.00492148
19.60098005 2.31481559 0.00097892 0.00051891 0.00065261 0.00447844 0.43025324 0.02099095 0.31087807 0.00945137 0.02588759 0.01394046 0.17646219 0.00550725
19.70098505 2.31202847 0.00042927 0.00047701 0.00022359 0.00235382 0.42944946 0.02330453 0.31072969 0.00951919 0.02487782 0.01527016 0.17446601 0.00889944
19.80099005 2.30948994 0.00068947 0.00046199 0.00061639 0.00517842 0.42667512 0.02320703 0.30907869 0.00844033 0.02635026 0.01540258 0.17543395 0.00846579
19.90099505 2.30600772 0.00087848 0.00048846 0.00066236 0.00471803 0.42433815 0.02347141 0.30837850 0.01026218 0.02628823 0.01545125 0.17850666 0.00655629
20.00100005 2.30157313 0.00051019 0.00044927 0.00029105 0.00267412 0.42850989 0.02454351 0.30885484 0.00914999 0.02443862 0.01850378 0.17574739 0.00632736
20.10100505 2.29998562 0.00052480 0.00045827 0.00032000 0.00342044 0.43215648 0.02363403 0.31013363 0.00681104 0.02537839 0.01592190 0.17587322 0.00536780
20.20101005 2.29647743 0.00030344 0.00049010 0.00016170 0.00140655 0.43479011 0.02232711 0.30948219 0.00582018 0.02927262 0.01643966 0.17396497 0.00554136
20.30101505 2.29418169 0.00047037 0.00045559 0.00040052 0.00168228 0.43302461 0.02466749 0.30854126 0.00853612 0.02734329 0.01175949 0.17463525 0.00848373
20.40102005 2.28995911 0.00064336 0.00041457 0.00020464 0.00205677 0.43873717 0.02227064 0.30595291 0.01199797 0.02703479 0.01381697 0.17186055 0.00500964
20.50102505 2.28804791 0.00061568 0.00038913 0.00056410 0.00454453 0.43679533 0.01764159 0.31153736 0.00774984 0.02297207 0.01394416 0.17430611 0.00894009
20.60103005 2.28468635 0.00071452 0.00043107 0.00065733 0.00723645 0.43806511 0.01857078 0.30814404 0.00511370 0.02296428 0.01530106 0.17639550 0.00640616
20.70103505 2.27875683 0.00064186 0.00047386 0.00064435 0.00659295 0.43578466 0.01752271 0.30722713 0.00529338 0.02546311 0.01805510 0.17505124 0.00724966
20.80104005 2.27691880 0.00034766 0.00053413 0.00040112 0.00153113 0.43566497 0.02097587 0.30850782 0.00494617 0.02757087 0.01372170 0.17772221 0.00807634
20.90104505 2.27558280 0.00038352 0.00045645 0.00022345 0.00243550 0.43619645 0.02372833 0.30729451 0.00764937 0.02586723 0.01223401 0.17818536 0.00534581
21.00105005 2.27460489 0.00064849 0.00043915 0.00023421 0.00342406 0.43700202 0.02170217 0.30774169 0.00987496 0.02349561 0.01278190 0.17732153 0.00533420
21.10105505 2.27143452 0.00043704 0.00047273 0.00014497 0.00154693 0.43565793 0.02348765 0.31006449 0.00917254 0.02413220 0.01436439 0.17567265 0.00484647
21.20106005 2.26662105 0.00066143 0.00042196 0.00051579 0.00402272 0.43526822 0.02486628 0.30967150 0.00921122 0.02033228 0.01353030 0.17630604 0.00519227
21.30106505 2.26432053 0.00041908 0.00042101 0.00017749 0.00151012 0.43544142 0.02703533 0.30999747 0.00925700 0.01896265 0.01506252 0.17717746 0.00453846
21.40107005 2.26178451 0.00052251 0.00045628 0.00034812 0.00426348 0.43056415 0.02616856 0.30885776 0.00916433 0.02087165 0.01599729 0.17725015 0.00553571
21.50107505 2.26098433 0.00032328 0.00047475 0.00005723 0.00016492 0.43048434 0.02827756 0.30898053 0.00920606 0.02079946 0.01573985 0.17926092 0.00623110
21.60108005 2.25732669 0.00059362 0.00042739 0.00038228 0.00466012 0.43220582 0.02580937 0.30932161 0.00882090 0.01928870 0.01534751 0.17675649 0.00638620
21.70108505 2.25405677 0.00074039 0.00041740 0.00061822 0.00702076 0.42962663 0.02277596 0.31013380 0.00852115 0.02034751 0.01801834 0.17547465 0.00630518
21.80109005 2.25088314 0.00091157 0.00041889 0.00074171 0.00527870 0.42809460 0.02189959 0.31662919 0.00884034 0.01891176 0.01778313 0.17394556 0.00654495
21.90109505 2.24764759 0.00024356 0.00040823 0.00019694 0.00218521 0.42678321 0.01947202 0.31809249 0.00720189 0.02067467 0.02067676 0.17404140 0.01002363
22.00110006 2.24064469 0.00103646 0.00043126 0.00091577 0.00952892 0.42457742 0.01997147 0.31878786 0.00796689 0.01915961 0.01715040 0.17304385 0.00743009
22.10110506 2.23888293 0.00118621 0.00037272 0.00125269 0.01053701 0.42388342 0.02286250 0.31998867 0.00604272 0.01740791 0.01393459 0.17434729 0.00818428
22.20111006 2.23615400 0.00092654 0.00037025 0.00096829 0.00992333 0.42436637 0.02471493 0.31939730 0.00714056 0.01720195 0.01275843 0.17466413 0.00756792
22.30111506 2.23366031 0.00112429 0.00039955 0.00087755 0.00872770 0.41950830 0.02799649 0.31890143 0.00674545 0.01895047 0.01467274 0.17424025 0.00785580
22.40112006 2.23077565 0.00054974 0.00050120 0.00048392 0.00433871 0.42575380 0.02230932 0.32421313 0.00549492 0.02083402 0.00936547 0.17869785 0.00745792
22.50112506 2.22988382 0.00093042 0.00047863 0.00093552 0.00609408 0.42324066 0.01980838 0.32438334 0.00550095 0.02256133 0.00860977 0.17933605 0.00812088
22.60113006 2.22323021 0.00080476 0.00044377 0.00075820 0.00460775 0.42265405 0.02226290 0.32195404 0.00540682 0.02242426 0.00886866 0.18252388 0.00729091
22.70113506 2.21984258 0.00048724 0.00043297 0.00055477 0.00485286 0.42427455 0.02175284 0.31846905 0.00618448 0.02088571 0.01077418 0.18193772 0.00939363
22.80114006 2.21786440 0.00056901 0.00038226 0.00070188 0.00397340 0.42546124 0.02255525 0.31837352 0.00778926 0.01921559 0.01021647 0.18056739 0.01019474
22.90114506 2.21401220 0.00040520 0.00042943 0.00023718 0.00043171 0.42451756 0.02497782 0.31986475 0.00832149 0.02153426 0.01110127 0.17965400 0.00852533
23.00115006 2.21214677 0.00056665 0.00041871 0.00029737 0.00204261 0.42615894 0.02258732 0.32077878 0.00824336 0.01939576 0.01122332 0.18324780 0.00503937
23.10115506 2.20866099 0.00042230 0.00040165 0.00026353 0.00169971 0.42808473 0.02063473 0.31979098 0.00683738 0.02012702 0.01308812 0.18359562 0.00505424
23.20116006 2.20356214 0.00023793 0.00043538 0.00007360 0.00026036 0.42598013 0.02229591 0.32473447 0.00572840 0.01975945 0.01408271 0.18109057 0.00532109
23.30116506 2.20069170 0.00048057 0.00037876 0.00029660 0.00170499 0.42507477 0.02418298 0.32086583 0.00728992 0.01914838 0.01635329 0.17853226 0.00569165
23.40117006 2.19918743 0.00025013 0.00045317 0.00009895 0.00022233 0.42271435 0.02237754 0.32033969 0.00749697 0.01916275 0.01577732 0.18333005 0.00777675
23.50117506 2.19681150 0.00043487 0.00042874 0.00040188 0.00260398 0.42081654 0.02347582 0.31992460 0.00565093 0.01909284 0.01426897 0.18573728 0.00716354
23.60118006 2.19251949 0.00054770 0.00044627 0.00039049 0.00508573 0.42238561 0.01760060 0.31937443 0.00906904 0.02145901 0.01354740 0.18433468 0.00575904
23.70118506 2.18646605 0.00045537 0.00047797 0.00046294 0.00508713 0.42006242 0.01919750 0.32022269 0.00605483 0.01948615 0.01583004 0.18575077 0.00691218
23.80119006 2.18418855 0.00033296 0.00041070 0.00023342 0.00038203 0.42416926 0.01824900 0.32045219 0.00889153 0.01642427 0.01771594 0.18454357 0.00819513
23.90119506 2.18193403 0.00026403 0.00041847 0.00014971 0.00020310 0.42604388 0.01974032 0.31714385 0.00808666 0.01661248 0.01663137 0.18778132 0.00692480
24.00120006 2.17809525 0.00074382 0.00041471 0.00065661 0.01078815 0.42307262 0.01832422 0.31428535 0.00851260 0.01506869 0.01655143 0.18515863 0.00642317
24.10120506 2.17548869 0.00079140 0.00042452 0.00055099 0.00434246 0.42854929 0.02050729 0.31512531 0.00987959 0.01494433 0.01432800 0.18495655 0.00560026
24.20121006 2.17333771 0.00037893 0.00043486 0.00019835 0.00076384 0.42768429 0.02109515 0.31859205 0.00971240 0.01542797 0.01331044 0.18586083 0.00654088
24.30121506 2.16620212 0.00053995 0.00041366 0.00038919 0.00177483 0.42160863 0.02286741 0.31708964 0.01073824 0.01559836 0.01415944 0.18728971 0.00753095
24.40122006 2.16245153 0.00056167 0.00038632 0.00040028 0.00167420 0.42094438 0.02084381 0.31975588 0.01114604 0.01603686 0.01382149 0.18487656 0.00955251
24.50122506 2.15882217 0.00070440 0.00039863 0.00053920 0.00338441 0.41823478 0.02288926 0.32438294 0.00969790 0.01414781 0.01659787 0.18283584 0.00618696
24.60123006 2.15612889 0.00070755 0.00039245 0.00045911 0.00515099 0.41650267 0.02073301 0.32383658 0.01122103 0.01534807 0.01797963 0.18192023 0.00574869
24.70123506 2.14656845 0.00109522 0.00042210 0.00077446 0.00790464 0.41436748 0.01763283 0.32395793 0.01189951 0.01681411 0.01612576 0.18243838 0.00656758
24.80124006 2.14292132 0.00051722 0.00045625 0.00050244 0.00296722 0.41444940 0.02233616 0.32185714 0.00912872 0.01869420 0.01474943 0.18654301 0.00779881
24.90124506 2.13846955 0.00031911 0.00047145 0.00011312 0.00020036 0.41389534 0.02223606 0.32532212 0.00983095 0.02065619 0.01589222 0.18565490 0.00540817
25.00125006 2.13468934 0.00036945 0.00039044 0.00017483 0.00138871 0.41236468 0.02260172 0.32513624 0.00968965 0.01978531 0.01836545 0.18432333 0.00541018
25.10125506 2.12948119 0.00056065 0.00040367 0.00036430 0.00270269 0.41215405 0.02198073 0.32478273 0.00907705 0.01775936 0.01791037 0.18490019 0.00740421
25.20126006 2.12513543 0.00061713 0.00047103 0.00041402 0.00291395 0.41074957 0.02283349 0.32156305 0.00940155 0.02162482 0.01775408 0.18559153 0.00606579
25.30126506 2.12273095 0.00042566 0.00040170 0.00015315 0.00129497 0.40956792 0.02433743 0.32323584 0.00899329 0.02158756 0.01845686 0.18520698 0.00633863
25.40127006 2.11676926 0.00053340 0.00042367 0.00040422 0.00693368 0.40863287 0.02534222 0.32163019 0.00790369 0.02170552 0.01687100 0.18360775 0.00601179
25.50127506 2.11468049 0.00033279 0.00036313 0.00017368 0.00140109 0.40894354 0.02702143 0.32446966 0.00798916 0.01927506 0.02058654 0.18294861 0.00649531
25.60128006 2.11152311 0.00059554 0.00038766 0.00022965 0.00258927 0.40711515 0.02808465 0.32127093 0.00980806 0.01896684 0.01726606 0.18625941 0.00742676
25.70128506 2.10591840 0.00053169 0.00043480 0.00027335 0.00185496 0.40823499 0.02754573 0.32214249 0.00967933 0.02121725 0.01664218 0.18397048 0.00747276
