0.00000000 4.00000000 0.00000000 0.00000000 0.00000000 0.00000000 0.00000000 0.00000000 0.00000000 1.00000000 0.00000000 0.00000000 0.00000000 0.00000000
0.10000500 4.00259182 0.02701617 0.00160199 0.00651819 0.08535984 0.10450604 0.14383250 0.02237793 0.42757412 0.05208072 0.09195741 0.01343332 0.02374176
0.20001000 4.00131237 0.00784848 0.00157394 0.00443320 0.03882662 0.15317629 0.23028187 0.04799518 0.22235490 0.08287283 0.14707902 0.02638176 0.03717590
0.30001500 3.99967019 0.00408226 0.00113037 0.00229438 0.01654494 0.16361965 0.23866751 0.05732467 0.16139664 0.08699653 0.18194208 0.04092879 0.04507219
0.40002000 3.99752834 0.00465246 0.00111140 0.00247188 0.02257360 0.15707694 0.20198597 0.06963147 0.15405218 0.09566188 0.19743219 0.05451831 0.03883174
0.50002500 3.99436441 0.00559552 0.00099849 0.00286993 0.02479412 0.16208682 0.17672440 0.07065009 0.15311810 0.09503747 0.20622774 0.05922712 0.04267020
0.60003000 3.99246362 0.00532249 0.00102597 0.00316705 0.02042254 0.18043817 0.14772221 0.08058546 0.13544248 0.09747594 0.20976452 0.06847446 0.05015871
0.70003500 3.99038876 0.00428304 0.00115703 0.00208131 0.01386633 0.18891071 0.13456211 0.08717314 0.12190927 0.09822720 0.22064306 0.08053191 0.04665487
0.80004000 3.98899801 0.00364188 0.00100762 0.00195312 0.01512848 0.20164257 0.12652062 0.10030978 0.10307753 0.09607905 0.23084086 0.07696098 0.04283750
0.90004500 3.98986585 0.00325633 0.00108572 0.00188610 0.01759079 0.21357594 0.12067051 0.10994775 0.08580359 0.09962389 0.22427979 0.07976670 0.04251289
1.00005000 3.98917182 0.00258344 0.00096208 0.00138058 0.01205027 0.22899754 0.12065385 0.12036948 0.07667175 0.09572851 0.21422162 0.08194240 0.04443849
1.10005500 3.98950807 0.00307689 0.00090318 0.00144772 0.00977959 0.23212708 0.12625816 0.12281334 0.08612415 0.09811738 0.18952078 0.08603902 0.04379271
1.20006000 3.98633480 0.00309332 0.00086781 0.00154537 0.01515568 0.24128738 0.13373835 0.13174488 0.08806432 0.09233936 0.16538948 0.08776057 0.03901348
1.30006500 3.98343293 0.00364701 0.00098416 0.00150738 0.01087969 0.25459310 0.14231898 0.12884795 0.09286228 0.09133561 0.14330135 0.09623919 0.03348331
1.40007000 3.98045833 0.00369212 0.00102127 0.00181459 0.01401430 0.25592612 0.14643651 0.13326420 0.08981289 0.10029488 0.12250380 0.09349352 0.03772580
1.50007500 3.97923442 0.00305677 0.00100995 0.00167513 0.01293433 0.27842860 0.15534310 0.13243321 0.08042900 0.10238073 0.09924530 0.09174751 0.04131636
1.60008000 3.97522210 0.00331333 0.00089930 0.00173434 0.00847941 0.29146995 0.16349374 0.13458465 0.08242866 0.09904933 0.08795992 0.08999677 0.03659060
1.70008500 3.96827394 0.00349480 0.00098573 0.00187259 0.01314728 0.29758074 0.15403345 0.14088355 0.07891572 0.09907467 0.07820356 0.09347531 0.03833260
1.80009000 3.96575166 0.00293673 0.00101449 0.00115272 0.01018428 0.31893219 0.13673241 0.14485324 0.07415825 0.10251377 0.07622685 0.09868632 0.03260876
1.90009500 3.96288296 0.00286244 0.00106089 0.00136146 0.01300243 0.32691527 0.12992133 0.15173011 0.06620357 0.09741757 0.07440872 0.10287617 0.03224005
2.00010001 3.95876176 0.00222107 0.00100613 0.00083937 0.00310520 0.33176917 0.12255361 0.15629048 0.06036027 0.09960878 0.08504204 0.10332543 0.03387845
2.10010501 3.95708758 0.00206612 0.00094597 0.00116992 0.00979407 0.32977848 0.11270977 0.16271654 0.05225938 0.09689858 0.09132600 0.10766042 0.03267474
2.20011001 3.94795576 0.00203025 0.00094860 0.00125748 0.01146492 0.33184476 0.10817407 0.16759733 0.04509402 0.09713777 0.08734654 0.11447154 0.03263272
2.30011501 3.94569070 0.00210016 0.00108386 0.00134514 0.01024793 0.33471612 0.10334372 0.17130279 0.04393774 0.09939363 0.08266602 0.11950360 0.03035929
2.40012001 3.94108474 0.00175189 0.00109860 0.00107714 0.00542860 0.34106213 0.09940181 0.17419104 0.04015695 0.09940674 0.07516954 0.12824150 0.03301406
2.50012501 3.93637380 0.00221471 0.00111532 0.00168274 0.01192850 0.34101174 0.08836468 0.19089700 0.03679200 0.09429337 0.07302112 0.12868256 0.02999626
2.60013001 3.93216116 0.00143835 0.00103995 0.00098400 0.00570688 0.34709048 0.09338877 0.19679107 0.03172912 0.09839394 0.06980953 0.12468457 0.02894336
2.70013501 3.92768224 0.00136652 0.00094528 0.00070291 0.00440837 0.35426286 0.08775488 0.20658221 0.03303334 0.09465505 0.06432837 0.12555460 0.02640561
2.80014001 3.92267939 0.00175439 0.00090541 0.00107612 0.01100758 0.36276554 0.09093187 0.20161425 0.03148675 0.08608643 0.06043170 0.12662837 0.02531159
2.90014501 3.91702121 0.00187066 0.00089662 0.00108722 0.00782354 0.36578693 0.08971788 0.20484430 0.03325953 0.08374474 0.05480548 0.13072741 0.02543569
3.00015001 3.91404420 0.00127061 0.00087418 0.00056513 0.00517151 0.37030317 0.09784740 0.20904527 0.03016327 0.08195997 0.04777950 0.13181740 0.02320259
3.10015501 3.90647838 0.00140003 0.00089835 0.00047574 0.00333717 0.37394554 0.09222692 0.21681122 0.03177860 0.07863229 0.04587942 0.13371260 0.02090211
3.20016001 3.89076568 0.00128579 0.00101236 0.00056703 0.00988208 0.36963916 0.08690107 0.22510557 0.03147987 0.08161465 0.03874210 0.13462825 0.01914206
3.30016501 3.88480714 0.00184581 0.00086442 0.00100854 0.00951356 0.37711353 0.08210754 0.22858968 0.03134530 0.07502952 0.03980283 0.13440284 0.01837641
3.40017001 3.87971134 0.00151143 0.00100521 0.00101652 0.00767737 0.37320283 0.07837869 0.22985798 0.02613948 0.07625977 0.04223457 0.13767421 0.02504194
3.50017501 3.87125584 0.00157897 0.00084233 0.00095789 0.01106664 0.37244365 0.08415521 0.23591417 0.02665655 0.07059359 0.03713194 0.13620626 0.02245280
3.60018001 3.86960017 0.00152688 0.00088808 0.00085846 0.00602011 0.36881854 0.08149965 0.23733968 0.02743445 0.07190488 0.04215923 0.14104882 0.02050123
3.70018501 3.86228494 0.00182570 0.00085489 0.00128024 0.01130401 0.37150197 0.07281643 0.24281137 0.02488309 0.07045007 0.04283401 0.14038170 0.01905651
3.80019001 3.85375691 0.00135266 0.00086926 0.00069375 0.00915508 0.37208513 0.06683208 0.24035365 0.02749484 0.07150362 0.04552396 0.14518834 0.01894762
3.90019501 3.85068061 0.00076743 0.00094731 0.00030592 0.00164734 0.37431152 0.06696007 0.24065151 0.02161540 0.07331705 0.04962916 0.15277261 0.01707468
4.00020001 3.84523947 0.00075024 0.00090276 0.00033136 0.00165983 0.38258104 0.06656968 0.24297196 0.01987387 0.06831091 0.04493844 0.15523334 0.01587658
4.10020501 3.84473418 0.00098861 0.00077138 0.00037550 0.00389775 0.38547427 0.06484514 0.24497821 0.02275495 0.06559324 0.04157901 0.15318290 0.01555903
4.20021001 3.83774618 0.00126897 0.00077867 0.00080928 0.00615226 0.38596503 0.06638641 0.24300789 0.02471549 0.05929465 0.03770295 0.15495376 0.01896464
4.30021501 3.83063382 0.00123565 0.00080825 0.00083889 0.00742357 0.38234113 0.06325155 0.24662992 0.02391197 0.06033892 0.04072381 0.15388179 0.01861456
4.40022001 3.82441086 0.00103851 0.00077823 0.00064222 0.00496549 0.38561419 0.05802144 0.25849484 0.02562954 0.04891159 0.03988484 0.15820115 0.01781796
4.50022501 3.81848913 0.00129052 0.00079486 0.00080805 0.00573860 0.38440606 0.06114118 0.25799062 0.02240838 0.04978802 0.04020499 0.15902044 0.01640827
4.60023001 3.81194059 0.00092661 0.00077638 0.00057117 0.00286593 0.38349871 0.06081421 0.25815862 0.02247850 0.05155584 0.04180227 0.15601045 0.02054131
4.70023501 3.80925372 0.00148675 0.00072181 0.00097471 0.00821049 0.38616908 0.05891772 0.25637946 0.02269713 0.05285241 0.03807581 0.15587725 0.01763740
4.80024001 3.80601711 0.00127446 0.00067276 0.00090773 0.01016961 0.38575829 0.05837277 0.26001694 0.02113376 0.05152719 0.03717496 0.15602481 0.01696670
4.90024501 3.80135409 0.00117117 0.00065567 0.00076160 0.00702948 0.39200905 0.05324417 0.26258522 0.02158236 0.05107836 0.03520185 0.15767170 0.01700938
5.00025001 3.79951410 0.00089943 0.00067859 0.00034095 0.00197474 0.39372702 0.05308589 0.26022486 0.02204732 0.05223164 0.04085154 0.15913788 0.01480013
5.10025501 3.79588175 0.00081332 0.00070045 0.00049182 0.00395528 0.39684479 0.05374341 0.25698433 0.01898652 0.05382811 0.03644037 0.16164233 0.01556928
5.20026001 3.78665226 0.00115318 0.00083326 0.00075953 0.00572118 0.38860743 0.04987953 0.25778177 0.02099668 0.05600715 0.03603655 0.16477039 0.01745335
5.30026501 3.78390388 0.00138928 0.00072847 0.00072582 0.00717345 0.39107572 0.05027628 0.25775472 0.02545700 0.04997616 0.03581411 0.16646493 0.01316406
5.40027001 3.77866061 0.00137436 0.00068953 0.00067383 0.00671913 0.39630036 0.04884380 0.25545240 0.02775513 0.04862641 0.03146570 0.16893130 0.01316805
5.50027501 3.77027455 0.00120343 0.00077134 0.00049693 0.00614935 0.40088159 0.04671222 0.25149185 0.02830395 0.05245359 0.03111615 0.16840163 0.01201797
5.60028001 3.76220690 0.00094692 0.00082501 0.00048238 0.00312742 0.40267862 0.03586336 0.25358526 0.02491151 0.05078503 0.04037588 0.17212608 0.01429254
5.70028501 3.75624477 0.00126852 0.00077061 0.00102039 0.00798838 0.40151916 0.03688836 0.25203200 0.02157958 0.05239272 0.03745662 0.17328551 0.01379815
5.80029001 3.75615292 0.00128057 0.00075127 0.00089753 0.00709384 0.40906142 0.03500573 0.25432368 0.02049004 0.05195801 0.03466683 0.17390562 0.01056545
5.90029501 3.74122037 0.00140465 0.00089537 0.00119758 0.01316406 0.40435966 0.03610335 0.25858767 0.01831394 0.05449532 0.03083088 0.17166199 0.00898555
6.00030002 3.73566536 0.00129393 0.00083503 0.00119545 0.01227646 0.40281597 0.03502521 0.26045409 0.01690516 0.05635372 0.02718291 0.17354119 0.01212088
6.10030502 3.72884275 0.00148583 0.00074478 0.00113246 0.00966815 0.40003952 0.03398907 0.27046398 0.01787404 0.05303513 0.03036049 0.17171659 0.00948997
6.20031002 3.72222248 0.00061789 0.00073057 0.00023138 0.00291336 0.39891425 0.03779559 0.27304897 0.01851397 0.05344731 0.02929311 0.17585890 0.00863469
6.30031502 3.71786678 0.00067691 0.00073477 0.00023912 0.00078936 0.40272945 0.03938680 0.26970363 0.01844600 0.05077203 0.02989167 0.17606011 0.01057014
6.40032002 3.71475690 0.00077783 0.00071149 0.00044560 0.00519475 0.40146852 0.03954121 0.26692917 0.01564838 0.05224090 0.03151971 0.17464992 0.01087253
6.50032502 3.70600976 0.00091798 0.00077252 0.00053090 0.00404262 0.39864110 0.03985070 0.26985548 0.01805022 0.05138259 0.03044768 0.17534831 0.01015990
6.60033002 3.69886575 0.00077354 0.00091692 0.00060655 0.00602773 0.40779166 0.03275107 0.27258259 0.01073437 0.05251261 0.02871548 0.17619622 0.01039125
6.70033502 3.69189260 0.00057580 0.00079087 0.00031329 0.00202603 0.41366888 0.02988312 0.27460848 0.01378656 0.04884233 0.02968744 0.17608944 0.00972777
6.80034002 3.68556087 0.00063404 0.00073227 0.00030151 0.00339721 0.41333922 0.03914443 0.27157041 0.01343920 0.04726866 0.02457510 0.17708944 0.00850852
6.90034502 3.67953289 0.00109728 0.00067706 0.00070941 0.00466547 0.41563875 0.04130535 0.26659065 0.01506438 0.04626155 0.02253528 0.17683200 0.00862284
7.00035002 3.67572244 0.00104784 0.00069937 0.00069245 0.00636900 0.41285370 0.04254255 0.26911173 0.01447924 0.04513552 0.02002946 0.17819968 0.00883946
7.10035502 3.67377938 0.00121071 0.00068014 0.00082410 0.00619578 0.42130077 0.03887617 0.26860657 0.01372421 0.04324952 0.01825011 0.17816300 0.00891892
7.20036002 3.66704258 0.00103056 0.00064733 0.00101897 0.00632227 0.41687686 0.03690550 0.26919009 0.01399178 0.04007542 0.02216901 0.17921030 0.01256190
7.30036502 3.65983833 0.00097377 0.00071307 0.00070660 0.00759214 0.41225795 0.03894639 0.27064342 0.01228429 0.04252059 0.02335666 0.17986496 0.01014014
7.40037002 3.65280466 0.00109124 0.00064847 0.00087102 0.00616834 0.40924201 0.03507285 0.27662784 0.01359567 0.03756257 0.02746909 0.17791911 0.01373179
7.50037502 3.64473969 0.00092519 0.00072079 0.00086152 0.00845645 0.40951216 0.03046256 0.27843449 0.01445954 0.04135489 0.02668027 0.17597766 0.01215448
7.60038002 3.63971294 0.00091516 0.00064021 0.00070233 0.00408673 0.41136056 0.03077440 0.27813685 0.01441564 0.03906319 0.02904279 0.17679918 0.01406296
7.70038502 3.63288311 0.00095009 0.00061968 0.00078692 0.00618935 0.41240803 0.03489985 0.28080565 0.01250667 0.03797720 0.03089616 0.17418944 0.00777096
7.80039002 3.62937414 0.00053489 0.00067083 0.00029589 0.00337972 0.41079590 0.03224817 0.28625909 0.01351469 0.03627390 0.03057096 0.17800028 0.00745567
7.90039502 3.62328033 0.00085871 0.00069686 0.00049269 0.00340276 0.41348322 0.02845875 0.28404186 0.01547125 0.03485596 0.02911655 0.17892210 0.01019928
8.00040002 3.61693677 0.00050978 0.00075990 0.00035054 0.00274676 0.41295864 0.03258848 0.28176545 0.01161885 0.03923518 0.02975462 0.17728082 0.01043098
8.10040502 3.60514704 0.00078652 0.00071203 0.00051545 0.00537614 0.40534939 0.03307502 0.28443225 0.01388924 0.03737748 0.03196375 0.17612885 0.01039389
8.20041002 3.59946998 0.00080634 0.00076225 0.00044682 0.00366420 0.41065469 0.03354693 0.28045217 0.01390150 0.03709277 0.02866410 0.18103812 0.00897011
8.30041502 3.59318423 0.00062127 0.00076864 0.00040451 0.00279587 0.41660150 0.03450872 0.27616060 0.01387447 0.04113874 0.02487445 0.17733052 0.01092071
8.40042002 3.59179657 0.00076932 0.00065699 0.00029808 0.00190006 0.41891396 0.03212953 0.28082643 0.01697652 0.04009625 0.02204434 0.17750638 0.00788216
8.50042502 3.57856165 0.00116169 0.00058131 0.00079767 0.00789050 0.41440385 0.03455542 0.28469145 0.01548038 0.03910724 0.02113020 0.17321614 0.00698415
8.60043002 3.56563983 0.00127598 0.00071350 0.00084223 0.00677539 0.41073428 0.03119331 0.28277322 0.01851658 0.03930929 0.02184958 0.17646971 0.00954691
8.70043502 3.56175907 0.00080765 0.00070052 0.00054106 0.00299940 0.41268342 0.03420227 0.28214906 0.01419872 0.03897128 0.02607713 0.17749571 0.00917376
8.80044002 3.55528419 0.00063050 0.00071126 0.00036195 0.00168591 0.41187871 0.03195983 0.28488886 0.01536347 0.04118965 0.02781809 0.17533152 0.00818026
8.90044502 3.54800841 0.00064031 0.00078955 0.00029196 0.00179764 0.40790642 0.03206939 0.29212947 0.01299864 0.04345121 0.02487233 0.17572335 0.00732973
9.00045002 3.54439795 0.00057765 0.00068485 0.00032274 0.00293292 0.40865618 0.03018921 0.29821438 0.01184678 0.04075782 0.02235308 0.17568676 0.00777761
9.10045502 3.54226331 0.00065178 0.00060411 0.00050087 0.00315712 0.40695931 0.03084213 0.30008142 0.01021321 0.04083465 0.02203057 0.17552052 0.00860431
9.20046002 3.53234747 0.00097844 0.00059815 0.00061731 0.00785238 0.40087092 0.03051107 0.29724591 0.01516076 0.03683542 0.02477543 0.17444959 0.01010460
9.30046502 3.52653303 0.00147060 0.00067159 0.00094869 0.00709035 0.39900872 0.03034354 0.29745031 0.01862149 0.03901505 0.02306316 0.17385433 0.00846217
9.40047002 3.51819661 0.00121774 0.00066195 0.00115389 0.01065979 0.39597937 0.02778761 0.29219522 0.01603944 0.03706686 0.03047492 0.17409660 0.01266661
9.50047502 3.51664137 0.00126244 0.00064659 0.00103952 0.00758601 0.39984772 0.02833283 0.29215847 0.01519591 0.03353578 0.03180895 0.17781145 0.01077434
9.60048002 3.51309316 0.00071754 0.00061513 0.00037267 0.00381269 0.39957381 0.02768900 0.29376049 0.01798364 0.03555106 0.03593092 0.17449951 0.00949353
9.70048502 3.50477554 0.00091022 0.00076105 0.00054068 0.00461480 0.39903469 0.02925558 0.28680271 0.01836782 0.04090631 0.03498725 0.17449524 0.00932366
9.80049002 3.49515812 0.00089358 0.00076961 0.00063954 0.00451475 0.40123277 0.02713552 0.29180842 0.01687310 0.04192201 0.03152455 0.17426719 0.00841895
9.90049502 3.49105604 0.00095440 0.00068946 0.00056469 0.00481662 0.39700270 0.02717230 0.29277330 0.01781715 0.04179372 0.03091622 0.17574082 0.00975862
10.00050003 3.48506509 0.00080107 0.00070287 0.00056688 0.00506566 0.39654294 0.02799600 0.29938737 0.01667868 0.04384912 0.02760006 0.17151771 0.00929165
10.10050503 3.47984273 0.00111776 0.00065196 0.00090869 0.01122546 0.40011752 0.03080998 0.29351671 0.01630617 0.04402178 0.02223546 0.16969203 0.00939648
10.20051003 3.47654974 0.00106160 0.00079819 0.00063770 0.00740960 0.39903987 0.02743745 0.29153156 0.01777527 0.04446020 0.02550290 0.17817017 0.00617549
10.30051503 3.47156654 0.00074839 0.00078729 0.00035253 0.00330214 0.40327100 0.02650204 0.29261933 0.01623302 0.04725650 0.02483839 0.17806588 0.00602349
10.40052003 3.46983859 0.00081631 0.00072075 0.00038834 0.00295096 0.40538324 0.02780158 0.29417045 0.01710251 0.04445629 0.02223347 0.17726928 0.00670683
10.50052503 3.46571945 0.00049583 0.00068745 0.00017646 0.00400592 0.40924192 0.02830433 0.29458838 0.01471854 0.04150338 0.02356179 0.17597887 0.00673713
10.60053003 3.46473118 0.00047004 0.00066052 0.00008023 0.00032123 0.41360517 0.02913645 0.29795323 0.01586492 0.04186458 0.02003615 0.17391651 0.00609098
10.70053503 3.46125511 0.00056026 0.00063626 0.00030520 0.00171303 0.41340128 0.02785917 0.30038083 0.01343338 0.04049333 0.02381301 0.17108829 0.00631596
10.80054003 3.45988216 0.00044264 0.00059125 0.00017108 0.00150147 0.41345191 0.02595020 0.30211224 0.01152693 0.03943981 0.02562487 0.17240479 0.00678281
10.90054503 3.45499516 0.00058332 0.00055979 0.00053370 0.00379430 0.41498429 0.02819029 0.29779352 0.01015070 0.03857576 0.01872459 0.17408664 0.01202310
11.00055003 3.44882165 0.00063474 0.00063298 0.00041982 0.00268577 0.41656551 0.03024569 0.29482524 0.01193501 0.03669078 0.02017252 0.17728549 0.00790645
11.10055503 3.44537016 0.00071036 0.00057535 0.00063945 0.00651858 0.42065824 0.03384365 0.29438740 0.00979713 0.03320066 0.01706433 0.17517834 0.00742651
11.20056003 3.44039548 0.00052954 0.00064344 0.00045382 0.00445997 0.42333945 0.03048267 0.29893762 0.00801269 0.03461460 0.01565844 0.17446488 0.00840286
11.30056503 3.43899649 0.00054771 0.00055346 0.00028601 0.00235680 0.42318788 0.02964413 0.30087626 0.00859872 0.03447846 0.01883324 0.17290394 0.00773340
11.40057003 3.43015278 0.00083678 0.00058483 0.00057137 0.00458115 0.42025554 0.02603283 0.30463038 0.00987969 0.03445731 0.01709454 0.17207194 0.00900364
11.50057503 3.42334898 0.00049209 0.00057682 0.00041067 0.00253984 0.41592900 0.02925764 0.30701979 0.00965013 0.03393490 0.01753134 0.17253949 0.01011828
11.60058003 3.41589469 0.00058772 0.00058988 0.00020035 0.00160231 0.41108428 0.02892063 0.30606356 0.01320450 0.03322860 0.02147313 0.17503367 0.00801136
11.70058503 3.40971261 0.00038055 0.00064676 0.00009923 0.00022988 0.40875959 0.03065623 0.30842178 0.01211042 0.03555901 0.02128244 0.17461286 0.00724125
11.80059003 3.40745969 0.00035297 0.00066529 0.00026052 0.00336153 0.41087632 0.02831678 0.30630342 0.00921936 0.03798338 0.01796543 0.17617158 0.00852342
11.90059503 3.40256311 0.00090369 0.00054177 0.00087102 0.00778159 0.41058467 0.02672855 0.30892818 0.00897542 0.03334651 0.01794175 0.17459887 0.00879798
12.00060003 3.39238038 0.00078147 0.00058626 0.00076215 0.00642435 0.40693375 0.02789445 0.31587451 0.00659589 0.03647810 0.01842859 0.17012738 0.00911311
12.10060503 3.38912266 0.00104505 0.00056067 0.00090639 0.00664788 0.40212768 0.03088176 0.31656831 0.00925581 0.03642448 0.01854186 0.16831886 0.00872125
12.20061003 3.38097690 0.00065109 0.00067473 0.00034311 0.00362817 0.39867553 0.02799494 0.32343875 0.01054032 0.03669713 0.01580191 0.17251386 0.00904045
12.30061503 3.37949245 0.00061822 0.00078796 0.00037739 0.00357201 0.40276123 0.02820751 0.31867311 0.00911339 0.04162083 0.01287975 0.17415687 0.00723173
12.40062003 3.37282140 0.00079868 0.00075973 0.00061786 0.00406852 0.40414268 0.02243949 0.31706651 0.00975442 0.03790429 0.01641554 0.17812680 0.00790549
12.50062503 3.36598550 0.00038230 0.00071492 0.00014414 0.00219411 0.40751025 0.02278332 0.31804268 0.00924640 0.03803878 0.01463386 0.17969337 0.00661587
12.60063003 3.36278917 0.00029107 0.00064970 0.00018286 0.00133979 0.40870898 0.02182220 0.32028831 0.00733104 0.03935221 0.01880858 0.17500080 0.00622447
12.70063503 3.35755319 0.00054619 0.00064129 0.00033313 0.00278926 0.40652312 0.02095995 0.31807112 0.00760518 0.04024231 0.02325319 0.17252217 0.00651310
12.80064003 3.35166284 0.00057544 0.00061654 0.00041215 0.00297603 0.40731255 0.02507065 0.31749975 0.00834145 0.03605617 0.02434244 0.17051499 0.00628183
12.90064503 3.34309578 0.00114649 0.00062855 0.00094020 0.00730602 0.40288001 0.02467110 0.31366650 0.00919348 0.03976894 0.02399353 0.16905600 0.00674918
13.00065003 3.33588156 0.00077937 0.00063807 0.00043612 0.00418093 0.40461475 0.02629055 0.30429633 0.01397504 0.04180957 0.02498303 0.17064128 0.00735496
13.10065503 3.33097879 0.00046908 0.00061179 0.00021260 0.00230232 0.40704892 0.02844901 0.30279932 0.01251138 0.04290338 0.02116540 0.17263659 0.00889021
13.20066003 3.33065065 0.00034370 0.00063539 0.00012393 0.00222862 0.40869983 0.02935134 0.30333049 0.01136713 0.04294978 0.01872871 0.17438451 0.00785658
13.30066503 3.32603088 0.00077531 0.00061022 0.00057319 0.00428947 0.40719644 0.02937420 0.30729047 0.01062918 0.04311821 0.01691872 0.17178466 0.00743992
13.40067003 3.32049932 0.00095377 0.00054876 0.00071872 0.00457650 0.40724028 0.02957272 0.30482136 0.01444430 0.03935501 0.01917783 0.16803460 0.01055616
13.50067503 3.31599528 0.00071981 0.00066083 0.00046022 0.00393252 0.41107720 0.02526109 0.30908459 0.01543566 0.03844656 0.01596812 0.17273082 0.00622258
13.60068003 3.31342972 0.00067790 0.00060321 0.00049417 0.00593589 0.41506775 0.02456502 0.31228331 0.01148248 0.03247382 0.02092537 0.16757191 0.00791917
13.70068503 3.30952679 0.00090747 0.00058569 0.00068112 0.00742690 0.42058637 0.02719111 0.31121255 0.01047141 0.02881426 0.01530455 0.16880113 0.00801745
13.80069003 3.30285095 0.00126406 0.00054818 0.00084864 0.00744347 0.41757098 0.02804596 0.31199359 0.01248446 0.02894292 0.01381850 0.16894434 0.00809491
13.90069503 3.29902568 0.00094934 0.00052092 0.00063555 0.00525934 0.41589648 0.02329846 0.31883093 0.01416600 0.02859349 0.01412300 0.16815818 0.00956830
14.00070004 3.29789064 0.00052420 0.00048493 0.00056437 0.00374065 0.41540442 0.02346976 0.31760236 0.01386720 0.02827930 0.01622386 0.16822899 0.01160996
14.10070504 3.29362155 0.00047601 0.00050283 0.00053505 0.00278085 0.42118459 0.02769375 0.31238560 0.00933294 0.02813087 0.01961667 0.16779612 0.00956472
14.20071004 3.28940701 0.00028009 0.00053017 0.00008616 0.00015239 0.42104052 0.02981205 0.31437525 0.01108533 0.02631210 0.01862743 0.17174196 0.00595655
14.30071504 3.28536837 0.00039435 0.00054887 0.00006700 0.00031039 0.42374668 0.02481315 0.31331501 0.01072748 0.02796934 0.01918504 0.17242010 0.00650259
14.40072004 3.27451089 0.00053631 0.00061459 0.00020610 0.00044740 0.42107065 0.02043254 0.30943906 0.01426976 0.03173626 0.02036576 0.17113944 0.00974213
14.50072504 3.27112981 0.00036963 0.00053079 0.00009635 0.00025276 0.42228763 0.02323606 0.30980790 0.01120276 0.02969429 0.02475667 0.17167938 0.00608578
14.60073004 3.27064883 0.00028269 0.00047162 0.00005926 0.00017117 0.42186304 0.02340558 0.31206459 0.01077020 0.02766879 0.02460281 0.17193195 0.00670828
14.70073504 3.26654531 0.00069230 0.00046704 0.00056008 0.00387483 0.42124009 0.02018730 0.31268262 0.01063955 0.02741700 0.02586379 0.17019325 0.00618215
14.80074004 3.26296664 0.00050288 0.00047021 0.00029070 0.00401297 0.41860215 0.02153602 0.31675864 0.01169801 0.02733084 0.02309384 0.16883817 0.00686558
14.90074504 3.26033382 0.00049243 0.00056780 0.00034717 0.00312151 0.42304047 0.01995706 0.31712500 0.01131326 0.02770992 0.02007871 0.16955682 0.00668987
15.00075004 3.25186470 0.00070860 0.00061652 0.00068994 0.00459697 0.42413296 0.02152172 0.31727377 0.00829990 0.02476828 0.01747446 0.17120847 0.00870840
15.10075504 3.24637026 0.00083665 0.00054805 0.00070025 0.00760901 0.42175299 0.02457253 0.31181720 0.00962542 0.02471730 0.02001794 0.17116445 0.00663820
15.20076004 3.24299357 0.00057885 0.00061064 0.00016995 0.00156123 0.42527288 0.02288707 0.31273610 0.01348076 0.02640906 0.01548710 0.17497132 0.00583505
15.30076504 3.23685193 0.00052714 0.00061982 0.00036259 0.00314251 0.43086711 0.02355912 0.31086391 0.00800695 0.02981964 0.01521884 0.17182952 0.00518284
15.40077004 3.23235163 0.00063347 0.00055549 0.00040759 0.00690054 0.42728635 0.02302613 0.31028433 0.00928137 0.03058221 0.01302495 0.17129162 0.00672595
15.50077504 3.22822163 0.00068400 0.00061150 0.00048933 0.00479829 0.42589086 0.02085196 0.31068995 0.01060641 0.03364696 0.01275390 0.17316073 0.00581612
15.60078004 3.22577350 0.00045555 0.00065905 0.00044828 0.00188711 0.41999679 0.02480059 0.31234449 0.00703537 0.03551382 0.01331886 0.17548585 0.00805423
15.70078504 3.22508519 0.00036097 0.00058595 0.00029285 0.00135560 0.42336263 0.02374802 0.31076574 0.00735533 0.03405693 0.01554592 0.17522876 0.00734131
15.80079004 3.21864545 0.00053817 0.00058178 0.00041702 0.00266420 0.41986140 0.02311994 0.30918966 0.01005227 0.03266772 0.01535900 0.17769943 0.00784940
15.90079504 3.21398524 0.00043230 0.00066892 0.00045435 0.00165527 0.41896194 0.02578943 0.30901288 0.00646365 0.03505742 0.01318550 0.18029884 0.00801950
16.00080004 3.20736477 0.00050184 0.00060795 0.00052330 0.00189317 0.41458245 0.02777825 0.30579817 0.00724429 0.03851633 0.01657402 0.17649510 0.00948513
16.10080504 3.20606419 0.00064403 0.00054630 0.00036476 0.00383606 0.41833702 0.02702182 0.30829687 0.01066892 0.03283556 0.01617938 0.17398425 0.00728503
16.20081004 3.19859390 0.00124158 0.00056546 0.00101562 0.01097473 0.41480851 0.02410523 0.30695794 0.00965538 0.03244440 0.01696256 0.17522370 0.00604490
16.30081504 3.19832710 0.00055428 0.00057696 0.00025017 0.00178979 0.41734483 0.02717351 0.30778339 0.01088159 0.03453824 0.01748673 0.17575658 0.00586392
16.40082004 3.19714624 0.00096194 0.00058979 0.00067222 0.00661373 0.42010985 0.02257515 0.30652268 0.01230391 0.03102427 0.01540262 0.17575342 0.00747044
16.50082504 3.19550364 0.00079706 0.00058750 0.00055853 0.00305349 0.42080969 0.02227784 0.30531244 0.01158998 0.03515878 0.01553908 0.17613158 0.00818402
16.60083004 3.19248630 0.00045161 0.00055729 0.00009615 0.00029352 0.42236770 0.02766538 0.30699388 0.01242553 0.03123224 0.01556303 0.17684889 0.00550479
16.70083504 3.18508160 0.00096521 0.00054654 0.00079689 0.00691539 0.41807950 0.02645944 0.30654639 0.01049290 0.02885367 0.01610037 0.17797391 0.00626980
16.80084004 3.17885117 0.00051940 0.00059447 0.00052922 0.00461486 0.42002650 0.02092676 0.30531996 0.00852917 0.03094751 0.01773080 0.17911156 0.01114979
16.90084504 3.17231077 0.00030241 0.00062134 0.00029989 0.00027197 0.41754912 0.02296610 0.30967825 0.00862163 0.03354021 0.02157780 0.17461109 0.00996020
17.00085004 3.16510613 0.00084889 0.00056457 0.00068192 0.00606724 0.40839391 0.02618871 0.31213702 0.00913155 0.03522177 0.02277166 0.17168272 0.00631002
17.10085504 3.16248253 0.00114575 0.00051618 0.00074040 0.00664552 0.40564116 0.02566514 0.31106666 0.01302281 0.03430829 0.02152835 0.17246772 0.00725202
17.20086004 3.15838103 0.00090827 0.00051156 0.00037758 0.00497997 0.40127218 0.03166860 0.31056868 0.01470537 0.03381128 0.02015505 0.17383630 0.00720515
17.30086504 3.15041329 0.00083929 0.00052113 0.00070566 0.00720556 0.39699238 0.03145434 0.30727527 0.01165010 0.02978115 0.02551515 0.17743007 0.01062990
17.40087004 3.14789957 0.00103811 0.00058077 0.00080778 0.00480601 0.39450298 0.03184984 0.31560770 0.01317212 0.02522803 0.02488327 0.17808052 0.00944288
17.50087504 3.14361103 0.00076758 0.00053446 0.00059048 0.00505602 0.40013603 0.03253454 0.31260147 0.01384316 0.02288483 0.02661724 0.17584320 0.00859098
17.60088004 3.13268681 0.00081314 0.00068419 0.00047544 0.00464248 0.39802821 0.03327066 0.31084048 0.01316364 0.02632390 0.02469200 0.17812322 0.00894264
17.70088504 3.12759931 0.00064307 0.00065858 0.00048692 0.00179280 0.39645098 0.03460600 0.31313585 0.01308392 0.02674465 0.02415666 0.17700994 0.01123065
17.80089004 3.12102997 0.00104969 0.00063170 0.00088637 0.00535894 0.40240937 0.03212917 0.31067359 0.01222696 0.02452405 0.02164345 0.17776129 0.01070543
17.90089504 3.11894066 0.00047903 0.00058542 0.00014238 0.00044184 0.40504325 0.03323854 0.31181201 0.01365977 0.02487618 0.02243149 0.17968313 0.00760694
18.00090005 3.11576728 0.00043242 0.00054992 0.00009426 0.00020772 0.40668275 0.03149295 0.31508705 0.01440018 0.02222134 0.02231965 0.17945895 0.00705281
18.10090505 3.10839081 0.00066312 0.00054608 0.00029289 0.00173700 0.40001080 0.03378499 0.31100478 0.01562770 0.02372243 0.02447617 0.18071591 0.00741813
18.20091005 3.10423710 0.00108577 0.00063432 0.00063397 0.00450215 0.39734169 0.03194947 0.31115979 0.01506370 0.02885898 0.02115446 0.18000522 0.00761047
18.30091505 3.09831921 0.00075364 0.00053404 0.00060253 0.00399319 0.40426653 0.03275925 0.31130243 0.01397574 0.02463490 0.02035707 0.17526210 0.01155856
18.40092005 3.09546451 0.00072101 0.00053766 0.00029308 0.00564298 0.40222205 0.03252949 0.31566300 0.01429743 0.02436672 0.02029577 0.17521058 0.00822025
18.50092505 3.08390151 0.00073522 0.00056821 0.00057257 0.00319683 0.39861544 0.03045689 0.31729348 0.01335162 0.02639138 0.02508166 0.17313150 0.01060520
18.60093005 3.07680297 0.00070338 0.00059692 0.00060943 0.00342845 0.40289565 0.02956444 0.30917127 0.01417901 0.02568697 0.02196879 0.17764918 0.01354651
18.70093505 3.06716647 0.00078064 0.00062808 0.00069122 0.00334979 0.40209537 0.03454882 0.31113324 0.00993412 0.02786466 0.02223289 0.17627864 0.01046251
18.80094005 3.06361130 0.00089818 0.00057725 0.00047356 0.00500669 0.39791372 0.03643074 0.30527910 0.01432281 0.02780667 0.02273197 0.18042327 0.00813604
18.90094505 3.05274273 0.00110105 0.00063928 0.00063435 0.00618425 0.39838693 0.03538388 0.30084204 0.01534933 0.02905386 0.02103477 0.18307789 0.00831237
19.00095005 3.05032293 0.00082664 0.00058442 0.00043754 0.00299092 0.39885116 0.03491911 0.30429890 0.01524057 0.03080517 0.02103973 0.17946036 0.01054548
19.10095505 3.04624157 0.00051701 0.00062149 0.00020853 0.00036466 0.39669356 0.03546298 0.30571533 0.01431570 0.03272849 0.02151797 0.18024113 0.01161315
19.20096005 3.04298743 0.00057512 0.00059849 0.00047112 0.00272038 0.39533072 0.03682128 0.30679600 0.01071375 0.03542818 0.02126591 0.17784662 0.01143245
19.30096505 3.03680340 0.00063165 0.00054058 0.00051043 0.00386204 0.39170501 0.03970147 0.30836614 0.01065862 0.03287621 0.02163658 0.17851207 0.01099922
19.40097005 3.03295662 0.00081278 0.00055599 0.00043216 0.00470058 0.39520022 0.03668038 0.30757263 0.01165401 0.03195398 0.02156019 0.17871718 0.01015990
19.50097505 3.02851849 0.00044257 0.00056198 0.00025286 0.00068318 0.39733920 0.03948575 0.30653500 0.01021035 0.03390967 0.02175665 0.17765414 0.01116865
19.60098005 3.02323740 0.00085543 0.00064075 0.00082787 0.00430040 0.39734840 0.03924687 0.30438424 0.00943726 0.03533711 0.01819728 0.17628951 0.01313489
19.70098505 3.02143811 0.00074356 0.00050405 0.00054473 0.00694914 0.39929703 0.04345743 0.30636142 0.00946530 0.03233115 0.01659677 0.17350635 0.01024308
19.80099005 3.01567237 0.00080133 0.00052305 0.00040900 0.00475122 0.39805001 0.04369481 0.30370480 0.01421929 0.03343287 0.01881536 0.17228926 0.00930899
19.90099505 3.01423192 0.00046790 0.00050726 0.00043991 0.00205963 0.40054620 0.04032293 0.30403635 0.00993708 0.03334028 0.02251327 0.17156991 0.01425928
20.00100005 3.01201505 0.00078061 0.00050127 0.00051847 0.00331022 0.39725374 0.04350189 0.30350477 0.01062222 0.03159955 0.02439054 0.17114067 0.01287605
20.10100505 3.00332110 0.00111170 0.00051946 0.00087982 0.00582218 0.39904289 0.04208978 0.30040467 0.01122829 0.03276648 0.02366183 0.17126649 0.01120640
20.20101005 2.99495431 0.00075525 0.00051795 0.00042847 0.00269956 0.39700036 0.04619690 0.30208842 0.01138824 0.03212319 0.02231184 0.17427007 0.01021973
20.30101505 2.98983635 0.00071976 0.00058754 0.00038419 0.00350697 0.39340745 0.04257318 0.30075299 0.01068225 0.03597883 0.02775381 0.17327320 0.01037984
20.40102005 2.98236546 0.00078745 0.00058596 0.00064532 0.00433374 0.39850710 0.04707374 0.30029230 0.00823596 0.03631970 0.02103251 0.17029493 0.01189127
20.50102505 2.97540494 0.00114169 0.00058500 0.00081655 0.00696634 0.40017311 0.04216156 0.30157394 0.01244651 0.03464472 0.01913062 0.16902324 0.01133674
20.60103005 2.96695271 0.00084132 0.00061795 0.00050484 0.00416340 0.39786340 0.04654195 0.30030295 0.01216322 0.03861168 0.02060414 0.16660402 0.01118114
20.70103505 2.96432088 0.00085813 0.00051869 0.00056672 0.00405692 0.39734205 0.04921719 0.30211076 0.01235816 0.03451872 0.01976061 0.16750978 0.01118228
20.80104005 2.96256483 0.00081761 0.00057915 0.00055600 0.00567227 0.39139046 0.04073131 0.30309858 0.01393055 0.03796585 0.02141425 0.17096596 0.01287801
20.90104505 2.95836605 0.00074256 0.00062838 0.00049291 0.00333098 0.38949042 0.04481074 0.30086744 0.01159715 0.03687098 0.01974279 0.17814278 0.01328286
21.00105005 2.95708513 0.00058489 0.00056702 0.00028085 0.00349377 0.38959802 0.04470331 0.30277276 0.01304514 0.03738894 0.01802417 0.17767326 0.01186787
21.10105505 2.95237581 0.00086700 0.00059474 0.00061055 0.00417066 0.39444499 0.04405885 0.29955961 0.01222126 0.03925368 0.01875688 0.17414698 0.01131478
21.20106005 2.94905635 0.00099632 0.00060090 0.00073279 0.00479633 0.39884035 0.04272315 0.30047948 0.01073828 0.03956592 0.01510549 0.17251335 0.01290764
21.30106505 2.94673763 0.00144443 0.00056159 0.00124143 0.01007193 0.39738594 0.04306878 0.30159368 0.00846122 0.03979257 0.01806848 0.16866622 0.00964373
21.40107005 2.94420511 0.00071858 0.00062216 0.00032315 0.00292753 0.40017941 0.03941600 0.30412111 0.01130468 0.04461324 0.01818305 0.16846409 0.00912702
21.50107505 2.93804418 0.00068058 0.00055376 0.00026154 0.00403776 0.39805136 0.03654730 0.30772695 0.01379327 0.04002415 0.01966902 0.16964379 0.00901052
21.60108005 2.93349775 0.00091445 0.00056420 0.00050798 0.00313068 0.39518480 0.03571715 0.30408133 0.01485292 0.04173011 0.02206191 0.17043957 0.01081490
21.70108505 2.93295713 0.00037862 0.00059629 0.00013349 0.00025779 0.39373289 0.03778785 0.30504860 0.01168893 0.04542339 0.02337925 0.17119884 0.01037406
21.80109005 2.92948665 0.00050114 0.00058712 0.00039118 0.00156834 0.40021937 0.03739975 0.30454392 0.00877046 0.04282635 0.01859076 0.17182325 0.01277838
21.90109505 2.92629853 0.00031465 0.00058800 0.00037158 0.00029444 0.40382499 0.03142066 0.30675208 0.00868963 0.04453988 0.01917340 0.17029505 0.01373564
22.00110006 2.92118280 0.00040764 0.00060150 0.00027135 0.00137767 0.41010899 0.02976152 0.30971414 0.00845157 0.04321393 0.01882536 0.16836145 0.00890489
22.10110506 2.91517811 0.00050525 0.00063046 0.00044811 0.00317545 0.40471014 0.03074749 0.31029505 0.00646080 0.04269412 0.01996249 0.17167023 0.00870041
22.20111006 2.91157801 0.00047124 0.00060647 0.00020638 0.00155476 0.40534573 0.02897155 0.31034326 0.01028120 0.04460689 0.01613619 0.17309765 0.00837869
22.30111506 2.90463952 0.00045859 0.00055379 0.00027533 0.00251682 0.40068021 0.03352039 0.31267151 0.00880079 0.04597895 0.01513356 0.17211554 0.00729450
22.40112006 2.89763108 0.00037883 0.00059511 0.00010485 0.00029999 0.39696173 0.03372772 0.31317721 0.00993213 0.04595825 0.01846914 0.17330770 0.00708733
22.50112506 2.89374660 0.00047022 0.00058144 0.00018446 0.00344953 0.39688244 0.02997842 0.31180206 0.01155721 0.04416744 0.02089513 0.17256662 0.00746504
22.60113006 2.88718672 0.00060236 0.00060277 0.00037609 0.00518696 0.39685049 0.02858000 0.31604412 0.00996526 0.04444192 0.01834865 0.17206071 0.00694069
22.70113506 2.88370510 0.00069505 0.00057779 0.00041711 0.00378505 0.40135256 0.02382007 0.31626980 0.01205606 0.04263894 0.02203868 0.16916092 0.00718799
22.80114006 2.87581195 0.00074800 0.00055437 0.00068392 0.00436020 0.39408360 0.02667225 0.31796902 0.01014407 0.03938537 0.02656009 0.16800764 0.01083147
22.90114506 2.87200664 0.00059353 0.00065965 0.00031643 0.00261608 0.39598551 0.02758698 0.32077626 0.01090249 0.04325352 0.01907107 0.17132507 0.00691342
23.00115006 2.86990547 0.00039786 0.00057853 0.00019141 0.00133616 0.39440311 0.02980581 0.32261023 0.00949495 0.04274366 0.01981077 0.17166447 0.00696304
23.10115506 2.86451359 0.00051730 0.00058878 0.00036737 0.00467166 0.39740365 0.02427326 0.32212252 0.00886406 0.04398964 0.01693612 0.17189541 0.00837024
23.20116006 2.86242649 0.00042258 0.00053267 0.00011708 0.00038190 0.40198037 0.02726877 0.32260172 0.01077846 0.04099239 0.01525860 0.17189285 0.00777261
23.30116506 2.85741342 0.00035657 0.00054865 0.00010088 0.00022893 0.40251786 0.02823429 0.32311288 0.01014359 0.04100006 0.01444007 0.17282056 0.00649567
23.40117006 2.85583818 0.00053901 0.00059122 0.00033580 0.00420500 0.40321098 0.02382563 0.32332606 0.00923349 0.04359959 0.01205962 0.17327215 0.00580145
23.50117506 2.84969301 0.00067680 0.00060403 0.00042736 0.00673816 0.40565445 0.02179918 0.32557709 0.00841751 0.04130168 0.01226685 0.17086275 0.00567415
23.60118006 2.84838078 0.00096934 0.00052573 0.00084625 0.00635249 0.40473182 0.01912845 0.32751616 0.00630276 0.03926766 0.01597421 0.17195863 0.00642648
23.70118506 2.84513130 0.00048312 0.00051411 0.00028839 0.00543316 0.40760207 0.02215379 0.32627915 0.00693231 0.03559452 0.01677855 0.17201015 0.00593068
23.80119006 2.83909951 0.00039097 0.00055485 0.00031560 0.00185603 0.40951084 0.02469319 0.32894599 0.00677407 0.03049755 0.01647743 0.17249078 0.00749271
23.90119506 2.83646009 0.00054729 0.00049106 0.00032083 0.00371062 0.41032360 0.02909447 0.32656601 0.00837064 0.02525533 0.01863963 0.17136399 0.00531652
24.00120006 2.83201470 0.00044236 0.00052000 0.00025302 0.00321301 0.40966581 0.03018604 0.32554126 0.00849548 0.02720526 0.01757855 0.17106767 0.00583154
24.10120506 2.82338413 0.00100894 0.00057659 0.00080614 0.00707645 0.40420202 0.02872990 0.32321829 0.00897680 0.03421187 0.01641905 0.16779124 0.00698273
24.20121006 2.82248148 0.00087197 0.00049160 0.00052597 0.00320661 0.40475604 0.02480302 0.32539915 0.01148681 0.03116165 0.01659348 0.17019155 0.01051214
24.30121506 2.81837844 0.00049209 0.00047375 0.00030859 0.00375180 0.40896253 0.02581851 0.32483261 0.00974964 0.03024072 0.01599247 0.17149038 0.00788689
24.40122006 2.81751108 0.00051937 0.00047232 0.00027503 0.00345593 0.40754275 0.02760208 0.32392653 0.00997861 0.02868727 0.01576137 0.17537112 0.00640761
24.50122506 2.81440866 0.00040830 0.00050287 0.00028112 0.00190198 0.40578429 0.02834108 0.32482523 0.01031055 0.03045400 0.01586721 0.17443360 0.00688976
24.60123006 2.80793791 0.00042718 0.00054995 0.00017624 0.00153242 0.40803519 0.02746529 0.32427855 0.01090911 0.03248014 0.01342557 0.17265616 0.00806419
24.70123506 2.80485363 0.00036464 0.00056667 0.00024026 0.00332659 0.41320662 0.02468624 0.32272568 0.00850671 0.02892005 0.01358770 0.17658098 0.00728788
24.80124006 2.80308367 0.00035077 0.00056803 0.00010563 0.00030007 0.41384166 0.02441042 0.32340338 0.00958336 0.03289949 0.01322642 0.17528744 0.00602334
24.90124506 2.79736647 0.00076760 0.00045997 0.00049414 0.00472961 0.41093385 0.02518655 0.32232831 0.01126068 0.03171593 0.01559996 0.17056194 0.00596145
25.00125006 2.79444583 0.00067610 0.00044993 0.00039016 0.00586687 0.41383785 0.02525782 0.31917713 0.01088225 0.02811733 0.01815000 0.17041777 0.00677680
25.10125506 2.79131729 0.00057356 0.00046747 0.00033649 0.00468433 0.40992830 0.02796541 0.32225378 0.01066541 0.02836506 0.01737654 0.17098539 0.00639826
25.20126006 2.78395468 0.00046789 0.00052116 0.00030493 0.00170809 0.41387183 0.02742798 0.32555127 0.00658611 0.02882184 0.01778434 0.17123390 0.00572065
25.30126506 2.78172828 0.00042985 0.00050244 0.00026270 0.00149331 0.41255366 0.03123043 0.32558250 0.00681407 0.02550170 0.01591249 0.17385970 0.00585714
25.40127006 2.77710771 0.00074321 0.00051717 0.00057030 0.00811133 0.41641767 0.02566459 0.32171176 0.00747238 0.02406462 0.01544805 0.17328877 0.00599014
25.50127506 2.76955240 0.00105339 0.00052964 0.00084646 0.00727455 0.41328819 0.02357812 0.32064376 0.01066796 0.02477291 0.01492720 0.17476550 0.00765232
25.60128006 2.76731176 0.00063092 0.00058097 0.00048708 0.00306327 0.42102676 0.02256472 0.31908528 0.00888149 0.02748870 0.01400038 0.17381829 0.00837214
25.70128506 2.76170608 0.00040732 0.00052497 0.00032483 0.00309561 0.41989780 0.02360244 0.32229303 0.00760299 0.02729862 0.01391338 0.17398559 0.00705343
