0.00000000 8.00000000 0.00000000 0.00000000 0.00000000 0.00000000 0.00000000 0.00000000 0.00000000 1.00000000 0.00000000 0.00000000 0.00000000 0.00000000
0.10000500 8.00285402 0.01660876 0.00098828 0.00540091 0.09118893 0.10711584 0.13302952 0.02634408 0.45895248 0.06003557 0.05775190 0.00951622 0.03306750
0.20001000 8.00200200 0.00709815 0.00090062 0.00437308 0.06715425 0.14375605 0.21773792 0.05101316 0.25201205 0.06707826 0.11254690 0.02925191 0.04707765
0.30001500 7.99995704 0.00440509 0.00078049 0.00267071 0.03463919 0.15521120 0.24731343 0.06329833 0.18662652 0.07336335 0.14172855 0.04334663 0.04661652
0.40002000 7.99707951 0.00369422 0.00085986 0.00183136 0.02237590 0.16083769 0.22519138 0.08938079 0.15604241 0.08322431 0.15778930 0.05369735 0.04507542
0.50002500 7.99214995 0.00347071 0.00086860 0.00149171 0.02274664 0.17083021 0.21595393 0.09834192 0.13849479 0.07798898 0.16522002 0.06197030 0.04262220
0.60003000 7.98615187 0.00362168 0.00079267 0.00205521 0.02603592 0.19004433 0.20393522 0.10612140 0.11170104 0.07854927 0.17030043 0.06249233 0.04435051
0.70003500 7.98107317 0.00355320 0.00082253 0.00215396 0.03221206 0.20077001 0.18351967 0.11437212 0.09167785 0.08477454 0.17458831 0.06726080 0.04429495
0.80004000 7.97715484 0.00272864 0.00074256 0.00158250 0.01974131 0.21092330 0.18533043 0.12561434 0.08391525 0.07550793 0.17305055 0.07121188 0.04965132
0.90004500 7.96850257 0.00267814 0.00068828 0.00179032 0.02213258 0.21881429 0.17362723 0.13989306 0.07879127 0.07736382 0.16502158 0.06924055 0.04995888
1.00005000 7.96380512 0.00244932 0.00064076 0.00158666 0.01723796 0.23384059 0.17626494 0.14108930 0.07326237 0.07829659 0.15621540 0.07013276 0.04898336
1.10005500 7.95977748 0.00240634 0.00065970 0.00166378 0.02485861 0.22868903 0.18749524 0.15274627 0.06129914 0.07740134 0.13982442 0.07850366 0.04445249
1.20006000 7.95314612 0.00215134 0.00071046 0.00130163 0.01120540 0.24534260 0.19027134 0.15276082 0.06243410 0.07664531 0.12558826 0.08454081 0.04704795
1.30006500 7.94813083 0.00194699 0.00075350 0.00104481 0.00751288 0.25715990 0.18414247 0.16455088 0.05824754 0.07587262 0.11166287 0.08966310 0.04744244
1.40007000 7.94313170 0.00194175 0.00077154 0.00125639 0.01478395 0.26234928 0.18813268 0.17457300 0.05057126 0.07979035 0.09399190 0.08851582 0.04332207
1.50007500 7.93965204 0.00224083 0.00069300 0.00155853 0.01891509 0.26766948 0.18106896 0.17286987 0.05765800 0.07196365 0.08901814 0.08880400 0.04754046
1.60008000 7.93474043 0.00233461 0.00066828 0.00147784 0.01638858 0.29117483 0.17328671 0.17853097 0.05828852 0.06391983 0.08217941 0.08770609 0.04404433
1.70008500 7.92426433 0.00216156 0.00085177 0.00127092 0.01567012 0.29591141 0.15766405 0.18840387 0.05318277 0.06581188 0.07453071 0.10702107 0.03751986
1.80009000 7.91987402 0.00216582 0.00073535 0.00149175 0.01924133 0.29600213 0.16225436 0.19600957 0.04538584 0.06853057 0.07217186 0.09872238 0.03728904
1.90009500 7.91405926 0.00203499 0.00070522 0.00139147 0.01703310 0.30365469 0.16113263 0.19899073 0.04120163 0.06967057 0.06850831 0.10097879 0.03469787
2.00010001 7.90973442 0.00153909 0.00075267 0.00097156 0.00916259 0.30519536 0.15256627 0.20649415 0.03997198 0.06943922 0.06659302 0.10811861 0.03919549
2.10010501 7.90527497 0.00183316 0.00070392 0.00092284 0.01524946 0.31360761 0.14127752 0.21931787 0.04461456 0.06340465 0.06572639 0.10496596 0.02837607
2.20011001 7.89567074 0.00177006 0.00066814 0.00119291 0.01229782 0.31875976 0.13638644 0.22712678 0.03895850 0.06070641 0.06237511 0.10473890 0.03501916
2.30011501 7.89223371 0.00137898 0.00064443 0.00091713 0.00829177 0.31741128 0.14247740 0.22922674 0.03003158 0.06416256 0.06669800 0.10655499 0.03220513
2.40012001 7.88422208 0.00125952 0.00070010 0.00059949 0.00611975 0.31886482 0.13614487 0.23805771 0.03335183 0.06231455 0.06454896 0.11006282 0.02797558
2.50012501 7.87991363 0.00146050 0.00054741 0.00083035 0.01121730 0.31523121 0.13211398 0.23929226 0.03529124 0.05873449 0.07186682 0.10619463 0.02721980
2.60013001 7.87297726 0.00177381 0.00064997 0.00129889 0.01437375 0.31439648 0.12524468 0.24042477 0.03045684 0.06728668 0.06738025 0.10724211 0.02947177
2.70013501 7.87056471 0.00109223 0.00065126 0.00056414 0.00633991 0.32853665 0.12373112 0.24822560 0.03094873 0.06335031 0.05938090 0.10923618 0.02794298
2.80014001 7.86596840 0.00130626 0.00060855 0.00074395 0.00844702 0.33488335 0.11519920 0.25328455 0.03220781 0.06401660 0.05213208 0.11120695 0.02596369
2.90014501 7.85913604 0.00125220 0.00070673 0.00084169 0.00824131 0.34192471 0.11272128 0.25063935 0.02896470 0.06399833 0.04725521 0.11673088 0.02672361
3.00015001 7.85287636 0.00115715 0.00058720 0.00071724 0.00699027 0.33947101 0.11518113 0.25654477 0.02713461 0.05987515 0.05254861 0.11352186 0.02627099
3.10015501 7.84860584 0.00128420 0.00057607 0.00094017 0.01027327 0.34543116 0.11014618 0.26413029 0.02232696 0.05659465 0.04582371 0.11726783 0.02520549
3.20016001 7.84464335 0.00128845 0.00059391 0.00095308 0.01144330 0.35053021 0.09781957 0.27198684 0.02324489 0.05363572 0.04798960 0.11525332 0.02526112
3.30016501 7.83760186 0.00143398 0.00057696 0.00086601 0.01468154 0.35028825 0.09801758 0.27910288 0.02534535 0.04524043 0.04765876 0.11879148 0.01799678
3.40017001 7.83239632 0.00116892 0.00059001 0.00074075 0.01105311 0.35889404 0.09466166 0.28032445 0.02246236 0.04640842 0.04576032 0.11978309 0.01815289
3.50017501 7.82460563 0.00114823 0.00056895 0.00066481 0.01079289 0.36452524 0.09390769 0.27537352 0.02346729 0.04790109 0.04091288 0.12363120 0.01710621
3.60018001 7.81947536 0.00098583 0.00054170 0.00064777 0.00659409 0.36362228 0.08833023 0.27457013 0.02308304 0.04910622 0.04391940 0.12815967 0.02043964
3.70018501 7.81326740 0.00108393 0.00057290 0.00062759 0.00552865 0.36319633 0.08196335 0.27458425 0.02925667 0.05401997 0.03589015 0.13162656 0.02164966
3.80019001 7.80908049 0.00094557 0.00055080 0.00039559 0.00417831 0.36868913 0.07692474 0.27933157 0.03125805 0.04887747 0.03865915 0.13055103 0.01963860
3.90019501 7.80015495 0.00121808 0.00057531 0.00080014 0.00952892 0.37612866 0.07489951 0.27835713 0.02515691 0.05054479 0.03777307 0.12839410 0.01662336
4.00020001 7.80062268 0.00065486 0.00058026 0.00024798 0.00443593 0.38014479 0.07205401 0.28186302 0.01997837 0.05394269 0.04240747 0.12946924 0.01422138
4.10020501 7.79597292 0.00076875 0.00056261 0.00035529 0.00320071 0.38172827 0.06733647 0.28374008 0.02111615 0.05309367 0.04282643 0.13287536 0.01239621
4.20021001 7.79250380 0.00089026 0.00058861 0.00062377 0.00866374 0.37627189 0.06336332 0.28633777 0.02001634 0.05140048 0.03848330 0.13740124 0.01595927
4.30021501 7.79019095 0.00065156 0.00055557 0.00047309 0.00375334 0.38665199 0.05400737 0.28774769 0.01913665 0.05093443 0.03818071 0.13811032 0.01979729
4.40022001 7.78600616 0.00068978 0.00052747 0.00044803 0.00608838 0.38598662 0.05714060 0.29092253 0.01837682 0.04837555 0.03703786 0.13818783 0.01621853
4.50022501 7.78246589 0.00061192 0.00053810 0.00027673 0.00206987 0.38936153 0.06201879 0.29539164 0.01703542 0.04163188 0.03771305 0.14107685 0.01227422
4.60023001 7.77233770 0.00066825 0.00060256 0.00037685 0.00518075 0.38599621 0.06458558 0.29862596 0.01554276 0.04030917 0.03259455 0.14446611 0.01105126
4.70023501 7.76869478 0.00075341 0.00064065 0.00050157 0.00680048 0.38598741 0.06600971 0.30364457 0.01279703 0.03759149 0.02690701 0.14813588 0.01023078
4.80024001 7.76011577 0.00088866 0.00059211 0.00069100 0.00972523 0.39393285 0.06390650 0.29777454 0.01323999 0.03606165 0.02344496 0.14763886 0.01210367
4.90024501 7.75717246 0.00078914 0.00058686 0.00061106 0.00758351 0.39392136 0.06115348 0.30346156 0.01277412 0.03620826 0.02694009 0.14382196 0.01214861
5.00025001 7.75351307 0.00066752 0.00050227 0.00033057 0.00331346 0.39478019 0.06565804 0.29859534 0.01554993 0.03763638 0.02647904 0.14648582 0.01000144
5.10025501 7.74933829 0.00071498 0.00049497 0.00050088 0.00940506 0.39597140 0.06183803 0.29698046 0.01212196 0.03514281 0.02515003 0.14741036 0.01426907
5.20026001 7.74250362 0.00057628 0.00053353 0.00033557 0.00365495 0.39142322 0.06322771 0.29731166 0.01331315 0.03761667 0.02675333 0.15111493 0.01413900
5.30026501 7.73748806 0.00076150 0.00049246 0.00049056 0.00909406 0.38955121 0.06500533 0.29896882 0.01285790 0.03719870 0.02445210 0.14978882 0.01133856
5.40027001 7.73061463 0.00060413 0.00053957 0.00032812 0.00713288 0.39243071 0.06369204 0.29821304 0.01253776 0.03802900 0.02624879 0.14878768 0.01145629
5.50027501 7.72272620 0.00061051 0.00053033 0.00029085 0.00214040 0.38654717 0.06463380 0.30163471 0.01654290 0.03783968 0.02509670 0.15144811 0.01268484
5.60028001 7.71862045 0.00048974 0.00058846 0.00023392 0.00164540 0.37945545 0.06843414 0.30171455 0.01408767 0.03659149 0.02356769 0.15965005 0.01354144
5.70028501 7.70776324 0.00062721 0.00069314 0.00037188 0.00698617 0.37430549 0.06215017 0.29630189 0.01449602 0.04453302 0.02450916 0.16216647 0.01285939
5.80029001 7.70267770 0.00061746 0.00062096 0.00048282 0.00525406 0.38322851 0.06112957 0.29372210 0.00952150 0.04387098 0.02241308 0.16455745 0.01458149
5.90029501 7.69090915 0.00048496 0.00066437 0.00036250 0.00364575 0.37890629 0.05488636 0.30440376 0.00855637 0.05201576 0.01836433 0.16200982 0.01569973
6.00030002 7.68547351 0.00040129 0.00061802 0.00036403 0.00595579 0.37930364 0.05132560 0.30677768 0.00786016 0.05497261 0.01775129 0.15832804 0.01634184
6.10030502 7.67846103 0.00104215 0.00055915 0.00102057 0.01500894 0.37621300 0.05380099 0.30205282 0.00851782 0.05266038 0.02006672 0.15451465 0.01454281
6.20031002 7.67394534 0.00047613 0.00062058 0.00043966 0.00552354 0.37942496 0.05785569 0.30589867 0.00725343 0.05258570 0.01854087 0.15747010 0.01391069
6.30031502 7.66815454 0.00091665 0.00063996 0.00088254 0.00973405 0.38074900 0.05709128 0.30181426 0.00840605 0.05019869 0.01609854 0.15859809 0.01487090
6.40032002 7.66483877 0.00069388 0.00066170 0.00052594 0.00631533 0.39188517 0.05197207 0.30150795 0.00961696 0.04492869 0.01348925 0.16501650 0.01338657
6.50032502 7.65731419 0.00068088 0.00064751 0.00059595 0.00746220 0.38902765 0.04591110 0.30433376 0.00910042 0.04591959 0.01295250 0.16807150 0.01529695
6.60033002 7.65418050 0.00026434 0.00061436 0.00038634 0.00038070 0.39067592 0.04488840 0.30761728 0.00774321 0.04629999 0.01404034 0.16879244 0.01829668
6.70033502 7.64889989 0.00092509 0.00060068 0.00096726 0.01255150 0.39020853 0.04023519 0.30475042 0.00891417 0.04437381 0.01527313 0.16606655 0.01513367
6.80034002 7.63778954 0.00111436 0.00062966 0.00088937 0.01163709 0.38146149 0.04399600 0.30442298 0.01359224 0.04405107 0.01912007 0.16743480 0.01165087
6.90034502 7.62731805 0.00064434 0.00059351 0.00048061 0.00750543 0.38192312 0.04858964 0.31216201 0.01026488 0.04030245 0.02027453 0.16701891 0.01024057
7.00035002 7.62002561 0.00052394 0.00055936 0.00047358 0.00469815 0.37783091 0.05904017 0.30893476 0.00836236 0.04039425 0.01948881 0.16828072 0.01141298
7.10035502 7.60946030 0.00066287 0.00057535 0.00045294 0.00927303 0.37839790 0.05219881 0.30334622 0.01190789 0.04180141 0.02309703 0.16787912 0.01040743
7.20036002 7.60573829 0.00074446 0.00058075 0.00054964 0.00836301 0.38069430 0.05676116 0.30170139 0.01016204 0.03703241 0.02319913 0.16999116 0.01022056
7.30036502 7.60292420 0.00062350 0.00059811 0.00040029 0.00662204 0.38061173 0.05428247 0.30490041 0.01221990 0.03750184 0.02210418 0.17038792 0.00974761
7.40037002 7.59876037 0.00035383 0.00050734 0.00016732 0.00228723 0.39030791 0.05946386 0.30193195 0.01052545 0.03525336 0.02048152 0.16799943 0.01072079
7.50037502 7.59029689 0.00057574 0.00051280 0.00036354 0.00339797 0.39412984 0.04876623 0.29861615 0.01652073 0.03732676 0.02316248 0.16541445 0.01121332
7.60038002 7.58264536 0.00064642 0.00054678 0.00041588 0.00696859 0.39789213 0.04932680 0.29562847 0.01147726 0.03927190 0.02138386 0.16666073 0.00978119
7.70038502 7.57743952 0.00056581 0.00056333 0.00034802 0.00335372 0.40002326 0.04806356 0.30082475 0.00850471 0.04396966 0.01979991 0.16461901 0.00936427
7.80039002 7.56977861 0.00036529 0.00056037 0.00024640 0.00170454 0.39893794 0.04644104 0.30444374 0.00886328 0.04118541 0.02030599 0.16687253 0.01007347
7.90039502 7.56384996 0.00038240 0.00055020 0.00022316 0.00204409 0.39897014 0.04583705 0.30414346 0.00896976 0.03842429 0.02182942 0.16791192 0.01071411
8.00040002 7.55543399 0.00058404 0.00052828 0.00043314 0.00634343 0.39736124 0.04743986 0.30260735 0.00864766 0.04123668 0.01790157 0.16826645 0.00865030
8.10040502 7.54978617 0.00035401 0.00053466 0.00027432 0.00583641 0.39619905 0.04601636 0.31068005 0.00583219 0.04058305 0.01579270 0.16800319 0.00989400
8.20041002 7.54447256 0.00047903 0.00055765 0.00027909 0.00409170 0.39441577 0.04907165 0.30762093 0.00956077 0.03587168 0.01873212 0.16953397 0.00978565
8.30041502 7.54336664 0.00036543 0.00055836 0.00029772 0.00211727 0.39761985 0.05106601 0.30564320 0.00798525 0.03524226 0.01512766 0.17093632 0.01304066
8.40042002 7.53650591 0.00052082 0.00055619 0.00042347 0.00527011 0.39940783 0.05098199 0.30396353 0.00562480 0.03610841 0.01684949 0.16996405 0.01032931
8.50042502 7.53356872 0.00045269 0.00052735 0.00031856 0.00349795 0.40073474 0.04633568 0.30468454 0.00846286 0.03404538 0.01791474 0.17200798 0.01101751
8.60043002 7.52744239 0.00045238 0.00056893 0.00026264 0.00332647 0.39788945 0.04800083 0.30554677 0.00910411 0.03602422 0.01478165 0.17597063 0.00807191
8.70043502 7.52388898 0.00039082 0.00053582 0.00038785 0.00332892 0.40346798 0.05143708 0.30005648 0.00674261 0.03215132 0.01381337 0.17378840 0.01389935
8.80044002 7.52074156 0.00063847 0.00049472 0.00049206 0.00509663 0.40324914 0.05093905 0.30040695 0.00775047 0.03259458 0.01675360 0.17125462 0.01032972
8.90044502 7.51608057 0.00058221 0.00053483 0.00039359 0.00694071 0.39960925 0.04736939 0.30542622 0.00943263 0.03218517 0.01705345 0.17024454 0.01022801
9.00045002 7.51181805 0.00060058 0.00056934 0.00031863 0.00292639 0.40124676 0.04283533 0.31012239 0.01070545 0.03613897 0.01525692 0.16992254 0.00935670
9.10045502 7.50410331 0.00052083 0.00055801 0.00032337 0.00480622 0.40094548 0.04060009 0.31050839 0.00901592 0.04132756 0.01600756 0.16666056 0.00872601
9.20046002 7.50236703 0.00066732 0.00049527 0.00058069 0.00736744 0.40493074 0.03722467 0.31232151 0.00810072 0.03218043 0.01763100 0.16807206 0.01042817
9.30046502 7.50018715 0.00055660 0.00049813 0.00038438 0.00571410 0.40339653 0.03769122 0.31008662 0.01195915 0.03189453 0.02032104 0.16812419 0.00937351
9.40047002 7.49661236 0.00045477 0.00047181 0.00037072 0.00294451 0.40634249 0.03926479 0.31346029 0.01079633 0.02971127 0.01988718 0.16601414 0.01028170
9.50047502 7.48783808 0.00063178 0.00055532 0.00051577 0.01112046 0.40356587 0.03244091 0.31346636 0.00991777 0.03199458 0.02226394 0.16441786 0.00910937
9.60048002 7.48016873 0.00069361 0.00055609 0.00043364 0.00683688 0.40169592 0.03188504 0.31282262 0.01361792 0.03651223 0.02483960 0.16241315 0.00769330
9.70048502 7.47362203 0.00052747 0.00049739 0.00032667 0.00553892 0.40122003 0.03157565 0.31086498 0.01360467 0.03693800 0.02733098 0.16447961 0.00709564
9.80049002 7.46828902 0.00049716 0.00054182 0.00037791 0.00492817 0.39871865 0.03354516 0.31236660 0.01022632 0.04019287 0.02578850 0.16418006 0.00863678
9.90049502 7.46460154 0.00063937 0.00051499 0.00043450 0.00665937 0.39690642 0.03701017 0.31224204 0.01127286 0.03828779 0.02352812 0.16604876 0.00645560
10.00050003 7.46068203 0.00037270 0.00050700 0.00026521 0.00184114 0.40099629 0.03841279 0.31235870 0.00970087 0.03748703 0.02327273 0.16465099 0.01013456
10.10050503 7.45786360 0.00046666 0.00046442 0.00028352 0.00384971 0.40423642 0.04070411 0.30927158 0.01042575 0.03845463 0.02072163 0.16157295 0.00954863
10.20051003 7.45471379 0.00043765 0.00046556 0.00018018 0.00158203 0.40658835 0.03962982 0.31372376 0.01233280 0.03812475 0.01843362 0.16109758 0.00740390
10.30051503 7.44751961 0.00056974 0.00048246 0.00038326 0.00370257 0.41045744 0.03772498 0.30889543 0.01375393 0.03691631 0.01783937 0.15924836 0.01002614
10.40052003 7.44008348 0.00050396 0.00054039 0.00025710 0.00554507 0.41047511 0.03780453 0.31055095 0.01617789 0.03368385 0.01429323 0.16274971 0.00741822
10.50052503 7.43679198 0.00064099 0.00049587 0.00047512 0.00665543 0.41105065 0.04115054 0.31204887 0.00990947 0.03249963 0.01571455 0.16190498 0.00745391
10.60053003 7.43530296 0.00053304 0.00052696 0.00040624 0.00509321 0.41059438 0.04057391 0.31200140 0.00918072 0.03009504 0.01532018 0.16478222 0.01089270
10.70053503 7.42794049 0.00038063 0.00050439 0.00030100 0.00182562 0.40952176 0.03930951 0.30951720 0.00924107 0.03042233 0.02662518 0.16003433 0.01231699
10.80054003 7.42100301 0.00055433 0.00048269 0.00044442 0.00690248 0.41041370 0.03705703 0.31066036 0.00898486 0.02648242 0.02765237 0.15996083 0.01040451
10.90054503 7.41374969 0.00067853 0.00051561 0.00047823 0.00513061 0.40816484 0.03861167 0.31651220 0.01305137 0.02543881 0.02255128 0.15936854 0.00949832
11.00055003 7.40849612 0.00060620 0.00052425 0.00063152 0.00605567 0.40282254 0.03583736 0.31426448 0.00974305 0.02906052 0.02505931 0.15932821 0.01606689
11.10055503 7.40540170 0.00035949 0.00055577 0.00040494 0.00399197 0.40465006 0.03552541 0.31193620 0.00837566 0.02939623 0.02594862 0.16346174 0.01539391
11.20056003 7.40115872 0.00040572 0.00050727 0.00031558 0.00197318 0.40907922 0.03026788 0.31372291 0.01212269 0.02950528 0.02401784 0.16318532 0.01489711
11.30056503 7.39614252 0.00047206 0.00054931 0.00036265 0.00357688 0.41576048 0.02835096 0.31232291 0.01163807 0.03489506 0.02339185 0.16047224 0.00820753
11.40057003 7.38980133 0.00069218 0.00051040 0.00050660 0.00707696 0.41589343 0.02752578 0.31247068 0.01340314 0.03132716 0.02205746 0.15979832 0.00873789
11.50057503 7.38681412 0.00050720 0.00048677 0.00029596 0.00309983 0.42212011 0.02848396 0.30976325 0.01473087 0.02921791 0.02245399 0.16041196 0.00842819
11.60058003 7.38490695 0.00033479 0.00047274 0.00011004 0.00022507 0.42369240 0.02998643 0.31109695 0.01330660 0.02867622 0.02301830 0.16206169 0.00701877
11.70058503 7.38061312 0.00040625 0.00052361 0.00024764 0.00298332 0.43025165 0.02645415 0.31367372 0.00941671 0.02752020 0.02136028 0.16203082 0.00513165
11.80059003 7.37300970 0.00030764 0.00048740 0.00015224 0.00035376 0.43094507 0.02632089 0.31311600 0.01184201 0.02562553 0.02014192 0.16182599 0.00888154
11.90059503 7.37018005 0.00035143 0.00047865 0.00023373 0.00386622 0.42966267 0.02660964 0.31153068 0.01233080 0.02797710 0.01631396 0.16235091 0.00829420
12.00060003 7.36371871 0.00047200 0.00056581 0.00040043 0.00700043 0.42834167 0.02444295 0.31611935 0.00692520 0.02680419 0.01396715 0.16616898 0.00879184
12.10060503 7.35114957 0.00051926 0.00055844 0.00054799 0.00613367 0.42776188 0.02660837 0.31493312 0.00893020 0.02368828 0.01432848 0.16505827 0.01093204
12.20061003 7.34716583 0.00057818 0.00048849 0.00056967 0.00875623 0.43010861 0.02562150 0.31601198 0.00912436 0.02142128 0.01266896 0.16396964 0.01068109
12.30061503 7.34144491 0.00055203 0.00050119 0.00054667 0.00594976 0.43089651 0.02507466 0.31986216 0.00679478 0.02268290 0.01154177 0.16405725 0.01154034
12.40062003 7.33507031 0.00046818 0.00051020 0.00047910 0.00735779 0.43041171 0.02346212 0.32405413 0.00542280 0.02494581 0.01244680 0.16407815 0.00636322
12.50062503 7.33250179 0.00029243 0.00050324 0.00022720 0.00289693 0.42844808 0.02202207 0.32995805 0.00622879 0.02667291 0.01410030 0.16441773 0.00423228
12.60063003 7.32909116 0.00025382 0.00050112 0.00017840 0.00139344 0.43019062 0.02634946 0.32909089 0.00447623 0.02994166 0.01134012 0.16227571 0.00400853
12.70063503 7.32839226 0.00014470 0.00043322 0.00005532 0.00011052 0.43386420 0.02643235 0.32867434 0.00453554 0.02697077 0.01267440 0.16205747 0.00404716
12.80064003 7.31670860 0.00024048 0.00046045 0.00015457 0.00356316 0.43197021 0.02429161 0.32412108 0.00452209 0.02635638 0.01700609 0.16309188 0.00422199
12.90064503 7.30883569 0.00030379 0.00054764 0.00015809 0.00594872 0.42581557 0.02522369 0.32634606 0.00676087 0.02626661 0.01357439 0.16502412 0.00403045
13.00065003 7.30309972 0.00031698 0.00052443 0.00019291 0.00195338 0.42300992 0.02475674 0.32540767 0.00580379 0.02773951 0.02095538 0.16531847 0.00402081
13.10065503 7.29563851 0.00025927 0.00047859 0.00006412 0.00022318 0.42237249 0.02637095 0.32925981 0.00834699 0.02715293 0.01988996 0.16073618 0.00484554
13.20066003 7.29144347 0.00051394 0.00044420 0.00039792 0.00699949 0.42018124 0.03220004 0.32560982 0.00633457 0.02652571 0.01647736 0.15923903 0.00507667
13.30066503 7.28191768 0.00046618 0.00046409 0.00026350 0.00582404 0.41763464 0.03555209 0.33247118 0.00814331 0.02567886 0.01115305 0.15775124 0.00459784
13.40067003 7.27644830 0.00059507 0.00048065 0.00045641 0.00696769 0.41492981 0.03391432 0.32799956 0.00786462 0.02980466 0.01113914 0.15878532 0.00706276
13.50067503 7.27180413 0.00051588 0.00048504 0.00038359 0.00517309 0.41245671 0.03483433 0.32964633 0.00802586 0.02952505 0.00957274 0.16188686 0.00749452
13.60068003 7.26887087 0.00056636 0.00042722 0.00038426 0.00511773 0.40999174 0.03016929 0.33164421 0.00936280 0.02651538 0.01538665 0.16342145 0.00701290
13.70068503 7.26283190 0.00043153 0.00048412 0.00030221 0.00301826 0.41182202 0.02692581 0.32981285 0.00876015 0.02952554 0.01709215 0.16435547 0.00746988
13.80069003 7.26021779 0.00050297 0.00041848 0.00030181 0.00511883 0.41744052 0.02536584 0.33021871 0.01118015 0.02577129 0.01490841 0.16415100 0.00462198
13.90069503 7.25203097 0.00032457 0.00051775 0.00016569 0.00146491 0.41559593 0.02532273 0.33444685 0.00954753 0.02717970 0.01281974 0.16825976 0.00435483
14.00070004 7.24736442 0.00039078 0.00049685 0.00014300 0.00189378 0.41600929 0.02361517 0.33832775 0.01179411 0.02446739 0.01214365 0.16669872 0.00401951
14.10070504 7.24047312 0.00044462 0.00053206 0.00031896 0.00336458 0.41548695 0.02125325 0.33787061 0.00962458 0.02894355 0.01378681 0.16316683 0.00520721
14.20071004 7.23176653 0.00039637 0.00052281 0.00033097 0.00449106 0.42034534 0.01834715 0.33527072 0.00787782 0.02721871 0.01525311 0.16464242 0.00530351
14.30071504 7.22660418 0.00035312 0.00044902 0.00033584 0.00267485 0.41752983 0.01623946 0.33789196 0.00663990 0.02492676 0.01722201 0.16520243 0.01053482
14.40072004 7.21788155 0.00050352 0.00045245 0.00043997 0.00652377 0.40945643 0.02085795 0.33581266 0.00804152 0.02669231 0.01848554 0.16558615 0.00714773
14.50072504 7.21272949 0.00043763 0.00045685 0.00035695 0.00571496 0.41409674 0.01736810 0.33867731 0.00830999 0.02125769 0.02122562 0.16551141 0.00658675
14.60073004 7.20953338 0.00042681 0.00049028 0.00022725 0.00339472 0.41914832 0.01830712 0.33640049 0.00962676 0.01913950 0.02175236 0.16682141 0.00426499
14.70073504 7.20230198 0.00037896 0.00049124 0.00024764 0.00296142 0.41610424 0.01828071 0.33913361 0.00787850 0.01984776 0.02332620 0.16642316 0.00492657
14.80074004 7.19094366 0.00031737 0.00049452 0.00027615 0.00336226 0.41510336 0.01608295 0.34272909 0.00610714 0.02035827 0.02377947 0.16531475 0.00607467
14.90074504 7.18770221 0.00048763 0.00044226 0.00045588 0.00592202 0.41139151 0.01711969 0.34168491 0.00675698 0.02004588 0.02345124 0.16643544 0.00580656
15.00075004 7.17880512 0.00038919 0.00046019 0.00030738 0.00316710 0.41404367 0.01936271 0.34214418 0.00735429 0.01976953 0.02324894 0.16358243 0.00617039
15.10075504 7.17743492 0.00046191 0.00040816 0.00035180 0.00502840 0.41617225 0.01917733 0.33967392 0.00912049 0.01802519 0.02195195 0.16372048 0.00590812
15.20076004 7.16926125 0.00050664 0.00042224 0.00036075 0.00756057 0.41112886 0.02268426 0.33886154 0.00825871 0.01947943 0.02077963 0.16410793 0.00584944
15.30076504 7.16079067 0.00049047 0.00052810 0.00024234 0.00306833 0.41664836 0.01835962 0.33724214 0.01092495 0.02506549 0.01713143 0.16651591 0.00378285
15.40077004 7.15546924 0.00043920 0.00052788 0.00024661 0.00571659 0.42041786 0.01841752 0.33730385 0.00798028 0.02078393 0.01545338 0.16896647 0.00374642
15.50077504 7.15364108 0.00027615 0.00046120 0.00011180 0.00156162 0.42448146 0.02190655 0.34024028 0.00707743 0.02214756 0.01113561 0.16666951 0.00393083
15.60078004 7.15086921 0.00016379 0.00044165 0.00003736 0.00009465 0.42844828 0.02242663 0.33793967 0.00546975 0.02214916 0.01004933 0.16902124 0.00375850
15.70078504 7.14772770 0.00026636 0.00044606 0.00014082 0.00374330 0.42312374 0.02175566 0.33527741 0.00530146 0.02196152 0.01275801 0.17119128 0.00403438
15.80079004 7.14115122 0.00035624 0.00042822 0.00032819 0.00690884 0.41970563 0.02224105 0.33262334 0.00454809 0.02239045 0.01393760 0.17085235 0.00568000
15.90079504 7.13582427 0.00056611 0.00043604 0.00046121 0.00622309 0.41818369 0.02132555 0.32850963 0.00634777 0.02396997 0.01909499 0.16690067 0.00798128
16.00080004 7.12982400 0.00077922 0.00045792 0.00060118 0.00779119 0.41794374 0.01961827 0.33137388 0.00869889 0.02703348 0.01556824 0.16319098 0.00694302
16.10080504 7.12488902 0.00049641 0.00045081 0.00039894 0.00685630 0.41362377 0.02839279 0.32898474 0.00957786 0.02454589 0.01614588 0.16439480 0.00613182
16.20081004 7.12097541 0.00030133 0.00044873 0.00020767 0.00351099 0.40984976 0.03032420 0.33126320 0.00746625 0.02297012 0.02219979 0.16546819 0.00598978
16.30081504 7.11663129 0.00069572 0.00042744 0.00045435 0.00731739 0.41063321 0.02792552 0.32911994 0.01059223 0.02280038 0.02154252 0.16301902 0.00547226
16.40082004 7.11063250 0.00076027 0.00045915 0.00055994 0.00875154 0.40965615 0.02700876 0.33071443 0.01145032 0.02297785 0.01595353 0.16419243 0.00751564
16.50082504 7.10518622 0.00051071 0.00048857 0.00022740 0.00202854 0.40726831 0.02647607 0.33170975 0.01754394 0.02727686 0.01476547 0.16325651 0.00844787
16.60083004 7.10017639 0.00058226 0.00046233 0.00048392 0.00472389 0.40949119 0.03381265 0.32667351 0.01156885 0.02447150 0.01721305 0.16290146 0.00761537
16.70083504 7.09873711 0.00037178 0.00043320 0.00031632 0.00325740 0.40748557 0.03322208 0.32753588 0.01107238 0.02567882 0.01819632 0.16286654 0.00956372
16.80084004 7.09473975 0.00040950 0.00044287 0.00038613 0.00361823 0.40833770 0.03450444 0.32989633 0.00811249 0.02489413 0.01612236 0.16442898 0.00884685
16.90084504 7.09121077 0.00024081 0.00043737 0.00011033 0.00020027 0.40839008 0.03565965 0.32873421 0.00820296 0.02404662 0.02038570 0.16639171 0.00720028
17.00085004 7.08890404 0.00068822 0.00041459 0.00054453 0.00983276 0.40600324 0.03432212 0.33000463 0.00770183 0.02053658 0.01826341 0.16504095 0.00664712
17.10085504 7.08432719 0.00064481 0.00046190 0.00050132 0.00794834 0.40735821 0.03328385 0.32344356 0.00902798 0.02080119 0.01962847 0.16793514 0.00896523
17.20086004 7.07957667 0.00064113 0.00042481 0.00048599 0.00684967 0.41115220 0.03869524 0.32175649 0.00922430 0.01863745 0.01710155 0.16602905 0.00900212
17.30086504 7.07522090 0.00039531 0.00041918 0.00046371 0.00346453 0.41050355 0.03325660 0.32560031 0.00841097 0.01905644 0.01660800 0.16642054 0.01540088
17.40087004 7.06382583 0.00037318 0.00042832 0.00022200 0.00206272 0.41304830 0.03655220 0.33461987 0.00906965 0.01548852 0.01397539 0.16641500 0.00774485
17.50087504 7.06091492 0.00032900 0.00040417 0.00021207 0.00184559 0.40941608 0.04093498 0.33436588 0.00817597 0.01602323 0.01675240 0.16579064 0.00575000
17.60088004 7.05124625 0.00051400 0.00047999 0.00038641 0.00532914 0.41151152 0.03884497 0.33079716 0.00729340 0.01645062 0.01563542 0.16676071 0.00599665
17.70088504 7.04169553 0.00051338 0.00057212 0.00029376 0.00481608 0.41390995 0.03250586 0.32555872 0.00758877 0.02333098 0.01641046 0.16862824 0.00587167
17.80089004 7.03178785 0.00030633 0.00059362 0.00006692 0.00023334 0.40770039 0.03670923 0.32039997 0.00886149 0.02714218 0.01764990 0.17416384 0.00617279
17.90089504 7.02790105 0.00045004 0.00048113 0.00023357 0.00565724 0.40584800 0.03447675 0.32042953 0.00914827 0.02526467 0.01719177 0.17197667 0.00884236
18.00090005 7.02616590 0.00033962 0.00043878 0.00020856 0.00181263 0.40722082 0.03756094 0.32352104 0.00744921 0.02428476 0.01608606 0.17253460 0.00854297
18.10090505 7.02167495 0.00027403 0.00045153 0.00020329 0.00203170 0.40597088 0.03769315 0.32270986 0.00724915 0.02616490 0.01482748 0.17270284 0.00972120
18.20091005 7.01683823 0.00020920 0.00051095 0.00010707 0.00016199 0.40736806 0.03267098 0.32376523 0.00709750 0.02994030 0.01885797 0.17241545 0.00689530
18.30091505 7.00751721 0.00037984 0.00051621 0.00022188 0.00195082 0.40243068 0.02800803 0.32782030 0.00999332 0.03111171 0.01956927 0.17012110 0.00787683
18.40092005 7.00418143 0.00040238 0.00058069 0.00034779 0.00470558 0.40596201 0.02868673 0.32544316 0.00549602 0.03633298 0.01680464 0.16768116 0.00755686
18.50092505 7.00039309 0.00037762 0.00047877 0.00036866 0.00338377 0.40575251 0.02637027 0.32855734 0.00455728 0.03268344 0.01652257 0.16852794 0.01241984
18.60093005 6.99345496 0.00058837 0.00048716 0.00048111 0.00866868 0.40684397 0.02661779 0.32654962 0.00641251 0.02992789 0.01454669 0.17219136 0.00668484
18.70093505 6.98544286 0.00053845 0.00050278 0.00031341 0.00539867 0.40305985 0.02726154 0.32768530 0.01058727 0.03049703 0.01415479 0.17225504 0.00774587
18.80094005 6.98094906 0.00027027 0.00054844 0.00009943 0.00228674 0.40365537 0.02772145 0.32510915 0.00860041 0.03497701 0.01985872 0.17171003 0.00516297
18.90094505 6.97708506 0.00037298 0.00049461 0.00018094 0.00182789 0.40758242 0.02375499 0.32710464 0.01142836 0.03093196 0.01618176 0.17388636 0.00625307
19.00095005 6.97296860 0.00042446 0.00045642 0.00027427 0.00264277 0.40657651 0.02308740 0.32824224 0.01077929 0.02844666 0.02051874 0.17027816 0.00827306
19.10095505 6.96772038 0.00055803 0.00047961 0.00030746 0.00527522 0.40922344 0.02248240 0.32122234 0.01596978 0.02679200 0.01863582 0.17228261 0.00677129
19.20096005 6.96054641 0.00057052 0.00059003 0.00034069 0.00647445 0.40213311 0.02476725 0.32479471 0.01207009 0.03296799 0.01689572 0.17351416 0.00488128
19.30096505 6.95418489 0.00056058 0.00052264 0.00036484 0.00562774 0.39895571 0.02722723 0.32600513 0.01174167 0.02849545 0.01784797 0.17602107 0.00662997
19.40097005 6.95138618 0.00059209 0.00049365 0.00042428 0.00704740 0.39590084 0.03039841 0.32694653 0.01012905 0.03057781 0.01663272 0.17408118 0.00677605
19.50097505 6.94254198 0.00028203 0.00047674 0.00011017 0.00021051 0.39876116 0.03541185 0.32898308 0.00954790 0.03053330 0.01895993 0.17124572 0.00547761
19.60098005 6.93527459 0.00045113 0.00048915 0.00026012 0.00324081 0.39466784 0.03233351 0.33382945 0.01056513 0.03110596 0.01751251 0.16990760 0.00563680
19.70098505 6.93224905 0.00067252 0.00048947 0.00059067 0.01011990 0.39535123 0.02604146 0.33574638 0.00816664 0.02806665 0.01917881 0.16834627 0.00723000
19.80099005 6.92692104 0.00035123 0.00055220 0.00028650 0.00153763 0.39175704 0.02752759 0.33756813 0.01054744 0.03234983 0.01724536 0.16977279 0.01050426
19.90099505 6.92163325 0.00060268 0.00048730 0.00048583 0.00464917 0.38512645 0.02712090 0.34114671 0.01231263 0.02985901 0.01791806 0.17138052 0.00891074
20.00100005 6.91434493 0.00039223 0.00048925 0.00033582 0.00568107 0.38757086 0.03285683 0.34323616 0.00820165 0.02783773 0.01440978 0.17286601 0.00612263
20.10100505 6.90940753 0.00031025 0.00046086 0.00019143 0.00179550 0.38777579 0.03766049 0.34050322 0.00972849 0.02544255 0.02000728 0.16981757 0.00630657
20.20101005 6.90576088 0.00036141 0.00048226 0.00012697 0.00036177 0.39335400 0.03790796 0.34021953 0.01248512 0.02270596 0.01300084 0.17123824 0.00775593
20.30101505 6.89913856 0.00042995 0.00046818 0.00037010 0.00434912 0.39674914 0.03169006 0.34491990 0.00877660 0.01973033 0.01297285 0.17013246 0.00941132
20.40102005 6.89779761 0.00032840 0.00041129 0.00024039 0.00337852 0.39902171 0.03240103 0.34669994 0.00770703 0.01903620 0.01356000 0.16883085 0.00838463
20.50102505 6.89614428 0.00043349 0.00041568 0.00037863 0.00690531 0.39802748 0.03291271 0.34144120 0.00637911 0.02298015 0.01328319 0.16913550 0.00770756
20.60103005 6.88944067 0.00061611 0.00049413 0.00046817 0.00736729 0.40244193 0.02167586 0.33739298 0.00991739 0.02457821 0.01611375 0.17309275 0.00584144
20.70103505 6.88128654 0.00069786 0.00052295 0.00060655 0.01018473 0.40406701 0.02473473 0.33522533 0.00782170 0.02618617 0.00835420 0.17399854 0.00760023
20.80104005 6.87509461 0.00036281 0.00049678 0.00030243 0.00303479 0.39825168 0.02616731 0.34101923 0.00894817 0.02795607 0.01035773 0.17427625 0.00882676
20.90104505 6.86634527 0.00066433 0.00043946 0.00060098 0.00753803 0.39158052 0.02558172 0.34386567 0.01026042 0.02585892 0.01313610 0.17225544 0.00821841
21.00105005 6.86118780 0.00031421 0.00049185 0.00022179 0.00198450 0.39146369 0.03204613 0.34208307 0.00660859 0.02946389 0.01937517 0.17049751 0.00544961
21.10105505 6.85213351 0.00025643 0.00048301 0.00019083 0.00212210 0.39620796 0.02514445 0.34015083 0.00625044 0.02917710 0.02565287 0.16798111 0.00638288
21.20106005 6.84852890 0.00028487 0.00046932 0.00018226 0.00344033 0.39662950 0.02638359 0.33598109 0.00739750 0.02747131 0.02521055 0.16944878 0.00710090
21.30106505 6.84343880 0.00032557 0.00045228 0.00018928 0.00197084 0.39420101 0.02474468 0.33655285 0.00769649 0.02551819 0.03216361 0.16927567 0.00690953
21.40107005 6.83892871 0.00033707 0.00043437 0.00030479 0.00152901 0.39555512 0.02572032 0.33762628 0.00708842 0.02363240 0.02694952 0.16875184 0.01207086
21.50107505 6.83457227 0.00060870 0.00042613 0.00054642 0.00872797 0.39746067 0.02615752 0.33782553 0.00669062 0.02372072 0.02340924 0.16656694 0.00785952
21.60108005 6.83069142 0.00053102 0.00038166 0.00051544 0.00485755 0.39490887 0.03054307 0.33583638 0.00930746 0.02203675 0.02442195 0.16483634 0.01182350
21.70108505 6.82796314 0.00091002 0.00041685 0.00078941 0.01200622 0.40114113 0.02629290 0.33880526 0.00912665 0.02189907 0.01710749 0.16373769 0.00776731
21.80109005 6.82142755 0.00033014 0.00048516 0.00025896 0.00297401 0.40110944 0.03006376 0.34227662 0.00652571 0.02335174 0.01897209 0.16677704 0.00687534
21.90109505 6.81198486 0.00068141 0.00042978 0.00062124 0.01254864 0.39122966 0.03295391 0.33861113 0.00519473 0.02059770 0.02240579 0.16913173 0.00559427
22.00110006 6.80639758 0.00087765 0.00044874 0.00070119 0.01374829 0.38855017 0.03362522 0.33992640 0.00740591 0.02268155 0.01822371 0.16839313 0.00541802
22.10110506 6.78928079 0.00073947 0.00054963 0.00058884 0.01013257 0.38554736 0.03700856 0.33230167 0.00916531 0.02304637 0.02415575 0.17055498 0.00620951
22.20111006 6.78066250 0.00055165 0.00053376 0.00035226 0.00505394 0.38551191 0.03706442 0.34042983 0.00912371 0.02088270 0.02352839 0.17064180 0.00632561
22.30111506 6.77864474 0.00060872 0.00047028 0.00051966 0.00982532 0.38504910 0.03466746 0.33952003 0.00860699 0.02278528 0.02128489 0.16817532 0.00848696
22.40112006 6.77107684 0.00056291 0.00044682 0.00046162 0.00640884 0.38454217 0.03388300 0.34205476 0.01063814 0.02554014 0.02335988 0.16341612 0.00868561
22.50112506 6.76561332 0.00042461 0.00048497 0.00028112 0.00394805 0.38512707 0.03527144 0.33924104 0.00968708 0.02648465 0.02094486 0.16866227 0.00944283
22.60113006 6.75924594 0.00040966 0.00048808 0.00022916 0.00589279 0.38500049 0.04038490 0.33434069 0.00922570 0.02739066 0.01784151 0.17078007 0.00801628
22.70113506 6.75482753 0.00031831 0.00049743 0.00023423 0.00222934 0.38903551 0.03892895 0.33350879 0.00932526 0.02956445 0.01788531 0.16739381 0.01107860
22.80114006 6.74877829 0.00033734 0.00054895 0.00021991 0.00186924 0.39018324 0.03840676 0.33515191 0.00725774 0.03756859 0.01725277 0.16254731 0.00865624
22.90114506 6.74485946 0.00029820 0.00053716 0.00008185 0.00020998 0.39095358 0.03781088 0.33509608 0.01031637 0.03625211 0.01325653 0.16716107 0.00802620
23.00115006 6.73825121 0.00027253 0.00047637 0.00014910 0.00224451 0.39097066 0.03963339 0.33426563 0.00809332 0.03273436 0.01653321 0.16555299 0.00907393
23.10115506 6.73389674 0.00028123 0.00049729 0.00022017 0.00184155 0.39353193 0.03567862 0.33867455 0.00629744 0.03289811 0.01510597 0.16639812 0.00857504
23.20116006 6.73025918 0.00033844 0.00054301 0.00014365 0.00173890 0.39063069 0.03664312 0.34144897 0.00949099 0.03346533 0.01329101 0.16591200 0.00635389
23.30116506 6.72954069 0.00056598 0.00048357 0.00051761 0.00594821 0.39530198 0.03340834 0.34059657 0.00737604 0.03258892 0.01211539 0.16302897 0.00806842
23.40117006 6.72255446 0.00047250 0.00049935 0.00032478 0.00384845 0.39385285 0.03557310 0.33852398 0.00915697 0.03370638 0.01325418 0.16141745 0.00937003
23.50117506 6.71588149 0.00037888 0.00046501 0.00018924 0.00386936 0.39049833 0.03686088 0.34286938 0.00917372 0.03287255 0.01497084 0.16129473 0.00655708
23.60118006 6.71290085 0.00049089 0.00045438 0.00034693 0.00500731 0.38546693 0.03385456 0.34543644 0.01058316 0.03433797 0.01578729 0.16030428 0.00792985
23.70118506 6.70579188 0.00053734 0.00040792 0.00044284 0.00893776 0.39188177 0.03579398 0.33767185 0.00883987 0.03029826 0.01797718 0.15774020 0.00947103
23.80119006 6.69997969 0.00048222 0.00044074 0.00047058 0.00559284 0.39150585 0.03617957 0.33897873 0.00804859 0.03167219 0.01807702 0.15740248 0.01114919
23.90119506 6.69243255 0.00053490 0.00050321 0.00052522 0.00682552 0.39289050 0.03825446 0.33084057 0.00914413 0.02977738 0.01993976 0.15798835 0.01277600
24.00120006 6.69242311 0.00049005 0.00045603 0.00033944 0.00568610 0.39103008 0.03659254 0.34158482 0.01253648 0.02545748 0.01913526 0.15547160 0.01122013
24.10120506 6.68519894 0.00029255 0.00045196 0.00025802 0.00226844 0.39077436 0.04073055 0.33444760 0.01177384 0.02713130 0.02689813 0.15319478 0.01177846
24.20121006 6.67940486 0.00060095 0.00048748 0.00049494 0.00631294 0.39464999 0.03476653 0.33331683 0.01106817 0.02511520 0.02308729 0.16043050 0.00966919
24.30121506 6.67585186 0.00052968 0.00045346 0.00046230 0.00743451 0.39074758 0.03812616 0.33914779 0.00705965 0.02641506 0.02008608 0.15923610 0.01030161
24.40122006 6.67320022 0.00050235 0.00041943 0.00033280 0.00561520 0.39358122 0.04389764 0.34028198 0.00844683 0.02511517 0.01924681 0.15460220 0.00795837
24.50122506 6.66602235 0.00043467 0.00045259 0.00032987 0.00331980 0.38955716 0.04756125 0.33836168 0.00852589 0.02555482 0.01975526 0.15607376 0.01007326
24.60123006 6.65421618 0.00058137 0.00047404 0.00043497 0.00525577 0.38709239 0.04400713 0.33443843 0.01202123 0.02830531 0.01820732 0.15768983 0.01149220
24.70123506 6.65058703 0.00069142 0.00042370 0.00043752 0.00488827 0.38682184 0.04051558 0.33418438 0.01286026 0.02747871 0.02011816 0.15909137 0.01248878
24.80124006 6.64404268 0.00079360 0.00045006 0.00059845 0.01098869 0.38936213 0.03661740 0.33150426 0.01569149 0.02554773 0.01915476 0.15913582 0.01015561
24.90124506 6.63976279 0.00045899 0.00048326 0.00024423 0.00160557 0.39402651 0.04439341 0.33151524 0.01408461 0.02523555 0.01974240 0.15873944 0.00947079
25.00125006 6.62859428 0.00046840 0.00051205 0.00036890 0.00583427 0.39199442 0.04666906 0.33169352 0.00724178 0.02391666 0.02433590 0.15788336 0.00908168
25.10125506 6.62131495 0.00064184 0.00041809 0.00034873 0.00541972 0.39044929 0.04441746 0.33254805 0.01338765 0.02058382 0.02591351 0.15800075 0.00787110
25.20126006 6.61453348 0.00065646 0.00042428 0.00043609 0.00750793 0.39203064 0.04177821 0.33558346 0.01018651 0.02410326 0.02362118 0.15385836 0.00981363
25.30126506 6.61039908 0.00042089 0.00040213 0.00033285 0.00519860 0.39034999 0.04328491 0.33648183 0.01075613 0.02509955 0.02301317 0.15366650 0.01099345
25.40127006 6.60635631 0.00074586 0.00040958 0.00061697 0.00994143 0.39054564 0.04078125 0.33476668 0.01164063 0.02339822 0.02345272 0.15487988 0.00882114
25.50127506 6.60053850 0.00072500 0.00042235 0.00046515 0.00638994 0.39259260 0.04253223 0.33468185 0.01417081 0.02497661 0.02161298 0.15332659 0.00810389
25.60128006 6.59411044 0.00054547 0.00046167 0.00034550 0.00395982 0.39202146 0.04562320 0.33269648 0.01272535 0.02851757 0.02085516 0.15230282 0.00994551
25.70128506 6.58518782 0.00047177 0.00045449 0.00031561 0.00331110 0.38834993 0.04861084 0.33119293 0.01199629 0.02804740 0.01966044 0.15595525 0.01163395
