0.00000000 9.00000000 0.00000000 0.00000000 0.00000000 0.00000000 0.00000000 0.00000000 0.00000000 1.00000000 0.00000000 0.00000000 0.00000000 0.00000000
0.10000500 9.00363149 0.02088077 0.00121088 0.00514786 0.07889813 0.11661133 0.13467123 0.01443104 0.46976917 0.05413382 0.06652966 0.00961293 0.02810319
0.20001000 9.00045600 0.00766818 0.00119613 0.00441268 0.04486505 0.14655060 0.23202477 0.04572286 0.24746507 0.07073816 0.13572731 0.02979225 0.03383693
0.30001500 8.99562859 0.00409954 0.00093869 0.00221904 0.01984973 0.15737855 0.24529605 0.06088988 0.17987816 0.07556015 0.17165945 0.04523272 0.03699804
0.40002000 8.99268484 0.00386529 0.00088989 0.00173975 0.01568636 0.16211543 0.22453490 0.07319300 0.15986990 0.07482050 0.18746668 0.05498118 0.04083713
0.50002500 8.99036247 0.00412889 0.00110933 0.00177152 0.01568298 0.17409519 0.18625575 0.07409350 0.14527437 0.09587953 0.20223963 0.05882245 0.04064685
0.60003000 8.98353938 0.00387155 0.00098207 0.00169163 0.02244540 0.17488361 0.16887573 0.09306557 0.12999578 0.09194939 0.21082347 0.06111936 0.04029644
0.70003500 8.97740968 0.00409921 0.00084647 0.00231002 0.02280813 0.18376133 0.15706085 0.10497561 0.11192591 0.08915803 0.21256814 0.06325855 0.04722774
0.80004000 8.96764470 0.00392674 0.00101297 0.00228283 0.02316022 0.19462774 0.14011606 0.10830086 0.10364150 0.09363237 0.20399050 0.07642605 0.04888215
0.90004500 8.96381555 0.00279301 0.00101606 0.00166415 0.01624100 0.20367235 0.14063140 0.11297434 0.08888037 0.09562777 0.20307916 0.08070947 0.05271092
1.00005000 8.96010839 0.00328227 0.00088200 0.00181460 0.01455821 0.21400674 0.15119404 0.11855019 0.09577237 0.09080288 0.18659362 0.07975820 0.04278489
1.10005500 8.95577508 0.00268914 0.00097536 0.00146187 0.01287364 0.21763716 0.15211762 0.13438029 0.08194450 0.10259280 0.17107449 0.08241439 0.03983874
1.20006000 8.95187209 0.00288571 0.00092471 0.00194349 0.02046182 0.22763375 0.15603108 0.13824766 0.07354775 0.09996998 0.15192481 0.08322389 0.04320535
1.30006500 8.94470783 0.00348424 0.00097976 0.00238383 0.02855809 0.23278471 0.15609700 0.14447580 0.07480541 0.09181351 0.12908288 0.09394622 0.04158854
1.40007000 8.93581647 0.00305250 0.00095543 0.00188990 0.02085807 0.24991612 0.16158093 0.15641892 0.07186923 0.08944881 0.11680950 0.08926072 0.03793985
1.50007500 8.93014247 0.00318290 0.00095776 0.00180078 0.01813270 0.26803572 0.16847439 0.16172725 0.06887709 0.09509892 0.09460365 0.08818036 0.03092849
1.60008000 8.92494999 0.00235545 0.00110458 0.00111495 0.00647286 0.28245424 0.16156122 0.16034483 0.06836430 0.10637574 0.07965148 0.08972060 0.04047974
1.70008500 8.92138153 0.00267619 0.00104549 0.00143886 0.01317536 0.28426144 0.15563620 0.17737660 0.06470211 0.10201631 0.07193608 0.08930016 0.03643520
1.80009000 8.90994120 0.00326921 0.00099979 0.00223382 0.02561931 0.30038683 0.14236046 0.17682367 0.05365621 0.10089329 0.06766728 0.09489641 0.03119371
1.90009500 8.89994740 0.00223248 0.00099862 0.00122606 0.00926377 0.31363074 0.13123044 0.19075324 0.05282341 0.09570048 0.07069520 0.10091693 0.03052865
2.00010001 8.88953193 0.00275764 0.00093648 0.00165374 0.02461425 0.31286982 0.12182339 0.19980632 0.04421254 0.08869660 0.07358845 0.10169078 0.02734999
2.10010501 8.88584982 0.00233745 0.00086259 0.00158067 0.01638561 0.31164802 0.12578657 0.20093308 0.03951547 0.08644866 0.08377180 0.09810764 0.03262242
2.20011001 8.87799029 0.00193769 0.00084422 0.00128392 0.01400668 0.31277866 0.12320349 0.20572428 0.04039712 0.08179637 0.08129052 0.10085647 0.03588057
2.30011501 8.87432002 0.00171752 0.00082388 0.00093138 0.01142388 0.31433828 0.12713509 0.20202185 0.04316488 0.07787258 0.08307335 0.10494341 0.03255390
2.40012001 8.86820826 0.00217075 0.00083180 0.00139514 0.01688391 0.32286244 0.12362148 0.20706526 0.04279274 0.06801519 0.07511900 0.10722531 0.03201698
2.50012501 8.86377485 0.00168596 0.00080202 0.00119935 0.01033149 0.32361626 0.12150727 0.21331627 0.03830483 0.06996210 0.07456981 0.10830335 0.03640129
2.60013001 8.85693734 0.00181301 0.00081407 0.00114684 0.01211927 0.33484567 0.11803940 0.22019995 0.03376334 0.07127015 0.06710753 0.11087016 0.02801061
2.70013501 8.84808804 0.00197284 0.00080667 0.00132898 0.01388643 0.33837506 0.11593671 0.22247821 0.03324387 0.06594757 0.06601946 0.11439249 0.02561172
2.80014001 8.83840097 0.00184690 0.00086241 0.00124198 0.01275222 0.35024206 0.11514847 0.22605554 0.03286131 0.06231669 0.05869193 0.11252330 0.02545719
2.90014501 8.83160164 0.00156753 0.00077676 0.00096033 0.00825270 0.35513387 0.11511994 0.23507760 0.02986352 0.06205014 0.05510251 0.11096164 0.02513346
3.00015001 8.82054027 0.00191817 0.00075946 0.00125617 0.00953345 0.35541343 0.11196457 0.23192608 0.03256753 0.06399162 0.05154462 0.10990942 0.02921549
3.10015501 8.81595747 0.00146095 0.00085044 0.00095353 0.00849492 0.36259339 0.10592663 0.23593052 0.03236586 0.06093329 0.04705689 0.11369237 0.02974122
3.20016001 8.80650441 0.00174220 0.00086016 0.00128529 0.01222611 0.35844885 0.10190117 0.23582330 0.03246774 0.06627035 0.04314063 0.11859734 0.02723686
3.30016501 8.80129047 0.00162325 0.00090503 0.00099831 0.00745869 0.36866005 0.09014724 0.24236864 0.03494507 0.07000724 0.03938969 0.12005905 0.02343775
3.40017001 8.78990743 0.00151916 0.00087494 0.00091400 0.00868460 0.37268371 0.09473057 0.24630627 0.02593533 0.06921870 0.03617675 0.12291638 0.02003959
3.50017501 8.78193918 0.00116212 0.00083612 0.00073038 0.00634395 0.38127513 0.09176315 0.25026008 0.02294087 0.06572578 0.03746465 0.12190290 0.01959487
3.60018001 8.77714411 0.00131288 0.00080242 0.00097048 0.00815745 0.38567270 0.08487308 0.25397181 0.02104583 0.06175547 0.03886632 0.12179760 0.02077396
3.70018501 8.77186067 0.00109382 0.00078133 0.00078684 0.00768090 0.39947955 0.07386907 0.25955311 0.01942523 0.05865788 0.03616795 0.12352814 0.01897620
3.80019001 8.76308140 0.00088567 0.00083830 0.00068560 0.00629038 0.40293373 0.06997790 0.25914988 0.01667451 0.05732773 0.03714204 0.12775037 0.02034390
3.90019501 8.76035944 0.00089141 0.00076918 0.00050539 0.00402631 0.40447945 0.06759165 0.25803787 0.01948095 0.05408533 0.04097542 0.13062817 0.01852885
4.00020001 8.75517002 0.00113690 0.00070204 0.00064733 0.00647348 0.39500698 0.06273049 0.26112935 0.02563487 0.05034524 0.04842077 0.13081640 0.01695615
4.10020501 8.74936700 0.00138768 0.00072121 0.00093615 0.00964224 0.39624408 0.05592629 0.27297190 0.02425063 0.04840518 0.04203566 0.13365761 0.01382135
4.20021001 8.73788880 0.00144892 0.00069968 0.00095887 0.00883999 0.40367021 0.06064394 0.27621396 0.02445038 0.04168290 0.03219405 0.13373325 0.01546385
4.30021501 8.73043664 0.00155034 0.00076002 0.00118683 0.01246900 0.40717023 0.05400400 0.27256316 0.02126844 0.04115056 0.03619616 0.13835604 0.01332523
4.40022001 8.72256077 0.00114489 0.00082847 0.00072256 0.00662765 0.40779559 0.05325274 0.27658663 0.02191835 0.03991311 0.03593064 0.14287619 0.01240317
4.50022501 8.71282579 0.00095002 0.00076434 0.00061425 0.00684614 0.40566107 0.05246455 0.28053208 0.01932702 0.03910254 0.04296215 0.13793996 0.01283588
4.60023001 8.69730773 0.00114018 0.00087647 0.00076721 0.01174421 0.40667004 0.04827873 0.27554549 0.01965790 0.04125404 0.03828185 0.14565396 0.01012992
4.70023501 8.69294121 0.00099788 0.00080398 0.00047230 0.00485312 0.40717798 0.04718072 0.27343951 0.02221993 0.04433985 0.04193920 0.14623868 0.01033685
4.80024001 8.68592642 0.00083737 0.00082989 0.00038319 0.00338728 0.40248515 0.04714465 0.27381018 0.01941714 0.04720207 0.04068626 0.15367270 0.01014411
4.90024501 8.68159353 0.00116925 0.00071603 0.00090754 0.01096267 0.40812515 0.04793045 0.27484320 0.01721887 0.04464131 0.03384738 0.14967431 0.00996383
5.00025001 8.67654324 0.00081168 0.00071860 0.00062723 0.00727931 0.40464491 0.05352285 0.27435985 0.01411884 0.04325949 0.03581431 0.15101715 0.01382578
5.10025501 8.66818540 0.00084371 0.00079822 0.00061427 0.00708021 0.40658665 0.05193336 0.27404725 0.01704152 0.04465685 0.03151391 0.14991102 0.01497303
5.20026001 8.65405837 0.00107349 0.00082087 0.00097742 0.01051081 0.40277449 0.04820146 0.27546689 0.01443967 0.04802828 0.03405051 0.14890948 0.01474664
5.30026501 8.64756077 0.00067588 0.00083518 0.00032781 0.00115761 0.40853132 0.05163623 0.27754625 0.01815808 0.04439064 0.03199126 0.15069662 0.01405313
5.40027001 8.64155568 0.00097608 0.00077227 0.00058858 0.00576930 0.40523081 0.04601470 0.28292602 0.01934260 0.04733183 0.03098601 0.14973907 0.01032274
5.50027501 8.63024555 0.00080845 0.00076887 0.00031983 0.00355477 0.40495974 0.04362603 0.28865032 0.01782156 0.04883894 0.03234593 0.14878212 0.00952342
5.60028001 8.61788299 0.00108436 0.00071823 0.00082118 0.01162105 0.39989622 0.04069851 0.28612056 0.02009396 0.04661669 0.03283666 0.14664830 0.01284427
5.70028501 8.61035993 0.00096909 0.00078576 0.00065630 0.00795722 0.39471787 0.04207460 0.29281320 0.01588088 0.04626928 0.03436063 0.15141388 0.01210129
5.80029001 8.60615098 0.00121583 0.00071253 0.00085135 0.01114946 0.39579736 0.04052253 0.29725655 0.01823898 0.04512513 0.02878088 0.15110843 0.00924097
5.90029501 8.60172736 0.00069290 0.00074271 0.00042303 0.00739037 0.40520360 0.04002738 0.29717951 0.01710843 0.04401655 0.02333361 0.15485763 0.00902427
6.00030002 8.59286461 0.00110587 0.00080260 0.00075545 0.01107520 0.40472397 0.03804418 0.28954246 0.01762494 0.04333524 0.02570447 0.15959572 0.00768989
6.10030502 8.58654999 0.00060320 0.00081266 0.00028903 0.00162247 0.41183351 0.03712592 0.29048322 0.01819169 0.04585328 0.02354692 0.15901734 0.01062077
6.20031002 8.57554206 0.00105687 0.00076315 0.00085636 0.00835461 0.41305863 0.03242204 0.29732048 0.01490279 0.03927144 0.02279958 0.15958630 0.00960775
6.30031502 8.56772549 0.00069096 0.00088770 0.00047221 0.00498256 0.41544437 0.03486073 0.29505653 0.01265970 0.04486835 0.02000918 0.16174305 0.00832466
6.40032002 8.56176661 0.00033700 0.00077097 0.00020701 0.00028390 0.41579808 0.03650140 0.29975849 0.01095298 0.04360458 0.02067481 0.16206788 0.00904291
6.50032502 8.55411073 0.00040922 0.00075188 0.00026546 0.00396619 0.42142086 0.03135504 0.29618041 0.01057975 0.03995832 0.02075712 0.16568854 0.00866722
6.60033002 8.54389894 0.00041221 0.00078463 0.00011478 0.00038362 0.42479626 0.03183437 0.29544836 0.01216100 0.03929242 0.02475292 0.16367834 0.00634111
6.70033502 8.54313733 0.00063012 0.00075014 0.00028000 0.00377883 0.42417590 0.02802650 0.29553262 0.01363993 0.03784658 0.02288768 0.16569476 0.00675694
6.80034002 8.53355713 0.00067189 0.00073817 0.00035463 0.00493395 0.41393418 0.03121707 0.29820128 0.01316478 0.03565428 0.02840839 0.16547209 0.00724929
6.90034502 8.52100423 0.00072556 0.00071912 0.00062261 0.00563899 0.41976610 0.03395244 0.29437940 0.01245596 0.03533371 0.02518126 0.16180167 0.00942318
7.00035002 8.51241329 0.00069979 0.00073312 0.00053865 0.00562304 0.41388296 0.03492214 0.29752306 0.01406045 0.03482254 0.02352538 0.16303832 0.01063055
7.10035502 8.50486867 0.00085704 0.00076044 0.00050171 0.00772555 0.41656746 0.03412237 0.29745626 0.01208652 0.03676696 0.02098160 0.16444889 0.00772522
7.20036002 8.49699468 0.00081814 0.00075826 0.00049590 0.00598082 0.41047088 0.03415421 0.30202617 0.01376586 0.03546701 0.02143884 0.16727767 0.00734622
7.30036502 8.48712247 0.00066362 0.00074943 0.00046676 0.00431146 0.41205576 0.03859570 0.30146406 0.01104399 0.03721034 0.02385833 0.16252041 0.00706014
7.40037002 8.47921072 0.00076289 0.00073930 0.00043153 0.00502062 0.41267649 0.03769467 0.29309228 0.01409960 0.03641920 0.02430929 0.16707273 0.00768139
7.50037502 8.47177493 0.00094160 0.00068395 0.00064724 0.00509453 0.40740735 0.03655094 0.29294976 0.01702161 0.03506597 0.02625200 0.16589296 0.01149208
7.60038002 8.45478252 0.00066951 0.00071051 0.00044812 0.00506108 0.40875907 0.03675362 0.29550130 0.01445680 0.03119185 0.02866540 0.16583728 0.01194547
7.70038502 8.44868828 0.00053586 0.00082354 0.00047147 0.00310391 0.40714786 0.03798516 0.29955181 0.01067478 0.03876009 0.02585925 0.16371669 0.01136957
7.80039002 8.43692826 0.00052918 0.00078933 0.00028240 0.00177124 0.40293357 0.03705956 0.30858486 0.01387786 0.03309809 0.02420412 0.16659415 0.01027563
7.90039502 8.42342043 0.00082129 0.00072105 0.00059060 0.01147862 0.39809478 0.03673572 0.30635970 0.01139680 0.03380263 0.02827994 0.16102184 0.01069704
8.00040002 8.42052835 0.00067868 0.00072635 0.00041522 0.00313369 0.40100491 0.04017261 0.30926598 0.01336374 0.03345286 0.02764375 0.15954990 0.01059229
8.10040502 8.41652891 0.00083662 0.00070009 0.00044731 0.00523134 0.40165624 0.03742759 0.30984642 0.01681155 0.03473668 0.02341479 0.15906057 0.00983080
8.20041002 8.40538566 0.00064308 0.00071123 0.00048820 0.00353121 0.40415413 0.04566165 0.30474454 0.01395118 0.03423506 0.01997853 0.16015504 0.01174615
8.30041502 8.39631415 0.00067179 0.00076469 0.00052838 0.00474387 0.40563899 0.04488849 0.30410495 0.01254246 0.03613066 0.02092046 0.15936072 0.00970454
8.40042002 8.39231970 0.00088783 0.00075061 0.00084836 0.00780205 0.39792578 0.03748606 0.30434529 0.01187722 0.04032655 0.02246649 0.16265177 0.01263199
8.50042502 8.38100688 0.00102654 0.00073406 0.00083613 0.00838108 0.40017168 0.03649021 0.30219897 0.01445858 0.03690587 0.02108031 0.16598942 0.01172714
8.60043002 8.37364971 0.00071375 0.00075073 0.00061417 0.00574943 0.39785193 0.03485452 0.30173409 0.01652230 0.03669984 0.01948536 0.16896342 0.01606046
8.70043502 8.36006754 0.00072481 0.00079660 0.00055118 0.00616256 0.39398794 0.04151701 0.30203798 0.01176522 0.04034992 0.02529403 0.16682755 0.00998520
8.80044002 8.34762091 0.00064116 0.00077606 0.00035408 0.00378508 0.39530708 0.03847635 0.30332985 0.01601558 0.03877799 0.02290880 0.16980902 0.00981895
8.90044502 8.33536957 0.00080304 0.00072449 0.00052761 0.00814056 0.38865697 0.03732076 0.30136745 0.01744399 0.03952419 0.02948196 0.16372691 0.01228209
9.00045002 8.32811510 0.00082911 0.00073981 0.00068126 0.00608411 0.39567135 0.03965621 0.30067992 0.01297402 0.03802890 0.03433836 0.15888002 0.01143692
9.10045502 8.31651063 0.00118392 0.00071484 0.00099563 0.01140580 0.38753267 0.03887582 0.30545770 0.01346371 0.03786894 0.03337539 0.15842584 0.01069973
9.20046002 8.30919199 0.00111779 0.00071455 0.00059218 0.00721417 0.38786494 0.03653400 0.30529620 0.02162309 0.03575998 0.02902567 0.16236432 0.01189309
9.30046502 8.30138501 0.00097785 0.00071767 0.00070186 0.00760551 0.38802776 0.04364411 0.30652151 0.01501645 0.03424490 0.02829497 0.16248817 0.01175925
9.40047002 8.29372470 0.00115541 0.00067749 0.00109437 0.00981905 0.38728757 0.04430454 0.30556050 0.01541607 0.03395026 0.02847568 0.15852418 0.01373487
9.50047502 8.28704144 0.00104454 0.00072532 0.00077062 0.00780400 0.39096986 0.04722887 0.30120776 0.01554929 0.03155819 0.02732374 0.16353886 0.01227893
9.60048002 8.27766014 0.00068807 0.00079971 0.00036776 0.00312047 0.39625750 0.04597562 0.30248593 0.01568484 0.03420866 0.02489308 0.16424819 0.01127015
9.70048502 8.26508890 0.00124507 0.00087627 0.00086232 0.01112625 0.38610786 0.04466559 0.30320424 0.01568495 0.03746592 0.02270593 0.16634570 0.00970988
9.80049002 8.24686008 0.00141821 0.00083370 0.00105199 0.01283111 0.38087039 0.04264898 0.30292521 0.01787119 0.04180163 0.02451182 0.16156907 0.01166669
9.90049502 8.23568402 0.00105176 0.00074069 0.00094159 0.01275296 0.37583966 0.04473056 0.29689017 0.01404995 0.04233420 0.03106745 0.16219528 0.01740574
10.00050003 8.22568990 0.00073579 0.00086611 0.00071120 0.00403707 0.37273192 0.04693119 0.29988728 0.01469038 0.04547565 0.02816347 0.16703903 0.01873090
10.10050503 8.21973726 0.00072427 0.00078946 0.00064680 0.00543881 0.37034768 0.04802061 0.30666817 0.01451150 0.04137011 0.03521392 0.16082457 0.01544409
10.20051003 8.20907548 0.00077236 0.00079264 0.00049028 0.00475514 0.36585827 0.05323938 0.30677419 0.01901653 0.04175107 0.03407040 0.16082383 0.01165590
10.30051503 8.20725779 0.00080733 0.00081689 0.00062702 0.00551535 0.37323129 0.04667218 0.31040888 0.01514703 0.04363518 0.02898795 0.15990775 0.01424314
10.40052003 8.19276720 0.00097093 0.00077108 0.00080499 0.00538931 0.37462867 0.05270358 0.30476971 0.01431485 0.04418193 0.03236529 0.15564860 0.01345105
10.50052503 8.18648660 0.00082702 0.00075684 0.00045820 0.00194026 0.38411051 0.04698982 0.30754935 0.01781569 0.04409937 0.02729216 0.15548393 0.01267685
10.60053003 8.17943583 0.00052420 0.00071442 0.00027030 0.00048837 0.37700449 0.05060862 0.31356120 0.01496340 0.04304487 0.03093591 0.15567502 0.01220919
10.70053503 8.17042265 0.00100382 0.00071884 0.00067739 0.00672331 0.37642518 0.04624924 0.31692696 0.01494794 0.03842191 0.03116757 0.15750711 0.00923073
10.80054003 8.16178388 0.00089462 0.00069426 0.00051635 0.00740502 0.37760480 0.04722331 0.30938796 0.01924246 0.03682878 0.03780900 0.15148421 0.01090925
10.90054503 8.15427855 0.00082110 0.00068197 0.00042633 0.00566815 0.37291686 0.04695831 0.31356864 0.01900231 0.03720614 0.03830084 0.15162639 0.01282297
11.00055003 8.15134509 0.00079851 0.00067726 0.00043030 0.00218208 0.37750372 0.04390276 0.31481800 0.02019455 0.03687664 0.03398970 0.15412438 0.01450209
11.10055503 8.14136682 0.00084437 0.00077089 0.00050012 0.00663900 0.37278018 0.04202402 0.31396855 0.01804850 0.04191663 0.03598156 0.15656376 0.00996243
11.20056003 8.13105660 0.00086195 0.00069698 0.00050510 0.00529188 0.36983545 0.05059978 0.30820862 0.01925864 0.04094883 0.03763209 0.15431012 0.01185056
11.30056503 8.12630177 0.00106690 0.00064313 0.00075454 0.00804441 0.37383915 0.04516510 0.30901454 0.01882868 0.03742555 0.03770605 0.15507763 0.01243433
11.40057003 8.12266065 0.00123810 0.00065334 0.00088486 0.01023712 0.37202417 0.04910774 0.31484775 0.01708185 0.03454906 0.03444397 0.15392567 0.01100635
11.50057503 8.12034200 0.00062302 0.00066216 0.00023645 0.00156213 0.37350549 0.05493615 0.31816025 0.01620823 0.03598628 0.03346071 0.15368582 0.01097330
11.60058003 8.10742078 0.00096092 0.00064574 0.00061906 0.00605413 0.38026179 0.05317119 0.31617142 0.01898747 0.03108746 0.03118596 0.14983359 0.01102127
11.70058503 8.09517245 0.00108359 0.00062573 0.00060391 0.00894879 0.37637128 0.05325260 0.31666011 0.01925324 0.03096213 0.03285305 0.14738075 0.01200482
11.80059003 8.09034216 0.00105433 0.00064957 0.00066988 0.00963591 0.37410922 0.05223125 0.32117310 0.01758119 0.02929822 0.03347712 0.14876989 0.01135032
11.90059503 8.08573552 0.00087165 0.00067047 0.00044279 0.00362429 0.37420578 0.05245506 0.31803223 0.01890349 0.03328933 0.03440578 0.14980219 0.01329694
12.00060003 8.07990285 0.00077057 0.00063384 0.00024612 0.00175572 0.37780033 0.05240392 0.31645604 0.02124055 0.03301590 0.03253223 0.15009389 0.01305089
12.10060503 8.07162540 0.00079420 0.00069154 0.00056375 0.00443284 0.38056724 0.04778131 0.30828700 0.01703876 0.03585148 0.03797719 0.15260273 0.01341196
12.20061003 8.06219527 0.00102059 0.00064239 0.00077214 0.01056366 0.37747107 0.05045428 0.30929217 0.01734905 0.02910267 0.03985240 0.15149170 0.01198789
12.30061503 8.05522932 0.00118969 0.00065585 0.00080569 0.00859888 0.37414419 0.04588591 0.31324197 0.02130660 0.02938440 0.04319137 0.15057359 0.01102184
12.40062003 8.04907644 0.00076415 0.00069955 0.00048082 0.00729039 0.37356976 0.04742946 0.31711914 0.01865362 0.02884429 0.03918684 0.15176726 0.01419471
12.50062503 8.04410008 0.00105005 0.00074580 0.00086571 0.00827201 0.37193023 0.04604790 0.31825452 0.01510422 0.03507455 0.03564879 0.15199490 0.01501132
12.60063003 8.03969647 0.00108089 0.00070300 0.00075012 0.00783060 0.37782160 0.04102910 0.31966081 0.01835151 0.03610673 0.03299089 0.15170785 0.01196688
12.70063503 8.03513745 0.00054422 0.00074274 0.00025596 0.00199793 0.38053362 0.04635754 0.31943961 0.01470772 0.03686745 0.02891246 0.15841658 0.01122417
12.80064003 8.03032516 0.00075777 0.00066764 0.00049695 0.00596744 0.37920238 0.04203376 0.31933560 0.01689223 0.03810870 0.02852999 0.15868568 0.00932186
12.90064503 8.01967597 0.00059666 0.00069104 0.00025839 0.00178193 0.37924610 0.04475270 0.32104590 0.01600907 0.03919731 0.03189619 0.15581966 0.00870506
13.00065003 8.01055760 0.00069593 0.00070420 0.00042792 0.00480613 0.38102309 0.04335082 0.32233819 0.01408086 0.04138943 0.02575129 0.15454510 0.01088706
13.10065503 8.00075643 0.00116955 0.00066273 0.00094091 0.01007654 0.38014785 0.04579224 0.32594238 0.01170446 0.03681292 0.02257647 0.15243412 0.01173983
13.20066003 7.98735894 0.00098673 0.00072929 0.00068441 0.00547924 0.38098689 0.04214477 0.32586170 0.01493242 0.03833291 0.02426058 0.15208922 0.01351186
13.30066503 7.97736184 0.00079110 0.00066352 0.00062435 0.00656571 0.38263850 0.04886324 0.32543395 0.01283580 0.03563975 0.02426279 0.15162427 0.01005701
13.40067003 7.96948858 0.00138657 0.00072709 0.00106085 0.01353723 0.37641753 0.04819230 0.32046804 0.01524751 0.04237954 0.01906887 0.15400780 0.00750667
13.50067503 7.96780674 0.00082505 0.00071069 0.00059256 0.00705486 0.38268707 0.03964583 0.32411791 0.01600026 0.04468583 0.01838486 0.15779849 0.00749657
13.60068003 7.96334352 0.00063514 0.00063241 0.00034239 0.00483503 0.38336785 0.04084733 0.32790802 0.01399006 0.04183662 0.02171390 0.15625510 0.00763615
13.70068503 7.95858447 0.00068272 0.00066480 0.00031958 0.00341782 0.38461527 0.04325502 0.32766590 0.01422903 0.04007681 0.02022380 0.15697722 0.00787203
13.80069003 7.95443596 0.00041766 0.00071278 0.00022187 0.00205654 0.38730719 0.03996214 0.33122462 0.01006952 0.04128443 0.02153614 0.15547098 0.00973613
13.90069503 7.94554147 0.00053765 0.00075278 0.00028387 0.00191383 0.38677536 0.03830430 0.32936814 0.01078795 0.04481555 0.01985668 0.15628817 0.01031572
14.00070004 7.93437898 0.00066153 0.00076271 0.00042241 0.00314474 0.38083171 0.03506940 0.32799347 0.01210683 0.04125645 0.02669494 0.16115566 0.00990015
14.10070504 7.92468418 0.00039979 0.00080025 0.00021525 0.00214399 0.38324920 0.03718590 0.32383341 0.00971902 0.04566177 0.02447500 0.16245538 0.00986104
14.20071004 7.91979638 0.00050223 0.00077378 0.00045219 0.00504225 0.37911984 0.03308140 0.33050091 0.00777269 0.04756152 0.02036260 0.16404396 0.01078665
14.30071504 7.91105252 0.00062578 0.00079696 0.00046595 0.00766920 0.37628961 0.03124581 0.33238765 0.00878910 0.04747417 0.02433077 0.16105162 0.00887339
14.40072004 7.90003251 0.00071099 0.00070282 0.00060070 0.00632101 0.37921901 0.03564993 0.33267052 0.00951294 0.04302148 0.02467418 0.15638617 0.01053025
14.50072504 7.89175100 0.00055881 0.00067972 0.00035433 0.00224521 0.38129861 0.04257814 0.33322261 0.01198075 0.04316082 0.01620559 0.15563824 0.01207718
14.60073004 7.88223316 0.00059986 0.00069818 0.00044298 0.00336952 0.37788859 0.04462609 0.33740424 0.01157023 0.03974715 0.01744531 0.15626183 0.00994601
14.70073504 7.87397026 0.00079329 0.00068519 0.00059443 0.00686862 0.37643970 0.04466271 0.33865990 0.01103062 0.03344343 0.01886179 0.15877178 0.00918854
14.80074004 7.86797333 0.00066048 0.00074085 0.00048417 0.00508008 0.37946230 0.03609875 0.33294533 0.01475833 0.03996139 0.01961899 0.15889013 0.01129919
14.90074504 7.85791905 0.00066960 0.00072255 0.00047238 0.00503028 0.38058661 0.03864979 0.33117844 0.01211005 0.04324097 0.02209387 0.15627142 0.00897402
15.00075004 7.84630584 0.00057780 0.00072490 0.00031732 0.00202565 0.37815137 0.04064403 0.33300776 0.01191332 0.03956024 0.02335875 0.16055573 0.00916313
15.10075504 7.83717229 0.00071749 0.00072193 0.00054589 0.00807365 0.37770747 0.04025093 0.32621205 0.01018494 0.04061972 0.02605347 0.15873883 0.01017363
15.20076004 7.83169830 0.00054951 0.00070813 0.00029835 0.00679022 0.37992221 0.04308761 0.32083350 0.01043151 0.03946236 0.02719728 0.16107381 0.00964552
15.30076504 7.82840408 0.00044113 0.00071858 0.00027128 0.00224837 0.37903963 0.04008430 0.32785792 0.01101865 0.03707358 0.02480709 0.16331030 0.01312917
15.40077004 7.81976810 0.00071574 0.00078363 0.00044011 0.00689172 0.37788698 0.03576072 0.32473699 0.01452759 0.04048722 0.02174763 0.16410518 0.01191649
15.50077504 7.81627795 0.00061598 0.00076606 0.00034238 0.00544347 0.38043373 0.03623003 0.32689204 0.01380776 0.03740680 0.02282267 0.16450136 0.01073770
15.60078004 7.81039564 0.00053844 0.00073988 0.00032153 0.00190667 0.37845371 0.04010040 0.33103372 0.01329756 0.03884102 0.02381846 0.16093166 0.01001696
15.70078504 7.80091860 0.00094420 0.00070969 0.00054229 0.00793088 0.37637223 0.03744925 0.33346428 0.01394417 0.03793206 0.02501685 0.15752174 0.00817235
15.80079004 7.79710775 0.00060972 0.00081697 0.00026352 0.00266323 0.38174423 0.03332605 0.33307087 0.01263098 0.03718537 0.02468726 0.16518256 0.00781924
15.90079504 7.79176084 0.00061774 0.00076513 0.00030090 0.00298444 0.38497729 0.03201591 0.32718033 0.01430937 0.03339550 0.02965948 0.16568175 0.00811218
16.00080004 7.77951031 0.00090657 0.00073272 0.00051313 0.00552468 0.37863338 0.03229732 0.32394717 0.01881758 0.03571747 0.02904173 0.16296926 0.01089899
16.10080504 7.77090940 0.00092244 0.00069147 0.00067702 0.00767217 0.37876762 0.03733500 0.32730335 0.01477529 0.03261097 0.02815520 0.16062659 0.01046287
16.20081004 7.76701592 0.00097146 0.00070005 0.00060032 0.00612502 0.38215621 0.04101540 0.32382883 0.01580505 0.03056829 0.02457143 0.16474662 0.00891132
16.30081504 7.75097734 0.00044440 0.00074183 0.00029557 0.00260934 0.38781092 0.04132192 0.31871875 0.01256595 0.03584043 0.02517034 0.16488807 0.00959247
16.40082004 7.73902221 0.00061334 0.00080206 0.00042322 0.00540918 0.38115455 0.04099676 0.32270526 0.01187100 0.03034892 0.02829428 0.16698922 0.01039221
16.50082504 7.73580472 0.00048728 0.00073453 0.00023072 0.00155638 0.38324783 0.04360700 0.32130101 0.01346088 0.03289815 0.02815596 0.16381849 0.01050179
16.60083004 7.72268215 0.00064217 0.00079293 0.00024431 0.00159859 0.38044882 0.04715961 0.32231263 0.01625403 0.03404024 0.02513160 0.16240539 0.00896969
16.70083504 7.70706056 0.00062868 0.00072935 0.00037420 0.00343530 0.38011494 0.04639825 0.32172466 0.01288144 0.03746377 0.02738687 0.15796729 0.01089526
16.80084004 7.69910971 0.00052282 0.00074573 0.00015501 0.00045894 0.37331780 0.04160033 0.32764646 0.01614288 0.04053277 0.02882185 0.15975724 0.01029816
16.90084504 7.69238810 0.00088482 0.00068793 0.00051124 0.00476242 0.37265882 0.03859175 0.32595519 0.01756105 0.03484004 0.03221858 0.16185801 0.00947014
17.00085004 7.68593783 0.00070026 0.00068002 0.00019771 0.00225215 0.37696149 0.03975763 0.32045433 0.01970008 0.03799482 0.03207791 0.15990935 0.00931426
17.10085504 7.68029922 0.00060262 0.00070069 0.00023814 0.00417955 0.37302544 0.03911021 0.31602252 0.01808871 0.03885957 0.03833923 0.16139178 0.00944154
17.20086004 7.67455737 0.00061695 0.00063341 0.00030901 0.00352404 0.37523277 0.04094172 0.31849258 0.01779439 0.03450670 0.03745623 0.15913454 0.01135765
17.30086504 7.66677932 0.00041790 0.00067529 0.00022512 0.00032866 0.37345186 0.04167807 0.32344600 0.01547730 0.03794767 0.03879834 0.15447918 0.01307460
17.40087004 7.66023581 0.00064687 0.00068146 0.00034074 0.00366195 0.37704836 0.03815817 0.32183946 0.01671825 0.03548047 0.03575089 0.15895025 0.01072314
17.50087504 7.65333934 0.00053546 0.00066510 0.00021607 0.00174227 0.38075565 0.04218120 0.32195017 0.01623971 0.03317145 0.03657916 0.15745762 0.00850613
17.60088004 7.65043909 0.00077674 0.00061923 0.00046091 0.00835239 0.37792654 0.03971848 0.32361614 0.01637228 0.03320339 0.03322992 0.15663470 0.00908928
17.70088504 7.64540498 0.00069057 0.00073240 0.00045052 0.00570610 0.38351486 0.03624290 0.32057862 0.01339834 0.03152457 0.02926882 0.16564956 0.01224275
17.80089004 7.63821611 0.00055900 0.00067737 0.00053949 0.00181847 0.38157583 0.03050284 0.32605664 0.01725860 0.03069692 0.02858830 0.16299325 0.01873330
17.90089504 7.63559552 0.00116694 0.00068378 0.00086161 0.01386508 0.38554290 0.03190741 0.32862588 0.01554071 0.02559204 0.02377542 0.16355541 0.00888284
18.00090005 7.63291212 0.00080576 0.00062994 0.00047356 0.00723845 0.38564118 0.03487911 0.33923512 0.01651420 0.02393739 0.02007165 0.16255637 0.00801728
18.10090505 7.62585507 0.00087757 0.00064775 0.00061431 0.00861984 0.38481586 0.03519294 0.33748220 0.01326012 0.02488675 0.02361546 0.16416743 0.00581976
18.20091005 7.61919036 0.00070772 0.00063803 0.00047454 0.00521093 0.38201734 0.03443247 0.33836883 0.01262547 0.02547704 0.02610080 0.16549876 0.00844807
18.30091505 7.60660281 0.00051812 0.00077136 0.00036846 0.00169034 0.37971991 0.02822245 0.33353609 0.01397672 0.03652113 0.02552441 0.16745150 0.01169950
18.40092005 7.60179339 0.00060473 0.00067425 0.00031257 0.00524517 0.38539394 0.02549963 0.33661288 0.01401770 0.03557889 0.02202730 0.16574005 0.00829290
18.50092505 7.60108632 0.00056153 0.00063991 0.00032546 0.00305213 0.38687812 0.02709943 0.33925401 0.01122209 0.03652799 0.02265683 0.16469997 0.00708253
18.60093005 7.59005944 0.00062030 0.00066105 0.00024969 0.00220112 0.39092331 0.02880113 0.33366757 0.01508782 0.03474774 0.02292246 0.16400032 0.00611748
18.70093505 7.58231644 0.00067772 0.00065475 0.00060624 0.00576955 0.39408880 0.03061774 0.32644604 0.01242602 0.03697750 0.02209690 0.16183290 0.00780583
18.80094005 7.57472815 0.00072790 0.00069449 0.00064632 0.00789448 0.39665540 0.02878582 0.32931457 0.01228641 0.03243198 0.01893902 0.16290356 0.00872004
18.90094505 7.56779385 0.00070787 0.00069863 0.00056640 0.00786974 0.39407897 0.03196897 0.33002744 0.01232633 0.03182722 0.01929165 0.16336774 0.00726904
19.00095005 7.55724258 0.00086968 0.00074051 0.00056708 0.00727249 0.38600565 0.03644059 0.33924137 0.01403714 0.02869665 0.01696659 0.16331582 0.00584642
19.10095505 7.54674076 0.00066190 0.00068646 0.00044532 0.00539747 0.38447254 0.03387396 0.34024537 0.01299624 0.03583550 0.01681894 0.15876013 0.00980617
19.20096005 7.54019742 0.00055902 0.00067040 0.00026488 0.00178730 0.38623765 0.03553714 0.33436839 0.01535697 0.03534567 0.02074480 0.15937789 0.00974988
19.30096505 7.52977782 0.00064902 0.00062775 0.00027719 0.00199275 0.38498238 0.03765809 0.33408914 0.01648519 0.03276333 0.02463422 0.15753741 0.00830354
19.40097005 7.52413160 0.00063649 0.00063443 0.00026724 0.00158146 0.38365077 0.03563090 0.33490759 0.01933484 0.03037910 0.02354111 0.16042811 0.00900796
19.50097505 7.52061671 0.00069745 0.00066494 0.00064779 0.00488946 0.38441346 0.03696906 0.33352345 0.01370229 0.03059760 0.02145301 0.16080055 0.01164094
19.60098005 7.51742286 0.00066933 0.00061107 0.00015008 0.00149515 0.38308649 0.03189337 0.34076338 0.01696129 0.03217237 0.02411743 0.16136669 0.00671336
19.70098505 7.51157440 0.00092797 0.00059941 0.00061999 0.01012137 0.38522861 0.03050176 0.33533920 0.01564996 0.02860046 0.02422743 0.16023232 0.00795153
19.80099005 7.50570120 0.00052396 0.00060596 0.00044426 0.00205402 0.38935299 0.03394527 0.33382622 0.01342992 0.02749493 0.02507258 0.16071989 0.01252997
19.90099505 7.50020372 0.00053982 0.00067953 0.00040847 0.00319343 0.38399370 0.03405251 0.33344187 0.01219395 0.02597324 0.02973419 0.16591166 0.00987763
20.00100005 7.49343029 0.00062659 0.00067155 0.00041681 0.00303273 0.38197735 0.04066957 0.33689652 0.01112426 0.02861124 0.02497702 0.16384334 0.00715301
20.10100505 7.48689073 0.00051677 0.00064357 0.00027119 0.00374599 0.38781359 0.03695699 0.33875200 0.01126079 0.02620686 0.02404410 0.16258398 0.00720417
20.20101005 7.48172311 0.00060292 0.00066388 0.00029576 0.00168335 0.38709978 0.03031038 0.33691405 0.01330369 0.03219746 0.02725087 0.16112483 0.00855304
20.30101505 7.47408797 0.00046573 0.00060151 0.00036597 0.00406354 0.38763119 0.03183011 0.33539066 0.01076868 0.02888525 0.02893446 0.15949138 0.01157151
20.40102005 7.46586058 0.00054095 0.00063908 0.00038478 0.00379110 0.38599136 0.03714400 0.33570642 0.01160360 0.02832910 0.02278052 0.16133404 0.01175504
20.50102505 7.46198701 0.00085075 0.00055685 0.00057254 0.00716710 0.38158895 0.03631631 0.34067985 0.01488349 0.02466360 0.02209525 0.15851076 0.01211456
20.60103005 7.45189354 0.00116031 0.00057428 0.00098772 0.00987762 0.37931498 0.03755740 0.33536185 0.01410567 0.02684915 0.02546922 0.15589974 0.01284207
20.70103505 7.44694168 0.00062664 0.00065783 0.00037650 0.00523888 0.37817781 0.03802755 0.33651700 0.01507847 0.02861796 0.02786805 0.15602940 0.01278391
20.80104005 7.43702560 0.00086527 0.00068758 0.00061042 0.01019487 0.38282933 0.03240781 0.33386385 0.01575615 0.02852815 0.02864890 0.15609109 0.00951658
20.90104505 7.42978306 0.00059166 0.00071161 0.00032239 0.00296261 0.38972319 0.03314976 0.33891627 0.01301263 0.02874364 0.02418743 0.15990530 0.00777352
21.00105005 7.42028323 0.00044565 0.00069510 0.00018776 0.00203400 0.39460531 0.03408729 0.33294137 0.01361820 0.02819666 0.02451403 0.16156157 0.00711306
21.10105505 7.41745767 0.00056693 0.00068644 0.00021528 0.00407819 0.39106126 0.03103484 0.33143101 0.01497512 0.02842874 0.02027922 0.16839255 0.00885042
21.20106005 7.40654006 0.00073851 0.00063321 0.00054391 0.00442788 0.38724289 0.03734409 0.33082524 0.01144544 0.03138890 0.02287343 0.16390975 0.00862674
21.30106505 7.39547338 0.00097691 0.00060641 0.00082475 0.00959450 0.38477831 0.03545523 0.32499919 0.01329288 0.03137367 0.02855747 0.15824242 0.01129826
21.40107005 7.39060437 0.00114923 0.00064350 0.00099362 0.01002370 0.38780864 0.03988602 0.32401740 0.01063750 0.03387439 0.02040527 0.15965607 0.01090467
21.50107505 7.38282764 0.00081628 0.00062923 0.00060023 0.00479724 0.39333841 0.03691086 0.32578301 0.01225594 0.03350051 0.02238453 0.15874884 0.01023492
21.60108005 7.36564019 0.00069560 0.00065106 0.00066196 0.00662337 0.38732891 0.04106789 0.33170755 0.00807452 0.03471211 0.02124125 0.15560038 0.01163542
21.70108505 7.35919340 0.00039088 0.00062926 0.00016713 0.00025606 0.39058752 0.04467564 0.33399264 0.01003703 0.03335796 0.02161723 0.15543262 0.00885604
21.80109005 7.35036284 0.00073808 0.00062596 0.00052211 0.00637638 0.38866629 0.03897062 0.33551111 0.01068196 0.03176877 0.02200304 0.15542787 0.00870780
21.90109505 7.34350632 0.00063979 0.00062633 0.00030124 0.00355872 0.38787017 0.04170186 0.33769940 0.01324996 0.03218040 0.01887254 0.15562370 0.00767589
22.00110006 7.33504286 0.00083823 0.00060568 0.00067778 0.00778979 0.38267882 0.04154392 0.34171793 0.01111626 0.02675127 0.02240216 0.15624630 0.00763186
22.10110506 7.32953189 0.00097669 0.00067337 0.00069932 0.00936198 0.38300962 0.04287336 0.33363135 0.01164629 0.02749601 0.02021887 0.16118965 0.00822350
22.20111006 7.32419506 0.00104797 0.00063012 0.00087081 0.00767238 0.38394744 0.04037493 0.33542037 0.01126809 0.02363212 0.02241933 0.16036995 0.01234649
22.30111506 7.31458138 0.00089680 0.00069017 0.00064723 0.00628841 0.38367610 0.04061868 0.33382744 0.01343582 0.02983665 0.02134218 0.15796964 0.01077089
22.40112006 7.30971779 0.00085197 0.00066510 0.00067244 0.00530135 0.38828208 0.04082125 0.33056967 0.01100119 0.03315814 0.01904627 0.15732501 0.01230553
22.50112506 7.30274461 0.00059959 0.00065514 0.00045416 0.00592959 0.38502154 0.03537250 0.34231454 0.00976933 0.02894349 0.02058179 0.15906529 0.01129304
22.60113006 7.29729322 0.00040679 0.00068335 0.00037138 0.00177014 0.39327790 0.03251875 0.33815499 0.00820500 0.03299513 0.02102786 0.15888863 0.01170008
22.70113506 7.29376609 0.00054255 0.00056734 0.00043826 0.00425066 0.39321244 0.03235742 0.33819265 0.01008897 0.03200175 0.02097277 0.15802583 0.00934937
22.80114006 7.28912029 0.00031767 0.00061515 0.00010977 0.00031564 0.39715714 0.03056555 0.33775239 0.00868267 0.03370080 0.02470660 0.15877452 0.00730210
22.90114506 7.28362647 0.00037289 0.00062620 0.00027276 0.00352266 0.39858974 0.03120318 0.33266656 0.00909476 0.03262452 0.02436653 0.15749299 0.00916722
23.00115006 7.27233038 0.00094832 0.00063679 0.00066415 0.00887564 0.38977339 0.03161334 0.32888275 0.01433242 0.03708727 0.02055531 0.15761980 0.00901082
23.10115506 7.26660495 0.00076255 0.00073216 0.00083711 0.00903186 0.38852397 0.02926848 0.33087334 0.00765543 0.04203523 0.02002045 0.15983530 0.01042411
23.20116006 7.25901570 0.00074747 0.00069728 0.00058583 0.00618105 0.39340638 0.02569300 0.33304522 0.01012264 0.04256417 0.01705067 0.16228695 0.00761933
23.30116506 7.24921820 0.00058994 0.00073630 0.00040780 0.00311740 0.38997187 0.02633476 0.33569536 0.01246557 0.04461645 0.01701718 0.16098002 0.00806735
23.40117006 7.24626135 0.00092034 0.00066046 0.00067527 0.00788192 0.38973170 0.02504497 0.33502587 0.01224021 0.04445974 0.01453181 0.16212223 0.00670549
23.50117506 7.24106610 0.00070520 0.00066971 0.00050157 0.00321190 0.39099295 0.02625667 0.33753044 0.01278198 0.04201923 0.01353276 0.16278767 0.00900992
23.60118006 7.23158118 0.00099088 0.00082083 0.00067374 0.00842891 0.38653470 0.02484052 0.33395745 0.01433866 0.04437297 0.01608169 0.16431405 0.00464559
23.70118506 7.22483358 0.00072635 0.00083787 0.00057196 0.00666466 0.38830820 0.02740573 0.33353372 0.01005854 0.04426511 0.01857634 0.16305510 0.00599642
23.80119006 7.21727599 0.00048407 0.00077221 0.00027764 0.00150712 0.38360884 0.02774653 0.33406216 0.01281381 0.04458902 0.02328153 0.16496777 0.00588931
23.90119506 7.21379186 0.00048285 0.00065143 0.00019061 0.00237830 0.38630987 0.02593456 0.33937707 0.01403487 0.03391379 0.02769316 0.16174785 0.00728565
24.00120006 7.20939881 0.00056001 0.00064872 0.00019391 0.00152915 0.38625545 0.02540640 0.33833859 0.01474197 0.03822634 0.02581616 0.16253092 0.00575240
24.10120506 7.20258834 0.00065977 0.00065790 0.00024755 0.00581630 0.38055961 0.02462218 0.33365974 0.01812474 0.04354924 0.02654608 0.15957352 0.00598337
24.20121006 7.19925271 0.00092486 0.00065030 0.00055276 0.00710786 0.37972802 0.02644161 0.33644129 0.01487661 0.04097185 0.02621597 0.16020854 0.00588033
24.30121506 7.19220103 0.00044464 0.00079390 0.00007657 0.00031322 0.37945269 0.02518143 0.33750968 0.01542722 0.04594016 0.02687439 0.16230357 0.00568253
24.40122006 7.18793576 0.00046705 0.00074306 0.00018052 0.00362291 0.38576189 0.02440858 0.33424310 0.01315655 0.04415064 0.02454408 0.16310130 0.00562030
24.50122506 7.18006579 0.00064586 0.00066526 0.00046195 0.00327962 0.38719345 0.02402093 0.33348068 0.01390027 0.04166269 0.02257742 0.16299791 0.00911395
24.60123006 7.17155531 0.00061270 0.00067123 0.00039495 0.00302240 0.38391338 0.02345104 0.33502279 0.01637583 0.04026380 0.02251233 0.16612880 0.00763076
24.70123506 7.16238988 0.00099821 0.00076714 0.00067763 0.00772672 0.38121757 0.02401245 0.33942907 0.01527853 0.04020029 0.01763800 0.16638592 0.00566847
24.80124006 7.15703499 0.00073534 0.00074984 0.00039294 0.00502721 0.38396906 0.02553158 0.33732885 0.01520567 0.04006700 0.01856404 0.16788524 0.00454322
24.90124506 7.15130574 0.00104678 0.00068869 0.00063479 0.00743856 0.38439715 0.02620717 0.33878992 0.01443119 0.03543390 0.01932776 0.16669034 0.00491375
25.00125006 7.14543381 0.00055097 0.00066475 0.00028949 0.00530046 0.38256570 0.03340460 0.33628482 0.01405907 0.03576788 0.02281653 0.16271685 0.00557889
25.10125506 7.13803424 0.00060275 0.00075489 0.00024538 0.00308280 0.38331766 0.03048144 0.33366036 0.01430035 0.03753488 0.02269337 0.16673222 0.00659393
25.20126006 7.13004310 0.00064463 0.00064566 0.00018778 0.00373918 0.38687650 0.02848684 0.33253711 0.01664471 0.03643228 0.02035538 0.16750845 0.00594147
25.30126506 7.12752510 0.00051764 0.00060796 0.00033350 0.00321618 0.38603953 0.02947219 0.33740373 0.01243197 0.03462315 0.02146169 0.16532564 0.00856682
25.40127006 7.11892397 0.00065702 0.00062846 0.00046413 0.00430365 0.37986576 0.02469616 0.34722594 0.01136316 0.03114111 0.02827232 0.16513873 0.00624357
25.50127506 7.11562867 0.00051934 0.00058855 0.00030407 0.00552394 0.37825285 0.02572158 0.34859617 0.01221320 0.03134665 0.02732068 0.16321579 0.00639720
25.60128006 7.10845021 0.00069757 0.00063807 0.00042157 0.00707190 0.37979175 0.02537974 0.34424297 0.01391412 0.03389600 0.02422366 0.16343122 0.00629145
25.70128506 7.10704737 0.00095090 0.00062729 0.00069221 0.00812864 0.38224813 0.02431283 0.34279721 0.01300958 0.03319020 0.02508294 0.16313717 0.00582291
