0.00000000 14.00000000 0.00000000 0.00000000 0.00000000 0.00000000 0.00000000 0.00000000 0.00000000 1.00000000 0.00000000 0.00000000 0.00000000 0.00000000
0.10000500 13.97959300 0.02160781 0.00117252 0.00684312 0.09217811 0.09286777 0.14205355 0.02236061 0.45044616 0.05033933 0.07171030 0.01725977 0.03116095
0.20001000 13.96100889 0.00925726 0.00113283 0.00502994 0.05981865 0.11572140 0.21008340 0.03599431 0.27667405 0.07378588 0.12908324 0.03736559 0.04605348
0.30001500 13.94714091 0.00483838 0.00096228 0.00303859 0.02520354 0.13368888 0.23282140 0.05112009 0.19146011 0.07419064 0.18162082 0.05003811 0.05101715
0.40002000 13.93278582 0.00419581 0.00101392 0.00192694 0.02274531 0.14329593 0.21652301 0.06012223 0.16683259 0.08894045 0.20393865 0.05262746 0.03783770
0.50002500 13.91807367 0.00477654 0.00106357 0.00219887 0.02478875 0.15242447 0.19298901 0.06319681 0.15022909 0.09189507 0.20729425 0.06342008 0.04572348
0.60003000 13.90002894 0.00414635 0.00107011 0.00212987 0.02375308 0.16699366 0.17423140 0.08177732 0.12205116 0.09389135 0.21177616 0.06626756 0.05191199
0.70003500 13.88102765 0.00440462 0.00125844 0.00290711 0.02725488 0.18804385 0.15257745 0.09338428 0.10115466 0.10217273 0.19960914 0.07314070 0.05409214
0.80004000 13.86811040 0.00343441 0.00111044 0.00224113 0.02697265 0.19729211 0.15673305 0.10917549 0.08815950 0.08755157 0.19401447 0.08287039 0.05044480
0.90004500 13.85661264 0.00262291 0.00113137 0.00176944 0.01615938 0.21664159 0.14673023 0.11361270 0.08432295 0.09352606 0.18427431 0.08708828 0.05212078
1.00005000 13.84637402 0.00251292 0.00111156 0.00159065 0.01248746 0.22649946 0.15046114 0.12577871 0.07070738 0.09089326 0.18254800 0.08771701 0.04769245
1.10005500 13.83547993 0.00266973 0.00108248 0.00171981 0.01298462 0.23221663 0.15513198 0.13863262 0.06736685 0.09076797 0.16129975 0.08730030 0.04882725
1.20006000 13.82594577 0.00307772 0.00099871 0.00217871 0.01469914 0.24808322 0.14735866 0.14477975 0.07138749 0.08111944 0.14239387 0.08701887 0.05690441
1.30006500 13.80326670 0.00285916 0.00108673 0.00178143 0.01354975 0.25775036 0.14621985 0.15161495 0.06544320 0.08424337 0.13637220 0.09130460 0.04777440
1.40007000 13.78799006 0.00310283 0.00112820 0.00215571 0.01968362 0.26954553 0.13881898 0.15923780 0.06596950 0.08106593 0.11585808 0.09902254 0.04441128
1.50007500 13.76916542 0.00295746 0.00106522 0.00201259 0.01961792 0.28012328 0.15172887 0.17280828 0.06018143 0.08149683 0.09493049 0.09650638 0.03657124
1.60008000 13.75834349 0.00292563 0.00097106 0.00199798 0.01915108 0.29849707 0.14105246 0.17627747 0.06538875 0.07763380 0.08307071 0.09662060 0.03641339
1.70008500 13.74397922 0.00323375 0.00102427 0.00204553 0.02391591 0.30071294 0.14317494 0.18563936 0.06088842 0.08198893 0.07317913 0.09263451 0.03156232
1.80009000 13.72884247 0.00236720 0.00112658 0.00132755 0.01060979 0.31886598 0.14081072 0.19509565 0.05421400 0.08292457 0.06836974 0.09398721 0.03030101
1.90009500 13.70934725 0.00273282 0.00116309 0.00148249 0.01863754 0.31308814 0.12330702 0.20678248 0.05421572 0.08896013 0.06382214 0.09800616 0.02780226
2.00010001 13.69364478 0.00242812 0.00105575 0.00162904 0.01644911 0.31661554 0.11215780 0.20795452 0.04302409 0.08842712 0.07253366 0.10594707 0.03177817
2.10010501 13.68364570 0.00184597 0.00108905 0.00113121 0.00961913 0.32218026 0.10592909 0.20820750 0.03898869 0.09662052 0.07272945 0.10990266 0.03175647
2.20011001 13.67920114 0.00161571 0.00103361 0.00090631 0.00805360 0.32461815 0.10703958 0.20812206 0.03924685 0.09779114 0.06889949 0.11243504 0.03023847
2.30011501 13.66172806 0.00175062 0.00101868 0.00112505 0.01413293 0.33778224 0.09699192 0.21663718 0.03514375 0.08928559 0.07026275 0.11127631 0.02459298
2.40012001 13.65369819 0.00175557 0.00095488 0.00121600 0.01241421 0.34311900 0.10212508 0.21897097 0.03386921 0.08589222 0.06067624 0.11306294 0.02594369
2.50012501 13.64356603 0.00188549 0.00107581 0.00147596 0.01407130 0.35028804 0.09174280 0.21801885 0.03075480 0.09056495 0.05793199 0.11405234 0.02813767
2.60013001 13.63029659 0.00173542 0.00106814 0.00107766 0.01100462 0.35362247 0.08371376 0.22949280 0.03262842 0.08628517 0.06101779 0.11553142 0.02282231
2.70013501 13.61573346 0.00173306 0.00107691 0.00111270 0.01121580 0.34147538 0.08969229 0.23332400 0.03171504 0.08694742 0.06177948 0.11717628 0.02275164
2.80014001 13.60588830 0.00162368 0.00101655 0.00086605 0.01250754 0.34407686 0.08804664 0.24000089 0.03397797 0.08424956 0.05664767 0.11465614 0.02233045
2.90014501 13.59137863 0.00166888 0.00096868 0.00111016 0.01279352 0.35050857 0.08983393 0.24625341 0.03086266 0.07957986 0.05174328 0.11268949 0.02198758
3.00015001 13.57783384 0.00177565 0.00091683 0.00101408 0.01135370 0.35803479 0.08080529 0.24888539 0.03878837 0.07717463 0.05226160 0.11098837 0.01800132
3.10015501 13.56513414 0.00169983 0.00094084 0.00113313 0.01248360 0.35285639 0.08502084 0.24878950 0.03873176 0.07346354 0.05185812 0.11194973 0.02107273
3.20016001 13.54351182 0.00199061 0.00100478 0.00170646 0.01668423 0.35419821 0.08286620 0.24826169 0.03376674 0.07337972 0.04916330 0.10915561 0.02782245
3.30016501 13.53095534 0.00185560 0.00103520 0.00128740 0.01023454 0.35456173 0.08263351 0.25530279 0.03706158 0.06828122 0.04804174 0.11481906 0.02488562
3.40017001 13.51448254 0.00109133 0.00112843 0.00063228 0.00578437 0.36022505 0.08058288 0.25844278 0.03202278 0.07051435 0.04801199 0.11768939 0.02387438
3.50017501 13.50508112 0.00108197 0.00094654 0.00054208 0.00432874 0.36359433 0.08521441 0.26768701 0.02821443 0.06671657 0.04651159 0.11505555 0.02010678
3.60018001 13.48425561 0.00133484 0.00097674 0.00103159 0.00835061 0.35452883 0.08101134 0.26917851 0.02833862 0.06304736 0.04647100 0.12026856 0.02546199
3.70018501 13.46947665 0.00143902 0.00103106 0.00099341 0.01009714 0.35598545 0.07872840 0.27197526 0.02530299 0.07209405 0.04238743 0.12291417 0.01705162
3.80019001 13.46395292 0.00098707 0.00100290 0.00046299 0.00721630 0.35622735 0.07842298 0.28132157 0.02632431 0.06753372 0.04447442 0.12191446 0.01411193
3.90019501 13.45592633 0.00152806 0.00094450 0.00085717 0.01011509 0.36467371 0.07553750 0.27605259 0.02648615 0.06413018 0.04083684 0.12419901 0.01463918
4.00020001 13.44443377 0.00107951 0.00092126 0.00056536 0.00547259 0.36699561 0.07237647 0.28227712 0.02502896 0.05797508 0.04109115 0.12783093 0.01838596
4.10020501 13.43705137 0.00121573 0.00103476 0.00067566 0.00906177 0.37130929 0.05880121 0.28036085 0.02200204 0.05799106 0.04671395 0.13530405 0.01552964
4.20021001 13.41328411 0.00135846 0.00106934 0.00090260 0.01545968 0.36568213 0.05589220 0.28314393 0.02191042 0.06191433 0.04343839 0.13419027 0.01503827
4.30021501 13.40380776 0.00130060 0.00098202 0.00101898 0.00858574 0.36403653 0.06079823 0.29172471 0.02177247 0.06323526 0.04027933 0.12802148 0.01824465
4.40022001 13.39386282 0.00139003 0.00095361 0.00099147 0.01143898 0.36350357 0.05971270 0.29641157 0.02071287 0.05844761 0.04086605 0.13068363 0.01488790
4.50022501 13.37855750 0.00091565 0.00101877 0.00063549 0.00704594 0.36604934 0.06417245 0.29555727 0.01939643 0.06010662 0.03837075 0.13126801 0.01546330
4.60023001 13.36520721 0.00081495 0.00106882 0.00038611 0.00197413 0.36506063 0.06048455 0.29572711 0.02272460 0.06465368 0.04211680 0.12948976 0.01549886
4.70023501 13.35813181 0.00094935 0.00096397 0.00055857 0.00589831 0.36744745 0.06163587 0.29605259 0.02112451 0.06052672 0.04200745 0.12700927 0.01582593
4.80024001 13.34587582 0.00125468 0.00099049 0.00089081 0.01229827 0.37121461 0.05200751 0.30041952 0.02121211 0.05545847 0.04046666 0.12991692 0.01386996
4.90024501 13.33094684 0.00100520 0.00101119 0.00050571 0.00499061 0.37406040 0.04723192 0.30064345 0.02459894 0.05342804 0.04469364 0.13485692 0.01297398
5.00025001 13.30879002 0.00151071 0.00094816 0.00096510 0.01541328 0.36157400 0.04799555 0.29139458 0.02605283 0.05688814 0.04489760 0.13719511 0.01516494
5.10025501 13.29984782 0.00143333 0.00091021 0.00134309 0.00850586 0.36686931 0.05111339 0.29465061 0.02311885 0.05358322 0.04310436 0.13398665 0.02138113
5.20026001 13.28152887 0.00144361 0.00091458 0.00110964 0.01119105 0.37018089 0.04881257 0.30441295 0.02535251 0.04772090 0.04355067 0.13077068 0.01453996
5.30026501 13.26736570 0.00150172 0.00085734 0.00120014 0.01031419 0.36828454 0.05692365 0.30944000 0.02389641 0.04595484 0.04567510 0.12346328 0.01248879
5.40027001 13.25840031 0.00132451 0.00086329 0.00099851 0.01280472 0.36584498 0.05268481 0.30944927 0.02622806 0.04328851 0.04457971 0.12455395 0.01737969
5.50027501 13.25381154 0.00100638 0.00094388 0.00050440 0.00569454 0.37109510 0.05988304 0.30933499 0.02526482 0.04364804 0.03498551 0.13497799 0.01266131
5.60028001 13.24247165 0.00102859 0.00094797 0.00051341 0.00463260 0.37252190 0.05674380 0.30910219 0.02278714 0.04710301 0.03528001 0.13832493 0.01101445
5.70028501 13.23645382 0.00076456 0.00094086 0.00021960 0.00184470 0.37732192 0.05253860 0.30946219 0.02173001 0.04693946 0.03543382 0.14133557 0.01146871
5.80029001 13.22379031 0.00107173 0.00085056 0.00086818 0.00738542 0.37321330 0.05018890 0.30831529 0.01860217 0.04531457 0.04275589 0.13630628 0.01512771
5.90029501 13.21266270 0.00098542 0.00091763 0.00075058 0.00483162 0.37599552 0.05063493 0.30522397 0.01925180 0.04753423 0.03781815 0.14032865 0.01572750
6.00030002 13.19672806 0.00087134 0.00087941 0.00055838 0.00682328 0.36978467 0.05657160 0.30844993 0.01793036 0.04304418 0.04260387 0.13984181 0.01264118
6.10030502 13.18501048 0.00114294 0.00090343 0.00086411 0.01119089 0.37056100 0.05227878 0.30285134 0.01967191 0.04730739 0.04162402 0.13837683 0.01322736
6.20031002 13.17448977 0.00135853 0.00103898 0.00094651 0.01468558 0.36204048 0.05023062 0.30756673 0.01831602 0.04423101 0.03948034 0.14912280 0.01098239
6.30031502 13.15482566 0.00078551 0.00110173 0.00026247 0.00373705 0.36491841 0.05130438 0.31266019 0.02157568 0.05456646 0.03645495 0.14275321 0.00987995
6.40032002 13.14459692 0.00105096 0.00094946 0.00062759 0.01015538 0.36538738 0.05271901 0.31105203 0.01837753 0.04696776 0.03499982 0.14764337 0.01006971
6.50032502 13.13749222 0.00113846 0.00090441 0.00083568 0.00841407 0.36962305 0.05480277 0.31521637 0.01540303 0.04422007 0.03110187 0.14603611 0.01230413
6.60033002 13.12564670 0.00121260 0.00090273 0.00079138 0.00764717 0.36775728 0.04807034 0.32156635 0.02319102 0.04471916 0.02950996 0.14105449 0.01357753
6.70033502 13.11178720 0.00069142 0.00095165 0.00039658 0.00536565 0.37173489 0.05077828 0.32566052 0.01931293 0.04585382 0.02689900 0.13979913 0.01255614
6.80034002 13.10567014 0.00067677 0.00097162 0.00042760 0.00531785 0.37451550 0.04957279 0.32748322 0.01677547 0.04802734 0.02371078 0.14300232 0.00951874
6.90034502 13.09197503 0.00100422 0.00094333 0.00079844 0.00666834 0.36613764 0.04775483 0.32201512 0.01608428 0.04938031 0.03403873 0.14352360 0.01165116
7.00035002 13.08082567 0.00055473 0.00094812 0.00052470 0.00552126 0.35789901 0.04366136 0.32109368 0.01831552 0.04539829 0.03371311 0.15266089 0.01970932
7.10035502 13.06482952 0.00112121 0.00094596 0.00094911 0.01154544 0.35519508 0.03863467 0.31857342 0.01720307 0.04362261 0.03732743 0.15766293 0.01721908
7.20036002 13.04841270 0.00116517 0.00095130 0.00081302 0.00816340 0.34677004 0.04204469 0.32616993 0.02012745 0.04844644 0.04087696 0.15166229 0.01280931
7.30036502 13.03353536 0.00100408 0.00087591 0.00077889 0.00855372 0.34618959 0.04470739 0.32979397 0.01804633 0.04974999 0.03846996 0.14739053 0.01443963
7.40037002 13.02127287 0.00069748 0.00099045 0.00036512 0.00365525 0.34748648 0.04871571 0.33170107 0.01833875 0.04935307 0.03926222 0.14846893 0.01096547
7.50037502 13.00604987 0.00097306 0.00095505 0.00067157 0.01057676 0.34507323 0.05139779 0.33210159 0.01730227 0.04722106 0.04060934 0.14264907 0.01046921
7.60038002 12.99732728 0.00101661 0.00096754 0.00056557 0.00352759 0.35028664 0.04801590 0.32749980 0.02289766 0.04824916 0.03786894 0.14499686 0.01410773
7.70038502 12.98992423 0.00093202 0.00093668 0.00066275 0.00554545 0.34723688 0.04744454 0.32783301 0.01967420 0.04741950 0.04002670 0.14857393 0.01371434
7.80039002 12.97102321 0.00095375 0.00096568 0.00082497 0.00938923 0.34894726 0.04623279 0.33405362 0.01617107 0.04591172 0.03434386 0.14812172 0.01408434
7.90039502 12.95477722 0.00112047 0.00096370 0.00087939 0.01210548 0.34394035 0.04920737 0.32803625 0.01659784 0.04983619 0.03727197 0.14722352 0.01281749
8.00040002 12.94747693 0.00092886 0.00091509 0.00046711 0.00334521 0.34431157 0.05801439 0.32974637 0.02137894 0.04773658 0.03337752 0.14729039 0.01248796
8.10040502 12.94045799 0.00100303 0.00089272 0.00045868 0.00738568 0.34839724 0.05498005 0.32664987 0.02361410 0.04726400 0.03246927 0.14679617 0.01008920
8.20041002 12.93243647 0.00104849 0.00101671 0.00064545 0.00629603 0.34759221 0.05661241 0.32188011 0.02212056 0.05307421 0.02767636 0.15043677 0.01160071
8.30041502 12.92250222 0.00150672 0.00101896 0.00101284 0.01381296 0.34442859 0.05120578 0.32039316 0.02560433 0.05279726 0.02525376 0.15136203 0.01160361
8.40042002 12.90482775 0.00122916 0.00113588 0.00071796 0.00915136 0.34613732 0.04884340 0.31662893 0.02276179 0.05787782 0.02593674 0.15622005 0.01335959
8.50042502 12.89627098 0.00161011 0.00104333 0.00131674 0.01381161 0.34898947 0.04630418 0.32008771 0.01866326 0.05431714 0.02500135 0.15556235 0.01329275
8.60043002 12.88598725 0.00083905 0.00101840 0.00075969 0.00807093 0.36016802 0.04503950 0.31730209 0.01680381 0.05212718 0.02442850 0.15938431 0.01405852
8.70043502 12.87149691 0.00118945 0.00105574 0.00103552 0.01132543 0.35791723 0.04729972 0.31832535 0.01286426 0.05492598 0.02697915 0.15577570 0.01130646
8.80044002 12.85969141 0.00062873 0.00102513 0.00049302 0.00564533 0.35525766 0.04681217 0.32459595 0.01131059 0.05864713 0.03040645 0.15447413 0.01070372
8.90044502 12.84861398 0.00096005 0.00105420 0.00084434 0.00818450 0.34992776 0.04600578 0.32451682 0.01123858 0.05438756 0.03346436 0.15811367 0.01130240
9.00045002 12.82345055 0.00107328 0.00098966 0.00085967 0.00855028 0.34087527 0.04379332 0.33319275 0.01436032 0.05474672 0.03972419 0.14819560 0.01363894
9.10045502 12.80577311 0.00131432 0.00105011 0.00125038 0.01357125 0.33087118 0.04196640 0.33531776 0.01360339 0.05247907 0.04075721 0.15228188 0.01553705
9.20046002 12.79458392 0.00070431 0.00108926 0.00050868 0.00691884 0.32907800 0.04096548 0.34092438 0.01260647 0.05409793 0.04317089 0.15681043 0.01312534
9.30046502 12.78513523 0.00067106 0.00104084 0.00043064 0.00413770 0.33287312 0.03504777 0.34663573 0.01559583 0.05746243 0.04211420 0.15398787 0.01000281
9.40047002 12.77477891 0.00085585 0.00101465 0.00059009 0.00661874 0.33991873 0.03773455 0.34178018 0.01470764 0.05852817 0.03650604 0.15275827 0.00898710
9.50047502 12.76473938 0.00078634 0.00095640 0.00048651 0.00560058 0.34158397 0.04593858 0.34451561 0.01591469 0.05511913 0.03326326 0.14782490 0.00801004
9.60048002 12.75607002 0.00106674 0.00089220 0.00075344 0.01093773 0.33943109 0.04961004 0.34770005 0.01649784 0.05050044 0.02825294 0.14547622 0.00888126
9.70048502 12.73580652 0.00100406 0.00091152 0.00051213 0.00723028 0.33839033 0.05749484 0.34583194 0.02115253 0.04389521 0.02737626 0.14497100 0.01122990
9.80049002 12.72496879 0.00080413 0.00096622 0.00044449 0.00341193 0.33832944 0.05823368 0.33870280 0.01905224 0.04598777 0.03247913 0.14801378 0.01357441
9.90049502 12.72162239 0.00088082 0.00089408 0.00055076 0.00509205 0.33813846 0.05888702 0.33844220 0.02028909 0.04282761 0.02960828 0.14969765 0.01469198
10.00050003 12.71298681 0.00081425 0.00089456 0.00044613 0.00744429 0.33753273 0.05612264 0.33906299 0.01704614 0.04634879 0.02862241 0.15016093 0.01550413
10.10050503 12.70411502 0.00105177 0.00089923 0.00099693 0.01137477 0.33282608 0.05381036 0.34075295 0.01518751 0.04734894 0.02661182 0.15017279 0.01896684
10.20051003 12.69985008 0.00107341 0.00087290 0.00094693 0.00669065 0.33566838 0.05364072 0.34780330 0.01653738 0.04178950 0.02808022 0.14786592 0.01903068
10.30051503 12.68672617 0.00069718 0.00088230 0.00058376 0.00380202 0.33998849 0.05705673 0.34689682 0.01458694 0.03985452 0.03112199 0.14637787 0.01815138
10.40052003 12.67672157 0.00088182 0.00095271 0.00075307 0.00521190 0.33932282 0.05099240 0.34836369 0.01634887 0.04164849 0.03079483 0.14771229 0.01701711
10.50052503 12.66198579 0.00096106 0.00101266 0.00090737 0.01031793 0.33559819 0.04957156 0.34565485 0.01362457 0.04084472 0.03198919 0.15288957 0.01662833
10.60053003 12.64503105 0.00079129 0.00100363 0.00075529 0.00573976 0.33113645 0.04999756 0.34706775 0.01625686 0.04103521 0.03060181 0.15575696 0.01985742
10.70053503 12.63089702 0.00092910 0.00101628 0.00104992 0.00921896 0.32582369 0.04962355 0.34330391 0.01190185 0.04904619 0.03517030 0.15280992 0.02010632
10.80054003 12.62070578 0.00092170 0.00092884 0.00080626 0.00658312 0.33143174 0.04651692 0.34302011 0.01648658 0.04805648 0.03704319 0.14856283 0.01964222
10.90054503 12.60970409 0.00103868 0.00093642 0.00082218 0.00719722 0.33675826 0.04268225 0.34912632 0.01817844 0.04679648 0.03505955 0.14638252 0.01502168
11.00055003 12.59811547 0.00092331 0.00094743 0.00059513 0.00737310 0.33967131 0.04217875 0.35164163 0.01986239 0.04708932 0.03382271 0.14465030 0.01124461
11.10055503 12.58308949 0.00102398 0.00107019 0.00067040 0.00468171 0.33909145 0.04159593 0.34997534 0.01956172 0.04790385 0.02856114 0.15395917 0.01190512
11.20056003 12.57278993 0.00062936 0.00118273 0.00046059 0.00713284 0.33838588 0.04480560 0.35051648 0.01349039 0.04971046 0.02343483 0.15820444 0.01204638
11.30056503 12.54952704 0.00146558 0.00105271 0.00123859 0.01458896 0.33183827 0.04458905 0.34425405 0.01866516 0.05071091 0.02080273 0.15614407 0.01464993
11.40057003 12.52974921 0.00126759 0.00119217 0.00096910 0.01049881 0.32671478 0.04796989 0.34325952 0.01764175 0.06106026 0.02355331 0.15377327 0.01209955
11.50057503 12.50803325 0.00124366 0.00100330 0.00109120 0.01189811 0.33579124 0.05354707 0.33508074 0.01460637 0.05849834 0.02573267 0.14962638 0.01188092
11.60058003 12.50316727 0.00121717 0.00095168 0.00116471 0.01024813 0.33610546 0.05141610 0.34217113 0.01357685 0.05903198 0.02205959 0.14773975 0.01431744
11.70058503 12.49292816 0.00098507 0.00102448 0.00080509 0.01205111 0.34000140 0.04979802 0.34300840 0.01207929 0.06143673 0.02413044 0.14052899 0.01415098
11.80059003 12.48349802 0.00097219 0.00109966 0.00079909 0.00683265 0.34667664 0.04731145 0.34334035 0.01020662 0.05718711 0.02630460 0.14369624 0.01557341
11.90059503 12.46887426 0.00100256 0.00104197 0.00093920 0.01006018 0.34338033 0.04344297 0.33793968 0.01148880 0.05759993 0.02947000 0.14603809 0.01759629
12.00060003 12.44836644 0.00093284 0.00100085 0.00085150 0.00680675 0.33518724 0.03960220 0.34189016 0.01518058 0.05448122 0.03478664 0.15144053 0.01783949
12.10060503 12.43907876 0.00069990 0.00092700 0.00040516 0.00207022 0.33257253 0.04264675 0.34236335 0.01782482 0.05243740 0.04020445 0.15369972 0.01414870
12.20061003 12.42888978 0.00094227 0.00092559 0.00072501 0.00687140 0.33300260 0.03912872 0.34249149 0.02055381 0.05009789 0.04247364 0.14948243 0.01330514
12.30061503 12.41858340 0.00060381 0.00099561 0.00046323 0.00557696 0.34196605 0.04123077 0.33748416 0.01601767 0.05483645 0.04097256 0.14271772 0.01713499
12.40062003 12.41278692 0.00077424 0.00099901 0.00053128 0.00364058 0.34494387 0.04318732 0.33569111 0.02218282 0.05387526 0.03498443 0.14449075 0.01469932
12.50062503 12.39620529 0.00087531 0.00105684 0.00051403 0.00504440 0.34404003 0.04992701 0.33131161 0.02092199 0.05327548 0.03368054 0.15031604 0.00903671
12.60063003 12.38416072 0.00080507 0.00104229 0.00049008 0.00764843 0.33308780 0.04814971 0.33026578 0.01980017 0.05546891 0.04031791 0.15413522 0.00878863
12.70063503 12.37725795 0.00056565 0.00103370 0.00022395 0.00037702 0.33578501 0.05396232 0.33132190 0.01799150 0.05775845 0.03316063 0.15410095 0.01371893
12.80064003 12.36185133 0.00083060 0.00096950 0.00045013 0.00597718 0.33394062 0.05193671 0.32933366 0.01949735 0.05477069 0.03827541 0.15098553 0.01303262
12.90064503 12.35146338 0.00107475 0.00094852 0.00070169 0.00657278 0.34278795 0.04861739 0.32729323 0.02205394 0.05577579 0.03661708 0.14519451 0.01236238
13.00065003 12.33548620 0.00150915 0.00098471 0.00117230 0.01152169 0.33427214 0.05138393 0.32841367 0.02223175 0.06112182 0.03827580 0.13720767 0.01190539
13.10065503 12.32754327 0.00065592 0.00090975 0.00040879 0.00267998 0.34976270 0.05359302 0.34078806 0.01880310 0.05533833 0.03290292 0.13320117 0.01095626
13.20066003 12.31645643 0.00069062 0.00091273 0.00050403 0.00738944 0.35699489 0.05158074 0.34021473 0.01355694 0.05274647 0.02698206 0.13513118 0.01329617
13.30066503 12.31101724 0.00097487 0.00084829 0.00067921 0.00641477 0.35304062 0.05131602 0.34102115 0.01574382 0.04800492 0.03125265 0.13708501 0.01361867
13.40067003 12.29582170 0.00112249 0.00095251 0.00057782 0.00612984 0.34865900 0.04946603 0.34274336 0.01825111 0.04692424 0.03123876 0.14272089 0.01121395
13.50067503 12.28093374 0.00105788 0.00095810 0.00082221 0.01001522 0.35328452 0.05326059 0.33757949 0.01520339 0.04193584 0.02710150 0.14224204 0.01653921
13.60068003 12.26976138 0.00132001 0.00091469 0.00098578 0.01414884 0.35072865 0.05321993 0.34078044 0.01464500 0.04155004 0.02341605 0.14402619 0.01426439
13.70068503 12.25646173 0.00118048 0.00088928 0.00102686 0.00958190 0.35090410 0.05810790 0.34091095 0.01466914 0.04011408 0.02735220 0.14318159 0.01208152
13.80069003 12.24828334 0.00089914 0.00097089 0.00061010 0.00781637 0.34929668 0.05584202 0.34471778 0.01585420 0.04170995 0.02538893 0.14530469 0.01158924
13.90069503 12.23695715 0.00107057 0.00087342 0.00058751 0.00786476 0.35355369 0.04828081 0.34715470 0.02168770 0.03943262 0.02769860 0.14098557 0.01081005
14.00070004 12.23054676 0.00115132 0.00091257 0.00085833 0.01138735 0.36102186 0.04132375 0.33940113 0.01911964 0.04128668 0.02583689 0.14537777 0.01232272
14.10070504 12.21656771 0.00069850 0.00092415 0.00049289 0.00304979 0.36469244 0.04518713 0.34294883 0.01363619 0.03944738 0.02919841 0.14798719 0.01173708
14.20071004 12.20691030 0.00075701 0.00083887 0.00048446 0.00625886 0.36173586 0.04588209 0.34781196 0.01543401 0.03794951 0.02893111 0.14366379 0.01025247
14.30071504 12.20048684 0.00066730 0.00088714 0.00027828 0.00215307 0.36025844 0.04725665 0.34839283 0.01703803 0.04138270 0.02905953 0.14307890 0.00954715
14.40072004 12.18740570 0.00057573 0.00087412 0.00021282 0.00208577 0.37140174 0.04193451 0.34907102 0.01607006 0.04182532 0.02887382 0.13882780 0.00824730
14.50072504 12.17463458 0.00058056 0.00086016 0.00032690 0.00162804 0.37016538 0.04224025 0.35293899 0.01574254 0.04167479 0.02728201 0.13636067 0.01019970
14.60073004 12.15767829 0.00100757 0.00082718 0.00090261 0.00775502 0.36350807 0.04139159 0.34636515 0.01650496 0.04167105 0.02630424 0.13762854 0.01613401
14.70073504 12.14696151 0.00094196 0.00091965 0.00067261 0.00561575 0.36599608 0.04403530 0.33884745 0.01676981 0.04231241 0.02622015 0.14392442 0.01374443
14.80074004 12.13761496 0.00085250 0.00094202 0.00047555 0.00345543 0.37061972 0.04489234 0.33432104 0.02026044 0.04279378 0.02168782 0.14732345 0.01237592
14.90074504 12.12142179 0.00110275 0.00098319 0.00071983 0.00638885 0.36522417 0.04220093 0.33192274 0.01684506 0.05032111 0.02928688 0.14554880 0.00945569
15.00075004 12.12077790 0.00050007 0.00092584 0.00033528 0.00211461 0.36849103 0.03479365 0.34192218 0.01416351 0.04626241 0.03451820 0.14639855 0.00957468
15.10075504 12.11428163 0.00089989 0.00088863 0.00073867 0.00735221 0.37198164 0.02939265 0.34052428 0.01545082 0.04379387 0.03252131 0.14681158 0.00964444
15.20076004 12.09290907 0.00083308 0.00097874 0.00052470 0.00720574 0.36548361 0.02849084 0.35131972 0.01601500 0.04876166 0.03065754 0.14145626 0.00827310
15.30076504 12.07775116 0.00078050 0.00094073 0.00042008 0.00417689 0.35911276 0.03748004 0.35259235 0.02007431 0.04428326 0.03065220 0.14307090 0.00641598
15.40077004 12.07031934 0.00104143 0.00090851 0.00087216 0.00847298 0.36144900 0.03614046 0.34644897 0.01606417 0.04495464 0.03166978 0.14023888 0.01173902
15.50077504 12.06012615 0.00134418 0.00082520 0.00117064 0.01555885 0.36238473 0.03906247 0.33701912 0.01754641 0.03722329 0.03278950 0.14254766 0.01252794
15.60078004 12.05195496 0.00147446 0.00085209 0.00109244 0.00984883 0.36153491 0.04054288 0.33630373 0.02137494 0.03606752 0.03578840 0.14524174 0.00987805
15.70078504 12.04155355 0.00081729 0.00093320 0.00062306 0.00475400 0.35806616 0.04561665 0.33623635 0.01869111 0.04165111 0.03883972 0.14311318 0.01065817
15.80079004 12.02436501 0.00091402 0.00092334 0.00053077 0.00534273 0.35134224 0.04942822 0.34032360 0.02069253 0.03902505 0.03837473 0.14238577 0.01071701
15.90079504 12.00550823 0.00159066 0.00083001 0.00108339 0.01159017 0.34695937 0.04797458 0.34345289 0.02572361 0.03435480 0.04016204 0.13640293 0.00987556
16.00080004 12.00092010 0.00073474 0.00082411 0.00033048 0.00256838 0.34943068 0.05284122 0.34488096 0.02312305 0.03800881 0.04110546 0.13285544 0.01329667
16.10080504 11.98841720 0.00108296 0.00086524 0.00078288 0.00869108 0.35043012 0.04831456 0.34200709 0.02195773 0.04103398 0.03708181 0.13366357 0.01408897
16.20081004 11.97153694 0.00124046 0.00091748 0.00097659 0.01009009 0.34856639 0.04531379 0.34262375 0.01998673 0.04166634 0.03490004 0.14022605 0.01349230
16.30081504 11.95795449 0.00122638 0.00093162 0.00109971 0.01249515 0.33898367 0.04867892 0.34139322 0.01653378 0.04285861 0.03697253 0.14383289 0.01499354
16.40082004 11.94684952 0.00088321 0.00105825 0.00058070 0.00595565 0.34130900 0.04842195 0.34756323 0.01714797 0.05259982 0.03153026 0.14146971 0.01148026
16.50082504 11.93442905 0.00071242 0.00088638 0.00040742 0.00275332 0.34075880 0.05062036 0.35186382 0.01510310 0.05290513 0.03130090 0.13958587 0.01310248
16.60083004 11.92763343 0.00089778 0.00090459 0.00067079 0.00516677 0.34249568 0.05155955 0.34630379 0.01494758 0.05381798 0.02749821 0.14247795 0.01325931
16.70083504 11.91731679 0.00143527 0.00091383 0.00104672 0.01474127 0.34226314 0.04436930 0.35161670 0.01569278 0.05281536 0.02721708 0.13839098 0.00949759
16.80084004 11.91405994 0.00092745 0.00093500 0.00074031 0.00698629 0.34655748 0.04462046 0.34684435 0.01642151 0.05074742 0.03156627 0.13891575 0.01473770
16.90084504 11.90308665 0.00115195 0.00090234 0.00080255 0.00630545 0.34088275 0.04494030 0.34976948 0.01881587 0.04722341 0.03533400 0.14122201 0.01264988
17.00085004 11.89237541 0.00070419 0.00089522 0.00034115 0.00411277 0.34635916 0.05194359 0.34003879 0.01643875 0.04688733 0.03815777 0.14381950 0.01030179
17.10085504 11.88068688 0.00085019 0.00085409 0.00051867 0.00647484 0.34002752 0.05088465 0.34246869 0.01711297 0.04523704 0.03906665 0.14541265 0.01109202
17.20086004 11.86789209 0.00072547 0.00083889 0.00043742 0.00547567 0.34067138 0.05120065 0.34115464 0.01623323 0.04945035 0.04277675 0.13788475 0.01315080
17.30086504 11.85869298 0.00094985 0.00093185 0.00057076 0.00640975 0.34690055 0.04202250 0.34081615 0.01784444 0.05631053 0.03984024 0.13504092 0.01236246
17.40087004 11.84839075 0.00085555 0.00086892 0.00062222 0.00911462 0.34258019 0.04300255 0.34403971 0.01546165 0.05534660 0.03974783 0.13516458 0.01319559
17.50087504 11.84040823 0.00073526 0.00092678 0.00057846 0.00541575 0.34701937 0.04148610 0.34622300 0.01369380 0.05553826 0.03564015 0.14029259 0.01245048
17.60088004 11.82562318 0.00103906 0.00083960 0.00080698 0.00850384 0.34446691 0.04558363 0.33898308 0.01705863 0.04701798 0.04171467 0.14269243 0.01129320
17.70088504 11.81480127 0.00103595 0.00088328 0.00080701 0.00858132 0.34749297 0.05303863 0.33170508 0.01690695 0.04236579 0.03508343 0.14755288 0.01454670
17.80089004 11.80456724 0.00063530 0.00101696 0.00030382 0.00172936 0.34818437 0.05307820 0.33275402 0.01491440 0.04533405 0.03609639 0.15471060 0.01124254
17.90089504 11.79039910 0.00092915 0.00100088 0.00058003 0.00602161 0.34656662 0.04895617 0.33221505 0.01638765 0.04629772 0.03622687 0.15391972 0.01089853
18.00090005 11.78437053 0.00085974 0.00095527 0.00049568 0.00621398 0.35131517 0.04840432 0.33735917 0.01689936 0.04841951 0.03099202 0.14795089 0.01013490
18.10090505 11.78170710 0.00072924 0.00085909 0.00049493 0.00443132 0.36150707 0.04612146 0.33607667 0.01470179 0.04628877 0.02811303 0.14526841 0.01540824
18.20091005 11.76475773 0.00107233 0.00096236 0.00093905 0.00924158 0.35908876 0.04560706 0.32980909 0.01460663 0.04916251 0.02652511 0.14897728 0.01400824
18.30091505 11.75810599 0.00103353 0.00095451 0.00086682 0.01056564 0.34957812 0.05106933 0.33467103 0.01539740 0.04932294 0.02521546 0.14747340 0.01385182
18.40092005 11.73576612 0.00145747 0.00096450 0.00142111 0.01460959 0.35330692 0.04491820 0.32981174 0.01676312 0.04564933 0.02562172 0.15026752 0.01520881
18.50092505 11.71800738 0.00083914 0.00100689 0.00058164 0.00548445 0.35950000 0.04838116 0.33298958 0.01606777 0.04558031 0.02500071 0.15092321 0.01364513
18.60093005 11.70475665 0.00105744 0.00087823 0.00076042 0.00815560 0.35858445 0.05114701 0.33510725 0.01664115 0.04328485 0.02851110 0.14414522 0.01172728
18.70093505 11.69242642 0.00094087 0.00098643 0.00058982 0.00711409 0.36052816 0.05017502 0.33795063 0.01631351 0.04844657 0.02228058 0.14608822 0.00858610
18.80094005 11.68224534 0.00075371 0.00094521 0.00033093 0.00210865 0.36341186 0.05050513 0.33729559 0.02169414 0.04911926 0.02248651 0.14122807 0.01012093
18.90094505 11.66757567 0.00144305 0.00091197 0.00096025 0.01148549 0.35989695 0.04693699 0.34192851 0.01961954 0.04559494 0.02301829 0.13966764 0.00853639
19.00095005 11.66025130 0.00086116 0.00098598 0.00048731 0.00660897 0.35865050 0.04792888 0.34143265 0.01960101 0.04605701 0.02417142 0.14287386 0.01034124
19.10095505 11.64823062 0.00097606 0.00101159 0.00055136 0.00501031 0.35231978 0.04649786 0.34422341 0.02051680 0.04893227 0.02233518 0.14751293 0.01011243
19.20096005 11.64197141 0.00084149 0.00089299 0.00065067 0.00723082 0.35481414 0.04473835 0.33996785 0.01422935 0.04620103 0.02759863 0.15012399 0.01271069
19.30096505 11.63640296 0.00067154 0.00083821 0.00031953 0.00163881 0.35701306 0.04553324 0.34498043 0.01545872 0.04256307 0.03105227 0.14660523 0.01332589
19.40097005 11.62845084 0.00075569 0.00080202 0.00050791 0.00661580 0.36150688 0.04313171 0.34386289 0.01656100 0.03752641 0.03188172 0.14430181 0.01254617
19.50097505 11.61144098 0.00085505 0.00084877 0.00054999 0.00809597 0.35714452 0.04235226 0.34016738 0.01863005 0.04096262 0.03667942 0.14287671 0.01083725
19.60098005 11.60195665 0.00056858 0.00086198 0.00032644 0.00451518 0.35979725 0.04321801 0.34293589 0.01817031 0.03913017 0.03330232 0.14527471 0.01189916
19.70098505 11.58917758 0.00081321 0.00086727 0.00057427 0.00475769 0.35737312 0.04198033 0.34067584 0.01868165 0.04152152 0.03583839 0.14356225 0.01335446
19.80099005 11.57169817 0.00088449 0.00096251 0.00059707 0.00351634 0.35950655 0.03926511 0.33728491 0.02100786 0.04300000 0.03060884 0.14724603 0.01612028
19.90099505 11.56513355 0.00102303 0.00087357 0.00080855 0.01006933 0.36262806 0.03774814 0.34010680 0.01806141 0.04085411 0.02794683 0.14553746 0.01434271
20.00100005 11.54952044 0.00143561 0.00086037 0.00122945 0.01274148 0.35764802 0.03808329 0.33606739 0.01998038 0.03623161 0.03171351 0.14919260 0.01481628
20.10100505 11.53946946 0.00077126 0.00096941 0.00063235 0.00521769 0.36406295 0.03388597 0.34610700 0.01499012 0.04679801 0.02732503 0.14806262 0.01117758
20.20101005 11.53741131 0.00066470 0.00088314 0.00050624 0.00533012 0.36793073 0.03702883 0.34647875 0.01416639 0.04549521 0.02752087 0.14321216 0.01078285
20.30101505 11.52121739 0.00051733 0.00093567 0.00038258 0.00184048 0.36808334 0.04131456 0.34323293 0.01265145 0.04731874 0.03011241 0.14242931 0.01118119
20.40102005 11.50711027 0.00083351 0.00092204 0.00069624 0.00657767 0.37079309 0.04301023 0.33779139 0.00969280 0.04559496 0.02723666 0.14689853 0.00995290
20.50102505 11.49641407 0.00099869 0.00093425 0.00065095 0.00835682 0.35824940 0.04114318 0.34459539 0.01204778 0.04760963 0.02970688 0.14661133 0.00909569
20.60103005 11.47614419 0.00112839 0.00090250 0.00053425 0.00702179 0.35887100 0.03835410 0.34205019 0.01856496 0.04369857 0.03007388 0.15047773 0.00832263
20.70103505 11.46558980 0.00084744 0.00093411 0.00041985 0.00562848 0.36010099 0.03631478 0.34115254 0.01743057 0.04709447 0.02886472 0.15071789 0.01049415
20.80104005 11.45179599 0.00105715 0.00089759 0.00079548 0.00771885 0.36259656 0.03626269 0.33883774 0.01649257 0.04782910 0.03002971 0.14783900 0.00964355
20.90104505 11.44599025 0.00052307 0.00086939 0.00020702 0.00043816 0.36869637 0.03409721 0.34170121 0.01785292 0.04832111 0.03063003 0.14641192 0.01025158
21.00105005 11.43159987 0.00087267 0.00094381 0.00066210 0.00744442 0.36427597 0.03673204 0.33644933 0.01604236 0.04515917 0.03220093 0.14917171 0.01004548
21.10105505 11.42501683 0.00072267 0.00089814 0.00053875 0.00332053 0.36151967 0.03702062 0.33845217 0.01815742 0.04442716 0.03769139 0.14470285 0.01254862
21.20106005 11.41257189 0.00075385 0.00096755 0.00042230 0.00619205 0.36413868 0.02898749 0.33722713 0.01838110 0.04437415 0.03608588 0.15129249 0.01117734
21.30106505 11.40335996 0.00098600 0.00088647 0.00056653 0.00431208 0.36091514 0.03224495 0.33451046 0.02025733 0.04221049 0.03999374 0.15347744 0.00963937
21.40107005 11.39554718 0.00092516 0.00091151 0.00076358 0.00873824 0.35539899 0.03541695 0.33756949 0.01439374 0.04714039 0.03924525 0.15097961 0.00851708
21.50107505 11.38330211 0.00078912 0.00085616 0.00057742 0.00551490 0.35474133 0.04268158 0.34835254 0.01523976 0.04068750 0.03213174 0.14736247 0.01106546
21.60108005 11.36921673 0.00119633 0.00086868 0.00115247 0.01646399 0.35235991 0.03874775 0.34119937 0.01468636 0.04259714 0.03084904 0.14697490 0.01290406
21.70108505 11.36001407 0.00080618 0.00089601 0.00070531 0.00787938 0.35341645 0.03879781 0.34065282 0.01860229 0.04253561 0.03409724 0.14649911 0.01511178
21.80109005 11.34570075 0.00140056 0.00093213 0.00122565 0.01391919 0.35442535 0.03827302 0.33572996 0.01664721 0.04775561 0.03419216 0.14515695 0.01034221
21.90109505 11.33586702 0.00141162 0.00097150 0.00102168 0.00974227 0.35886570 0.03970734 0.33193239 0.01824137 0.05269894 0.02777060 0.14953147 0.00810512
22.00110006 11.32609754 0.00122688 0.00092789 0.00095271 0.01112018 0.36040534 0.03906806 0.32698382 0.01712877 0.04879711 0.03239428 0.15288585 0.00810913
22.10110506 11.30722786 0.00065138 0.00087167 0.00037564 0.00528537 0.36705156 0.05437580 0.32230556 0.01578941 0.04717907 0.02875635 0.14859214 0.00876605
22.20111006 11.30160831 0.00065604 0.00088460 0.00026804 0.00342922 0.36593745 0.05524756 0.32453166 0.01831942 0.04841443 0.02623503 0.14423187 0.01184470
22.30111506 11.29359519 0.00088926 0.00089944 0.00059518 0.00528816 0.37006749 0.04287955 0.32477290 0.01687690 0.05293046 0.02667713 0.14532970 0.01279382
22.40112006 11.27920651 0.00044933 0.00102174 0.00023632 0.00407034 0.36728600 0.03662200 0.33510189 0.01203953 0.05436759 0.03095955 0.14822278 0.00962293
22.50112506 11.26722178 0.00039743 0.00092620 0.00038493 0.00239118 0.36515148 0.03812327 0.32859362 0.01200731 0.05602416 0.03469147 0.14530454 0.01600440
22.60113006 11.25419401 0.00077105 0.00094119 0.00057316 0.00384904 0.35775386 0.03522797 0.32741052 0.01694840 0.05647400 0.03835341 0.14742044 0.01427698
22.70113506 11.24205019 0.00108388 0.00093246 0.00092849 0.00779427 0.36107441 0.03665395 0.31748451 0.01934758 0.05436324 0.03382375 0.15014539 0.01636809
22.80114006 11.22854299 0.00083924 0.00085237 0.00045604 0.00711366 0.35347103 0.05040474 0.32334632 0.01959077 0.05327869 0.03023101 0.14905160 0.01136455
22.90114506 11.21127221 0.00120045 0.00088974 0.00112878 0.01170137 0.35288971 0.04669053 0.32429783 0.01438235 0.05147305 0.03317354 0.15044967 0.01172297
23.00115006 11.20793448 0.00099972 0.00083376 0.00093519 0.00995257 0.35814018 0.04683198 0.32317588 0.01649759 0.04827978 0.03129976 0.14757040 0.01548320
23.10115506 11.19987190 0.00080652 0.00088277 0.00047445 0.00226219 0.36074787 0.04999971 0.32817377 0.02176579 0.04819792 0.02853833 0.14199767 0.01615301
23.20116006 11.18310841 0.00100632 0.00091829 0.00079854 0.00938600 0.35655194 0.04694418 0.32781393 0.02047407 0.05129703 0.02778111 0.14141881 0.01560978
23.30116506 11.17332638 0.00109723 0.00093577 0.00088996 0.00810023 0.35710241 0.05020490 0.32331587 0.01871644 0.04812489 0.02839348 0.14852107 0.01459776
23.40117006 11.16464971 0.00089204 0.00098549 0.00059251 0.00452992 0.35931728 0.04667132 0.33052534 0.01615983 0.04634411 0.02516742 0.15682778 0.01198695
23.50117506 11.15496393 0.00096426 0.00092742 0.00079571 0.00702975 0.36335254 0.04012817 0.33426809 0.01475300 0.04250813 0.02713471 0.15294383 0.01519440
23.60118006 11.14467946 0.00089695 0.00087173 0.00068028 0.00911051 0.36088544 0.04553811 0.33205520 0.01671648 0.04294180 0.02731244 0.14924584 0.01374524
23.70118506 11.13711639 0.00128485 0.00082747 0.00072860 0.00801733 0.35737631 0.04678735 0.33667887 0.02464486 0.04243636 0.02703234 0.14268099 0.01150467
23.80119006 11.12651572 0.00111409 0.00075286 0.00070788 0.00561435 0.35660689 0.05234473 0.33350310 0.02619670 0.03785587 0.03466331 0.13728128 0.01335895
23.90119506 11.12144395 0.00066109 0.00091789 0.00015591 0.00049346 0.35927429 0.05370465 0.33607766 0.02269301 0.04007142 0.03045306 0.14365875 0.01183882
24.00120006 11.11326399 0.00119456 0.00083942 0.00089898 0.01153102 0.35968584 0.05176110 0.33286181 0.01823843 0.03366428 0.03112421 0.14694866 0.01125170
24.10120506 11.09881195 0.00133927 0.00083933 0.00093885 0.00954441 0.34945428 0.05382570 0.33208697 0.02284229 0.03602720 0.03172847 0.14759221 0.01378102
24.20121006 11.08795924 0.00098763 0.00082836 0.00062320 0.00604016 0.35097088 0.05594418 0.33703279 0.01849224 0.03078070 0.03665475 0.15038726 0.01125784
24.30121506 11.07379447 0.00121605 0.00081984 0.00090614 0.01251363 0.35252235 0.05600975 0.32871546 0.01763666 0.03361900 0.03616688 0.14832336 0.01155089
24.40122006 11.05679164 0.00116579 0.00083290 0.00074312 0.00821740 0.35045514 0.05641891 0.33080057 0.02373342 0.03335686 0.03491465 0.14655454 0.01280670
24.50122506 11.04415733 0.00098516 0.00080249 0.00081930 0.00586752 0.34606372 0.05838912 0.34080237 0.01700025 0.03715044 0.03859242 0.13718097 0.01634623
24.60123006 11.03621081 0.00061213 0.00087769 0.00038800 0.00174087 0.34826774 0.05105096 0.34429854 0.01887603 0.04626902 0.03561149 0.13628701 0.01572053
24.70123506 11.02139250 0.00079459 0.00093718 0.00036825 0.00199602 0.34575294 0.05298671 0.34025477 0.02025964 0.05061650 0.03359558 0.14043860 0.01199921
24.80124006 11.00778470 0.00104547 0.00092666 0.00063041 0.00677192 0.34021581 0.05062172 0.33973501 0.01905773 0.04722849 0.03289118 0.14789402 0.01298157
24.90124506 11.00286868 0.00103480 0.00086049 0.00084854 0.00723336 0.33748220 0.04657405 0.33945647 0.01927487 0.04412262 0.03489976 0.15007821 0.01813462
25.00125006 10.98806817 0.00175786 0.00085988 0.00137003 0.01732678 0.33485343 0.04228334 0.34354101 0.02104814 0.04210832 0.03017255 0.15263736 0.01204130
25.10125506 10.97948374 0.00075411 0.00092753 0.00056979 0.00568845 0.34698995 0.03593479 0.35152192 0.01558127 0.04404970 0.03486754 0.15051091 0.01260406
25.20126006 10.96657106 0.00083691 0.00094467 0.00062339 0.00970888 0.35056169 0.03619437 0.34400898 0.01512758 0.04326573 0.03967987 0.14921894 0.00982900
25.30126506 10.95532420 0.00059850 0.00091986 0.00053620 0.00295594 0.35083861 0.04769233 0.34101259 0.01423887 0.04576194 0.03536801 0.14346700 0.01661015
25.40127006 10.94473895 0.00066106 0.00094826 0.00051289 0.00595725 0.35381213 0.04278710 0.34290479 0.01567525 0.04311540 0.03269877 0.14721942 0.01370768
25.50127506 10.93626199 0.00093146 0.00093111 0.00063826 0.00553043 0.35384563 0.04827835 0.33850218 0.01692990 0.04568920 0.02840277 0.14703188 0.01328883
25.60128006 10.92788726 0.00078036 0.00099602 0.00046782 0.00566916 0.35622514 0.04597285 0.33823409 0.01505974 0.04721510 0.02701673 0.15132964 0.01103334
