0.00000000 2.00000000 0.00000000 0.00000000 0.00000000 0.00000000 0.00000000 0.00000000 0.00000000 1.00000000 0.00000000 0.00000000 0.00000000 0.00000000
0.10000500 2.00226305 0.02762701 0.00158417 0.00788931 0.09344549 0.10867946 0.13278514 0.02243596 0.41867521 0.05144240 0.09485461 0.01385801 0.02672322
0.20001000 2.00213211 0.01126751 0.00126088 0.00674509 0.05168647 0.13164915 0.22259347 0.04982840 0.23881106 0.05996605 0.15705343 0.03329551 0.03584298
0.30001500 2.00159904 0.00525008 0.00118920 0.00331306 0.03488523 0.14553263 0.23712580 0.06651041 0.16291090 0.07910057 0.18194011 0.04166719 0.04057481
0.40002000 2.00119751 0.00469845 0.00099444 0.00232578 0.01635880 0.14651723 0.21670376 0.07396280 0.16273802 0.08283842 0.20182718 0.04968711 0.04134801
0.50002500 2.00018401 0.00432478 0.00106593 0.00159226 0.00912980 0.16636537 0.18244386 0.08395637 0.15282509 0.08632209 0.21297835 0.06029024 0.03870586
0.60003000 1.99939077 0.00445724 0.00104181 0.00160826 0.01533198 0.18019483 0.14959748 0.09362864 0.14286907 0.09070596 0.22236353 0.06042876 0.03777244
0.70003500 1.99854483 0.00445628 0.00115777 0.00191131 0.01186308 0.18853346 0.12971374 0.09691559 0.12910627 0.09118616 0.22534089 0.07620702 0.04360842
0.80004000 1.99624873 0.00364311 0.00090989 0.00168840 0.01162989 0.18881190 0.12508010 0.10110018 0.11332321 0.09536154 0.23741549 0.07781649 0.04321980
0.90004500 1.99421704 0.00297819 0.00082870 0.00161720 0.01160909 0.19323711 0.12294832 0.10740812 0.09530943 0.09473894 0.23607010 0.08378713 0.04946766
1.00005000 1.99327512 0.00243793 0.00079931 0.00137881 0.01021961 0.20566542 0.13023205 0.12082438 0.08573750 0.09302273 0.21968641 0.08168817 0.04830768
1.10005500 1.99198909 0.00273764 0.00091000 0.00152366 0.00959234 0.21739073 0.13020035 0.12124046 0.08599374 0.09419622 0.20356846 0.08826259 0.04438381
1.20006000 1.99066253 0.00325230 0.00089488 0.00176210 0.01182566 0.22053070 0.14213682 0.13076421 0.08516347 0.09611561 0.17946153 0.08769460 0.04039811
1.30006500 1.98886944 0.00373544 0.00091612 0.00192930 0.01336617 0.23637992 0.15057339 0.12878108 0.09343519 0.09039412 0.15393959 0.09152875 0.03502092
1.40007000 1.98598267 0.00354144 0.00097897 0.00146525 0.01061984 0.24444752 0.16235140 0.12518115 0.09635837 0.09835807 0.12332221 0.09503430 0.03834149
1.50007500 1.98413568 0.00382274 0.00097313 0.00184108 0.01831130 0.25829108 0.16136618 0.12980739 0.09225236 0.09325219 0.10763316 0.09567621 0.03677318
1.60008000 1.98204338 0.00394751 0.00097265 0.00204435 0.01805840 0.26810724 0.15440696 0.13568682 0.09253116 0.09678187 0.09355731 0.09645141 0.03745431
1.70008500 1.97926440 0.00384818 0.00087247 0.00189412 0.01534452 0.28206005 0.15168940 0.14712351 0.08615988 0.09581307 0.08477228 0.09413090 0.03629161
1.80009000 1.97775316 0.00338563 0.00082219 0.00153803 0.01351782 0.29645687 0.14907833 0.15300542 0.08338619 0.08872454 0.08094826 0.09699099 0.03214574
1.90009500 1.97722513 0.00302761 0.00089202 0.00133813 0.01040028 0.30582062 0.13965495 0.15948599 0.07430309 0.09300255 0.08232857 0.09879881 0.03094738
2.00010001 1.97287208 0.00343890 0.00100407 0.00184160 0.01694919 0.30790434 0.12321378 0.15831724 0.07033895 0.09609563 0.08458752 0.10467872 0.03163007
2.10010501 1.97185459 0.00226271 0.00092641 0.00101999 0.01005364 0.31159763 0.11450489 0.16689652 0.05803962 0.09749367 0.09400630 0.10908577 0.03411285
2.20011001 1.97095929 0.00188961 0.00080883 0.00106049 0.00527115 0.31568235 0.10913634 0.17507572 0.04897216 0.09666688 0.09515091 0.11376623 0.03651934
2.30011501 1.96692204 0.00206864 0.00089628 0.00106266 0.00866784 0.31792090 0.10385306 0.17362279 0.04953792 0.10135293 0.09328069 0.11820711 0.02952919
2.40012001 1.96527589 0.00268504 0.00093052 0.00170434 0.01694375 0.31807922 0.09518599 0.17280010 0.04730790 0.09815039 0.09198759 0.12403977 0.03018540
2.50012501 1.96399129 0.00185443 0.00091454 0.00128659 0.01239827 0.32583788 0.09630465 0.17321456 0.03904403 0.10142681 0.08828170 0.13060621 0.02883033
2.60013001 1.96015073 0.00173559 0.00085271 0.00108726 0.00707241 0.32826337 0.09982232 0.17868319 0.03885858 0.09979686 0.07919608 0.13440387 0.03022776
2.70013501 1.95960828 0.00165139 0.00088422 0.00093623 0.00483706 0.33152265 0.09773010 0.17950498 0.03955974 0.10571214 0.07100538 0.13637602 0.03028011
2.80014001 1.95801868 0.00135433 0.00080968 0.00070888 0.00286077 0.33761018 0.10053743 0.18739659 0.04123952 0.09611791 0.06828802 0.13406564 0.02901104
2.90014501 1.95312738 0.00209147 0.00076833 0.00120223 0.01008477 0.33586557 0.09858708 0.18971844 0.04078532 0.09321529 0.06736429 0.13243238 0.02788484
3.00015001 1.95096339 0.00212504 0.00071038 0.00135021 0.01291242 0.34787136 0.09586512 0.19356723 0.03862039 0.08768845 0.06056245 0.13216257 0.02656438
3.10015501 1.94923380 0.00184941 0.00075900 0.00109725 0.00721195 0.35709527 0.09383433 0.19623413 0.03846952 0.08377704 0.05708563 0.13613456 0.02645190
3.20016001 1.94833098 0.00143321 0.00082186 0.00056987 0.00469454 0.36020063 0.09110372 0.20015932 0.03976074 0.08500916 0.05321227 0.13780903 0.02522564
3.30016501 1.94593966 0.00150375 0.00080359 0.00088818 0.00546257 0.36550431 0.08713827 0.20621587 0.03096349 0.08497541 0.05410283 0.13850082 0.02394091
3.40017001 1.94446846 0.00168696 0.00068768 0.00088382 0.00685627 0.37301418 0.08864673 0.21187861 0.03109642 0.08046801 0.04620921 0.13795152 0.02062058
3.50017501 1.94162597 0.00155729 0.00082598 0.00103501 0.01085498 0.37753325 0.07899975 0.21264461 0.02735411 0.08393123 0.03983395 0.14506493 0.02036490
3.60018001 1.93958070 0.00137364 0.00085159 0.00083489 0.00629342 0.38241918 0.08036174 0.21762450 0.02203891 0.08102392 0.03654894 0.15408082 0.01654847
3.70018501 1.93759600 0.00193040 0.00074881 0.00140144 0.01314679 0.37827646 0.07496797 0.21944702 0.02273005 0.08121400 0.03579557 0.15231371 0.01802777
3.80019001 1.93778040 0.00129575 0.00077274 0.00070183 0.00458089 0.37791444 0.07208677 0.22701914 0.02329925 0.07666001 0.03729159 0.15763368 0.02074392
3.90019501 1.93432623 0.00120137 0.00068639 0.00075990 0.00723048 0.37772002 0.06479761 0.22886614 0.02406613 0.07465332 0.03698807 0.16007414 0.02295645
4.00020001 1.93171870 0.00149433 0.00073179 0.00116076 0.00836609 0.38062198 0.06067106 0.22875484 0.02286930 0.07464329 0.03675864 0.16324808 0.02067982
4.10020501 1.93065653 0.00140864 0.00078155 0.00108590 0.00740045 0.38159318 0.06458437 0.22918110 0.01966255 0.07131868 0.03797080 0.16912548 0.01588731
4.20021001 1.93089320 0.00151812 0.00062061 0.00095292 0.00729680 0.39056786 0.06156302 0.23396831 0.02346272 0.06922996 0.03065500 0.16561327 0.01455142
4.30021501 1.92581872 0.00114174 0.00066142 0.00069386 0.00444681 0.39372007 0.06604122 0.23010458 0.01834280 0.07050039 0.03447962 0.16501355 0.01485395
4.40022001 1.92559655 0.00070983 0.00070257 0.00017762 0.00058270 0.39284860 0.06464581 0.23436988 0.01736485 0.06704299 0.03535109 0.17103596 0.01516811
4.50022501 1.92262035 0.00119726 0.00062197 0.00082647 0.00639079 0.39234534 0.05503501 0.23959589 0.01557016 0.06555486 0.03845771 0.16788195 0.01652259
4.60023001 1.92176936 0.00085271 0.00059423 0.00050815 0.00494567 0.39622391 0.05436171 0.24190512 0.02159350 0.05899237 0.03467896 0.16828438 0.01705928
4.70023501 1.91955267 0.00079460 0.00065213 0.00053858 0.00184870 0.39836115 0.05904356 0.24059362 0.01686334 0.05950864 0.03306146 0.17088445 0.01784976
4.80024001 1.91615607 0.00063642 0.00060856 0.00038746 0.00159887 0.40001380 0.05680220 0.25012072 0.01672899 0.05595008 0.03219957 0.16930684 0.01564649
4.90024501 1.91226266 0.00112945 0.00059273 0.00059535 0.00399966 0.40368798 0.05053135 0.25139702 0.02391473 0.05025617 0.03078445 0.17006610 0.01304500
5.00025001 1.91167009 0.00109787 0.00055864 0.00072900 0.00422617 0.40428742 0.05085841 0.24978176 0.02182445 0.04935075 0.03196478 0.16802143 0.01729932
5.10025501 1.90985368 0.00083593 0.00056114 0.00052215 0.00192786 0.40176304 0.05273488 0.24513757 0.02496365 0.05031523 0.03159350 0.17222302 0.01742204
5.20026001 1.90651445 0.00080307 0.00054728 0.00031757 0.00176078 0.39988606 0.05647897 0.24710128 0.02328617 0.05117592 0.02994324 0.17528946 0.01341020
5.30026501 1.90639569 0.00098191 0.00049893 0.00056292 0.00301693 0.40444087 0.05481967 0.24707169 0.02079620 0.04718228 0.03158697 0.17680624 0.01223541
5.40027001 1.90275417 0.00054387 0.00063508 0.00015765 0.00031137 0.40606682 0.05424516 0.24929054 0.01655763 0.05299275 0.02916807 0.17901481 0.01101625
5.50027501 1.90180178 0.00060252 0.00053753 0.00019001 0.00211613 0.41209469 0.04999175 0.25022053 0.01532315 0.04944339 0.02783087 0.17970386 0.01194558
5.60028001 1.89946202 0.00067829 0.00049070 0.00026572 0.00357743 0.41105216 0.04517202 0.25258034 0.01534343 0.04902628 0.02837747 0.18085052 0.01258564
5.70028501 1.89618056 0.00070634 0.00052580 0.00038318 0.00278776 0.41741381 0.04075297 0.25058129 0.01543813 0.04869389 0.02821722 0.18078521 0.01371439
5.80029001 1.89504747 0.00072491 0.00052190 0.00044823 0.00479750 0.41354711 0.04252089 0.24679088 0.01550099 0.04928034 0.02841335 0.18385978 0.01359413
5.90029501 1.88877966 0.00068015 0.00064799 0.00038675 0.00169170 0.41077366 0.04159016 0.24805322 0.01435558 0.05009462 0.03097652 0.18643051 0.01431914
6.00030002 1.88794459 0.00078091 0.00052937 0.00078767 0.00323770 0.41427112 0.04044841 0.24694562 0.01440737 0.04742448 0.02852639 0.18682941 0.01581157
6.10030502 1.88281861 0.00062000 0.00068040 0.00058396 0.00390318 0.41411221 0.03671926 0.24943879 0.01179380 0.04759605 0.02933898 0.19017254 0.01504082
6.20031002 1.87639884 0.00097263 0.00054590 0.00061505 0.00542869 0.41454518 0.03754040 0.25265536 0.01502261 0.04768643 0.02769761 0.18656713 0.01072302
6.30031502 1.87408310 0.00110114 0.00055091 0.00076455 0.00450619 0.41871197 0.03678453 0.25144714 0.01778725 0.04595984 0.02431445 0.18533014 0.01274189
6.40032002 1.87392966 0.00105347 0.00049788 0.00044059 0.00423754 0.42294610 0.03859948 0.25199408 0.02110181 0.04399347 0.01924855 0.18456847 0.01131856
6.50032502 1.87237395 0.00091420 0.00051157 0.00059922 0.00325136 0.42428032 0.03803926 0.25537632 0.01771755 0.04092551 0.02334012 0.18290627 0.01213829
6.60033002 1.86875437 0.00098331 0.00048322 0.00072928 0.00790966 0.42689418 0.03720731 0.25639850 0.01750992 0.03479785 0.02342399 0.18142625 0.01223652
6.70033502 1.86528381 0.00092008 0.00059641 0.00047722 0.00328672 0.42801008 0.03375630 0.26323095 0.01621321 0.04030569 0.02216045 0.18385688 0.00718601
6.80034002 1.86208650 0.00060847 0.00048637 0.00028096 0.00350280 0.43157433 0.03401367 0.25761665 0.01613004 0.03903670 0.02201657 0.18528596 0.00944749
6.90034502 1.86093819 0.00052637 0.00045994 0.00025024 0.00348821 0.43307812 0.03190842 0.25560872 0.01427775 0.04141612 0.02389109 0.18543710 0.00965792
7.00035002 1.85747640 0.00062010 0.00045814 0.00035926 0.00164953 0.42977742 0.02883377 0.26100176 0.01596428 0.03913271 0.02488386 0.18762998 0.00968920
7.10035502 1.85156882 0.00070742 0.00043154 0.00043641 0.00587142 0.43099621 0.03006959 0.26180163 0.01404475 0.03421760 0.02713791 0.18655302 0.00773249
7.20036002 1.85031638 0.00062712 0.00046273 0.00036753 0.00458549 0.43281084 0.02857613 0.26280139 0.01375271 0.03351611 0.02841515 0.18640892 0.00767587
7.30036502 1.84788634 0.00058949 0.00047150 0.00033891 0.00323604 0.43263453 0.02686452 0.26466702 0.01316233 0.03361649 0.02668175 0.19061046 0.00712697
7.40037002 1.84686531 0.00035167 0.00048632 0.00026676 0.00236375 0.43088709 0.02775402 0.26385624 0.01329132 0.03367421 0.02561255 0.19109615 0.01035994
7.50037502 1.84447126 0.00036748 0.00047694 0.00013106 0.00028199 0.43345950 0.02883857 0.26614712 0.01273672 0.03372632 0.02550199 0.19019011 0.00814219
7.60038002 1.83973261 0.00034899 0.00043921 0.00008700 0.00022511 0.43325548 0.02838715 0.26912048 0.01281763 0.03487023 0.02448499 0.18831460 0.00764913
7.70038502 1.83913354 0.00050639 0.00040153 0.00028846 0.00175032 0.43786965 0.02911703 0.26937967 0.01040434 0.03271433 0.02276442 0.18763483 0.00716904
7.80039002 1.83876551 0.00026404 0.00052523 0.00005604 0.00017812 0.44802959 0.02872410 0.26760040 0.00842312 0.03672576 0.01576041 0.18711902 0.00659417
7.90039502 1.83503074 0.00034931 0.00045695 0.00005060 0.00027676 0.44908140 0.02709557 0.26941630 0.00971202 0.03437429 0.01408373 0.18867106 0.00643202
8.00040002 1.83200423 0.00058715 0.00042653 0.00028745 0.00330241 0.44754324 0.02634681 0.26681803 0.01223743 0.03613427 0.01322302 0.18707793 0.00601572
8.10040502 1.83031017 0.00051943 0.00048880 0.00011981 0.00243117 0.44904334 0.02712477 0.26861939 0.01150551 0.03553768 0.01289525 0.18631079 0.00540405
8.20041002 1.82981366 0.00072981 0.00038961 0.00044599 0.00430089 0.44943841 0.02598325 0.26888968 0.01268546 0.03182466 0.01379421 0.18545763 0.00606038
8.30041502 1.82765136 0.00033930 0.00040985 0.00014961 0.00030080 0.45238441 0.02803792 0.26910561 0.01022896 0.03149262 0.01345869 0.18660751 0.00748473
8.40042002 1.82747070 0.00028428 0.00038426 0.00015495 0.00025307 0.45261212 0.02800360 0.26921400 0.00955340 0.03147966 0.01424692 0.18630997 0.00750379
8.50042502 1.82614337 0.00084537 0.00043123 0.00067039 0.00421103 0.45125256 0.02247320 0.27102303 0.00965934 0.03150650 0.01351110 0.18778668 0.00662958
8.60043002 1.82409389 0.00094565 0.00037956 0.00067272 0.00496602 0.44860987 0.02166659 0.27251800 0.01299377 0.02800732 0.01604188 0.18648525 0.00671337
8.70043502 1.82311593 0.00093103 0.00041543 0.00075473 0.00643687 0.44880069 0.02192686 0.27403505 0.01002912 0.02648294 0.01416007 0.18826590 0.00776132
8.80044002 1.82270686 0.00050916 0.00044454 0.00044776 0.00314425 0.45497821 0.01980957 0.27612025 0.00774860 0.02541732 0.01434052 0.18903968 0.00800015
8.90044502 1.81870558 0.00050545 0.00043722 0.00047331 0.00474718 0.45589801 0.02147222 0.27443479 0.00704702 0.02658618 0.01509748 0.18664379 0.00665735
9.00045002 1.81419107 0.00045726 0.00040919 0.00040158 0.00167185 0.45258394 0.02322944 0.28033585 0.00786153 0.02647768 0.01493061 0.18419334 0.00744772
9.10045502 1.81161277 0.00059808 0.00037467 0.00033857 0.00175038 0.45130659 0.02191881 0.28032246 0.01154407 0.02387282 0.01753471 0.18412346 0.00631537
9.20046002 1.80652385 0.00044043 0.00045443 0.00023364 0.00325579 0.45557079 0.02155860 0.27826023 0.00856732 0.02627851 0.01870767 0.18143604 0.00523656
9.30046502 1.80432501 0.00044410 0.00038582 0.00025117 0.00139151 0.45871413 0.02486057 0.27754161 0.00942579 0.02355752 0.01577390 0.17980092 0.00785295
9.40047002 1.79802139 0.00043094 0.00037953 0.00018324 0.00141069 0.45326376 0.02998703 0.28088095 0.01047222 0.02512823 0.01407286 0.17834753 0.00544302
9.50047502 1.79582202 0.00051059 0.00037804 0.00023132 0.00347685 0.45114042 0.02840134 0.27890871 0.01030268 0.02284651 0.01727334 0.18072631 0.00580388
9.60048002 1.79460263 0.00046256 0.00042473 0.00021196 0.00141607 0.45336909 0.02805003 0.27739413 0.01037924 0.02640034 0.01505081 0.18041172 0.00642933
9.70048502 1.79323001 0.00046272 0.00038440 0.00005394 0.00036149 0.45445805 0.02476852 0.28350111 0.01255873 0.02428944 0.01385924 0.17936700 0.00593537
9.80049002 1.78878369 0.00052528 0.00037713 0.00038526 0.00180523 0.45501988 0.02677471 0.28010471 0.00808690 0.02316296 0.01457150 0.17933532 0.00985113
9.90049502 1.78152773 0.00104687 0.00043423 0.00088067 0.00586060 0.45798855 0.02594149 0.27695505 0.00836274 0.02028252 0.01376274 0.18033965 0.00814489
10.00050003 1.78099639 0.00040005 0.00045506 0.00032385 0.00179901 0.46175588 0.02340288 0.27891874 0.00628815 0.02280579 0.01420823 0.18006453 0.00957784
10.10050503 1.77955313 0.00030382 0.00037099 0.00013023 0.00017391 0.46314609 0.02483921 0.27781766 0.00797461 0.02260679 0.01611692 0.18005847 0.00646130
10.20051003 1.77383878 0.00061955 0.00044706 0.00052858 0.00312813 0.46584887 0.01903758 0.27677759 0.00764619 0.02315359 0.01579131 0.17977289 0.00724865
10.30051503 1.77299902 0.00052016 0.00035674 0.00041977 0.00287633 0.46699714 0.01950933 0.27596771 0.00740456 0.02209442 0.01820414 0.17858399 0.00706571
10.40052003 1.77265710 0.00040243 0.00034404 0.00034850 0.00247086 0.47259950 0.01728299 0.27710252 0.00740522 0.02185755 0.01650055 0.17809639 0.00558946
10.50052503 1.77244194 0.00035069 0.00035459 0.00022095 0.00180644 0.47244299 0.02000569 0.27777950 0.00702320 0.02207442 0.01557010 0.17734850 0.00502292
10.60053003 1.76795798 0.00077965 0.00037012 0.00064099 0.00420544 0.46966899 0.02036792 0.27802754 0.00797408 0.02048950 0.01475799 0.17744385 0.00527393
10.70053503 1.76644142 0.00039813 0.00038271 0.00015548 0.00146165 0.47062311 0.02148272 0.27572594 0.01025038 0.02227639 0.01544690 0.17699185 0.00480474
10.80054003 1.76206744 0.00043873 0.00036692 0.00027200 0.00361654 0.46644644 0.02141693 0.28247392 0.00724675 0.02283282 0.01421528 0.17587990 0.00479376
10.90054503 1.75682019 0.00042404 0.00039400 0.00027339 0.00296052 0.47174878 0.02196160 0.27924891 0.00767964 0.02405141 0.01214400 0.17455690 0.00455682
11.00055003 1.75694694 0.00042420 0.00043836 0.00030293 0.00171270 0.46961519 0.02051607 0.28251150 0.00670587 0.02426193 0.00821782 0.17917302 0.00612041
11.10055503 1.75510142 0.00044412 0.00036559 0.00030610 0.00326659 0.46985013 0.01977946 0.28398431 0.00635932 0.02241548 0.00975557 0.17738449 0.00608885
11.20056003 1.75020513 0.00032180 0.00036948 0.00020469 0.00037059 0.46962940 0.02181596 0.28124787 0.00688825 0.02239364 0.01161438 0.17835961 0.00678432
11.30056503 1.74833349 0.00022696 0.00036779 0.00011575 0.00017276 0.46693309 0.02200576 0.28411532 0.00644315 0.02258424 0.01272921 0.17799956 0.00630642
11.40057003 1.74599736 0.00020144 0.00037124 0.00008080 0.00015258 0.46522650 0.02194719 0.28408835 0.00613380 0.02444740 0.01357992 0.17786651 0.00590427
11.50057503 1.74383366 0.00037533 0.00040568 0.00023378 0.00263424 0.46571493 0.01654052 0.28204243 0.00646803 0.02778904 0.01487848 0.17804793 0.00486962
11.60058003 1.74125608 0.00045891 0.00035110 0.00021486 0.00144139 0.46759547 0.01739464 0.27933113 0.00940203 0.02667131 0.01442214 0.17805099 0.00466602
11.70058503 1.74055254 0.00071388 0.00033739 0.00056261 0.00640952 0.46984958 0.01612461 0.27912412 0.00675371 0.02343495 0.01514734 0.17725395 0.00428834
11.80059003 1.73911416 0.00052864 0.00034767 0.00036218 0.00289684 0.46957805 0.01719667 0.28171827 0.00670142 0.02331085 0.01403069 0.17904515 0.00428355
11.90059503 1.73721773 0.00052511 0.00036283 0.00038304 0.00379847 0.46724756 0.01906030 0.28155455 0.00946542 0.02143026 0.01260962 0.17740478 0.00615805
12.00060003 1.72775930 0.00050082 0.00042122 0.00043665 0.00179898 0.46081504 0.02230804 0.27651591 0.00784134 0.02492084 0.01777606 0.17932699 0.00733811
12.10060503 1.72516689 0.00095866 0.00040073 0.00070624 0.00551646 0.46210765 0.01981374 0.27214525 0.01143363 0.02303949 0.01732115 0.18030689 0.00625012
12.20061003 1.72332073 0.00095772 0.00039217 0.00081660 0.01047430 0.46164609 0.01822775 0.26940731 0.01048639 0.02309924 0.01742037 0.18145519 0.00561687
12.30061503 1.72040078 0.00097292 0.00036749 0.00077038 0.00455939 0.46341960 0.02066227 0.26960251 0.01054637 0.02312617 0.01955004 0.17948424 0.00693863
12.40062003 1.71531721 0.00067966 0.00034473 0.00047148 0.00480940 0.46267371 0.02383269 0.26580361 0.01174674 0.02189695 0.02360763 0.17728100 0.00685240
12.50062503 1.71350907 0.00052691 0.00032639 0.00042737 0.00263462 0.46469327 0.02507920 0.26765539 0.01136358 0.01874745 0.02217150 0.17657750 0.00979684
12.60063003 1.71060538 0.00056888 0.00029610 0.00040093 0.00315964 0.46566372 0.03073801 0.26691224 0.01171418 0.01519061 0.02175809 0.17593734 0.00766026
12.70063503 1.70727705 0.00054169 0.00036964 0.00035052 0.00487356 0.46754048 0.02455411 0.27254876 0.01058329 0.01699934 0.01923704 0.17654178 0.00585979
12.80064003 1.70135814 0.00113622 0.00031671 0.00093717 0.01014075 0.46391297 0.02279360 0.27179546 0.01194878 0.01517425 0.01869789 0.17680061 0.00634559
12.90064503 1.69837767 0.00099340 0.00039272 0.00068052 0.00539936 0.46469377 0.02242639 0.27394313 0.01293399 0.01571073 0.01754750 0.17925966 0.00601885
13.00065003 1.69632985 0.00085235 0.00033431 0.00039552 0.00297271 0.46440673 0.02489139 0.27527218 0.01169253 0.01393454 0.01926131 0.18005224 0.00593419
13.10065503 1.69377405 0.00059250 0.00031302 0.00050216 0.00587098 0.46462402 0.02365108 0.27313325 0.01010070 0.01366622 0.01960634 0.18026349 0.00767624
13.20066003 1.69189657 0.00053412 0.00032168 0.00035441 0.00276194 0.46454482 0.02428939 0.27148545 0.01084190 0.01543854 0.02156732 0.18020951 0.00765091
13.30066503 1.68997160 0.00051881 0.00028740 0.00032614 0.00155840 0.46688629 0.02858902 0.27163004 0.00920080 0.01299999 0.02095665 0.18019628 0.00685019
13.40067003 1.68691844 0.00045434 0.00035579 0.00020290 0.00141624 0.46856149 0.02561633 0.26956096 0.01012138 0.01666757 0.01782661 0.18285419 0.00636220
13.50067503 1.68251191 0.00053862 0.00037424 0.00034157 0.00167126 0.47477583 0.02181836 0.26751139 0.01044250 0.01589866 0.01565967 0.18343988 0.00752801
13.60068003 1.67739837 0.00043221 0.00043408 0.00028958 0.00157296 0.46761650 0.01937473 0.27109857 0.00846239 0.02158112 0.01670801 0.18526974 0.00716012
13.70068503 1.67697864 0.00031786 0.00035635 0.00011238 0.00021295 0.47057957 0.02105141 0.27105834 0.00906650 0.01816842 0.01677910 0.18583732 0.00645980
13.80069003 1.67542382 0.00040340 0.00033434 0.00025079 0.00368485 0.47567442 0.01849254 0.26980175 0.00731117 0.01837798 0.01510208 0.18581151 0.00475517
13.90069503 1.67237636 0.00021694 0.00036611 0.00004672 0.00013038 0.47618618 0.02035493 0.26988590 0.00776372 0.02077343 0.01459760 0.18478837 0.00488970
14.00070004 1.67149254 0.00022925 0.00035577 0.00013670 0.00222187 0.47476121 0.02016012 0.27212589 0.00642199 0.01553572 0.01430828 0.18722141 0.00652178
14.10070504 1.66902233 0.00039827 0.00030826 0.00026719 0.00143418 0.47207301 0.02015084 0.27378830 0.00728708 0.01492131 0.01419449 0.18690912 0.00826795
14.20071004 1.66848582 0.00038065 0.00034626 0.00012199 0.00038020 0.47162678 0.02039277 0.27343619 0.01000219 0.01505769 0.01222763 0.18953308 0.00649456
14.30071504 1.66326607 0.00034232 0.00033416 0.00020599 0.00131338 0.46671653 0.02118506 0.27481501 0.00843186 0.01706561 0.01645455 0.18706870 0.00606684
14.40072004 1.65967910 0.00046522 0.00032826 0.00036515 0.00301426 0.46959054 0.02046678 0.27481520 0.00709312 0.01650938 0.01508761 0.18675662 0.00550786
14.50072504 1.65240883 0.00067417 0.00031389 0.00046120 0.00303439 0.46438399 0.02084287 0.27977160 0.00911622 0.01475387 0.01638341 0.18477665 0.00548776
14.60073004 1.65057453 0.00038574 0.00036052 0.00027412 0.00174155 0.46594009 0.02081091 0.27758232 0.00698541 0.01865931 0.01429558 0.18545776 0.00750668
14.70073504 1.64571457 0.00049030 0.00035655 0.00043449 0.00458850 0.46816909 0.02187049 0.27767198 0.00599244 0.01655455 0.01230858 0.18524784 0.00631520
14.80074004 1.64441511 0.00076794 0.00040741 0.00061496 0.00429189 0.46533651 0.02320248 0.27372538 0.00675546 0.01815071 0.01085418 0.19037998 0.00551308
14.90074504 1.64056174 0.00065195 0.00037308 0.00046917 0.00306649 0.46531400 0.02246524 0.27158009 0.00790003 0.01945315 0.01241496 0.18927967 0.00703216
15.00075004 1.63758657 0.00024271 0.00034747 0.00023544 0.00216895 0.46708324 0.02164026 0.27133962 0.00662077 0.01912696 0.01378746 0.19010270 0.00730440
15.10075504 1.63628519 0.00031309 0.00038029 0.00033837 0.00138255 0.46471472 0.02224648 0.27291022 0.00613533 0.02123235 0.01021459 0.19276242 0.00736960
15.20076004 1.63058345 0.00036005 0.00042213 0.00035263 0.00705314 0.45944950 0.01938766 0.27499493 0.00614339 0.02533402 0.00897456 0.19179943 0.00572857
15.30076504 1.63053130 0.00059070 0.00035805 0.00049422 0.00303481 0.46103692 0.02114848 0.27905742 0.00532004 0.02378606 0.00678548 0.19376155 0.00462628
15.40077004 1.62927271 0.00029667 0.00037802 0.00012985 0.00205783 0.46306208 0.01925160 0.27964116 0.00598840 0.02362018 0.00652975 0.19529855 0.00374591
15.50077504 1.62855219 0.00112174 0.00033639 0.00090920 0.00738901 0.46438836 0.01762530 0.27739565 0.00655841 0.01938401 0.00778377 0.19249559 0.00461257
15.60078004 1.62818634 0.00025139 0.00040949 0.00011171 0.00024797 0.46599801 0.01786327 0.27712099 0.00635130 0.02166105 0.00906590 0.19481046 0.00610845
15.70078504 1.62411998 0.00032937 0.00037980 0.00025259 0.00192603 0.46456239 0.01687480 0.27595293 0.00679322 0.02121609 0.01064170 0.19388879 0.00718229
15.80079004 1.62016043 0.00030331 0.00037783 0.00021781 0.00525264 0.46337738 0.01881895 0.27802888 0.00595072 0.01924580 0.01072763 0.19297011 0.00472893
15.90079504 1.61803076 0.00053405 0.00036505 0.00048737 0.00377032 0.46347548 0.02092606 0.27583737 0.00603814 0.01792144 0.01141978 0.19440066 0.00482428
16.00080004 1.61674203 0.00032242 0.00035881 0.00022093 0.00144844 0.46518171 0.01804433 0.27815710 0.00498399 0.01834701 0.01449561 0.19395537 0.00448427
16.10080504 1.61497263 0.00017049 0.00037304 0.00004457 0.00009618 0.46764516 0.01980876 0.27682987 0.00506814 0.02010018 0.01216447 0.19305175 0.00464740
16.20081004 1.61145895 0.00034871 0.00037925 0.00021187 0.00370189 0.46847738 0.01735094 0.27674322 0.00474341 0.01809010 0.01087334 0.19431005 0.00476984
16.30081504 1.60904390 0.00071739 0.00034916 0.00059417 0.00419409 0.46922443 0.01879997 0.27399181 0.00546423 0.01462018 0.01307448 0.19381443 0.00515567
16.40082004 1.60934335 0.00051153 0.00033755 0.00020695 0.00155199 0.46957823 0.01762756 0.27310510 0.00874737 0.01648666 0.01246156 0.19449246 0.00489305
16.50082504 1.60804929 0.00035795 0.00031475 0.00004727 0.00024304 0.47064378 0.01682810 0.27149905 0.01014437 0.01837857 0.01184921 0.19516384 0.00453005
16.60083004 1.60297262 0.00046770 0.00035711 0.00034381 0.00362086 0.46690520 0.02086018 0.26838162 0.00569613 0.01790976 0.01446349 0.19644630 0.00454782
16.70083504 1.60113408 0.00030039 0.00030581 0.00024142 0.00132320 0.46843003 0.02069954 0.26716886 0.00648642 0.01624931 0.01583038 0.19584599 0.00711865
16.80084004 1.59833554 0.00043262 0.00031151 0.00033944 0.00159996 0.46878567 0.01953423 0.26830527 0.00694536 0.01635153 0.01510210 0.19424603 0.00804629
16.90084504 1.59529499 0.00029142 0.00042606 0.00007557 0.00023800 0.47152037 0.01662957 0.26876184 0.00769457 0.02204361 0.01385594 0.19324812 0.00521492
17.00085004 1.59372247 0.00033175 0.00034809 0.00019884 0.00135397 0.47535006 0.01585733 0.26690619 0.00661728 0.01788648 0.01475383 0.19550919 0.00488699
17.10085504 1.59228298 0.00032467 0.00030463 0.00024971 0.00208098 0.47543604 0.01510881 0.27026621 0.00640615 0.01734065 0.01283302 0.19465247 0.00499666
17.20086004 1.58925800 0.00049226 0.00034074 0.00032335 0.00368913 0.47244682 0.01589155 0.26917805 0.00671030 0.01735880 0.01318616 0.19667559 0.00370726
17.30086504 1.58420076 0.00051494 0.00042673 0.00023406 0.00355240 0.47002109 0.01434652 0.26627296 0.01054965 0.02148399 0.01002318 0.19779523 0.00477925
17.40087004 1.58292310 0.00030779 0.00035777 0.00012095 0.00026272 0.47092470 0.01772913 0.27010713 0.00650636 0.01949200 0.01078675 0.19911840 0.00428631
17.50087504 1.58082180 0.00017429 0.00040132 0.00002787 0.00008694 0.47205406 0.01696274 0.27033270 0.00570528 0.01940378 0.00940788 0.20180814 0.00363499
17.60088004 1.57975840 0.00046491 0.00036516 0.00032363 0.00165291 0.47272881 0.01599755 0.26720602 0.00731842 0.01971155 0.00892717 0.19998847 0.00531542
17.70088504 1.57776884 0.00035813 0.00039919 0.00025885 0.00149985 0.46954294 0.01578792 0.26886956 0.00779440 0.02183163 0.01154336 0.19535668 0.00675748
17.80089004 1.57269194 0.00056590 0.00037432 0.00044485 0.00485016 0.46916011 0.01737711 0.26559746 0.00735397 0.02350680 0.01190596 0.19336131 0.00550206
17.90089504 1.57040652 0.00057334 0.00038226 0.00052445 0.00317123 0.46985904 0.01986571 0.26755138 0.00582567 0.02117727 0.01175538 0.19503005 0.00428422
18.00090005 1.57005898 0.00042715 0.00038013 0.00033140 0.00266067 0.46985280 0.02104445 0.26638076 0.00466620 0.02287008 0.01059608 0.19651623 0.00427405
18.10090505 1.56674899 0.00046186 0.00034613 0.00029797 0.00261268 0.46944410 0.01989016 0.26882225 0.00662154 0.02407941 0.00914118 0.19330810 0.00497461
18.20091005 1.56183474 0.00042978 0.00034138 0.00037905 0.00562072 0.46768674 0.01687807 0.27310238 0.00471208 0.02221286 0.01260564 0.19065664 0.00537465
18.30091505 1.55514922 0.00056411 0.00035606 0.00064922 0.00339072 0.46668196 0.01530950 0.27479337 0.00522291 0.02237020 0.01280786 0.18779841 0.01005568
18.40092005 1.55193989 0.00047898 0.00041952 0.00063861 0.00429491 0.46599506 0.01578179 0.27601709 0.00338418 0.02510514 0.01122670 0.18846319 0.00819482
18.50092505 1.54854203 0.00048651 0.00041680 0.00054523 0.00278366 0.46500657 0.01864555 0.27403149 0.00351998 0.02611787 0.01208140 0.19042726 0.00593767
18.60093005 1.54789864 0.00016907 0.00036752 0.00009196 0.00011720 0.46745615 0.02303325 0.27332809 0.00383692 0.02402485 0.01033402 0.19282339 0.00441757
18.70093505 1.54660079 0.00018097 0.00039763 0.00003699 0.00011509 0.46901713 0.02105498 0.27241162 0.00457815 0.02411775 0.00898907 0.19405587 0.00504475
18.80094005 1.54503663 0.00031734 0.00043387 0.00013481 0.00320091 0.46876259 0.01698552 0.27317346 0.00672913 0.02240585 0.00798243 0.19522423 0.00464986
18.90094505 1.54368639 0.00034984 0.00041193 0.00014419 0.00205890 0.47080607 0.02025172 0.27320972 0.00545713 0.02132495 0.00723883 0.19424732 0.00449939
19.00095005 1.54198883 0.00049701 0.00036726 0.00028033 0.00176990 0.47050951 0.01950170 0.27366244 0.00534295 0.02149194 0.00976371 0.19196885 0.00484441
19.10095505 1.53860225 0.00046267 0.00033928 0.00029441 0.00273290 0.46999335 0.01931029 0.27311067 0.00573680 0.02171651 0.01192763 0.18884020 0.00553530
19.20096005 1.53582207 0.00068753 0.00030633 0.00060254 0.00632865 0.46683446 0.02033736 0.27364493 0.00801571 0.01868481 0.01192281 0.18652947 0.00610540
19.30096505 1.53257048 0.00039276 0.00046260 0.00022787 0.00212457 0.46878352 0.02132304 0.27337741 0.00626440 0.02456508 0.00935721 0.18681139 0.00631016
19.40097005 1.53151617 0.00019598 0.00038302 0.00018437 0.00015104 0.46872679 0.02015358 0.27505416 0.00531654 0.02379432 0.01061908 0.18804172 0.00737941
19.50097505 1.52971565 0.00015858 0.00036838 0.00009242 0.00209269 0.47168615 0.01884983 0.27739291 0.00461874 0.02327597 0.00886124 0.18727660 0.00532650
19.60098005 1.52841199 0.00025872 0.00032817 0.00010236 0.00032179 0.47337038 0.01548858 0.27962039 0.00589711 0.02119707 0.01349246 0.18548398 0.00443899
19.70098505 1.52582234 0.00022551 0.00034713 0.00017884 0.00120365 0.47928673 0.01667985 0.27924704 0.00424906 0.02093452 0.01151021 0.18218458 0.00395288
19.80099005 1.52290279 0.00054806 0.00034993 0.00039411 0.00310455 0.47988585 0.01314156 0.27858908 0.00485107 0.02107294 0.01206745 0.18210220 0.00389320
19.90099505 1.52256376 0.00029046 0.00035554 0.00027452 0.00373528 0.47912367 0.01230426 0.27969429 0.00430347 0.02137857 0.00996026 0.18344793 0.00513174
20.00100005 1.52083115 0.00051392 0.00034939 0.00044789 0.00283543 0.48004221 0.01273601 0.27609357 0.00754607 0.01757686 0.01151000 0.18593798 0.00441068
20.10100505 1.51879988 0.00058269 0.00030719 0.00046773 0.00285449 0.47896007 0.01428885 0.27653116 0.00558738 0.01897824 0.01251329 0.18522335 0.00370557
20.20101005 1.51438594 0.00037417 0.00028878 0.00028619 0.00192356 0.47565374 0.01368033 0.27809325 0.00734068 0.01703579 0.01331033 0.18492844 0.00708475
20.30101505 1.51389527 0.00021698 0.00030951 0.00010478 0.00011758 0.47455437 0.01606347 0.28118602 0.00692832 0.01706132 0.01191535 0.18688878 0.00465352
20.40102005 1.51304044 0.00017106 0.00033750 0.00007965 0.00010930 0.47689785 0.01520571 0.28375658 0.00628393 0.01920243 0.00874636 0.18580563 0.00340399
20.50102505 1.50995318 0.00020461 0.00032411 0.00002706 0.00011306 0.48006974 0.01188940 0.28546947 0.00749881 0.01857113 0.00958701 0.18356555 0.00268005
20.60103005 1.50957617 0.00021110 0.00033814 0.00011052 0.00130617 0.48374848 0.00894705 0.28523417 0.00529692 0.01896287 0.00771246 0.18571634 0.00241578
20.70103505 1.50796741 0.00020235 0.00032721 0.00014068 0.00123582 0.48310878 0.00944195 0.28702624 0.00434280 0.01756229 0.00839468 0.18597547 0.00224173
20.80104005 1.50588749 0.00026218 0.00029479 0.00003455 0.00027221 0.48359464 0.00915562 0.28836947 0.00672502 0.01721796 0.00744404 0.18452313 0.00210638
20.90104505 1.50254302 0.00021130 0.00030296 0.00011224 0.00021240 0.48164465 0.00984019 0.28927861 0.00612333 0.01558137 0.00746434 0.18519242 0.00403620
21.00105005 1.49994515 0.00017399 0.00037845 0.00003634 0.00014598 0.48637989 0.01233678 0.28782963 0.00459877 0.01762390 0.00456347 0.18378813 0.00214466
21.10105505 1.49681643 0.00012881 0.00035422 0.00004173 0.00010532 0.48184830 0.01169941 0.29042880 0.00290664 0.02070298 0.00672016 0.18266570 0.00239793
21.20106005 1.49397963 0.00012318 0.00035145 0.00003163 0.00005559 0.48076372 0.01187537 0.29070152 0.00300942 0.02033441 0.00632939 0.18384890 0.00257543
21.30106505 1.49364463 0.00011399 0.00029116 0.00001974 0.00006179 0.48272486 0.01118599 0.29026610 0.00315852 0.01983841 0.00652673 0.18287947 0.00293324
21.40107005 1.49221914 0.00027628 0.00030152 0.00020605 0.00137536 0.48008641 0.01126735 0.28899595 0.00312487 0.02118293 0.00685068 0.18343319 0.00289942
21.50107505 1.49154354 0.00017894 0.00030289 0.00002360 0.00014141 0.48338356 0.00999351 0.28682777 0.00450434 0.02085136 0.00659276 0.18463442 0.00256544
21.60108005 1.48601924 0.00047714 0.00031175 0.00042414 0.00857450 0.48291816 0.01104216 0.28262269 0.00279958 0.01944090 0.00584618 0.18270649 0.00283631
21.70108505 1.48527797 0.00043930 0.00034540 0.00046356 0.00265613 0.48037926 0.01284991 0.28298964 0.00334991 0.02132362 0.00578608 0.18496207 0.00445511
21.80109005 1.48201328 0.00036969 0.00032388 0.00026121 0.00191669 0.48304487 0.01129804 0.28175299 0.00436024 0.01939250 0.01031888 0.18348576 0.00347525
21.90109505 1.48006957 0.00043640 0.00029603 0.00031830 0.00456165 0.48310948 0.01276887 0.28044399 0.00493092 0.01796082 0.00943606 0.18218969 0.00354780
22.00110006 1.47933095 0.00033823 0.00032638 0.00023476 0.00368010 0.48011496 0.01668965 0.28108634 0.00415867 0.01851202 0.00765407 0.18396031 0.00324452
22.10110506 1.47851744 0.00023896 0.00032256 0.00018849 0.00121870 0.48143442 0.01646276 0.28175716 0.00358171 0.02037531 0.00713694 0.18411055 0.00317244
22.20111006 1.47776612 0.00019370 0.00030170 0.00011961 0.00120525 0.48309398 0.01727104 0.28219112 0.00342628 0.02011209 0.00489747 0.18430111 0.00288663
22.30111506 1.47292311 0.00035872 0.00028948 0.00013147 0.00030945 0.48257088 0.01597167 0.28007055 0.00891726 0.01839168 0.00577701 0.18267741 0.00453443
22.40112006 1.47028224 0.00031565 0.00028861 0.00012671 0.00020175 0.48671847 0.01901635 0.28041916 0.00621981 0.01671419 0.00415802 0.18185957 0.00396172
22.50112506 1.46866476 0.00046787 0.00028678 0.00022287 0.00313371 0.48765248 0.01516897 0.27991401 0.00798666 0.01696775 0.00421626 0.18117899 0.00280367
22.60113006 1.46473499 0.00060398 0.00033930 0.00031521 0.00272773 0.48365738 0.01490810 0.27917474 0.00840027 0.01900254 0.00585513 0.18182604 0.00318959
22.70113506 1.46258660 0.00024480 0.00034770 0.00014324 0.00132566 0.48574477 0.01571779 0.27900729 0.00515892 0.02017253 0.00658763 0.18272771 0.00282195
22.80114006 1.46000545 0.00034271 0.00032569 0.00024537 0.00143827 0.48371607 0.01518146 0.27888290 0.00668034 0.01980518 0.00604667 0.18527016 0.00206517
22.90114506 1.45536833 0.00056361 0.00036455 0.00035101 0.00286980 0.48094940 0.01259544 0.27814357 0.00872307 0.02470618 0.00658893 0.18183630 0.00230814
23.00115006 1.45448162 0.00085908 0.00031566 0.00059438 0.00534040 0.48235650 0.00772927 0.27983171 0.00760617 0.02231306 0.00686190 0.18318307 0.00300880
23.10115506 1.45128389 0.00011518 0.00037814 0.00003331 0.00005818 0.48621600 0.00945037 0.27824022 0.00436956 0.02599480 0.00968333 0.18317085 0.00229006
23.20116006 1.44917616 0.00009020 0.00039602 0.00002844 0.00006951 0.48623254 0.00648424 0.27799532 0.00385098 0.02766044 0.01142204 0.18371568 0.00205458
23.30116506 1.44731665 0.00012918 0.00037840 0.00006611 0.00194579 0.48516600 0.00583803 0.28007535 0.00363955 0.02769826 0.00862108 0.18468199 0.00176026
23.40117006 1.44506323 0.00008699 0.00036509 0.00002175 0.00004456 0.48735001 0.00752550 0.27886119 0.00328485 0.02585500 0.00726967 0.18756871 0.00176668
23.50117506 1.44298121 0.00018502 0.00037173 0.00003127 0.00022867 0.48267948 0.00558946 0.28047461 0.00497353 0.02472056 0.00924217 0.18975362 0.00174988
23.60118006 1.44246554 0.00007406 0.00035294 0.00002378 0.00003773 0.48535191 0.00670172 0.28207213 0.00281636 0.02365943 0.00848882 0.18856359 0.00185753
23.70118506 1.43928417 0.00008177 0.00038110 0.00002561 0.00004409 0.48736041 0.00670704 0.28004776 0.00280424 0.02384427 0.00854376 0.18836647 0.00179348
23.80119006 1.43696605 0.00015173 0.00031155 0.00010251 0.00118418 0.48339378 0.00687651 0.28196653 0.00353705 0.02325751 0.00790948 0.18907063 0.00223853
23.90119506 1.43457296 0.00013146 0.00028380 0.00004458 0.00006525 0.48152257 0.01113991 0.27870472 0.00360156 0.02270267 0.00891837 0.19078624 0.00209887
24.00120006 1.43298876 0.00028582 0.00040103 0.00022778 0.00143613 0.48369358 0.00648155 0.28018156 0.00310130 0.02419718 0.00882093 0.18952665 0.00164648
24.10120506 1.43161868 0.00027535 0.00032663 0.00003869 0.00029538 0.48693632 0.00700494 0.28167365 0.00580585 0.02265642 0.00522360 0.18840698 0.00135619
24.20121006 1.42794532 0.00022169 0.00031760 0.00010709 0.00194471 0.48552628 0.00764608 0.27922021 0.00515602 0.02268378 0.00730670 0.18825212 0.00161770
24.30121506 1.42163268 0.00034921 0.00040200 0.00027567 0.00504248 0.47956291 0.00716129 0.27690288 0.00427072 0.02339903 0.00881086 0.19173318 0.00208976
24.40122006 1.41738887 0.00039745 0.00047352 0.00037103 0.00351064 0.47704053 0.00877293 0.27313434 0.00394504 0.02694137 0.00720386 0.19441025 0.00379905
24.50122506 1.41401262 0.00042353 0.00038893 0.00030048 0.00258061 0.47909169 0.01009988 0.26909827 0.00599062 0.03008596 0.00686206 0.19133514 0.00374283
24.60123006 1.41217490 0.00070125 0.00043088 0.00051496 0.00426215 0.48000985 0.01125421 0.26862416 0.00353899 0.02961646 0.00509882 0.19331865 0.00262961
24.70123506 1.41076078 0.00031566 0.00036683 0.00025073 0.00166392 0.47930725 0.01119087 0.27146381 0.00412996 0.02790109 0.00939746 0.19096102 0.00305140
24.80124006 1.40853740 0.00027888 0.00034719 0.00020506 0.00177556 0.48307990 0.01386380 0.27335764 0.00323101 0.02482890 0.00587757 0.19038637 0.00276812
24.90124506 1.40591689 0.00013556 0.00040487 0.00003374 0.00007270 0.48002911 0.01375935 0.27466481 0.00365713 0.02882024 0.00563670 0.19008096 0.00270483
25.00125006 1.40490435 0.00015455 0.00034429 0.00002963 0.00010520 0.47883702 0.01266569 0.27288640 0.00406650 0.02840206 0.00794187 0.19153024 0.00303657
25.10125506 1.40366685 0.00014672 0.00032136 0.00002879 0.00009519 0.48008522 0.01087310 0.27096010 0.00426079 0.02819172 0.00947469 0.19244160 0.00312073
25.20126006 1.39673929 0.00024099 0.00037235 0.00004293 0.00010656 0.47395567 0.01399294 0.27079527 0.00758641 0.02626525 0.00881602 0.19461146 0.00321415
25.30126506 1.39615098 0.00020920 0.00034038 0.00003656 0.00013310 0.47363507 0.01523006 0.27068689 0.00524774 0.02635788 0.00949804 0.19497979 0.00364530
25.40127006 1.39553816 0.00035647 0.00039398 0.00026379 0.00347409 0.47278979 0.01214253 0.27368017 0.00401714 0.02627473 0.00845337 0.19486134 0.00329260
25.50127506 1.39342681 0.00013422 0.00038097 0.00006525 0.00012417 0.47660781 0.01147757 0.27525922 0.00388746 0.01966701 0.01269854 0.19408499 0.00561279
25.60128006 1.39019431 0.00029972 0.00036296 0.00019748 0.00131954 0.47365056 0.01102601 0.27404182 0.00764817 0.02073346 0.01206167 0.19321120 0.00544741
25.70128506 1.38742054 0.00059699 0.00030448 0.00046664 0.00390575 0.47107314 0.01150120 0.27472400 0.00758640 0.01973094 0.01301047 0.19216744 0.00493256
