0.00000000 14.00000000 0.00000000 0.00000000 0.00000000 0.00000000 0.00000000 0.00000000 0.00000000 1.00000000 0.00000000 0.00000000 0.00000000 0.00000000
0.20004001 13.96612421 0.08555267 0.00041498 0.01112124 0.09589652 0.01069829 0.28311885 0.00608452 0.13013213 0.00659212 0.28705132 0.00221008 0.08112729
0.40008002 13.93257857 0.02425080 0.00087554 0.02121904 0.04764535 0.01102774 0.32503977 0.01303433 0.23031972 0.01556346 0.23999315 0.01149892 0.05953219
0.60012002 13.89244983 0.04013258 0.00166863 0.00631015 0.08012125 0.02164995 0.10181319 0.01597966 0.45807173 0.01908777 0.14527615 0.01561397 0.09427496
0.80016003 13.90760094 0.03650561 0.00180768 0.01056763 0.06402431 0.02617564 0.15791712 0.01592872 0.05217459 0.02468731 0.55817130 0.01740063 0.03463947
1.00020004 13.89701372 0.05359775 0.00190386 0.01363878 0.07863132 0.02800074 0.06582570 0.02105864 0.34066208 0.03009549 0.25166723 0.02294126 0.09197716
1.20024005 13.92244489 0.04285929 0.00255912 0.01003229 0.08493461 0.03173179 0.19179945 0.02648518 0.34894941 0.03554182 0.12009106 0.02168208 0.08333392
1.40028006 13.90604854 0.01211803 0.00253313 0.01344720 0.05905782 0.03489576 0.43291424 0.02716135 0.06687618 0.03657565 0.24601520 0.02483408 0.04357135
1.60032006 13.86887704 0.05541978 0.00272113 0.01426001 0.09970811 0.03506887 0.16559574 0.02744610 0.38072242 0.03951667 0.09504917 0.03324721 0.05124480
1.80036007 13.82966806 0.03100160 0.00347769 0.01578482 0.05421956 0.04484725 0.08011248 0.03240009 0.32261286 0.04731542 0.28562130 0.03195952 0.05064741
2.00040008 13.80103294 0.02807061 0.00298543 0.01161690 0.06736100 0.04726852 0.16304301 0.03506485 0.12073469 0.04533492 0.33838205 0.03134625 0.10879178
2.20044009 13.79316002 0.03214611 0.00299947 0.01763385 0.06885456 0.04862875 0.09318457 0.03262569 0.38124303 0.04492560 0.18232772 0.03282045 0.06261019
2.40048010 13.82148834 0.02575808 0.00298231 0.01361368 0.07091361 0.05348757 0.23503444 0.03419787 0.20956208 0.04332735 0.22336843 0.03600487 0.05174971
2.60052010 13.83777791 0.02329009 0.00339396 0.01245206 0.06118170 0.05371656 0.23580476 0.03615090 0.23016990 0.05259369 0.20998156 0.03414485 0.04711996
2.80056011 13.83973347 0.03279259 0.00327955 0.01484175 0.06487147 0.05368881 0.08147163 0.04227610 0.43188009 0.04792778 0.10888031 0.04082772 0.07726220
3.00060012 13.82622660 0.02289826 0.00362451 0.01097998 0.07472092 0.05898804 0.20509246 0.04536954 0.16079562 0.05248415 0.25946678 0.03753373 0.06804603
3.20064013 13.80819518 0.02323610 0.00369993 0.01198963 0.06628078 0.05600579 0.17512518 0.04671175 0.19237952 0.05492236 0.28457885 0.04266013 0.04240997
3.40068014 13.78273718 0.03565138 0.00362716 0.01300970 0.08033695 0.05843140 0.10137321 0.04969083 0.26509256 0.05621464 0.23512413 0.04403592 0.05741212
3.60072014 13.78833644 0.02004598 0.00359412 0.01504270 0.06910404 0.05867129 0.14853767 0.04872475 0.11230473 0.05951108 0.35853707 0.03949872 0.06642784
3.80076015 13.78446298 0.03119942 0.00394078 0.01121996 0.07655494 0.06492441 0.08524437 0.05248628 0.26856345 0.05706036 0.22684071 0.04158812 0.08037719
4.00080016 13.78313138 0.02565476 0.00421360 0.01090274 0.06939146 0.06303107 0.16645117 0.05765382 0.30765112 0.06234450 0.13327813 0.04875696 0.05067065
4.20084017 13.77808267 0.01768255 0.00438071 0.01160947 0.06662736 0.05998188 0.26132187 0.06160908 0.15126350 0.06535007 0.21402777 0.04467822 0.04146754
4.40088018 13.75277298 0.02517720 0.00387176 0.01037950 0.06495935 0.06741772 0.14050589 0.06269692 0.30614012 0.06689505 0.15819331 0.04511850 0.04864467
4.60092018 13.72769419 0.02313882 0.00435025 0.01079256 0.05648753 0.06792808 0.11525825 0.06645356 0.22923122 0.07462140 0.22965908 0.04864666 0.07343259
4.80096019 13.71760995 0.02208260 0.00425514 0.01175863 0.05936585 0.06627693 0.12219908 0.06717055 0.15696013 0.07566170 0.31548780 0.04663563 0.05214596
5.00100020 13.71731165 0.02733004 0.00382179 0.01041174 0.06051541 0.07147713 0.09766242 0.06659011 0.28961379 0.07778392 0.19134154 0.04832700 0.05512511
5.20104021 13.72849474 0.01821698 0.00374706 0.00919449 0.06150870 0.07511044 0.19756524 0.06648690 0.17594045 0.08011391 0.21060338 0.05054164 0.05097082
5.40108022 13.73803878 0.01739653 0.00415691 0.01001425 0.05732022 0.07872516 0.19219132 0.06783466 0.20262094 0.08459892 0.18255226 0.05068429 0.05190453
5.60112022 13.73058161 0.02705293 0.00425855 0.00869363 0.05801945 0.08179318 0.10636250 0.07360450 0.30556839 0.08669788 0.13786008 0.05364583 0.05644308
5.80116023 13.71482664 0.01788698 0.00405319 0.00975725 0.05489301 0.08929410 0.14789115 0.07341069 0.15295164 0.08338573 0.26099364 0.05585622 0.04962640
6.00120024 13.69493110 0.01972113 0.00461312 0.00908745 0.05083296 0.09253168 0.13945012 0.07111806 0.18561238 0.08762929 0.23462285 0.05210781 0.05267316
6.20124025 13.68018905 0.02360948 0.00469123 0.01147170 0.05201209 0.09693962 0.11108309 0.07101924 0.22025539 0.08370215 0.22513170 0.05564770 0.04443661
6.40128026 13.67885553 0.01579532 0.00449694 0.00819956 0.05288669 0.09810595 0.13750202 0.07203824 0.14174635 0.08314410 0.27058171 0.05621471 0.05928841
6.60132026 13.67892679 0.02140041 0.00477192 0.00803106 0.05268245 0.10305253 0.11456181 0.07450697 0.25578588 0.08730672 0.17617893 0.05236180 0.04935952
6.80136027 13.67608889 0.01751266 0.00525360 0.00738609 0.04186880 0.11086338 0.14775146 0.07673307 0.24408265 0.08549697 0.15434766 0.05965293 0.04905074
7.00140028 13.66414256 0.01391462 0.00500762 0.00759834 0.03785525 0.10684883 0.19383428 0.08135527 0.16454050 0.09123372 0.19440210 0.05955449 0.04385498
7.20144029 13.64331230 0.01879987 0.00517549 0.00753934 0.04230554 0.10695130 0.11351880 0.09248254 0.23175750 0.08758613 0.18271061 0.06380446 0.04736841
7.40148030 13.62533582 0.01803930 0.00554109 0.00812470 0.04459555 0.10683045 0.10599108 0.08544643 0.18190884 0.09173375 0.23689911 0.06844821 0.04644148
7.60152030 13.61146376 0.01706690 0.00520497 0.00924259 0.04654350 0.11112745 0.11102315 0.08679856 0.15529097 0.09172674 0.25130481 0.06314221 0.05152814
7.80156031 13.61019759 0.02037972 0.00511852 0.01031694 0.04412764 0.10565073 0.09970598 0.09665737 0.22638156 0.08984771 0.19193614 0.06472561 0.04515211
8.00160032 13.61161487 0.01531490 0.00545630 0.00856712 0.05085226 0.10580916 0.15745163 0.09889462 0.17520416 0.09771413 0.18078541 0.06412572 0.03982460
8.20164033 13.60728531 0.01533807 0.00560647 0.00771426 0.04828688 0.11380927 0.15886052 0.09541592 0.19088212 0.09783070 0.16058117 0.06733756 0.03833705
8.40168034 13.58980467 0.01933225 0.00561348 0.00827945 0.05434626 0.10851910 0.10444497 0.09559933 0.23499851 0.10036903 0.15415967 0.07189898 0.04243896
8.60172034 13.57386630 0.01423366 0.00606918 0.00733130 0.04447500 0.10242134 0.11369437 0.10525076 0.15638266 0.09854496 0.23237680 0.07371369 0.04550628
8.80176035 13.56285008 0.01571881 0.00581777 0.00754900 0.03866207 0.11425648 0.10204692 0.10425749 0.17454802 0.10304882 0.22790898 0.06461937 0.04156629
9.00180036 13.56178193 0.01618407 0.00578289 0.00768477 0.04625746 0.11652115 0.10004316 0.09941841 0.19271446 0.10322947 0.20557868 0.06704801 0.03953748
9.20184037 13.57015798 0.01291934 0.00598229 0.00705778 0.03810151 0.11210919 0.13011930 0.10026769 0.15469411 0.10521518 0.22526379 0.07242558 0.03584424
9.40188038 13.57346007 0.01581215 0.00556763 0.00632743 0.03500908 0.11511004 0.11589158 0.10745821 0.22002071 0.10203410 0.16615706 0.06782995 0.04278207
9.60192038 13.56751940 0.01554468 0.00538479 0.00731780 0.03734739 0.11999685 0.13927369 0.10014995 0.21390739 0.10530590 0.15202146 0.06516243 0.03858766
9.80196039 13.55591443 0.01389998 0.00548117 0.00694099 0.03869063 0.12801025 0.13435632 0.09758477 0.16957362 0.10388852 0.19470744 0.06903522 0.03783109
10.00200040 13.53500652 0.01750794 0.00498053 0.00772533 0.04138599 0.12798004 0.09488675 0.10074767 0.19612137 0.10498976 0.19729034 0.06730192 0.03908235
10.20204041 13.52633936 0.01438040 0.00468442 0.00656980 0.04170285 0.12822815 0.10068354 0.10007036 0.16173239 0.10543351 0.22539096 0.06958349 0.04154013
10.40208042 13.52731078 0.01361556 0.00511467 0.00596236 0.03812872 0.13030126 0.11061598 0.10124862 0.15772371 0.10726911 0.22527892 0.06406626 0.04067483
10.60212042 13.53121180 0.01587973 0.00504244 0.00630595 0.04348283 0.12618347 0.10753486 0.10097533 0.20861171 0.10372159 0.17565779 0.07007710 0.03652722
10.80216043 13.52803929 0.01292981 0.00514172 0.00655705 0.03860184 0.13129008 0.14533997 0.09947251 0.17484174 0.10919194 0.16976532 0.06890368 0.03796435
11.00220044 13.51942907 0.01381160 0.00535792 0.00648505 0.03845284 0.13965186 0.14004085 0.09572310 0.18626118 0.11022235 0.16099628 0.06504469 0.03795228
11.20224045 13.49873322 0.01456644 0.00511231 0.00576118 0.03859561 0.13704853 0.10248087 0.10087935 0.20316692 0.10752139 0.17283138 0.06743834 0.04459767
11.40228046 13.48675448 0.01322999 0.00547587 0.00612266 0.03405146 0.13263797 0.10702022 0.10175285 0.15122654 0.11576940 0.22504392 0.06636383 0.04130528
11.60232046 13.48209698 0.01526939 0.00530205 0.00698787 0.03307837 0.14003546 0.09466561 0.09999735 0.16991827 0.10747030 0.21415346 0.07119476 0.04192710
11.80236047 13.48374668 0.01363931 0.00570229 0.00612116 0.03358536 0.13965146 0.10594219 0.10043950 0.18035078 0.11610616 0.19409527 0.06810051 0.03626602
12.00240048 13.49152654 0.01155640 0.00544797 0.00524687 0.03386990 0.14100357 0.12322912 0.11031327 0.16502656 0.11251774 0.18411232 0.07071737 0.03695892
12.20244049 13.49596020 0.01317608 0.00538635 0.00516020 0.03181860 0.13970709 0.12068178 0.11124847 0.19863183 0.11692635 0.15478452 0.06873166 0.03374708
12.40248050 13.48780731 0.01276107 0.00527414 0.00539719 0.03253771 0.14343228 0.12512532 0.10703490 0.18679453 0.11539720 0.16039820 0.07086140 0.03498606
12.60252050 13.47098082 0.01222676 0.00534026 0.00530083 0.02914466 0.14729123 0.11477097 0.11047726 0.15852026 0.11337754 0.19126766 0.07351363 0.03876894
12.80256051 13.45948763 0.01276938 0.00586489 0.00506508 0.03172743 0.14149655 0.08393449 0.11861543 0.17179501 0.11867530 0.19945028 0.07134774 0.03925841
13.00260052 13.44572768 0.01297630 0.00527008 0.00577772 0.03153508 0.14378296 0.09272168 0.12272790 0.15025231 0.11434090 0.20872944 0.07187806 0.04000755
13.20264053 13.44254808 0.01240416 0.00555685 0.00613149 0.03100851 0.14493646 0.09980053 0.11995269 0.15457646 0.12093895 0.19572664 0.07261496 0.03635231
13.40268054 13.44201551 0.01426503 0.00577305 0.00722356 0.03387674 0.14544846 0.09902374 0.12080110 0.18547970 0.12004925 0.15889811 0.07392805 0.03523321
13.60272054 13.43994190 0.01154402 0.00586698 0.00544822 0.03318277 0.14283767 0.12342980 0.12836630 0.16993345 0.12062516 0.15578264 0.07230380 0.03067920
13.80276055 13.42700088 0.01220644 0.00556935 0.00670725 0.03792227 0.14126469 0.12204189 0.12725774 0.16513834 0.12097205 0.15658420 0.07093608 0.03339970
14.00280056 13.41411248 0.01410856 0.00581163 0.00676802 0.03188065 0.14811023 0.09373024 0.12525909 0.18146419 0.12376113 0.16770526 0.06905782 0.03234317
14.20284057 13.40147215 0.01298242 0.00556522 0.00609563 0.03596442 0.15031998 0.08064620 0.12442374 0.14736371 0.12391845 0.20063017 0.07377252 0.03831755
14.40288058 13.39950701 0.01217028 0.00547767 0.00551500 0.03371621 0.14998804 0.08455327 0.12988069 0.15130834 0.12544369 0.19741333 0.07120981 0.03332366
14.60292058 13.40198450 0.01232894 0.00532387 0.00544350 0.03267501 0.15799391 0.09382787 0.13228276 0.16364848 0.12495128 0.16902069 0.06944809 0.03305561
14.80296059 13.40914322 0.01108580 0.00520684 0.00528227 0.03075086 0.15439149 0.11154359 0.13538522 0.15739911 0.12759310 0.16437903 0.06942326 0.02755945
15.00300060 13.40718986 0.01083442 0.00478433 0.00486099 0.03097617 0.15054636 0.10843103 0.13428815 0.17177299 0.12649606 0.15156790 0.07388500 0.03155660
15.20304061 13.39769826 0.01171306 0.00470440 0.00511883 0.03502068 0.15576797 0.10444390 0.13169298 0.17181790 0.12229351 0.15445453 0.07154105 0.03143120
15.40308062 13.38408155 0.01171073 0.00496652 0.00597709 0.03434712 0.15704311 0.09797380 0.12863421 0.15174090 0.12857898 0.18030163 0.06677707 0.03194882
15.60312062 13.36868988 0.01381768 0.00476066 0.00733716 0.03726064 0.15768077 0.07849868 0.12865677 0.15462885 0.12558184 0.18765373 0.07131986 0.03280334
15.80316063 13.35978659 0.01179164 0.00502630 0.00502307 0.03568145 0.15828687 0.08241799 0.12721008 0.15143883 0.13152090 0.19080429 0.06595576 0.03484283
16.00320064 13.35822652 0.01202300 0.00505104 0.00601928 0.03685781 0.16274363 0.09296244 0.12377522 0.15046773 0.12683042 0.17734386 0.06959959 0.03632598
16.20324065 13.35627964 0.01356470 0.00536041 0.00721748 0.03333529 0.16102687 0.10396731 0.12472475 0.17094752 0.13232355 0.15095979 0.06856433 0.02800801
16.40328066 13.35260674 0.01161578 0.00565786 0.00591703 0.02763648 0.16025490 0.10671977 0.12827677 0.16386969 0.13386513 0.14912324 0.07394523 0.03311811
16.60332066 13.34531961 0.01085543 0.00555670 0.00481388 0.02599322 0.16347495 0.10949671 0.12518451 0.15497954 0.13536941 0.15801784 0.07441433 0.03184348
16.80336067 13.33572499 0.01115353 0.00543178 0.00519878 0.02383085 0.17082725 0.09573901 0.11896729 0.15739259 0.14002913 0.16388357 0.07074444 0.03680178
17.00340068 13.32771231 0.01083048 0.00529494 0.00400424 0.02637652 0.17081135 0.08571273 0.12575025 0.14377336 0.13478872 0.18620916 0.07335464 0.03309361
17.20344069 13.31971597 0.01091897 0.00545607 0.00492127 0.02621568 0.17536438 0.08120490 0.12731348 0.14391791 0.13568966 0.17992990 0.07417631 0.03489147
17.40348070 13.31707751 0.01096839 0.00562844 0.00480798 0.02807799 0.17627972 0.09479120 0.12506246 0.15052862 0.13812383 0.15778697 0.07490545 0.03303896
17.60352070 13.31828070 0.01107990 0.00554619 0.00498988 0.02826859 0.17762205 0.10068040 0.12495958 0.15404749 0.14035387 0.14416153 0.07751821 0.03077232
17.80356071 13.31022999 0.01052716 0.00568742 0.00467050 0.03011613 0.17339720 0.09791393 0.13193172 0.15587190 0.13746278 0.14375686 0.07752078 0.03114362
18.00360072 13.29516124 0.01116039 0.00583496 0.00557792 0.03080782 0.17410629 0.09230565 0.13252997 0.14855420 0.14535415 0.14890498 0.07617451 0.02868914
18.20364073 13.28373640 0.00971105 0.00570767 0.00479819 0.02440285 0.18012828 0.08698106 0.13335722 0.13875768 0.14070177 0.16148540 0.08210496 0.03186387
18.40368074 13.27030518 0.01043213 0.00616220 0.00410762 0.02438209 0.17912273 0.07755457 0.13513028 0.13791352 0.14614153 0.17314600 0.07544314 0.03046417
18.60372074 13.26054242 0.00927922 0.00601413 0.00395178 0.02597183 0.18089556 0.07483355 0.13391465 0.13744076 0.14501007 0.16720629 0.08016549 0.03531669
18.80376075 13.25406707 0.01087347 0.00636089 0.00559093 0.02378857 0.17870163 0.08979441 0.13373345 0.13709182 0.15034890 0.15261747 0.08085502 0.03024343
19.00380076 13.24922437 0.01011075 0.00628434 0.00539240 0.02451604 0.18019035 0.09014547 0.13590251 0.14741364 0.14997350 0.13769316 0.07964919 0.03272865
19.20384077 13.24360050 0.01056498 0.00596784 0.00580084 0.02935394 0.17340560 0.08882228 0.13868000 0.14677009 0.14978843 0.14139933 0.08015802 0.02928866
19.40388078 13.24017065 0.01008266 0.00582107 0.00556885 0.03038240 0.17470320 0.08898052 0.14086337 0.14031880 0.14639317 0.14604951 0.07821908 0.03261735
19.60392078 13.23323883 0.01052660 0.00557481 0.00539105 0.03048603 0.17788330 0.08679797 0.13635431 0.13651005 0.14916527 0.15588517 0.07502220 0.03040325
19.80396079 13.22814103 0.01070857 0.00524520 0.00573308 0.02690291 0.17950072 0.07523527 0.14043611 0.13848180 0.14629539 0.16186463 0.07652247 0.03307385
20.00400080 13.22386823 0.01175204 0.00503730 0.00601687 0.02744477 0.18184472 0.07725966 0.14058162 0.13866502 0.14629516 0.15996035 0.07224109 0.03290141
20.20404081 13.22211061 0.01016871 0.00564335 0.00512341 0.02855295 0.17883158 0.08789222 0.13765592 0.13870782 0.15213944 0.14645198 0.07772960 0.03110302
20.40408082 13.21698028 0.01000787 0.00544222 0.00450471 0.02571096 0.17939423 0.09282014 0.13934664 0.14546331 0.15202392 0.13513818 0.07779288 0.03235493
20.60412082 13.21060632 0.00950483 0.00544128 0.00427172 0.02132271 0.17737613 0.09429203 0.14112645 0.14336734 0.15506569 0.14052272 0.07899034 0.02871878
20.80416083 13.20020446 0.00951446 0.00558833 0.00418348 0.02201559 0.17316632 0.08625406 0.14661348 0.13762062 0.15635384 0.14947028 0.07827792 0.03094162
21.00420084 13.19215953 0.01013791 0.00564996 0.00472182 0.02252172 0.18094127 0.08069386 0.14285205 0.13424943 0.15475242 0.15629342 0.07780420 0.02938194
21.20424085 13.18643683 0.01029920 0.00574864 0.00434770 0.02296701 0.18248200 0.07644764 0.14159118 0.13391435 0.15953119 0.15378194 0.07664689 0.03224227
21.40428086 13.18218408 0.01018010 0.00564709 0.00538050 0.02625166 0.18113854 0.07661315 0.14610443 0.13141051 0.15618983 0.15588743 0.07891999 0.02627676
21.60432086 13.17980350 0.00980739 0.00586007 0.00459241 0.02464658 0.19004045 0.08120578 0.14543283 0.13217120 0.16109589 0.14183150 0.07757064 0.02574524
21.80436087 13.17499450 0.00872953 0.00600364 0.00412356 0.02171768 0.18837733 0.08281511 0.14873695 0.14066618 0.16094960 0.13268833 0.07993236 0.02525972
22.00440088 13.17048058 0.00846591 0.00574304 0.00383385 0.02567069 0.18288132 0.08347954 0.15319895 0.13265614 0.15903452 0.13826210 0.08114206 0.02563189
22.20444089 13.15963110 0.00923486 0.00558774 0.00495390 0.02870594 0.18160098 0.07269934 0.15467227 0.13101057 0.16184380 0.14232218 0.08029510 0.02707334
22.40448090 13.14743503 0.01023025 0.00554565 0.00573731 0.02771188 0.18601774 0.07059320 0.14872470 0.12468498 0.16019034 0.15221097 0.08152146 0.02683153
22.60452090 13.13672742 0.01069278 0.00547880 0.00632786 0.03740654 0.18455297 0.06857009 0.14365890 0.12377561 0.16065903 0.15118212 0.07965018 0.02804511
22.80456091 13.12626259 0.01063268 0.00554584 0.00615413 0.03935146 0.18193135 0.06945136 0.14813238 0.13043236 0.16143146 0.14116127 0.07895885 0.02681686
23.00460092 13.12015102 0.01056308 0.00587746 0.00560145 0.03412457 0.19024313 0.07955057 0.14383374 0.12699893 0.15855641 0.13433196 0.08348915 0.02682955
23.20464093 13.11538199 0.01151679 0.00578375 0.00687602 0.03025111 0.19743398 0.07930149 0.14536575 0.13223177 0.16193855 0.12742803 0.07747785 0.02439490
23.40468094 13.10742554 0.00974045 0.00620722 0.00509289 0.02818174 0.18998205 0.07336830 0.15312007 0.13869427 0.16271219 0.12562313 0.08197835 0.02529933
23.60472094 13.09942766 0.00885637 0.00604250 0.00390949 0.02732561 0.19190885 0.07287456 0.15232894 0.12517148 0.16295680 0.14063288 0.08276279 0.02522972
23.80476095 13.09206518 0.00873388 0.00621818 0.00438553 0.02755441 0.19433566 0.07235909 0.14735257 0.11912306 0.16763860 0.14379914 0.08445486 0.02404501
24.00480096 13.08727970 0.01073881 0.00587435 0.00608964 0.02898660 0.19452702 0.06807043 0.14639039 0.12801423 0.16492415 0.13564765 0.08628397 0.02445277
24.20484097 13.08234162 0.01015013 0.00604099 0.00571913 0.02959265 0.19566731 0.07009902 0.14638633 0.12113344 0.16791643 0.13850383 0.08198882 0.02680191
24.40488098 13.08446240 0.00895884 0.00603359 0.00534537 0.02997202 0.20133248 0.06954592 0.14717595 0.12053583 0.16616609 0.13331881 0.08329177 0.02832333
24.60492098 13.08204637 0.00969785 0.00591380 0.00504389 0.03000872 0.19931297 0.07017690 0.15159595 0.12963037 0.16905719 0.12320946 0.08411998 0.02223293
24.80496099 13.08084496 0.00915712 0.00604409 0.00530612 0.02791463 0.19795469 0.08015229 0.14982541 0.11828323 0.16898605 0.13035470 0.08518965 0.02083201
25.00500100 13.07270829 0.00951788 0.00605507 0.00557195 0.02619522 0.19738587 0.06834249 0.15801584 0.12165489 0.16540632 0.13166005 0.08513679 0.02505764
25.20504101 13.06342532 0.00970820 0.00616684 0.00526008 0.02933959 0.19600191 0.06007182 0.16014477 0.11887462 0.16817377 0.13977621 0.08351259 0.02296961
25.40508102 13.05770059 0.00874947 0.00605122 0.00492746 0.02504068 0.19904413 0.06259984 0.15868497 0.11787955 0.16744308 0.13867569 0.08477647 0.02612744
25.60512102 13.05547497 0.00862230 0.00626154 0.00417917 0.02241921 0.20302314 0.06671457 0.15327968 0.12347993 0.17037569 0.13101734 0.08505982 0.02556760
25.80516103 13.04992753 0.00957394 0.00603817 0.00564248 0.02048170 0.20930564 0.07051454 0.15427091 0.12148321 0.16863630 0.12445770 0.08174886 0.02784656
26.00520104 13.04801077 0.00764701 0.00616745 0.00369482 0.01773247 0.20879845 0.07666956 0.15804421 0.12213925 0.16773933 0.12412050 0.08325044 0.02399651
26.20524105 13.04080153 0.00749360 0.00614368 0.00279598 0.01964397 0.20665711 0.07224382 0.15786931 0.12283864 0.17043125 0.12126780 0.08489854 0.02771632
26.40528106 13.03498096 0.00778746 0.00595262 0.00346732 0.01583688 0.20153788 0.06401568 0.16257836 0.12282242 0.16824545 0.13209034 0.08768557 0.02798002
26.60532106 13.02726453 0.00838282 0.00604404 0.00424551 0.01899601 0.20653867 0.06545648 0.15892425 0.11102423 0.16652384 0.14121355 0.08396907 0.02868153
26.80536107 13.02061278 0.01014098 0.00585433 0.00602158 0.02305904 0.20838016 0.07005315 0.15561325 0.11605414 0.16450607 0.12838892 0.08564606 0.02628232
27.00540108 13.01377292 0.00895597 0.00587000 0.00470624 0.02523425 0.20257437 0.07335777 0.15906929 0.11632776 0.16597362 0.12775799 0.08251259 0.02766015
27.20544109 13.01642602 0.00889916 0.00573967 0.00481916 0.02588297 0.21036025 0.07131431 0.15651290 0.11899476 0.16331699 0.12639685 0.08007007 0.02769291
27.40548110 13.00759333 0.00966310 0.00558916 0.00595579 0.02466672 0.22058554 0.06911568 0.15110912 0.12341932 0.16057452 0.12450787 0.07814154 0.02667165
27.60552110 12.99922575 0.00939723 0.00569351 0.00532005 0.02266326 0.20703704 0.07312986 0.15620742 0.12164040 0.16574717 0.12958959 0.07731474 0.02625973
27.80556111 12.99049597 0.00902869 0.00560156 0.00499958 0.02462287 0.19872311 0.06899362 0.16388969 0.11851224 0.16247704 0.13305069 0.08130848 0.02879242
28.00560112 12.98542402 0.00853856 0.00596211 0.00472553 0.02701460 0.20260462 0.06990576 0.16055038 0.11516441 0.16342006 0.13476018 0.08146271 0.02589108
28.20564113 12.97920046 0.00819929 0.00615297 0.00453222 0.02118686 0.20347209 0.06931040 0.15790928 0.11875910 0.16584911 0.13087071 0.08661642 0.02714156
28.40568114 12.97172697 0.00845198 0.00592645 0.00329429 0.02498619 0.20646715 0.06755083 0.16322013 0.12217404 0.16474121 0.12570414 0.08164494 0.02583865
28.60572114 12.96813346 0.00926536 0.00605153 0.00519551 0.02534294 0.20426390 0.06978525 0.16514547 0.11744886 0.16858140 0.12183976 0.08195758 0.02512245
28.80576115 12.96747830 0.00935547 0.00597994 0.00544711 0.02571886 0.21412166 0.07316962 0.15845627 0.11578694 0.16456854 0.11832435 0.08487347 0.02419778
29.00580116 12.95434791 0.00797207 0.00610236 0.00356150 0.02434813 0.21307838 0.07235203 0.16063223 0.11257019 0.16656162 0.12418935 0.08162528 0.02700685
29.20584117 12.94641723 0.00920170 0.00610684 0.00443963 0.02559292 0.20317620 0.06520991 0.16236070 0.11579247 0.16715405 0.13171787 0.08520210 0.02404563
29.40588118 12.94067554 0.00926596 0.00607843 0.00476024 0.02611427 0.20107785 0.06744026 0.16546867 0.11441313 0.16562171 0.13042211 0.08375321 0.02558415
29.60592118 12.93840601 0.00821036 0.00634300 0.00360829 0.02317535 0.20133830 0.07227101 0.16457287 0.11500780 0.17135148 0.12695200 0.08039424 0.02677531
29.80596119 12.92977551 0.00784560 0.00636120 0.00354468 0.02354386 0.20685698 0.07456150 0.16106704 0.11629618 0.17182007 0.11881138 0.08389457 0.02539692
30.00600120 12.92430779 0.00836697 0.00592508 0.00479593 0.02571198 0.21056916 0.07051330 0.16091879 0.11752718 0.16717564 0.12159162 0.08341120 0.02349314
30.20604121 12.91972542 0.00943211 0.00615346 0.00499501 0.02550216 0.20982110 0.06735687 0.16253467 0.11278650 0.16726335 0.12521764 0.08422731 0.02470983
30.40608122 12.91087990 0.00835961 0.00582384 0.00428313 0.02327865 0.21173182 0.06895252 0.15790114 0.11605025 0.16544825 0.12659055 0.08509483 0.02648541
30.60612122 12.90308197 0.00762485 0.00599447 0.00324969 0.01943334 0.21591115 0.07157738 0.15425933 0.11481002 0.16763946 0.13318740 0.08219547 0.02411744
30.80616123 12.89553142 0.00842009 0.00572059 0.00368607 0.02470225 0.20558623 0.06996043 0.16061089 0.11431867 0.16598397 0.13440348 0.08209819 0.02450914
31.00620124 12.89199609 0.00950171 0.00584853 0.00476157 0.02450993 0.20495415 0.06995306 0.15991343 0.12364724 0.16793251 0.12332301 0.08135126 0.02430360
31.20624125 12.88730287 0.00792668 0.00587926 0.00350715 0.02296339 0.21381392 0.07450075 0.15529288 0.11766786 0.17000709 0.12137085 0.08100673 0.02606343
31.40628126 12.87899494 0.00871514 0.00596097 0.00416090 0.02265497 0.21236576 0.07152070 0.15345910 0.11896210 0.16932922 0.12185552 0.08888482 0.02213080
31.60632126 12.86945602 0.00985369 0.00625835 0.00540981 0.02241766 0.21579693 0.06505611 0.15590153 0.11863658 0.17093781 0.12163273 0.08710525 0.02099353
31.80636127 12.85968505 0.00761956 0.00602528 0.00404992 0.02211850 0.22227485 0.06789685 0.15561873 0.10796982 0.17032724 0.13002605 0.08175377 0.02431943
32.00640128 12.85373992 0.00808224 0.00627146 0.00330624 0.02099991 0.21994704 0.06411886 0.15464873 0.11293656 0.17671109 0.12607542 0.08442155 0.02248089
32.20644129 12.85177096 0.00804934 0.00623470 0.00285749 0.01888601 0.21340900 0.06143376 0.16310643 0.11997762 0.17252960 0.12511326 0.08672014 0.02168265
32.40648130 12.84499799 0.00740863 0.00628968 0.00263489 0.01712185 0.21239449 0.06966822 0.16456023 0.11350723 0.17537602 0.12726665 0.08337946 0.02039266
32.60652130 12.84162802 0.00705837 0.00614626 0.00229456 0.01617035 0.21107674 0.07364992 0.15953889 0.11769548 0.17073211 0.11722018 0.09450588 0.02391128
32.80656131 12.84036983 0.00766283 0.00622309 0.00297742 0.01787049 0.21242609 0.07056286 0.16301973 0.12038230 0.17070550 0.11991530 0.08962546 0.01862893
33.00660132 12.82963432 0.00792391 0.00626215 0.00363767 0.01786524 0.21736584 0.06708982 0.16394599 0.11217862 0.17057125 0.12854509 0.08185464 0.02275978
33.20664133 12.82676311 0.00759455 0.00600549 0.00300746 0.01797151 0.21981413 0.06417703 0.16129001 0.11221059 0.17085079 0.12973974 0.08403946 0.02329926
33.40668134 12.82194647 0.00747676 0.00605835 0.00300747 0.01797081 0.21492065 0.06290415 0.16325235 0.11892590 0.17215406 0.12636529 0.08361447 0.02334975
33.60672134 12.81621395 0.00778164 0.00617978 0.00362838 0.01956537 0.21232564 0.06441416 0.17147232 0.10699551 0.16991602 0.13070214 0.08410610 0.02291293
33.80676135 12.81015767 0.00810405 0.00625611 0.00371882 0.01931544 0.20869291 0.06511522 0.17109003 0.11484625 0.17002957 0.12360784 0.08793125 0.02129251
34.00680136 12.79867445 0.00868091 0.00658800 0.00474426 0.01866597 0.20882599 0.06642728 0.17417410 0.11058943 0.17646948 0.11237988 0.08994231 0.02251241
34.20684137 12.78994719 0.00824677 0.00625800 0.00513837 0.02458123 0.20998959 0.06438303 0.17407627 0.10540286 0.17425912 0.12097071 0.08541689 0.02127715
34.40688138 12.78428643 0.00832373 0.00631113 0.00377772 0.02618226 0.21260094 0.05595293 0.17011076 0.11125333 0.17842299 0.11837612 0.08455405 0.02413405
34.60692138 12.77976556 0.00885231 0.00602369 0.00472596 0.02573772 0.22227295 0.05680169 0.16470254 0.10944707 0.18048212 0.12021096 0.08051858 0.02022444
34.80696139 12.77861720 0.00854865 0.00579978 0.00569617 0.02421003 0.22131755 0.06422327 0.16527660 0.10137771 0.18012626 0.11843196 0.08147968 0.02351234
35.00700140 12.76989053 0.00818944 0.00581604 0.00436171 0.02796088 0.22150483 0.06038593 0.16770300 0.11152641 0.17494629 0.10907147 0.08602972 0.02250429
35.20704141 12.76502492 0.00876195 0.00586602 0.00510720 0.02760359 0.21530626 0.06052804 0.16724168 0.10437513 0.17901064 0.11338307 0.08657526 0.02624116
35.40708142 12.76412112 0.00818960 0.00574811 0.00503269 0.02445845 0.21779213 0.06426213 0.16910294 0.10411184 0.17730325 0.11400841 0.08605345 0.02393700
35.60712142 12.75629210 0.00853183 0.00580131 0.00447038 0.02812521 0.21806282 0.06184198 0.16907696 0.10807200 0.18007584 0.11125908 0.07898294 0.02569964
35.80716143 12.74856276 0.00922847 0.00562781 0.00562961 0.03133896 0.21927644 0.06076268 0.16595264 0.10512261 0.17490093 0.11571557 0.08024206 0.02620222
36.00720144 12.74307859 0.00861823 0.00568008 0.00607012 0.02727830 0.22194066 0.06368263 0.16112901 0.10002838 0.17792671 0.11792375 0.08332341 0.02639872
36.20724145 12.73905766 0.00841108 0.00575089 0.00484015 0.03014217 0.22515118 0.06198146 0.15747303 0.10678898 0.17954299 0.11220947 0.08208178 0.02562681
36.40728146 12.73194067 0.00886083 0.00586237 0.00495446 0.02774584 0.22460770 0.06221675 0.16116860 0.10358469 0.18114415 0.11180145 0.08321705 0.02483612
36.60732146 12.72510738 0.00755163 0.00595898 0.00434554 0.02560929 0.22426318 0.06616544 0.16668645 0.09894784 0.17886784 0.11441656 0.08222342 0.02496383
36.80736147 12.71943855 0.00873563 0.00606568 0.00437555 0.02439618 0.21968621 0.06198670 0.16857750 0.11159783 0.18227189 0.10720397 0.08339859 0.02170427
37.00740148 12.71368380 0.01010579 0.00623559 0.00581868 0.02703145 0.21744080 0.06486389 0.16425106 0.10054609 0.18394602 0.11252451 0.08412641 0.02310972
37.20744149 12.70841434 0.00916563 0.00592665 0.00538853 0.02999323 0.21739032 0.05999074 0.16380859 0.10542341 0.17939390 0.11416959 0.08748042 0.02186900
37.40748150 12.70206979 0.00884772 0.00614268 0.00448675 0.03045554 0.21737062 0.06105259 0.16485336 0.10448265 0.18271155 0.10959520 0.08492167 0.02507968
37.60752150 12.69889113 0.00770742 0.00614334 0.00476081 0.02686176 0.22131276 0.06512010 0.16208776 0.09789459 0.18502795 0.11599372 0.08542806 0.02166173
37.80756151 12.69118525 0.00915987 0.00602938 0.00536468 0.02844748 0.22093286 0.05841351 0.16290333 0.10407627 0.18127891 0.11102041 0.08685540 0.02551791
38.00760152 12.68643066 0.00916470 0.00595663 0.00551291 0.03094392 0.22088249 0.05640004 0.16622645 0.10243693 0.18353587 0.11336272 0.08139844 0.02417891
38.20764153 12.67482155 0.00797219 0.00597005 0.00514656 0.03638105 0.21791350 0.06027361 0.16563062 0.09705018 0.18144198 0.11067774 0.08704372 0.02449880
38.40768154 12.67058764 0.00890745 0.00610837 0.00591435 0.03222505 0.21680471 0.06261866 0.16834894 0.10006294 0.18577947 0.10373700 0.08895839 0.02053469
38.60772154 12.66228596 0.00836869 0.00632506 0.00451494 0.03166587 0.21785320 0.05696609 0.17086560 0.10217990 0.18298855 0.10438557 0.08796746 0.02591906
38.80776155 12.65498904 0.01040076 0.00586939 0.00725971 0.03403607 0.22526300 0.05376929 0.16564060 0.09506467 0.18360133 0.10840631 0.08762556 0.02306332
39.00780156 12.64997779 0.01030021 0.00631114 0.00796053 0.03270286 0.23040498 0.05133506 0.16311493 0.09888724 0.18676271 0.10448690 0.08540611 0.02232734
39.20784157 12.64887418 0.00815769 0.00598363 0.00341773 0.03095020 0.22959502 0.05506739 0.16897666 0.10007724 0.18902496 0.10248548 0.08441960 0.02184439
39.40788158 12.64243154 0.00717132 0.00575672 0.00441164 0.03420060 0.23075061 0.06220387 0.16572080 0.09118960 0.18414368 0.10286421 0.08962805 0.02195889
39.60792158 12.63459863 0.00942995 0.00632329 0.00613484 0.03692938 0.22774619 0.05551405 0.16656330 0.09620074 0.19122015 0.09691662 0.08614695 0.02087455
39.80796159 12.62982486 0.00943061 0.00628988 0.00566587 0.03283720 0.22732307 0.05343574 0.17107096 0.09632447 0.18590207 0.09714589 0.08941388 0.02516035
40.00800160 12.62357698 0.00813263 0.00605453 0.00590367 0.03191859 0.22507723 0.05196836 0.17727434 0.08930106 0.18709813 0.10624097 0.08849563 0.02253485
40.20804161 12.61393379 0.00947916 0.00627945 0.00619000 0.03639679 0.22724812 0.05268493 0.16962271 0.08983805 0.18908524 0.10193140 0.08776434 0.02347980
40.40808162 12.60369318 0.00764568 0.00588012 0.00514110 0.03487127 0.22755320 0.05583149 0.16681480 0.09068482 0.18667116 0.10687006 0.08708058 0.02495571
40.60812162 12.59682026 0.00881562 0.00599214 0.00528775 0.03474103 0.22895757 0.05455610 0.17197118 0.08916712 0.19061461 0.10289112 0.08246438 0.02454139
40.80816163 12.59476770 0.00879571 0.00599341 0.00635395 0.03106990 0.22754956 0.05123640 0.17269044 0.09961369 0.18679763 0.09744464 0.08896883 0.02348586
41.00820164 12.58678237 0.00928216 0.00604220 0.00550548 0.03118841 0.22438981 0.05631215 0.17137847 0.09540614 0.18695213 0.10050700 0.08923726 0.02379879
41.20824165 12.58347469 0.00748736 0.00600423 0.00483755 0.03357022 0.22304564 0.06065630 0.17235805 0.09471657 0.18766312 0.09961489 0.08692883 0.02311724
41.40828166 12.57272539 0.00858302 0.00614733 0.00572747 0.03087332 0.22183082 0.05607332 0.17799578 0.09622547 0.18580001 0.10127442 0.08222592 0.02724311
41.60832166 12.56591979 0.00919144 0.00586812 0.00647534 0.03235294 0.22371569 0.05161097 0.17337169 0.09210147 0.18538178 0.10871461 0.08566259 0.02555337
41.80836167 12.55951795 0.00911548 0.00622333 0.00649096 0.03413798 0.22306075 0.05774529 0.17704727 0.08970394 0.18413467 0.10229712 0.08553385 0.02450936
42.00840168 12.55228253 0.01087652 0.00657574 0.00752260 0.03398038 0.22330716 0.05723345 0.16780863 0.09459591 0.18726598 0.09580874 0.08904237 0.02598254
42.20844169 12.54899662 0.01060375 0.00614742 0.00738027 0.03541777 0.22826885 0.05774852 0.16804341 0.09330604 0.18136483 0.09785739 0.08617535 0.02768640
42.40848170 12.54535505 0.00882327 0.00615749 0.00547544 0.03688036 0.22023620 0.06160419 0.17063048 0.09460338 0.18520366 0.09713052 0.08377203 0.02948297
42.60852170 12.53784214 0.00906713 0.00603561 0.00605155 0.03432943 0.21839511 0.05829312 0.17465611 0.09541573 0.18115338 0.10126320 0.08775966 0.02757997
42.80856171 12.53380134 0.00963123 0.00633425 0.00646472 0.03217726 0.21811551 0.05861235 0.17348514 0.09264364 0.18551983 0.10517371 0.08454514 0.02729722
43.00860172 12.52523084 0.00885847 0.00613750 0.00606402 0.03142232 0.22599943 0.06021386 0.16612685 0.09183051 0.18217382 0.10937407 0.08556226 0.02623688
43.20864173 12.52534864 0.00872216 0.00623201 0.00524053 0.02916896 0.22613794 0.05972307 0.16277641 0.09552842 0.18360783 0.10627705 0.08924568 0.02733994
43.40868174 12.52448148 0.00841685 0.00608821 0.00487524 0.02745234 0.22465467 0.05957746 0.16497554 0.09897970 0.18544628 0.10612336 0.08883517 0.02457518
43.60872174 12.51821657 0.00885942 0.00608554 0.00571963 0.02907655 0.22988446 0.06170675 0.16435262 0.09504856 0.18964663 0.10337576 0.08003062 0.02621346
43.80876175 12.51295312 0.00863827 0.00578322 0.00568819 0.03401415 0.23461233 0.06542944 0.15788909 0.09814087 0.18864293 0.09796107 0.08107229 0.02212813
44.00880176 12.50443500 0.00856339 0.00574839 0.00532228 0.02881241 0.22612526 0.06560427 0.15998084 0.09934086 0.19304661 0.09992295 0.08309878 0.02443397
44.20884177 12.49704962 0.00929098 0.00576656 0.00514708 0.02605470 0.22139533 0.06366319 0.16691776 0.09466558 0.19097968 0.10906627 0.08494054 0.02211232
44.40888178 12.48643785 0.00881489 0.00573891 0.00491542 0.02715004 0.22285215 0.05481372 0.16615907 0.10013039 0.18887746 0.10813905 0.08437227 0.02803663
44.60892178 12.48324721 0.00808954 0.00584150 0.00435311 0.02477333 0.23039550 0.05969327 0.15852821 0.09467517 0.19104891 0.11014443 0.08618575 0.02627129
44.80896179 12.48410296 0.00810644 0.00570169 0.00411086 0.02362145 0.22916744 0.06474351 0.16483055 0.09646359 0.19141850 0.10286636 0.08288168 0.02608792
45.00900180 12.48075242 0.00891631 0.00568151 0.00528957 0.02333820 0.22665138 0.06858562 0.16843564 0.09486637 0.19441281 0.09960530 0.07681852 0.02739875
45.20904181 12.47818642 0.00798920 0.00551931 0.00478236 0.02288266 0.22770607 0.06409155 0.16747345 0.09654468 0.18995263 0.10258867 0.08334842 0.02712101
45.40908182 12.46859353 0.00740777 0.00576820 0.00389628 0.02480859 0.22622474 0.05963197 0.16271671 0.09721822 0.19438939 0.10413791 0.08490082 0.02889939
45.60912182 12.46347762 0.00821923 0.00571549 0.00532375 0.02463510 0.22065869 0.05808057 0.17098245 0.09644651 0.19504809 0.10809528 0.08159515 0.02519969
45.80916183 12.45332093 0.00942947 0.00568741 0.00673846 0.02490800 0.21775663 0.06261969 0.17762967 0.09050703 0.19292479 0.10587270 0.08000137 0.02592478
46.00920184 12.44986154 0.00840883 0.00554382 0.00480071 0.02743115 0.21962162 0.05947499 0.17005341 0.09100398 0.19599973 0.10694988 0.08678129 0.02393061
46.20924185 12.44890007 0.00776101 0.00567323 0.00499992 0.03034203 0.22639258 0.05611731 0.16757120 0.09626499 0.19726907 0.10167378 0.08109378 0.02484110
46.40928186 12.44102946 0.00851754 0.00534886 0.00469906 0.02442207 0.22860901 0.06209105 0.17183537 0.09816170 0.19255150 0.10230692 0.07765514 0.02380178
46.60932186 12.43797682 0.00762473 0.00533464 0.00349945 0.02290526 0.22487014 0.06319417 0.17176232 0.09697589 0.19265306 0.10249054 0.08337970 0.02531009
46.80936187 12.42993491 0.00778328 0.00545225 0.00401693 0.02319116 0.22298566 0.06986026 0.16902046 0.09705675 0.19518779 0.10047347 0.08335371 0.02161829
47.00940188 12.42308254 0.00820408 0.00554085 0.00451751 0.02302021 0.22231694 0.06876919 0.17196336 0.09005670 0.19649703 0.10382440 0.08168169 0.02360804
47.20944189 12.41612401 0.00794317 0.00578067 0.00383529 0.02258778 0.21669077 0.05987001 0.17700633 0.09417309 0.19992706 0.10643116 0.08259504 0.02315963
47.40948190 12.41524925 0.00818022 0.00558078 0.00431005 0.02415254 0.21890789 0.05837989 0.17796784 0.09332963 0.19578402 0.10640967 0.08375934 0.02323813
47.60952190 12.40576606 0.00766885 0.00573718 0.00407505 0.02921861 0.22669471 0.06084903 0.17431255 0.08981134 0.19692373 0.10087115 0.08233170 0.02150611
47.80956191 12.40022134 0.00827545 0.00584548 0.00421184 0.02833635 0.22593131 0.06591015 0.16806356 0.09535372 0.20043713 0.09445790 0.08172238 0.02145473
48.00960192 12.39379114 0.00789366 0.00576679 0.00502343 0.02762786 0.23129420 0.06464913 0.16719348 0.09203176 0.19474385 0.09536226 0.08700154 0.02141203
48.20964193 12.38960455 0.00714404 0.00593710 0.00378517 0.02817970 0.22738505 0.05883033 0.16842176 0.09304701 0.20393213 0.09814904 0.08432382 0.02086485
48.40968194 12.38147782 0.00838638 0.00576972 0.00393252 0.02595680 0.22380706 0.05810068 0.17627494 0.09316341 0.20126884 0.09955351 0.08087931 0.02290683
48.60972194 12.37326023 0.00843016 0.00597587 0.00564851 0.02642177 0.22188811 0.05584031 0.17356905 0.08752863 0.20558049 0.10754837 0.08098634 0.02058238
48.80976195 12.36776498 0.00930099 0.00569812 0.00605625 0.02815456 0.22745031 0.05853371 0.16583692 0.08517516 0.20271278 0.10206684 0.08830173 0.02071263
49.00980196 12.35991143 0.00927596 0.00570925 0.00563698 0.03030732 0.22815942 0.05239184 0.16603863 0.09372769 0.20313710 0.09592968 0.08695546 0.02273066
49.20984197 12.35101270 0.00864483 0.00585335 0.00519535 0.02991526 0.22835944 0.05966882 0.16471335 0.08857913 0.20500725 0.09870350 0.08406647 0.02129324
49.40988198 12.34797505 0.00821763 0.00586962 0.00556215 0.03200021 0.23189129 0.06029954 0.16239141 0.08982596 0.20724658 0.09042795 0.08460095 0.02166670
49.60992198 12.33808063 0.00882305 0.00600393 0.00486507 0.02941865 0.23256716 0.05731549 0.16123613 0.09387361 0.20890080 0.09095186 0.08529184 0.02075242
49.80996199 12.33286490 0.00751233 0.00593511 0.00433090 0.02273277 0.22903228 0.06240432 0.16834350 0.08440051 0.21362677 0.09996162 0.08106219 0.02065770
50.01000200 12.32328979 0.00902037 0.00592887 0.00482460 0.02767139 0.22535354 0.05145345 0.16890938 0.09060923 0.21078530 0.09711796 0.08702276 0.02130314
50.21004201 12.31414087 0.00776250 0.00601770 0.00445906 0.02680068 0.22762665 0.04816310 0.16232738 0.09135815 0.21012451 0.10028906 0.09390361 0.02116760
50.41008202 12.31197918 0.00707526 0.00622204 0.00387035 0.02604040 0.23569499 0.05603532 0.16106123 0.08406608 0.21571461 0.09529930 0.08730699 0.02161342
50.61012202 12.31057013 0.00713247 0.00597300 0.00471769 0.02931976 0.23809263 0.05914030 0.16708280 0.08705738 0.21074591 0.08570830 0.08610552 0.01892424
50.81016203 12.30383842 0.00875294 0.00592435 0.00512701 0.02644351 0.23576371 0.05594519 0.16459625 0.08759448 0.21392646 0.09234604 0.08378909 0.01979097
51.01020204 12.30215826 0.00780415 0.00577526 0.00468804 0.02759394 0.23735668 0.05193530 0.16126453 0.08550926 0.21198393 0.09769418 0.08561946 0.02277527
