0.00000000 9.00000000 0.00000000 0.00000000 0.00000000 0.00000000 0.00000000 0.00000000 0.00000000 1.00000000 0.00000000 0.00000000 0.00000000 0.00000000
0.10000500 9.00212392 0.01193192 0.00050052 0.00331570 0.08470435 0.09323562 0.17496426 0.00618869 0.51914086 0.03944658 0.04096228 0.00662860 0.01898062
0.20001000 9.00136224 0.00609863 0.00054050 0.00285407 0.06984586 0.14446680 0.22426931 0.02910092 0.31636427 0.05782883 0.09920048 0.01406295 0.03536737
0.30001500 9.00055630 0.00348836 0.00060430 0.00148534 0.03260712 0.18793068 0.25068261 0.05197938 0.21261150 0.06450425 0.12769435 0.03098140 0.03543073
0.40002000 8.99848275 0.00324078 0.00052704 0.00163015 0.03509412 0.19499553 0.25123645 0.06465457 0.15941176 0.06751315 0.14511556 0.03630971 0.04027119
0.50002500 8.99755314 0.00283797 0.00053820 0.00148292 0.02627681 0.21215228 0.24724354 0.07862690 0.12015929 0.06743956 0.15661456 0.04124307 0.04538491
0.60003000 8.99613303 0.00297057 0.00055302 0.00155861 0.03639844 0.22283176 0.23296889 0.08816085 0.09899729 0.07361082 0.15746994 0.04484355 0.03963625
0.70003500 8.99300064 0.00228534 0.00052743 0.00115662 0.01831751 0.24906133 0.22290825 0.08815500 0.08901931 0.07132228 0.15778355 0.04893396 0.05052942
0.80004000 8.99017565 0.00234356 0.00070882 0.00152363 0.03106975 0.25040687 0.20508409 0.09627098 0.06997254 0.08572245 0.14264111 0.06489088 0.04936533
0.90004500 8.98699952 0.00183915 0.00067572 0.00126775 0.02935776 0.25630907 0.19785777 0.10694499 0.05777990 0.08592391 0.13748721 0.07614631 0.04841046
1.00005000 8.98317159 0.00163749 0.00064974 0.00106731 0.01283980 0.27080997 0.20216687 0.11365563 0.05391014 0.07622443 0.13060191 0.08866022 0.04777649
1.10005500 8.97934391 0.00181607 0.00054757 0.00136377 0.02384270 0.26969114 0.20267277 0.13263640 0.04642672 0.06928113 0.12518089 0.08184375 0.04469708
1.20006000 8.97312483 0.00170340 0.00055889 0.00107785 0.01802598 0.28582382 0.20434512 0.14230234 0.04719739 0.06717493 0.10852127 0.08414003 0.03912899
1.30006500 8.97102034 0.00155830 0.00051597 0.00098116 0.01503789 0.30324303 0.20486432 0.14642264 0.04434969 0.06619479 0.09426943 0.08162357 0.04093921
1.40007000 8.96965292 0.00108185 0.00054348 0.00053675 0.00267863 0.30298641 0.20669490 0.15283615 0.04063261 0.06673496 0.09697281 0.08689900 0.04140245
1.50007500 8.96437154 0.00138567 0.00054197 0.00080123 0.01304193 0.30522562 0.20416978 0.15731144 0.04012219 0.06836432 0.08288566 0.08855665 0.03759354
1.60008000 8.96087557 0.00139147 0.00054285 0.00077797 0.01208400 0.31078220 0.19045896 0.16918706 0.04159799 0.07157355 0.08034614 0.08591433 0.03534348
1.70008500 8.96050107 0.00133759 0.00053840 0.00077937 0.01136924 0.34477212 0.18211906 0.17044326 0.03711991 0.06525860 0.06538354 0.08898762 0.03189129
1.80009000 8.95530203 0.00118450 0.00048634 0.00068354 0.01661106 0.35869393 0.18122151 0.18547762 0.02834171 0.05399206 0.05872750 0.08935006 0.02523018
1.90009500 8.95010017 0.00148148 0.00044450 0.00080872 0.01801157 0.35918310 0.16320321 0.19399376 0.03746520 0.05045260 0.05925455 0.09192603 0.02377526
2.00010001 8.94217577 0.00128976 0.00051125 0.00064978 0.01353898 0.36986657 0.14822235 0.19424106 0.03646579 0.05794500 0.05770031 0.09543612 0.02413303
2.10010501 8.93893782 0.00134951 0.00051289 0.00090910 0.01954897 0.37905385 0.13782290 0.20064625 0.03046491 0.05860527 0.05298370 0.09518175 0.02292090
2.20011001 8.93450773 0.00125255 0.00046557 0.00085879 0.01591074 0.37916589 0.12774824 0.20429674 0.03125669 0.05188096 0.05972982 0.10019084 0.02724317
2.30011501 8.93348134 0.00094428 0.00046174 0.00055731 0.00978833 0.38031965 0.12773979 0.20969867 0.02850613 0.04874313 0.06046506 0.10477681 0.02799910
2.40012001 8.92970887 0.00073440 0.00048295 0.00046665 0.00592043 0.38764516 0.12333811 0.22008811 0.02456176 0.04932630 0.04925474 0.11045749 0.02772390
2.50012501 8.92725233 0.00073360 0.00042468 0.00043783 0.01000428 0.39324470 0.11152703 0.22268470 0.02547838 0.04534108 0.04986958 0.11430484 0.02594930
2.60013001 8.92471772 0.00055890 0.00047124 0.00037122 0.00417545 0.39653546 0.10832573 0.22261493 0.01997352 0.04930233 0.04677749 0.12307604 0.02781770
2.70013501 8.92031696 0.00067576 0.00045421 0.00047650 0.00559106 0.40416824 0.10458435 0.22484386 0.01913995 0.04080867 0.04716743 0.12572502 0.02636496
2.80014001 8.91526612 0.00080885 0.00045285 0.00062714 0.00992596 0.40218752 0.10088091 0.23367668 0.01657596 0.04015602 0.04777852 0.12552694 0.02140266
2.90014501 8.91549599 0.00068182 0.00044854 0.00043497 0.00541589 0.40810021 0.10110516 0.23681779 0.01846473 0.04375219 0.04221134 0.12288127 0.01968609
3.00015001 8.90868941 0.00065592 0.00041979 0.00038291 0.00977490 0.41240007 0.09851994 0.23385206 0.01749169 0.04026377 0.04680558 0.12306431 0.01636906
3.10015501 8.90370503 0.00073085 0.00044402 0.00042409 0.00941930 0.41265016 0.09735060 0.23078867 0.01795226 0.04165645 0.04417553 0.12846071 0.01594736
3.20016001 8.89923097 0.00053461 0.00053599 0.00028333 0.00366623 0.41460521 0.08322548 0.24843920 0.01854729 0.04631427 0.03789746 0.13010534 0.01584560
3.30016501 8.89765699 0.00048444 0.00045171 0.00031552 0.00344229 0.41814297 0.07826207 0.25108297 0.01455562 0.04396987 0.04214315 0.13035248 0.01679690
3.40017001 8.89394491 0.00056768 0.00040800 0.00036140 0.00729101 0.42718393 0.07313776 0.24949752 0.01573141 0.04545213 0.03693845 0.12945842 0.01397229
3.50017501 8.89065143 0.00039525 0.00037068 0.00022588 0.00034485 0.42546811 0.08259100 0.25177221 0.01437987 0.04117922 0.03704725 0.13120978 0.01501589
3.60018001 8.88492720 0.00057432 0.00037299 0.00028888 0.00197559 0.42352845 0.07829591 0.25937853 0.02063112 0.03601385 0.03272519 0.13070618 0.01550899
3.70018501 8.88037559 0.00059260 0.00037126 0.00031289 0.00577356 0.41749212 0.08470760 0.25991774 0.01873350 0.03534070 0.03230155 0.13087818 0.01357830
3.80019001 8.87644800 0.00078226 0.00041830 0.00045459 0.01021153 0.41847990 0.07881488 0.25963822 0.02147093 0.03564023 0.02583396 0.13582335 0.01243185
3.90019501 8.87218911 0.00076302 0.00042963 0.00046632 0.01025502 0.42118056 0.07738318 0.26986015 0.01780439 0.03523343 0.02102631 0.13529623 0.01030176
4.00020001 8.86678658 0.00081773 0.00044977 0.00066279 0.01563393 0.42211667 0.07209861 0.26671794 0.01660695 0.03427942 0.01832543 0.13843621 0.01385458
4.10020501 8.86292085 0.00065265 0.00040844 0.00044379 0.01483938 0.42742680 0.07105985 0.26460429 0.01367960 0.02960437 0.02826075 0.13995610 0.00906398
4.20021001 8.86117950 0.00066363 0.00037868 0.00043437 0.00865891 0.43081077 0.06735672 0.26749935 0.01693846 0.02991437 0.02628076 0.13939684 0.01166716
4.30021501 8.85321245 0.00059990 0.00042056 0.00043466 0.00945277 0.42857409 0.06005340 0.26848746 0.01353178 0.03150527 0.02885468 0.14501263 0.01307281
4.40022001 8.84457082 0.00056250 0.00043497 0.00035784 0.00691497 0.42431987 0.06093674 0.26794432 0.01644644 0.03421804 0.02888436 0.14508279 0.01389714
4.50022501 8.83954037 0.00062216 0.00038987 0.00047906 0.00866921 0.42815474 0.05770274 0.26560143 0.01391948 0.03005980 0.03490556 0.14579415 0.01370178
4.60023001 8.83348399 0.00058356 0.00040429 0.00045624 0.01070038 0.42462747 0.05465447 0.26914076 0.01383447 0.03195887 0.03156713 0.14786861 0.01420376
4.70023501 8.82960434 0.00057390 0.00038175 0.00035612 0.00523358 0.42317738 0.05799174 0.26837887 0.01766900 0.03006123 0.03510123 0.15000077 0.01107443
4.80024001 8.82772183 0.00041715 0.00042383 0.00029847 0.00546707 0.42396344 0.05583120 0.26880249 0.01298303 0.03122227 0.03141923 0.15758797 0.01158385
4.90024501 8.82193438 0.00041297 0.00037664 0.00027783 0.00576670 0.42302975 0.05411045 0.26826982 0.01403943 0.03037795 0.03483414 0.15594583 0.01255848
5.00025001 8.81255448 0.00076161 0.00039565 0.00068474 0.01420210 0.42019808 0.05449982 0.27028823 0.01070083 0.03240826 0.03029756 0.15070979 0.01485334
5.10025501 8.80871535 0.00069330 0.00038174 0.00060047 0.00886155 0.41993824 0.05148965 0.27455257 0.01417848 0.03163777 0.02530513 0.15148967 0.02087142
5.20026001 8.80291422 0.00066211 0.00038460 0.00058745 0.00952753 0.41944445 0.05466124 0.27531028 0.01091905 0.02808318 0.03140224 0.15277749 0.01624039
5.30026501 8.79691877 0.00060475 0.00041215 0.00039723 0.00921728 0.41733035 0.06022021 0.27055804 0.01233943 0.03192908 0.03327944 0.15377038 0.00994166
5.40027001 8.79232994 0.00074770 0.00039397 0.00048409 0.01044217 0.41933162 0.05966484 0.27172192 0.01642609 0.02853669 0.02674257 0.15401580 0.01149256
5.50027501 8.78826843 0.00064288 0.00039294 0.00036168 0.00824162 0.41301856 0.05763622 0.27604832 0.01878411 0.03037704 0.02538504 0.15616314 0.01294845
5.60028001 8.78746615 0.00050025 0.00036628 0.00042726 0.00679882 0.41240316 0.06058335 0.27940335 0.01202144 0.03115996 0.02521844 0.15666725 0.01445043
5.70028501 8.78072956 0.00052418 0.00040908 0.00034232 0.00738635 0.41158592 0.05551240 0.28490367 0.01229833 0.03257539 0.02405986 0.15852594 0.01187657
5.80029001 8.77532437 0.00037419 0.00044422 0.00029496 0.00359167 0.41057182 0.05523528 0.28627970 0.00886250 0.03455226 0.02197764 0.16415199 0.01366376
5.90029501 8.76844361 0.00039151 0.00045820 0.00028375 0.00537813 0.41373509 0.05196131 0.28855236 0.00566212 0.03803546 0.02316387 0.16321890 0.00915931
6.00030002 8.76539540 0.00040793 0.00039882 0.00045229 0.00688530 0.40997941 0.04927918 0.29115140 0.00534648 0.03674800 0.01943676 0.16372237 0.01619206
6.10030502 8.75773858 0.00042418 0.00042451 0.00039445 0.00550907 0.41389814 0.05354605 0.28074615 0.00727598 0.03817352 0.01857473 0.16475769 0.01627554
6.20031002 8.75386095 0.00031995 0.00043657 0.00030788 0.00375218 0.41596711 0.05654115 0.27870712 0.00574338 0.03745257 0.01778569 0.16943663 0.01354977
6.30031502 8.75016123 0.00048472 0.00040301 0.00045284 0.00703631 0.42171126 0.05817606 0.27196802 0.00703435 0.03354963 0.01637711 0.17036808 0.01243861
6.40032002 8.74722482 0.00044131 0.00041786 0.00024622 0.00402876 0.41779689 0.06003116 0.27325070 0.01427200 0.03098789 0.01820408 0.17154666 0.00877647
6.50032502 8.74298542 0.00032485 0.00040172 0.00019960 0.00191139 0.41624470 0.05975584 0.28030629 0.01164617 0.03041355 0.01970426 0.16863374 0.01045790
6.60033002 8.73720026 0.00040172 0.00045732 0.00025432 0.00338805 0.42770342 0.04864130 0.27582989 0.01440067 0.03055715 0.01746849 0.16945223 0.01144544
6.70033502 8.73492273 0.00053555 0.00044352 0.00036101 0.01125880 0.43331215 0.04189620 0.27598995 0.01187763 0.02931045 0.01766935 0.16894392 0.00840146
6.80034002 8.73216267 0.00052576 0.00045171 0.00037520 0.00683950 0.43538642 0.04554175 0.27384365 0.00961787 0.03293829 0.02009215 0.16537994 0.00900776
6.90034502 8.72466267 0.00040804 0.00040289 0.00027541 0.00732143 0.43316509 0.05321117 0.27042558 0.00914207 0.03298599 0.02188926 0.16302045 0.00775261
7.00035002 8.71663360 0.00035228 0.00040628 0.00032261 0.00506696 0.43187007 0.05337163 0.26723782 0.00906359 0.02822259 0.02406336 0.16826325 0.01175958
7.10035502 8.71101390 0.00039360 0.00039255 0.00034103 0.00559287 0.43198943 0.04915185 0.26294127 0.01212586 0.02981974 0.02624771 0.16685701 0.01414708
7.20036002 8.70741494 0.00042259 0.00042178 0.00038025 0.00547063 0.42834700 0.05432241 0.26687030 0.01027458 0.03363958 0.01954650 0.16672134 0.01358303
7.30036502 8.69728307 0.00052231 0.00047819 0.00047346 0.01064156 0.42632686 0.04965481 0.26642337 0.00783334 0.03438949 0.01846440 0.17238210 0.01241012
7.40037002 8.69363129 0.00046376 0.00043339 0.00031205 0.00375747 0.42399731 0.05926656 0.27085006 0.01018515 0.03196414 0.01476621 0.17275510 0.01124880
7.50037502 8.68991166 0.00050896 0.00040484 0.00026821 0.00386830 0.42524348 0.05113386 0.26286205 0.01681951 0.03054413 0.02192687 0.17494550 0.01147429
7.60038002 8.68511336 0.00060747 0.00035628 0.00037242 0.00691269 0.42661939 0.05016483 0.26464636 0.01737877 0.02717965 0.02313545 0.17119833 0.01142837
7.70038502 8.68144500 0.00036446 0.00038341 0.00018141 0.00193921 0.42581455 0.05547898 0.27178970 0.01521661 0.02541372 0.02263954 0.17059861 0.01017978
7.80039002 8.67545195 0.00043856 0.00039429 0.00026833 0.00578307 0.41983908 0.06196889 0.27534944 0.01398024 0.02443756 0.01888250 0.16997963 0.00867840
7.90039502 8.67297626 0.00046233 0.00042029 0.00033153 0.00718238 0.42372016 0.05497280 0.26960697 0.01317726 0.03017354 0.01791674 0.17007904 0.01195696
8.00040002 8.66249876 0.00069454 0.00042836 0.00058301 0.01191656 0.42573825 0.05153862 0.26886156 0.01312576 0.03173795 0.01850522 0.16523388 0.01163628
8.10040502 8.65735167 0.00044950 0.00046014 0.00023999 0.00542123 0.42945832 0.04732216 0.27642647 0.01115469 0.03528322 0.01868935 0.16837185 0.00672309
8.20041002 8.65381950 0.00054939 0.00040021 0.00036905 0.00715207 0.43355360 0.04440918 0.27610711 0.01112307 0.03199310 0.01754293 0.16794598 0.00885431
8.30041502 8.64875669 0.00036891 0.00041029 0.00025680 0.00581434 0.43210480 0.03878225 0.28344593 0.01164771 0.02831810 0.01906026 0.16772089 0.01206974
8.40042002 8.64062376 0.00044644 0.00047691 0.00040955 0.00690163 0.42989381 0.03642391 0.28533539 0.00849407 0.03079537 0.01838132 0.17149852 0.01094308
8.50042502 8.63744634 0.00041055 0.00042297 0.00038400 0.00717591 0.43256543 0.03855944 0.28250079 0.00795269 0.03097123 0.01799457 0.16953957 0.01152284
8.60043002 8.63117791 0.00055407 0.00041773 0.00054955 0.01280194 0.43152043 0.03797776 0.27994524 0.00716203 0.02978903 0.02025444 0.16832757 0.01070020
8.70043502 8.62629307 0.00061067 0.00044771 0.00058905 0.01390745 0.42741540 0.03976396 0.27898722 0.00710764 0.02899354 0.01976705 0.17215613 0.01025419
8.80044002 8.62617816 0.00061842 0.00038437 0.00052909 0.01389467 0.42866513 0.03958526 0.27880820 0.00725061 0.02660274 0.02209230 0.16953956 0.01202964
8.90044502 8.62300580 0.00037684 0.00038524 0.00035944 0.00550139 0.43190658 0.03817454 0.28843498 0.00722294 0.02592132 0.02221253 0.16735187 0.01215232
9.00045002 8.62055364 0.00044724 0.00037041 0.00038547 0.00680980 0.43683981 0.03694695 0.28783159 0.00727735 0.02255668 0.02426627 0.16640151 0.00986692
9.10045502 8.61511652 0.00035273 0.00037061 0.00026186 0.00522688 0.43345490 0.03878912 0.28962349 0.00908950 0.02279018 0.02395558 0.16576082 0.01032432
9.20046002 8.60950779 0.00031159 0.00035313 0.00030148 0.00359662 0.43064083 0.04067976 0.29376026 0.00716484 0.02038822 0.02265464 0.16885756 0.01129108
9.30046502 8.60820554 0.00027262 0.00038302 0.00019427 0.00201067 0.43781000 0.04108330 0.28763946 0.00832116 0.02127205 0.01911561 0.17289548 0.00900237
9.40047002 8.60443229 0.00027174 0.00037091 0.00010107 0.00020922 0.43631153 0.03917137 0.28591628 0.01171576 0.02497850 0.01963519 0.17242280 0.00889565
9.50047502 8.60437998 0.00038059 0.00034103 0.00014603 0.00183529 0.43757991 0.03782935 0.28716017 0.01487178 0.01786053 0.02208780 0.17105835 0.00884916
9.60048002 8.59736962 0.00035536 0.00037592 0.00013253 0.00193385 0.43981816 0.04057227 0.28921234 0.01458846 0.01781799 0.02068047 0.16877559 0.00573706
9.70048502 8.59197926 0.00039579 0.00033563 0.00030991 0.00574427 0.44582502 0.04502220 0.28693180 0.00827095 0.01466532 0.02055174 0.16424223 0.00770514
9.80049002 8.58613806 0.00031482 0.00034048 0.00030490 0.00516884 0.44422034 0.04776549 0.28484430 0.00665174 0.01661317 0.02005167 0.16398171 0.00974253
9.90049502 8.58642023 0.00029780 0.00033808 0.00018606 0.00178325 0.44764112 0.04422850 0.28680912 0.00999999 0.01629432 0.01834781 0.16491736 0.00915659
10.00050003 8.58414154 0.00027295 0.00031707 0.00012894 0.00207191 0.45146241 0.04294625 0.28877583 0.00901752 0.01794174 0.01615470 0.16350295 0.00740773
10.10050503 8.58041709 0.00030979 0.00031319 0.00019765 0.00726557 0.45529557 0.04138787 0.28704809 0.00607554 0.01764425 0.01493245 0.16369890 0.00583113
10.20051003 8.57766677 0.00045963 0.00033959 0.00032608 0.00869874 0.45619098 0.04137621 0.28413655 0.00741252 0.01562703 0.01184583 0.16770585 0.00588098
10.30051503 8.57378485 0.00039560 0.00033677 0.00023338 0.00518785 0.45641820 0.04090976 0.28827794 0.00876652 0.01405388 0.01126270 0.16891322 0.00524417
10.40052003 8.57055000 0.00032633 0.00033639 0.00019224 0.00351235 0.45752475 0.04243653 0.28848444 0.00779353 0.01600816 0.01255879 0.16564626 0.00518023
10.50052503 8.56225753 0.00034238 0.00033243 0.00027118 0.00545058 0.45008839 0.03837209 0.29255017 0.00691855 0.01790413 0.01742818 0.16312488 0.00721704
10.60053003 8.55711017 0.00021673 0.00033782 0.00013857 0.00206147 0.44931747 0.04331450 0.28994392 0.00678177 0.01943699 0.02038855 0.16096380 0.00709842
10.70053503 8.55619819 0.00028628 0.00032642 0.00024075 0.00381505 0.44750058 0.03923512 0.29359170 0.00718378 0.01884177 0.01646538 0.16373953 0.00877363
10.80054003 8.55104672 0.00020139 0.00035364 0.00006570 0.00219618 0.44887825 0.03166225 0.29585081 0.00862935 0.02226125 0.01941089 0.16465604 0.00583424
10.90054503 8.54770613 0.00041776 0.00034927 0.00026455 0.00734961 0.44713298 0.03022706 0.29400054 0.01022763 0.02178419 0.01570579 0.16673303 0.00580760
11.00055003 8.54449076 0.00040534 0.00035753 0.00027066 0.00525938 0.44472191 0.03022127 0.29761893 0.00974668 0.02244197 0.01715419 0.16485966 0.00694249
11.10055503 8.54172904 0.00029280 0.00038637 0.00017536 0.00545593 0.44193642 0.03429843 0.29643461 0.00748506 0.02981464 0.01423175 0.16342797 0.00606068
11.20056003 8.53761826 0.00023380 0.00037319 0.00013278 0.00186638 0.44554666 0.03669418 0.28843484 0.00907746 0.02843508 0.01826856 0.16521023 0.00572683
11.30056503 8.53367915 0.00016685 0.00035840 0.00012687 0.00020917 0.44503065 0.03596431 0.29028869 0.00812852 0.02749004 0.01878745 0.16483223 0.00861683
11.40057003 8.53046331 0.00032936 0.00034325 0.00030479 0.00918144 0.44652343 0.03397363 0.28861816 0.00569219 0.02716409 0.01610502 0.16335107 0.00841357
11.50057503 8.52812796 0.00050504 0.00034607 0.00035630 0.00728764 0.44518761 0.03448145 0.28681309 0.00873684 0.02846742 0.01917788 0.16118581 0.00745486
11.60058003 8.52777144 0.00037434 0.00036548 0.00022319 0.00442013 0.44386959 0.03579320 0.28699413 0.00973429 0.02980315 0.01942804 0.16296765 0.00602682
11.70058503 8.52594783 0.00036284 0.00038010 0.00025622 0.00523492 0.44368042 0.03746104 0.29650352 0.00740374 0.02520955 0.01540758 0.16222640 0.00587365
11.80059003 8.52537938 0.00032291 0.00035819 0.00018486 0.00404951 0.44758968 0.03035646 0.29593582 0.01026829 0.02479693 0.01769280 0.16131938 0.00712517
11.90059503 8.52043244 0.00016703 0.00039343 0.00008771 0.00015224 0.44122750 0.03330597 0.30025937 0.00797954 0.02895444 0.01943678 0.16116525 0.00687073
12.00060003 8.51676532 0.00022911 0.00038101 0.00017188 0.00581055 0.44030399 0.03172935 0.30180214 0.00668272 0.02650294 0.01648935 0.16300992 0.00688703
12.10060503 8.51297177 0.00050271 0.00036809 0.00036051 0.00922102 0.44354559 0.03137135 0.29677741 0.00927848 0.02674221 0.01696975 0.16056670 0.00429617
12.20061003 8.51267643 0.00036929 0.00036612 0.00025584 0.00496547 0.44177526 0.03308858 0.30019731 0.01062205 0.02722792 0.01629015 0.15843339 0.00640862
12.30061503 8.50495684 0.00039646 0.00036090 0.00020069 0.00366190 0.43357146 0.03579046 0.30163658 0.01289724 0.02498132 0.01880572 0.16144974 0.00624754
12.40062003 8.49726939 0.00040809 0.00041431 0.00022760 0.00504371 0.43268099 0.03104361 0.30078299 0.01220461 0.03247305 0.01813424 0.16164867 0.00493815
12.50062503 8.49243924 0.00042764 0.00036802 0.00025299 0.00519533 0.42860708 0.03503209 0.30071837 0.01139408 0.02506894 0.02396334 0.16323759 0.00573453
12.60063003 8.48683226 0.00025974 0.00035820 0.00011734 0.00402323 0.42604167 0.04001350 0.30191448 0.00902546 0.02430106 0.02451838 0.16338459 0.00604235
12.70063503 8.48599563 0.00044956 0.00035725 0.00027909 0.00522450 0.42325693 0.03855479 0.30075099 0.01008878 0.02425093 0.02543709 0.16538391 0.00596620
12.80064003 8.48486436 0.00035706 0.00036454 0.00026074 0.00536791 0.42529082 0.03977937 0.30084525 0.00701395 0.02467781 0.02538408 0.16482157 0.00583688
12.90064503 8.48229787 0.00029458 0.00035632 0.00015225 0.00355360 0.42214450 0.03801878 0.30651479 0.00796653 0.02285015 0.03014115 0.16213423 0.00587311
13.00065003 8.47886060 0.00026323 0.00037262 0.00019255 0.00194114 0.42387760 0.03654268 0.30193523 0.00794196 0.02495347 0.02909926 0.16286108 0.01001919
13.10065503 8.47510130 0.00049342 0.00034572 0.00050675 0.00894331 0.42655323 0.03250417 0.29715074 0.00724060 0.02271208 0.02873758 0.15923824 0.01557418
13.20066003 8.47375533 0.00050832 0.00037034 0.00042843 0.00874357 0.42308309 0.03072361 0.30103449 0.00858110 0.02108413 0.02656026 0.16642795 0.01245470
13.30066503 8.47582090 0.00050023 0.00034458 0.00035361 0.00537740 0.42543185 0.03199395 0.29655814 0.01419613 0.01967063 0.02821172 0.16599480 0.01136696
13.40067003 8.47180217 0.00028138 0.00040583 0.00011986 0.00022579 0.42806134 0.04052239 0.29544886 0.01319347 0.02605421 0.02169438 0.16602976 0.00796273
13.50067503 8.46398914 0.00075055 0.00036772 0.00062605 0.01595843 0.42350481 0.04285205 0.30031802 0.00802700 0.02292493 0.02013445 0.15888452 0.00565148
13.60068003 8.45837961 0.00054299 0.00037311 0.00046044 0.01052749 0.42240487 0.05088741 0.30005259 0.00738077 0.01990029 0.01849724 0.16126915 0.00770365
13.70068503 8.45117390 0.00054615 0.00035772 0.00039178 0.00669647 0.42312843 0.04576674 0.29451194 0.01234887 0.02177573 0.02197695 0.16222619 0.01027303
13.80069003 8.44827424 0.00036459 0.00038862 0.00020454 0.00178304 0.43047453 0.04364137 0.29459690 0.01279626 0.01875187 0.01836561 0.16778808 0.01084459
13.90069503 8.44387419 0.00046148 0.00039084 0.00032263 0.00520503 0.42514216 0.04561039 0.29333197 0.01006552 0.02063483 0.02097552 0.16850020 0.00935943
14.00070004 8.43758216 0.00051481 0.00037793 0.00041954 0.01216248 0.42176092 0.04700936 0.29430490 0.00789535 0.01852460 0.02143477 0.16703165 0.00856369
14.10070504 8.43602878 0.00049024 0.00039145 0.00034420 0.00522178 0.42405804 0.04467427 0.29383305 0.01122689 0.01701061 0.02250021 0.17070685 0.00954241
14.20071004 8.43171485 0.00029945 0.00041860 0.00019877 0.00386934 0.42203724 0.04380872 0.29848989 0.00644303 0.02548549 0.02271475 0.16956878 0.00666594
14.30071504 8.42733086 0.00023690 0.00036500 0.00012510 0.00171848 0.42182847 0.04693242 0.30123466 0.00645969 0.02459673 0.02329762 0.16597514 0.00722978
14.40072004 8.42372492 0.00027175 0.00038913 0.00014541 0.00329840 0.42683768 0.04375628 0.29637735 0.00727909 0.02831382 0.02177702 0.16408203 0.00747205
14.50072504 8.41955019 0.00031412 0.00037787 0.00014459 0.00224502 0.42809353 0.04144107 0.29492561 0.00857755 0.02771923 0.02568764 0.16288376 0.00759000
14.60073004 8.41511511 0.00032205 0.00034061 0.00014602 0.00204332 0.42569746 0.04287318 0.29501801 0.01023583 0.02676598 0.02696829 0.16217794 0.00741131
14.70073504 8.41059919 0.00025177 0.00033723 0.00008761 0.00219154 0.42363656 0.03997445 0.30250340 0.01139707 0.02432866 0.02728356 0.16119414 0.00681398
14.80074004 8.40743361 0.00039142 0.00036271 0.00028258 0.00549043 0.42675845 0.03751903 0.30124436 0.01017869 0.02599085 0.02217725 0.16164363 0.00796060
14.90074504 8.40443626 0.00033400 0.00036413 0.00024674 0.00526021 0.42671831 0.04091123 0.30521504 0.00747470 0.02613720 0.01998202 0.16156531 0.00579109
15.00075004 8.39757255 0.00036405 0.00039109 0.00021736 0.00352186 0.42473676 0.04269540 0.30493420 0.00837729 0.02759600 0.01912403 0.16234194 0.00570001
15.10075504 8.39325345 0.00034225 0.00038390 0.00020264 0.00352004 0.43406909 0.04124062 0.29814534 0.00676960 0.02436769 0.01995532 0.16303397 0.00796954
15.20076004 8.38705530 0.00043998 0.00036524 0.00025791 0.00545071 0.42675870 0.04254536 0.29793768 0.01165838 0.02423621 0.01723674 0.16470218 0.00841093
15.30076504 8.38228015 0.00048356 0.00039377 0.00029402 0.00651980 0.42556964 0.04751334 0.29846482 0.01126273 0.02462328 0.00997781 0.16694848 0.00794875
15.40077004 8.38075010 0.00037071 0.00040834 0.00016976 0.00205852 0.42720660 0.04502801 0.30013204 0.01136644 0.02649759 0.00978698 0.16975542 0.00721959
15.50077504 8.37603870 0.00043420 0.00039789 0.00033645 0.00717807 0.42220961 0.04137871 0.30248143 0.00916359 0.02809226 0.01367707 0.16681881 0.00783191
15.60078004 8.37281339 0.00028978 0.00041681 0.00016912 0.00399006 0.42543957 0.04346507 0.30194216 0.00968625 0.03177659 0.01157349 0.16442488 0.00682624
15.70078504 8.36978409 0.00025834 0.00041924 0.00019371 0.00342126 0.43004720 0.03656724 0.30565509 0.00593596 0.03297624 0.01182614 0.16690223 0.00579735
15.80079004 8.36342224 0.00027366 0.00038397 0.00015696 0.00375848 0.43009112 0.03282709 0.30933581 0.00580297 0.02955549 0.01544002 0.16663361 0.00574081
15.90079504 8.36175505 0.00028063 0.00034316 0.00011273 0.00404485 0.43558444 0.02931733 0.30558766 0.00872195 0.02582481 0.01768476 0.16665993 0.00583776
16.00080004 8.35964776 0.00037502 0.00036652 0.00024747 0.00526299 0.43019169 0.02749513 0.30784740 0.00845319 0.02928926 0.01827447 0.16630513 0.00589173
16.10080504 8.35128545 0.00020260 0.00037310 0.00015590 0.00215801 0.42735365 0.02882431 0.30677675 0.00764860 0.02696905 0.02556651 0.16452745 0.00944406
16.20081004 8.34686486 0.00022633 0.00036093 0.00016704 0.00185818 0.43221966 0.03100993 0.30553244 0.00787232 0.02533860 0.02377962 0.16254837 0.00908659
16.30081504 8.34518358 0.00026451 0.00037410 0.00020921 0.00371156 0.42852381 0.02930993 0.30824975 0.00742935 0.02948636 0.02195712 0.16336598 0.00711832
16.40082004 8.34267164 0.00027914 0.00033488 0.00023066 0.00329162 0.42770071 0.03358928 0.30660072 0.00738449 0.02678258 0.02166105 0.16458111 0.00756375
16.50082504 8.34126319 0.00041326 0.00034291 0.00026525 0.00572555 0.43000956 0.03454002 0.30348875 0.01003504 0.02484358 0.01824984 0.16531520 0.00677103
16.60083004 8.33800833 0.00047265 0.00034912 0.00027856 0.00755057 0.43145555 0.03804195 0.30427623 0.01022752 0.02244318 0.01167698 0.16747592 0.00575177
16.70083504 8.33234030 0.00037917 0.00037268 0.00025911 0.00552793 0.42896510 0.03525113 0.31200559 0.00996341 0.02424376 0.00866644 0.16441287 0.00995280
16.80084004 8.32946735 0.00023704 0.00038454 0.00015036 0.00169531 0.43396935 0.03832076 0.30998818 0.00889688 0.02650341 0.00850538 0.16315453 0.00819428
16.90084504 8.32604946 0.00037526 0.00036897 0.00025608 0.00502910 0.43214438 0.03494274 0.30805302 0.01062701 0.02494506 0.01116312 0.16448857 0.00760668
17.00085004 8.32246551 0.00035567 0.00037817 0.00020217 0.00391218 0.43278768 0.03696743 0.30580071 0.01240213 0.02868604 0.01073089 0.16034740 0.00742954
17.10085504 8.31812810 0.00047210 0.00039234 0.00038132 0.00894628 0.43726655 0.03159223 0.30264673 0.00643293 0.03140115 0.01328086 0.16229322 0.00489428
17.20086004 8.31110298 0.00050537 0.00040038 0.00041394 0.01039395 0.44037016 0.03139969 0.29746676 0.00746927 0.02898247 0.01114330 0.16678023 0.00467449
17.30086504 8.30568690 0.00019574 0.00042399 0.00004938 0.00015576 0.43563889 0.03659112 0.29919573 0.00791173 0.03268551 0.01247438 0.17005588 0.00462188
17.40087004 8.30420828 0.00029524 0.00042123 0.00021491 0.00551571 0.43571467 0.03054156 0.29930470 0.00674327 0.03162742 0.01191354 0.17093198 0.00677576
17.50087504 8.29842775 0.00039904 0.00042115 0.00030774 0.00933894 0.42737788 0.02660191 0.30094457 0.00725443 0.02819286 0.01717894 0.17506354 0.00691899
17.60088004 8.29415559 0.00028125 0.00041081 0.00024202 0.00361014 0.42175749 0.03061840 0.30858881 0.00743279 0.02727369 0.02060010 0.16996920 0.00921531
17.70088504 8.29392143 0.00026522 0.00040396 0.00013724 0.00165363 0.42983284 0.03201926 0.30761716 0.01067944 0.02315003 0.01855326 0.17099600 0.00469196
17.80089004 8.29234212 0.00015937 0.00037512 0.00006391 0.00010507 0.43208214 0.03455102 0.30782418 0.00830417 0.02319391 0.01802603 0.17052465 0.00479043
17.90089504 8.28822079 0.00034074 0.00038051 0.00023974 0.00536992 0.43089692 0.03538151 0.30143653 0.00787654 0.02811456 0.01801675 0.16717148 0.00477479
18.00090005 8.28606338 0.00022980 0.00037243 0.00019395 0.00196331 0.43373664 0.03637636 0.30020127 0.00625488 0.02076782 0.01827116 0.17092184 0.01071054
18.10090505 8.27739038 0.00024978 0.00037876 0.00023791 0.00379329 0.43426866 0.03945111 0.30291158 0.00345431 0.02394844 0.01423700 0.16649256 0.01057660
18.20091005 8.27216938 0.00035024 0.00035736 0.00038274 0.00893726 0.43862283 0.02836898 0.30350154 0.00463718 0.02237051 0.01118761 0.16914776 0.01213599
18.30091505 8.26891992 0.00036650 0.00037387 0.00022409 0.00554594 0.43581129 0.03400716 0.30547501 0.00850470 0.02232158 0.01088409 0.17001825 0.00646753
18.40092005 8.26680756 0.00027342 0.00034434 0.00023362 0.00328859 0.43514559 0.03082585 0.30690512 0.00669633 0.02214523 0.01683231 0.16945972 0.00784987
18.50092505 8.25684258 0.00045057 0.00035392 0.00032871 0.00915369 0.43232276 0.03116381 0.30537653 0.00900931 0.02056848 0.01752398 0.16737832 0.00636993
18.60093005 8.25421293 0.00033862 0.00035282 0.00018400 0.00334966 0.43775350 0.02929459 0.30790374 0.00788710 0.02060988 0.01603247 0.16938006 0.00691355
18.70093505 8.24880647 0.00043522 0.00032416 0.00034368 0.00690907 0.43252640 0.03007305 0.30683921 0.01077958 0.01704592 0.01880307 0.16726432 0.00865632
18.80094005 8.24377647 0.00028824 0.00032401 0.00026283 0.00388708 0.43361196 0.03288667 0.31267314 0.00630138 0.01345669 0.02236725 0.16393420 0.01000655
18.90094505 8.24125390 0.00026261 0.00033313 0.00017425 0.00382727 0.43199575 0.02899688 0.31480198 0.00914540 0.01862919 0.01906001 0.16423995 0.00853358
19.00095005 8.23721300 0.00035908 0.00029839 0.00028974 0.00743936 0.43425988 0.03627526 0.31246385 0.00694145 0.01754998 0.01517969 0.16142790 0.00751542
19.10095505 8.23469250 0.00035623 0.00028757 0.00026031 0.00556748 0.43871384 0.03375067 0.31381479 0.00627786 0.01505851 0.01678314 0.16212529 0.00700432
19.20096005 8.22587567 0.00042424 0.00034394 0.00040011 0.00891472 0.43533383 0.03670680 0.31272446 0.00401966 0.01491571 0.01347935 0.16668205 0.00605512
19.30096505 8.22392196 0.00037003 0.00033690 0.00032617 0.00663354 0.43310475 0.03626055 0.31405716 0.00720980 0.01388898 0.01137175 0.16861221 0.00782816
19.40097005 8.21838115 0.00036098 0.00036198 0.00030599 0.00689670 0.43475947 0.03510648 0.31686813 0.00500444 0.01677317 0.01127294 0.16723724 0.00505245
19.50097505 8.21425085 0.00026427 0.00033160 0.00017821 0.00384105 0.43261478 0.03457593 0.32117623 0.00647747 0.01513843 0.01188866 0.16673895 0.00677442
19.60098005 8.20995854 0.00035110 0.00032681 0.00026587 0.00528580 0.43308661 0.03401009 0.31597669 0.00466866 0.01550004 0.01833674 0.16710984 0.00508173
19.70098505 8.20832857 0.00013152 0.00033829 0.00006166 0.00011177 0.42709666 0.03716584 0.31426922 0.00314615 0.02294021 0.02358586 0.16535562 0.00579720
19.80099005 8.20275886 0.00025549 0.00033305 0.00018588 0.00374119 0.43072283 0.03206807 0.31124557 0.00364453 0.02379350 0.02428418 0.16390504 0.00582067
19.90099505 8.19861763 0.00020403 0.00032082 0.00011194 0.00184525 0.42820873 0.02978297 0.31294035 0.00602502 0.02335769 0.02588291 0.16517242 0.00614790
20.00100005 8.19625307 0.00030204 0.00030511 0.00011958 0.00198750 0.42955565 0.03071400 0.31000973 0.01150612 0.02407597 0.02185819 0.16405354 0.00551257
20.10100505 8.19126932 0.00041923 0.00031873 0.00033514 0.00687883 0.42972292 0.02994148 0.30473361 0.01260244 0.02513780 0.01862302 0.16408694 0.00719985
20.20101005 8.18554204 0.00027155 0.00035691 0.00017548 0.00352874 0.43015406 0.03349300 0.31032255 0.00797147 0.02700119 0.01767735 0.16416529 0.00488240
20.30101505 8.18062156 0.00021111 0.00034755 0.00010036 0.00024584 0.42540465 0.03218834 0.31278405 0.00934733 0.02680935 0.02135073 0.16465440 0.00655629
20.40102005 8.17705091 0.00045025 0.00031683 0.00029831 0.00710355 0.42958916 0.03166955 0.31118284 0.01056920 0.02291401 0.01878416 0.16199716 0.00512498
20.50102505 8.17155697 0.00041594 0.00034932 0.00038552 0.00749813 0.42792662 0.03255639 0.30576342 0.00755230 0.02658491 0.01689533 0.16337572 0.01069639
20.60103005 8.16915900 0.00022029 0.00035297 0.00013137 0.00020483 0.42429491 0.03154533 0.31074821 0.00971267 0.02456043 0.02021272 0.16804348 0.00997280
20.70103505 8.16527624 0.00025365 0.00035128 0.00015810 0.00195548 0.42983800 0.03137470 0.31009039 0.00776958 0.02284984 0.02094533 0.16687049 0.00754314
20.80104005 8.16188622 0.00021342 0.00037021 0.00009111 0.00021124 0.42966031 0.03258580 0.30648991 0.00867573 0.02329832 0.02192429 0.17018124 0.00629840
20.90104505 8.15536473 0.00023773 0.00037496 0.00018998 0.00382696 0.42918111 0.03346761 0.31255267 0.00552122 0.02342679 0.01568591 0.16846446 0.00707058
21.00105005 8.15115534 0.00024338 0.00033013 0.00017638 0.00399836 0.42933280 0.03288941 0.31380487 0.00561354 0.01908332 0.02053064 0.16744889 0.00654829
21.10105505 8.14809529 0.00026929 0.00035589 0.00021051 0.00371354 0.42988702 0.03039331 0.31204598 0.00468989 0.02311004 0.01823639 0.17060106 0.00648708
21.20106005 8.14770336 0.00037588 0.00033830 0.00033344 0.00691435 0.43542641 0.02893493 0.31032094 0.00672453 0.02097868 0.01446449 0.16693567 0.00825237
21.30106505 8.14255059 0.00033716 0.00037792 0.00022614 0.00341276 0.43431428 0.02787323 0.31085721 0.00958684 0.02529115 0.01311279 0.16715944 0.00745109
21.40107005 8.13901842 0.00047761 0.00034940 0.00041480 0.01046783 0.43523364 0.02946225 0.30410401 0.00629382 0.02147673 0.01605453 0.16883621 0.00682916
21.50107505 8.13366986 0.00058508 0.00034153 0.00049899 0.01186546 0.43737851 0.02606637 0.30903660 0.00553565 0.02319519 0.01395387 0.16604817 0.00549459
21.60108005 8.12873791 0.00018189 0.00036059 0.00007241 0.00011928 0.43639427 0.03306064 0.31043338 0.00674944 0.02480475 0.01526678 0.16800701 0.00454957
21.70108505 8.12169223 0.00014630 0.00036738 0.00005461 0.00009531 0.43582521 0.03135832 0.30765962 0.00634048 0.02980628 0.01549839 0.16834151 0.00450659
21.80109005 8.11763521 0.00026074 0.00037673 0.00017545 0.00329828 0.43344806 0.02949418 0.30514081 0.00824910 0.03030643 0.01560995 0.16872798 0.00491230
21.90109505 8.11683579 0.00030801 0.00036939 0.00019205 0.00395669 0.43282735 0.02751500 0.30652546 0.00817945 0.02783733 0.01513034 0.17044048 0.00671846
22.00110006 8.10699280 0.00026897 0.00035085 0.00018032 0.00175189 0.43590933 0.03010303 0.30808071 0.00863762 0.02531778 0.01485087 0.16634133 0.00820731
22.10110506 8.10393021 0.00033125 0.00032906 0.00024484 0.00369962 0.43543391 0.02775595 0.31021106 0.01099492 0.02335391 0.01374848 0.16467206 0.00922494
22.20111006 8.09966349 0.00024087 0.00036163 0.00020767 0.00770440 0.43491224 0.02743149 0.30998253 0.00573337 0.02792318 0.01408781 0.16482042 0.00659438
22.30111506 8.09474940 0.00030379 0.00037382 0.00022161 0.00497265 0.43514978 0.03017476 0.30978486 0.00593724 0.02625093 0.01585614 0.16644061 0.00453381
22.40112006 8.09252179 0.00038376 0.00035782 0.00033950 0.00873254 0.44279080 0.02437409 0.30642896 0.00595887 0.02610318 0.01438680 0.16631925 0.00382444
22.50112506 8.09340085 0.00028423 0.00034504 0.00015898 0.00286053 0.44194278 0.02279349 0.31315703 0.00963083 0.02417924 0.01230973 0.16837591 0.00396222
22.60113006 8.09141119 0.00024377 0.00035977 0.00018539 0.00578061 0.44133929 0.02797493 0.30705152 0.00402826 0.02405729 0.01130986 0.17319213 0.00447717
22.70113506 8.08556021 0.00033072 0.00036985 0.00025419 0.00546351 0.43518903 0.02807599 0.30926029 0.00756810 0.02237072 0.01390861 0.17081011 0.00639887
22.80114006 8.08441479 0.00051829 0.00037735 0.00045250 0.01635351 0.43311662 0.02610967 0.30729044 0.00542595 0.02112055 0.01108788 0.17409504 0.00405221
22.90114506 8.07819513 0.00042029 0.00039474 0.00042210 0.00901451 0.43166903 0.02725938 0.30878442 0.00505838 0.02188271 0.01462619 0.17326910 0.00719914
23.00115006 8.07462997 0.00025063 0.00038902 0.00026882 0.00360954 0.42835686 0.03465751 0.30677582 0.00459838 0.02411531 0.01367286 0.17436300 0.00894226
23.10115506 8.07163701 0.00018217 0.00035245 0.00010108 0.00206719 0.42929959 0.03227881 0.31375472 0.00576735 0.02067417 0.01681684 0.17191907 0.00678655
23.20116006 8.06762961 0.00044382 0.00032973 0.00029486 0.00723617 0.42933425 0.02925954 0.30991372 0.01107532 0.02024061 0.01642740 0.16818169 0.00726289
23.30116506 8.06283522 0.00058926 0.00037347 0.00041389 0.00860695 0.43620840 0.02459005 0.30455780 0.01359935 0.02337082 0.01371356 0.16748951 0.00648695
23.40117006 8.05570120 0.00036522 0.00037977 0.00033309 0.00436693 0.43772566 0.03049920 0.30282802 0.00940270 0.02391824 0.01308335 0.16914832 0.00794949
23.50117506 8.05013315 0.00035882 0.00035710 0.00031686 0.00518588 0.43453192 0.03189092 0.30189943 0.00967249 0.02529861 0.01180008 0.16991295 0.00877494
23.60118006 8.05010347 0.00026908 0.00033892 0.00023068 0.00553615 0.43631487 0.02977636 0.30400597 0.00621976 0.02714915 0.01426266 0.16819109 0.00770530
23.70118506 8.04350720 0.00035944 0.00041375 0.00035619 0.00758609 0.43571328 0.02495339 0.29913968 0.00697332 0.02717426 0.01725005 0.16955903 0.01052151
23.80119006 8.04282827 0.00036479 0.00038841 0.00028638 0.00541846 0.43461680 0.02773437 0.29711271 0.01029168 0.02557001 0.01670082 0.17231208 0.00920350
23.90119506 8.04122173 0.00049972 0.00039954 0.00039863 0.00849920 0.43671591 0.03006456 0.29180056 0.01085724 0.02476397 0.01413906 0.17432002 0.00754159
24.00120006 8.03554636 0.00042882 0.00040221 0.00036639 0.00737153 0.43167219 0.03059585 0.29203091 0.01077630 0.02538059 0.01696139 0.17451411 0.00949972
24.10120506 8.02871456 0.00039801 0.00038964 0.00032814 0.00539187 0.43059676 0.03725294 0.28950005 0.00847282 0.02571650 0.01991671 0.17379705 0.00823953
24.20121006 8.02417486 0.00039591 0.00033568 0.00029276 0.00562565 0.42633734 0.04037205 0.29077794 0.00984611 0.02383263 0.02493858 0.17071641 0.00652894
24.30121506 8.02026004 0.00053612 0.00032213 0.00038440 0.00879853 0.42556427 0.04204651 0.29471402 0.01104374 0.02018824 0.02001458 0.16721133 0.00917611
24.40122006 8.01411426 0.00038945 0.00037272 0.00037972 0.00546609 0.42450778 0.04348328 0.29008874 0.00852479 0.02318044 0.02275463 0.16585032 0.01500204
24.50122506 8.01009715 0.00060997 0.00038775 0.00052883 0.01140758 0.42119986 0.03918342 0.29508299 0.01077746 0.02044929 0.02082593 0.16888011 0.01066683
24.60123006 8.00614849 0.00051941 0.00034475 0.00044105 0.00850928 0.41765565 0.04919989 0.29509090 0.00742189 0.01885217 0.02692857 0.16405654 0.01097991
24.70123506 8.00201350 0.00044269 0.00032402 0.00030059 0.00598896 0.41771185 0.04630224 0.29900326 0.01067823 0.01706453 0.02657535 0.16389634 0.01171194
24.80124006 7.99680788 0.00028403 0.00041999 0.00021418 0.00187026 0.41495466 0.04709681 0.29517290 0.00910049 0.02521056 0.02933280 0.16624189 0.01010144
24.90124506 7.99324796 0.00036135 0.00036835 0.00029677 0.00692573 0.40878679 0.04769786 0.29784461 0.01020659 0.02309345 0.02920422 0.16590681 0.00930748
25.00125006 7.98730211 0.00030733 0.00040079 0.00017541 0.00208177 0.40944722 0.04933917 0.29805160 0.01069845 0.02858082 0.03131297 0.16151956 0.00808491
25.10125506 7.98107674 0.00050694 0.00040849 0.00034369 0.00704250 0.39963189 0.04403489 0.29566257 0.01604053 0.03171565 0.02899847 0.16458141 0.01103297
25.20126006 7.97433177 0.00041722 0.00038261 0.00027593 0.00546300 0.40636071 0.04640478 0.29757711 0.01063533 0.03037657 0.02972548 0.16330300 0.00907826
25.30126506 7.96829252 0.00047488 0.00033666 0.00044672 0.00959082 0.40369907 0.04515262 0.29649623 0.00847167 0.02304593 0.03335114 0.16242211 0.01651215
25.40127006 7.96467871 0.00035158 0.00039215 0.00032327 0.00368497 0.41029047 0.04626181 0.29157255 0.00842527 0.02887339 0.02927690 0.16487144 0.01567619
25.50127506 7.95842889 0.00054369 0.00036937 0.00045930 0.01063247 0.41619978 0.04522217 0.28902403 0.00967375 0.02543766 0.03022354 0.16096915 0.01124510
25.60128006 7.95051778 0.00043305 0.00040308 0.00029698 0.00545243 0.41675875 0.05072749 0.29316173 0.01051893 0.02553407 0.02564307 0.16214237 0.00892804
25.70128506 7.94865688 0.00044342 0.00041754 0.00032734 0.00760868 0.41679928 0.04915293 0.29059818 0.00822931 0.03359389 0.02493184 0.16059111 0.00730648
