0.00000000 12.00000000 0.00000000 0.00000000 0.00000000 0.00000000 0.00000000 0.00000000 0.00000000 1.00000000 0.00000000 0.00000000 0.00000000 0.00000000
0.20004001 11.99888211 0.08013550 0.00054076 0.01214906 0.09941132 0.00790988 0.27165475 0.00446164 0.14062375 0.01336915 0.28427869 0.00371857 0.08174694
0.40008002 12.01147823 0.02232656 0.00051544 0.02109447 0.05914199 0.00999114 0.32497373 0.00592944 0.21597333 0.01268966 0.25032541 0.01087430 0.06616452
0.60012002 12.06151917 0.03242810 0.00104529 0.01051881 0.08656633 0.02142618 0.13302575 0.00557267 0.42330282 0.01952662 0.16790441 0.00842923 0.09025379
0.80016003 12.11075660 0.02851846 0.00144064 0.01058702 0.07558428 0.03060786 0.16529666 0.00934244 0.08187281 0.02163842 0.50371705 0.01897062 0.05242374
1.00020004 12.11954329 0.02659470 0.00143573 0.01327177 0.07335520 0.03365225 0.13481909 0.01210857 0.20023036 0.02557784 0.33671296 0.01922558 0.12301594
1.20024005 12.16381708 0.03151639 0.00154063 0.00919648 0.07840716 0.03744432 0.15201495 0.01362112 0.29891434 0.02904670 0.23901001 0.01634721 0.09294069
1.40028006 12.13667424 0.01525221 0.00143522 0.01238324 0.05768379 0.03539353 0.30383730 0.01813010 0.14788858 0.02621501 0.29094360 0.02282612 0.06801131
1.60032006 12.11572992 0.02497913 0.00163051 0.01103082 0.07038057 0.03321424 0.29647524 0.01930719 0.16743075 0.03004949 0.26462405 0.02179855 0.05907946
1.80036007 12.05035554 0.03242598 0.00167927 0.01206718 0.05958153 0.03651097 0.10760952 0.01950266 0.38464669 0.03073620 0.22476901 0.02157087 0.06890012
2.00040008 11.98726894 0.01828486 0.00165989 0.00843039 0.04968894 0.03397373 0.15046408 0.02526350 0.15399225 0.02860738 0.39164650 0.02649547 0.11149301
2.20044009 11.95593419 0.03716145 0.00196367 0.01319767 0.06992813 0.03519925 0.09932747 0.02877043 0.29322150 0.03257152 0.30479740 0.02349510 0.06036641
2.40048010 11.94455755 0.02977417 0.00248154 0.01231080 0.04885494 0.03838345 0.16432714 0.03253467 0.41828726 0.03808095 0.14616601 0.02451936 0.04427972
2.60052010 11.95857171 0.01671093 0.00218520 0.00883188 0.05170079 0.04232770 0.35299663 0.03650093 0.09205811 0.03434972 0.27435713 0.03063641 0.05734457
2.80056011 11.96572162 0.02449959 0.00244917 0.01245616 0.04225697 0.03379997 0.13565462 0.04745767 0.41614687 0.04361850 0.14341761 0.02667466 0.07156821
3.00060012 11.98779249 0.03452169 0.00242371 0.00989011 0.06692232 0.04422526 0.13645565 0.04746068 0.33735205 0.03939472 0.18401249 0.03449559 0.06284572
3.20064013 11.98859830 0.01339810 0.00264870 0.00919928 0.04906841 0.04717943 0.21506219 0.04976154 0.09594589 0.04490242 0.35634662 0.03750786 0.07897955
3.40068014 11.99750998 0.02136020 0.00268222 0.01035508 0.05172885 0.04563171 0.15728245 0.05617715 0.22221237 0.05147576 0.27139606 0.03603311 0.07366504
3.60072014 12.01482341 0.02158465 0.00243325 0.00804889 0.05299237 0.04907794 0.17015143 0.05450387 0.22243428 0.04553491 0.27014496 0.03844999 0.06464345
3.80076015 12.01606008 0.01192453 0.00288792 0.00724569 0.03933608 0.05051129 0.21030466 0.05343775 0.11135623 0.05471185 0.35927442 0.03445113 0.06455844
4.00080016 12.01582985 0.02189930 0.00269453 0.00622612 0.04244056 0.05544909 0.15626715 0.05817940 0.27022586 0.05311390 0.22087474 0.03656304 0.07606632
4.20084017 11.98635902 0.02304681 0.00277320 0.00968467 0.03751305 0.05941348 0.13986828 0.05648701 0.33487443 0.05302249 0.17352040 0.04430378 0.06549241
4.40088018 11.95761785 0.01189728 0.00339223 0.00652081 0.03597133 0.06003281 0.26376339 0.06106047 0.11957388 0.05816275 0.29527651 0.04335168 0.04099685
4.60092018 11.91469765 0.02542213 0.00311454 0.00898046 0.04006772 0.06590876 0.15135330 0.06157008 0.30855633 0.05673806 0.18082986 0.04266851 0.05479025
4.80096019 11.88760743 0.02074771 0.00294089 0.00883015 0.03992849 0.07048888 0.12042509 0.05978331 0.22793283 0.05351820 0.29667136 0.04526867 0.05346442
5.00100020 11.88391491 0.02004595 0.00347771 0.00880154 0.04516280 0.06859234 0.12623305 0.05623052 0.16375004 0.06507909 0.32971876 0.03862029 0.07428791
5.20104021 11.88633494 0.02621643 0.00300791 0.00907160 0.04672500 0.07054312 0.09695741 0.05822503 0.35176615 0.05710073 0.17974952 0.04512316 0.05551394
5.40108022 11.91580998 0.01581793 0.00321278 0.00906662 0.05093038 0.07197443 0.23294083 0.05639937 0.16574411 0.06283181 0.23805228 0.04358156 0.04944790
5.60112022 11.91148353 0.01801666 0.00354818 0.01007402 0.04425526 0.07340698 0.22161945 0.05262791 0.21559268 0.06635952 0.20052878 0.04405736 0.04991320
5.80116023 11.91484044 0.02318967 0.00342152 0.00946026 0.04809591 0.07404009 0.14062710 0.05638411 0.27743812 0.06484141 0.18775693 0.05131282 0.06343206
6.00120024 11.90563272 0.01633064 0.00370197 0.00825325 0.04741987 0.07246301 0.14971756 0.05798940 0.17196699 0.07438242 0.28478285 0.04546314 0.06752890
6.20124025 11.89365502 0.01640142 0.00327412 0.00918125 0.04657507 0.07566745 0.14321166 0.05870971 0.14720297 0.06848784 0.31708021 0.04786082 0.06634748
6.40128026 11.88728952 0.02084687 0.00331280 0.00875078 0.05066746 0.07721998 0.11740402 0.05751984 0.25043918 0.07250084 0.23520998 0.04544648 0.06068177
6.60132026 11.87185138 0.01581336 0.00364950 0.00805595 0.04539268 0.07718585 0.18794810 0.06156492 0.19790975 0.07406104 0.22682914 0.04953862 0.05205109
6.80136027 11.87129860 0.01362554 0.00373104 0.00752402 0.04079286 0.07820263 0.21398410 0.06336811 0.15695832 0.07221930 0.24994826 0.05047885 0.04916696
7.00140028 11.85156010 0.02572471 0.00361116 0.00813903 0.04747912 0.07915109 0.10362939 0.06462770 0.35225150 0.07381930 0.13899408 0.05279069 0.04978224
7.20144029 11.83227927 0.01671734 0.00440248 0.00800031 0.04684229 0.08379967 0.16461594 0.06397815 0.17941481 0.08429524 0.24727787 0.05352439 0.04713150
7.40148030 11.81488465 0.01627015 0.00367916 0.00697901 0.04512613 0.08752764 0.15921844 0.06687630 0.18978276 0.07899235 0.25058611 0.05492448 0.04003748
7.60152030 11.80915923 0.02094589 0.00429081 0.00656740 0.04416040 0.09086463 0.11161701 0.06561944 0.25254981 0.08912871 0.21423929 0.05009635 0.04992025
7.80156031 11.81954416 0.01367250 0.00399241 0.00655035 0.04001602 0.08648315 0.14110458 0.06851209 0.14132504 0.08376904 0.30871905 0.05924324 0.04661252
8.00160032 11.82892369 0.01827594 0.00387878 0.00623858 0.04034533 0.09492902 0.11241706 0.06826150 0.24402543 0.08509375 0.21745762 0.05583688 0.05324011
8.20164033 11.85158621 0.01433786 0.00414281 0.00637011 0.03816968 0.09550757 0.16367775 0.06713996 0.22091600 0.09244838 0.19696423 0.05476120 0.04556444
8.40168034 11.84480573 0.01263654 0.00366784 0.00703599 0.03656486 0.09267206 0.18560635 0.07274545 0.18233191 0.08409822 0.21419246 0.05881636 0.04963197
8.60172034 11.83956146 0.01605740 0.00392682 0.00739502 0.04041959 0.08803122 0.16427107 0.07806682 0.20647970 0.09269242 0.20696235 0.05128265 0.04441494
8.80176035 11.82017710 0.01734413 0.00381816 0.00754874 0.04257719 0.09390514 0.11992844 0.08250584 0.21835796 0.08803281 0.22274898 0.05373797 0.04949463
9.00180036 11.80094220 0.01345788 0.00390374 0.00703660 0.04157361 0.09271878 0.12578486 0.08202128 0.14225602 0.08904715 0.28888121 0.05830897 0.05500989
9.20184037 11.79671882 0.01749994 0.00387047 0.00710299 0.04149760 0.09217915 0.10875399 0.08279408 0.20439955 0.09005055 0.24849159 0.05710567 0.04625441
9.40188038 11.78662185 0.01832660 0.00393935 0.00656306 0.03745366 0.09333450 0.12600206 0.09139575 0.25968111 0.08836155 0.17629727 0.05696878 0.04167631
9.60192038 11.79145603 0.01133607 0.00396543 0.00772271 0.03279229 0.09371441 0.20716225 0.09528269 0.13465343 0.08985829 0.22482632 0.05917911 0.03950701
9.80196039 11.77774223 0.01943449 0.00418351 0.00813430 0.03930313 0.09824546 0.12104865 0.09002801 0.26601284 0.09495025 0.16346824 0.05459269 0.04059843
10.00200040 11.76941036 0.01783912 0.00424920 0.00700807 0.03757440 0.10143053 0.11203347 0.08794164 0.23252222 0.09533750 0.20003467 0.06304106 0.04098813
10.20204041 11.75357816 0.01284371 0.00416701 0.00768453 0.03997410 0.09763434 0.13846934 0.09253714 0.14474996 0.09364296 0.26391408 0.05801847 0.04636436
10.40208042 11.75191275 0.01709471 0.00442114 0.00754837 0.03523110 0.09539480 0.10288997 0.09448105 0.20563182 0.09974332 0.23334669 0.05795962 0.04625743
10.60212042 11.76206218 0.01345277 0.00411928 0.00657878 0.03175723 0.10138188 0.12579614 0.08998169 0.17210067 0.09272255 0.24992081 0.06379452 0.04839368
10.80216043 11.76581318 0.01202982 0.00432533 0.00569254 0.03390970 0.10564132 0.13303108 0.08766795 0.18676478 0.10398557 0.22744583 0.05437975 0.04512634
11.00220044 11.77739904 0.01209624 0.00386192 0.00395248 0.03219572 0.10618563 0.14305635 0.09358400 0.20697516 0.09620116 0.19403447 0.06216721 0.04568967
11.20224045 11.75964628 0.01570117 0.00452148 0.00791572 0.03649883 0.10525684 0.13300630 0.08947535 0.21452309 0.10572508 0.18675323 0.05702117 0.04360174
11.40228046 11.74574774 0.01295389 0.00429882 0.00805948 0.04069570 0.11305715 0.14667145 0.08765813 0.16319091 0.09890637 0.22135102 0.06007944 0.04307764
11.60232046 11.73138362 0.01519197 0.00420843 0.00708465 0.03872095 0.10942304 0.12001324 0.08809811 0.20389261 0.10169282 0.20876352 0.06057751 0.04233313
11.80236047 11.71543043 0.01573475 0.00399504 0.00775958 0.04130801 0.11491961 0.10811086 0.08830828 0.17413191 0.09805179 0.23628223 0.06272519 0.04867275
12.00240048 11.71395992 0.01237557 0.00442212 0.00691251 0.04121369 0.12036640 0.12103835 0.08772780 0.14590112 0.10370416 0.25214719 0.05977943 0.04441165
12.20244049 11.71077673 0.01759308 0.00412862 0.00625028 0.04108678 0.11525210 0.09376784 0.09051766 0.25632999 0.10137590 0.16321900 0.06472563 0.04575311
12.40248050 11.71371046 0.01166467 0.00452285 0.00650920 0.03987171 0.12025097 0.16425500 0.08696464 0.16186555 0.10661337 0.19661717 0.06164808 0.03921678
12.60252050 11.70766909 0.01403469 0.00460997 0.00791205 0.03629565 0.12832680 0.15327142 0.08131413 0.18403188 0.10614493 0.18263315 0.06160408 0.03982125
12.80256051 11.69719440 0.01612765 0.00455444 0.00671561 0.03706855 0.12024217 0.10663224 0.08531309 0.22545323 0.10469130 0.18111388 0.06919892 0.04288893
13.00260052 11.68982586 0.01248621 0.00506821 0.00620026 0.03146913 0.11768157 0.11719587 0.09352123 0.15575948 0.11101707 0.23902681 0.06271184 0.04786234
13.20264053 11.68532895 0.01241802 0.00470667 0.00555755 0.03174659 0.12602915 0.10776517 0.09029403 0.16610285 0.10460993 0.23818075 0.06636012 0.04622915
13.40268054 11.68573367 0.01293798 0.00506866 0.00574600 0.03532576 0.12537311 0.11234420 0.08708778 0.17786926 0.11119879 0.21758715 0.06527157 0.04418974
13.60272054 11.68607581 0.01204068 0.00487030 0.00503690 0.03101081 0.12161394 0.13140688 0.09844376 0.18779857 0.10723287 0.19168258 0.06583904 0.04302368
13.80276055 11.68266227 0.01221873 0.00479376 0.00717262 0.03163087 0.11802906 0.15240052 0.09532406 0.16514753 0.10923221 0.19623589 0.06462081 0.04319393
14.00280056 11.67565048 0.01428072 0.00466292 0.00608097 0.03513785 0.11946790 0.12008508 0.09550278 0.21884584 0.10686401 0.17337936 0.06550231 0.04019027
14.20284057 11.66665906 0.01252858 0.00466374 0.00634066 0.03327590 0.11909543 0.12452234 0.09864376 0.17206628 0.10935683 0.21008818 0.06424015 0.04517815
14.40288058 11.65606412 0.01350823 0.00453396 0.00665603 0.03246247 0.11940009 0.11873523 0.10023217 0.17042705 0.11177787 0.22094281 0.06205582 0.03926827
14.60292058 11.64978764 0.01537785 0.00429324 0.00679430 0.03174861 0.11584593 0.10249762 0.10587863 0.19541852 0.11130519 0.20536936 0.06267692 0.04279384
14.80296059 11.65180990 0.01147442 0.00447764 0.00625627 0.03312345 0.11761985 0.12747915 0.10427095 0.13750383 0.11646844 0.23826115 0.06116302 0.04190182
15.00300060 11.64579588 0.01483027 0.00425776 0.00627039 0.03675598 0.12226331 0.10205381 0.10189872 0.21321880 0.10946158 0.17974603 0.06811854 0.04112481
15.20304061 11.64888277 0.01211489 0.00486247 0.00495926 0.03256609 0.12194830 0.13357672 0.10310285 0.18603408 0.12216778 0.17759282 0.06191851 0.03915623
15.40308062 11.63964227 0.01056747 0.00419638 0.00450645 0.02917770 0.12349287 0.14360534 0.10581286 0.16512426 0.11069507 0.19581043 0.06780272 0.03920845
15.60312062 11.62966394 0.01405076 0.00457669 0.00547048 0.03103084 0.12115737 0.11445487 0.10246744 0.19450215 0.11833213 0.18956592 0.06346627 0.04092508
15.80316063 11.62398153 0.01237212 0.00422636 0.00489596 0.02822965 0.12777603 0.10760551 0.10416985 0.17797249 0.11529138 0.21483242 0.06053629 0.04209195
16.00320064 11.61520838 0.01199588 0.00424270 0.00507239 0.02505441 0.12627029 0.11478706 0.10422768 0.16187137 0.11543775 0.22775045 0.05982149 0.04346853
16.20324065 11.61244709 0.01190753 0.00435487 0.00515344 0.02714132 0.12619272 0.12226758 0.10013045 0.16569669 0.11819126 0.21469393 0.06513062 0.03913962
16.40328066 11.60521593 0.01366154 0.00435051 0.00452925 0.02922153 0.13353161 0.10926546 0.10133850 0.20514430 0.11990832 0.17553751 0.06687096 0.03664051
16.60332066 11.60410845 0.01132903 0.00465262 0.00488640 0.02447128 0.13306056 0.13724058 0.10432449 0.16645046 0.12241968 0.19057933 0.06554255 0.03504302
16.80336067 11.59444593 0.01298861 0.00442023 0.00506248 0.02600487 0.13858100 0.11872196 0.10287455 0.19017379 0.12152698 0.17937624 0.06459714 0.03567215
17.00340068 11.58715582 0.01241788 0.00469144 0.00483258 0.02977562 0.13630731 0.10573384 0.09785695 0.18270962 0.12708341 0.19810351 0.06406078 0.03642705
17.20344069 11.58103158 0.01116248 0.00449968 0.00508915 0.02939055 0.13333078 0.10909012 0.10006684 0.15536257 0.12306967 0.21906848 0.07103293 0.03883674
17.40348070 11.57148030 0.01364819 0.00461509 0.00566371 0.03153860 0.12980862 0.09984268 0.10261556 0.18215722 0.12968351 0.20039517 0.06327712 0.03675452
17.60352070 11.57459358 0.01089471 0.00464099 0.00536704 0.03160750 0.13381026 0.12152643 0.09845528 0.14936827 0.12410701 0.21260647 0.06898636 0.03862967
17.80356071 11.57523507 0.01239287 0.00470583 0.00459244 0.03008343 0.13280502 0.11519628 0.09888960 0.18999131 0.12817882 0.17848469 0.06742064 0.03725908
18.00360072 11.57182323 0.01236198 0.00460046 0.00505012 0.03055999 0.13363875 0.12361833 0.10534895 0.18237735 0.12539871 0.17433620 0.06501302 0.03769614
18.20364073 11.56300491 0.01111970 0.00471874 0.00459454 0.03025705 0.13207612 0.12547684 0.10689882 0.16572248 0.12603831 0.19138387 0.06426791 0.03744561
18.40368074 11.54373634 0.01271133 0.00494674 0.00493237 0.02969142 0.13223479 0.11552441 0.09853254 0.16778693 0.13279399 0.19313629 0.06749183 0.04021734
18.60372074 11.53965234 0.01303246 0.00461023 0.00647908 0.03216580 0.13013863 0.10669229 0.10421640 0.16884532 0.12731160 0.20158200 0.06772304 0.03720314
18.80376075 11.52853910 0.01399039 0.00477088 0.00661434 0.03128689 0.13445055 0.10509181 0.11011309 0.16405741 0.13120571 0.19659084 0.06345967 0.03836842
19.00380076 11.53008474 0.01227515 0.00468756 0.00743265 0.02895865 0.13339506 0.11887754 0.10955242 0.14720899 0.12965762 0.19979860 0.07070725 0.03744852
19.20384077 11.52866044 0.01494435 0.00485109 0.00679535 0.03322133 0.13413893 0.10399219 0.10904383 0.19160173 0.13251920 0.16119081 0.07144685 0.03625434
19.40388078 11.52514329 0.01146825 0.00468025 0.00570023 0.03578846 0.14161203 0.12291242 0.11041473 0.16439312 0.13294624 0.16977173 0.06634665 0.03396590
19.60392078 11.51481720 0.01184463 0.00474251 0.00551101 0.03678422 0.14285803 0.11625376 0.10977463 0.15862452 0.13261093 0.17735545 0.06801379 0.03562652
19.80396079 11.51247025 0.01364860 0.00456286 0.00754471 0.03658868 0.14182281 0.09553057 0.11124808 0.16959801 0.13254488 0.18203725 0.06782126 0.03705229
20.00400080 11.51064029 0.01223408 0.00476794 0.00674621 0.03208122 0.14225341 0.10614831 0.11060874 0.14714196 0.13511568 0.20211377 0.06725412 0.03353455
20.20404081 11.50672602 0.01208587 0.00475605 0.00529522 0.02956623 0.14587995 0.09742704 0.11067328 0.16499001 0.13380930 0.18929705 0.06888131 0.03733869
20.40408082 11.51248715 0.01047806 0.00460563 0.00533481 0.02749560 0.14928341 0.11135194 0.11250359 0.15002955 0.13559781 0.19345401 0.06600945 0.03385614
20.60412082 11.50919875 0.01125357 0.00486873 0.00600730 0.02863754 0.14962339 0.10812376 0.11254378 0.16710137 0.13721454 0.17015628 0.06974945 0.03472030
20.80416083 11.50396298 0.01153134 0.00460920 0.00587615 0.02959271 0.15356359 0.11354727 0.11568784 0.16559781 0.13140833 0.16335644 0.06873093 0.03649839
21.00420084 11.49463593 0.01118013 0.00470596 0.00595970 0.03086182 0.15509935 0.10980365 0.11560613 0.15766116 0.13676843 0.16915652 0.06382001 0.03937713
21.20424085 11.48542563 0.01332397 0.00441764 0.00748905 0.03834277 0.15179746 0.10058989 0.11547417 0.15116042 0.13219672 0.17917100 0.07211390 0.03392302
21.40428086 11.48166229 0.01203702 0.00482306 0.00615531 0.03541703 0.14928149 0.09715642 0.11904848 0.14967068 0.13985437 0.18215654 0.06899249 0.03540711
21.60432086 11.47424382 0.01258581 0.00442346 0.00586232 0.03522034 0.14966755 0.09507533 0.12523866 0.15904891 0.13520292 0.17365821 0.06746730 0.03654918
21.80436087 11.47165067 0.01191835 0.00465764 0.00651934 0.03264392 0.14807001 0.11051545 0.12387680 0.13826949 0.14213802 0.17923185 0.06725742 0.03490171
22.00440088 11.46540722 0.01242016 0.00490191 0.00600655 0.03573120 0.15021154 0.10189749 0.11873358 0.16560874 0.14195465 0.15879627 0.07019820 0.03353972
22.20444089 11.46374305 0.01216654 0.00485177 0.00625414 0.03399884 0.14914933 0.10660675 0.12169575 0.15895209 0.14233090 0.15768679 0.07197213 0.03433496
22.40448090 11.44979565 0.01146961 0.00487108 0.00663019 0.03495802 0.14474210 0.10597253 0.12624081 0.14381680 0.14492019 0.17154818 0.06922571 0.03560479
22.60452090 11.44736084 0.01298984 0.00475447 0.00663443 0.03581065 0.14831313 0.09463959 0.12246040 0.15362997 0.14270737 0.17263844 0.06976452 0.03565719
22.80456091 11.44437682 0.01100103 0.00506187 0.00562849 0.03523789 0.14909050 0.09535349 0.12114020 0.14580982 0.14715305 0.18133004 0.06755426 0.03563936
23.00460092 11.43642350 0.01149124 0.00467644 0.00584782 0.03543535 0.14703965 0.09739150 0.12452592 0.14913285 0.14427635 0.17565866 0.07148153 0.03304270
23.20464093 11.43734575 0.01159425 0.00477612 0.00633912 0.03634952 0.14585435 0.10287302 0.12326377 0.14341998 0.14664966 0.17108117 0.07145599 0.03634306
23.40468094 11.43144203 0.01159813 0.00482732 0.00629126 0.03727208 0.14886831 0.10185801 0.11981151 0.15822357 0.14683586 0.15903484 0.07165689 0.03372222
23.60472094 11.42588029 0.01063629 0.00481549 0.00511730 0.03864799 0.15576584 0.10049453 0.12157989 0.15226215 0.14847942 0.15870932 0.06935924 0.03413254
23.80476095 11.41937853 0.01081661 0.00462523 0.00523191 0.03153063 0.15583994 0.09785195 0.12105607 0.14812255 0.14950022 0.16711932 0.07297842 0.03532716
24.00480096 11.41008844 0.01112389 0.00502930 0.00594975 0.03129776 0.15813896 0.09098698 0.11803938 0.14739839 0.15130039 0.17093212 0.07549186 0.03431123
24.20484097 11.40250309 0.01046576 0.00496606 0.00511891 0.03226999 0.15875904 0.09396745 0.11770742 0.13950396 0.14937442 0.17999464 0.07319295 0.03467941
24.40488098 11.39666663 0.01103007 0.00501255 0.00523702 0.02883863 0.16070720 0.09051208 0.11877999 0.15964747 0.15036510 0.16587659 0.07113505 0.03285826
24.60492098 11.39271973 0.01087227 0.00489969 0.00567829 0.03185103 0.16105409 0.09837225 0.11696010 0.14144290 0.14938346 0.17038693 0.07370253 0.03539645
24.80496099 11.38330362 0.01020736 0.00513018 0.00558876 0.02468273 0.15913470 0.10237879 0.11578311 0.15142285 0.15233230 0.16559453 0.07561960 0.03212510
25.00500100 11.37982454 0.01157423 0.00488306 0.00505012 0.03182835 0.16164298 0.09731351 0.11870626 0.15970981 0.15251863 0.15150430 0.07024895 0.03501979
25.20504101 11.37666053 0.01011065 0.00486459 0.00513333 0.03060597 0.16493655 0.10262394 0.11888659 0.14238919 0.14981698 0.16674484 0.07149517 0.03239219
25.40508102 11.37047819 0.01151799 0.00507463 0.00563414 0.02811661 0.16467315 0.09006706 0.11564784 0.14380589 0.15714555 0.16856569 0.07145871 0.03829275
25.60512102 11.36820351 0.01034336 0.00481342 0.00539664 0.02968235 0.16132270 0.09296559 0.12445744 0.14351336 0.15121271 0.17198098 0.07219362 0.03211785
25.80516103 11.36499520 0.00995320 0.00516167 0.00435204 0.02598337 0.16023670 0.09146308 0.12718341 0.15130272 0.15422394 0.16244229 0.07319416 0.03450342
26.00520104 11.35797563 0.01013147 0.00509266 0.00493486 0.02882129 0.16658209 0.09885180 0.12007265 0.13833404 0.15486616 0.16350844 0.07538632 0.03341821
26.20524105 11.35301599 0.01188563 0.00496829 0.00693832 0.02939304 0.16505119 0.09202672 0.12209821 0.14722667 0.15360122 0.15613029 0.07828097 0.03239945
26.40528106 11.34566159 0.00980949 0.00527994 0.00523719 0.02652880 0.16818132 0.09317318 0.13086813 0.14575136 0.15736852 0.15638509 0.07030198 0.03111501
26.60532106 11.33530841 0.00891972 0.00510433 0.00443526 0.02594552 0.16832048 0.09639951 0.13094921 0.13276742 0.15796454 0.16171186 0.07366133 0.03382084
26.80536107 11.32631201 0.00992425 0.00534365 0.00382873 0.02290474 0.16946541 0.08272090 0.13006044 0.14234169 0.15779355 0.15922395 0.08133682 0.03505586
27.00540108 11.32257236 0.00929976 0.00526276 0.00467007 0.02217352 0.16979710 0.09046652 0.12974216 0.12967936 0.15959085 0.16876677 0.07960700 0.03094412
27.20544109 11.31374135 0.00996936 0.00527292 0.00474624 0.02325953 0.16909797 0.08827784 0.13408614 0.14515480 0.15964704 0.15291909 0.07589580 0.03167327
27.40548110 11.30445471 0.01023356 0.00522026 0.00503488 0.02455647 0.16545451 0.09279654 0.13993338 0.13932140 0.15468822 0.15424898 0.07670349 0.03180830
27.60552110 11.29482454 0.01032566 0.00523991 0.00544900 0.02983818 0.16429915 0.09191477 0.13666597 0.13631174 0.16081337 0.15262052 0.07698147 0.02954025
27.80556111 11.29156135 0.00956928 0.00553567 0.00421227 0.02829069 0.16977110 0.09311094 0.13300100 0.14218496 0.16014341 0.14656684 0.07754869 0.03006515
28.00560112 11.28862570 0.00974332 0.00557210 0.00396648 0.02364945 0.16612681 0.09039854 0.13854290 0.13738288 0.15966015 0.15472690 0.07809791 0.03213256
28.20564113 11.27959070 0.01017969 0.00538343 0.00499251 0.02797517 0.16211450 0.08398885 0.13705285 0.13688437 0.16217993 0.16023062 0.07726916 0.03174892
28.40568114 11.27358087 0.00993732 0.00549834 0.00513598 0.02592793 0.17168873 0.08983389 0.13260804 0.13048115 0.16000089 0.15771799 0.08020387 0.03096586
28.60572114 11.26681335 0.01113166 0.00561628 0.00586921 0.02758137 0.17519050 0.09056841 0.12995001 0.14081040 0.16518855 0.14326975 0.07605454 0.02876933
28.80576115 11.25998158 0.00939074 0.00548860 0.00502552 0.03471527 0.16924254 0.09229518 0.13328265 0.12779191 0.16285806 0.14844406 0.07912802 0.03233745
29.00580116 11.25861344 0.01036705 0.00540711 0.00496145 0.03438669 0.16891333 0.08859523 0.13308478 0.13453748 0.16080315 0.14724816 0.08179150 0.02990406
29.20584117 11.25129344 0.01192232 0.00577789 0.00595328 0.03094946 0.17928214 0.08265945 0.13020543 0.13811555 0.16388910 0.14161549 0.07884532 0.03078458
29.40588118 11.24041519 0.01065854 0.00551252 0.00620597 0.03360169 0.17577718 0.09130469 0.13392229 0.11978317 0.16495393 0.15146391 0.07783396 0.02898217
29.60592118 11.23496455 0.01056892 0.00523876 0.00491042 0.03194907 0.17656036 0.08058900 0.13114795 0.13315158 0.16340452 0.14782194 0.08164828 0.03300920
29.80596119 11.23543642 0.01014226 0.00544440 0.00462174 0.02928974 0.17963117 0.08544395 0.12421804 0.12607327 0.16681499 0.15557693 0.08189127 0.03085222
30.00600120 11.23178125 0.01104826 0.00530119 0.00578624 0.03094181 0.17868674 0.08849951 0.12802518 0.12990431 0.16933940 0.14484482 0.07864737 0.02897518
30.20604121 11.22470979 0.01084293 0.00540855 0.00579202 0.02848446 0.17914275 0.08907466 0.13240994 0.13604330 0.17056198 0.13668993 0.07847665 0.02707284
30.40608122 11.22068972 0.00986546 0.00565841 0.00484402 0.02750112 0.18106570 0.09300569 0.12822065 0.12627755 0.17342678 0.13811191 0.08162833 0.03039439
30.60612122 11.21047966 0.01072682 0.00560863 0.00556857 0.03029078 0.17784513 0.08990677 0.13063823 0.12977151 0.17114318 0.13984522 0.08276470 0.02589046
30.80616123 11.20413264 0.01047470 0.00574365 0.00512575 0.02841770 0.17630502 0.08376575 0.13803392 0.12929955 0.17614183 0.14043681 0.07777545 0.02847987
31.00620124 11.19746676 0.00946563 0.00591598 0.00475743 0.02493879 0.17837038 0.07902681 0.13971291 0.12280898 0.17366512 0.14446125 0.08433548 0.03254123
31.20624125 11.19527143 0.00920953 0.00560596 0.00485160 0.02529874 0.17948798 0.08178288 0.13637159 0.11753808 0.17501788 0.15042593 0.08351645 0.03089338
31.40628126 11.19359632 0.01104985 0.00573235 0.00615888 0.02637621 0.17875067 0.08301057 0.14188027 0.13209250 0.17427925 0.13574373 0.07735732 0.02756840
31.60632126 11.18862171 0.00859902 0.00567268 0.00480774 0.02570209 0.17657829 0.09218758 0.14206180 0.12116587 0.17121925 0.13717406 0.08446786 0.03036378
31.80636127 11.18164965 0.00922208 0.00569095 0.00438295 0.02732654 0.17430677 0.08550036 0.14063575 0.12366763 0.17360491 0.13962844 0.08376148 0.03227213
32.00640128 11.17814067 0.01009313 0.00563859 0.00508772 0.02763957 0.17860597 0.07747742 0.14490253 0.13383706 0.17282160 0.13517796 0.08203118 0.02668729
32.20644129 11.16585328 0.01005379 0.00550209 0.00580384 0.02901321 0.17627637 0.08345597 0.14630600 0.11308374 0.17179797 0.14848432 0.08011743 0.03010527
32.40648130 11.15400936 0.00951013 0.00576358 0.00414181 0.02167078 0.18021114 0.07943837 0.14969178 0.12463730 0.17262078 0.13982483 0.08171258 0.03077692
32.60652130 11.14458041 0.00864275 0.00573353 0.00385522 0.02701154 0.18533743 0.07744213 0.14134640 0.12337830 0.17388802 0.13917539 0.08769448 0.02649480
32.80656131 11.14189111 0.00814823 0.00563161 0.00387909 0.02469835 0.18973607 0.08301196 0.14132115 0.11685013 0.17620788 0.13891679 0.08310315 0.02849559
33.00660132 11.13382807 0.00897300 0.00603461 0.00388267 0.02159971 0.18589910 0.08452239 0.14879256 0.12668193 0.18142772 0.12668557 0.07784587 0.02765486
33.20664133 11.13295759 0.00917531 0.00574443 0.00419862 0.02184898 0.18394234 0.08050331 0.14757923 0.12155002 0.17707795 0.13139171 0.08765592 0.02933219
33.40668134 11.12210710 0.00832119 0.00617206 0.00391209 0.02729730 0.18486557 0.08290981 0.14160736 0.11544947 0.18474864 0.13419058 0.08460623 0.02591970
33.60672134 11.11871871 0.00859361 0.00616970 0.00383890 0.02317444 0.18841621 0.08428861 0.14420851 0.11589978 0.18323847 0.13044864 0.08196697 0.02975615
33.80676135 11.11541592 0.00827746 0.00581810 0.00359260 0.02082824 0.18202341 0.08155254 0.14595124 0.11895629 0.18257789 0.13275182 0.08962922 0.02804118
34.00680136 11.11127588 0.00857489 0.00627042 0.00418352 0.01789727 0.18772445 0.07880634 0.14381718 0.11014473 0.19002718 0.13721103 0.08616063 0.02918236
34.20684137 11.10713348 0.00868939 0.00583832 0.00413919 0.01999096 0.19946649 0.07912881 0.13984886 0.11691283 0.18585298 0.13004780 0.08299322 0.02709118
34.40688138 11.10641956 0.00871053 0.00576122 0.00397741 0.01807523 0.19982881 0.08109505 0.14163367 0.11943740 0.18638045 0.12569137 0.08239571 0.02701317
34.60692138 11.10422146 0.00796503 0.00561747 0.00387901 0.01566918 0.19484083 0.08007703 0.14992067 0.11061822 0.18943054 0.13009492 0.08419034 0.02769676
34.80696139 11.09954260 0.00802949 0.00550632 0.00290642 0.01891971 0.19706465 0.07441818 0.14479300 0.12162681 0.18674783 0.12733760 0.08788806 0.02476195
35.00700140 11.09186233 0.00895747 0.00538968 0.00449853 0.02420704 0.19479873 0.07892839 0.14226231 0.11207740 0.18737830 0.13028676 0.08617084 0.02504455
35.20704141 11.08414978 0.00913043 0.00582777 0.00477114 0.02206119 0.19022751 0.07577896 0.14822658 0.11305591 0.18958351 0.13287933 0.08413449 0.02432318
35.40708142 11.07606178 0.00764296 0.00544491 0.00293039 0.02576250 0.18809900 0.07306945 0.14455068 0.11842953 0.18616105 0.13355400 0.08974422 0.02461132
35.60712142 11.07176545 0.00908638 0.00573532 0.00414949 0.02576192 0.19073118 0.07759687 0.13815230 0.11482857 0.19148288 0.13274884 0.08389817 0.02582807
35.80716143 11.06283263 0.00939823 0.00618704 0.00544657 0.02686955 0.18866591 0.08444746 0.14005921 0.11361701 0.19260978 0.12614335 0.08247793 0.02407798
36.00720144 11.05756505 0.00959409 0.00574535 0.00417695 0.02936834 0.18773522 0.07933699 0.14196720 0.12011927 0.18567516 0.12417009 0.08687693 0.02523440
36.20724145 11.04947136 0.00878968 0.00614527 0.00423644 0.02642894 0.18533464 0.07403782 0.13843482 0.11947028 0.19616509 0.13217692 0.08192004 0.02686006
36.40728146 11.04485608 0.00834039 0.00602187 0.00386401 0.02590185 0.19154411 0.07993537 0.14268673 0.10875390 0.18550965 0.13453761 0.08823750 0.02466702
36.60732146 11.03717056 0.01046989 0.00586762 0.00540440 0.02974422 0.18694294 0.07623910 0.14208314 0.11739016 0.19673072 0.12581530 0.07837544 0.02493707
36.80736147 11.03646072 0.00974873 0.00541466 0.00554367 0.03143054 0.18872992 0.07578197 0.13988195 0.11388259 0.18993976 0.13073407 0.08403356 0.02487857
37.00740148 11.03268019 0.01007958 0.00556612 0.00498191 0.02856314 0.19005462 0.07817850 0.13893406 0.11558815 0.19058475 0.12789356 0.08486031 0.02471529
37.20744149 11.03101939 0.00898451 0.00561654 0.00449882 0.02754868 0.18994507 0.07609617 0.14051270 0.11996885 0.19570510 0.12402311 0.08222046 0.02488001
37.40748150 11.02536874 0.00882122 0.00547273 0.00453366 0.02448773 0.19144099 0.07583242 0.13981794 0.11642285 0.19221604 0.12970480 0.08705215 0.02419746
37.60752150 11.01782788 0.00904530 0.00545630 0.00404834 0.02510007 0.19559759 0.07122426 0.13681645 0.11494656 0.19289093 0.13174431 0.08723859 0.02589131
37.80756151 11.01203750 0.00842675 0.00565390 0.00416493 0.02756330 0.19123237 0.07567066 0.14000216 0.11154589 0.19767863 0.13124406 0.08143280 0.02538453
38.00760152 11.00739458 0.00863954 0.00614110 0.00379483 0.02979079 0.18920823 0.07206979 0.14891003 0.10970201 0.19780414 0.12459478 0.08593635 0.02340841
38.20764153 11.00450785 0.00792048 0.00605457 0.00370395 0.02306026 0.18944526 0.06673760 0.15015441 0.11020315 0.19823353 0.13060238 0.08811209 0.02577232
38.40768154 10.99754398 0.00851452 0.00610365 0.00437427 0.02743350 0.19236246 0.06901951 0.14231946 0.11056617 0.20324114 0.12531412 0.08797314 0.02277805
38.60772154 10.99233581 0.00963329 0.00590506 0.00565488 0.02983042 0.19100096 0.07528355 0.14607563 0.11260273 0.19539382 0.11803982 0.08762439 0.02295544
38.80776155 10.98530542 0.00989148 0.00593742 0.00603616 0.02795730 0.18433529 0.07403984 0.14908827 0.10790240 0.20130678 0.12566215 0.08333210 0.02451080
39.00780156 10.98188741 0.01057449 0.00550089 0.00537578 0.03098996 0.18740981 0.06567723 0.15200359 0.11672403 0.19228261 0.12369772 0.08480296 0.02496094
39.20784157 10.97526967 0.00835620 0.00576294 0.00423966 0.03102714 0.19400548 0.07083770 0.14810679 0.10910022 0.19469102 0.12699523 0.08343363 0.02344399
39.40788158 10.97179904 0.00970425 0.00568645 0.00437273 0.02660889 0.18832964 0.07129518 0.15291384 0.11285749 0.19543394 0.12321762 0.08563599 0.02394398
39.60792158 10.97106509 0.00991849 0.00570774 0.00563965 0.02430648 0.18676171 0.07221233 0.15614460 0.11235332 0.19038279 0.12442474 0.08900301 0.02314514
39.80796159 10.97044562 0.00798954 0.00582425 0.00400931 0.02213575 0.19511658 0.07304749 0.15699318 0.11164456 0.19319167 0.12439244 0.08287418 0.02278106
40.00800160 10.96364567 0.00927640 0.00578557 0.00420110 0.02339926 0.19680701 0.06985136 0.15326406 0.11417580 0.19516860 0.11563092 0.08897461 0.02346532
40.20804161 10.95812773 0.00796463 0.00582879 0.00407278 0.02432490 0.19432399 0.07016941 0.15406939 0.10535230 0.19657051 0.12394508 0.08920717 0.02417106
40.40808162 10.95358794 0.00863652 0.00593979 0.00412413 0.02534590 0.19977968 0.06280741 0.15941428 0.10839615 0.19143460 0.12653247 0.08543150 0.02215757
40.60812162 10.94400599 0.00699486 0.00620571 0.00320627 0.02712347 0.19967584 0.06529629 0.15550224 0.10385813 0.19623369 0.12553880 0.08638237 0.02398234
40.80816163 10.94233998 0.00774764 0.00583926 0.00387048 0.02663215 0.19911972 0.07093559 0.15324378 0.10480488 0.18730318 0.12235668 0.09449392 0.02365273
41.00820164 10.94085333 0.00921073 0.00626190 0.00486237 0.02244268 0.19799001 0.06849563 0.15483736 0.10715815 0.19538660 0.12095246 0.08952399 0.02287812
41.20824165 10.93577869 0.00808267 0.00619916 0.00438268 0.02489638 0.20123144 0.06664670 0.15481842 0.11099124 0.18867048 0.12097152 0.08908036 0.02402895
41.40828166 10.93563278 0.00846425 0.00595837 0.00346924 0.02556037 0.20308550 0.07128826 0.15312109 0.11031189 0.19141587 0.11362780 0.08841903 0.02527834
41.60832166 10.92586717 0.00767151 0.00625787 0.00468397 0.02738566 0.20304427 0.07581160 0.15141568 0.10398961 0.19569335 0.11578936 0.08558867 0.02266844
41.80836167 10.92109923 0.00926323 0.00621376 0.00474555 0.02002712 0.20527415 0.06521880 0.15311996 0.11057283 0.18869580 0.11647223 0.09869617 0.02170038
42.00840168 10.91105373 0.00762578 0.00656401 0.00382621 0.02056832 0.20511143 0.06793760 0.14687406 0.09982997 0.20302685 0.12242945 0.08842351 0.02778282
42.20844169 10.91014366 0.00771272 0.00628440 0.00396895 0.02489098 0.20941585 0.06471576 0.14813911 0.10329867 0.19532772 0.11772504 0.09683277 0.02168804
42.40848170 10.90815502 0.00821080 0.00636903 0.00454939 0.02161609 0.20449844 0.06581024 0.15310087 0.10281464 0.19852351 0.11634025 0.09350801 0.02465874
42.60852170 10.90318190 0.00835920 0.00614790 0.00449655 0.02339762 0.20842725 0.07108613 0.15125756 0.09992019 0.19800906 0.11684665 0.08815808 0.02389381
42.80856171 10.89770465 0.00801625 0.00631268 0.00460857 0.02523214 0.21254384 0.07086850 0.14431370 0.10384557 0.20015702 0.10815255 0.09267261 0.02327658
43.00860172 10.89193311 0.00816033 0.00628417 0.00455541 0.02992287 0.20869354 0.06269639 0.14824799 0.10253410 0.20157869 0.11103595 0.09519546 0.02109510
43.20864173 10.88545121 0.00697350 0.00629386 0.00341457 0.02295900 0.20912168 0.05867945 0.15296819 0.09961606 0.20519599 0.11861680 0.09242012 0.02374078
43.40868174 10.87072810 0.00782888 0.00648182 0.00404513 0.02249245 0.21001807 0.06141276 0.14765025 0.09966367 0.20640760 0.11732901 0.09544211 0.02122825
43.60872174 10.86262431 0.00821494 0.00668064 0.00481226 0.02012199 0.21022913 0.06663756 0.14817925 0.10007934 0.21031905 0.11116450 0.09459177 0.01896955
43.80876175 10.85328494 0.00671597 0.00670888 0.00310910 0.01953305 0.19952973 0.06586475 0.15818990 0.09615418 0.21094559 0.11539484 0.09662574 0.02122826
44.00880176 10.85013189 0.00849776 0.00657125 0.00453803 0.02219064 0.20201260 0.05661047 0.15863585 0.10729774 0.20564226 0.10958272 0.09713789 0.02128279
44.20884177 10.84808770 0.00755031 0.00715993 0.00395079 0.02174263 0.20540986 0.06379001 0.15291390 0.10251265 0.21943985 0.10450219 0.09107630 0.01995157
44.40888178 10.84181849 0.00669212 0.00653183 0.00307590 0.01930265 0.19897252 0.07088984 0.15971450 0.09307050 0.21022981 0.11116914 0.10055119 0.01980001
44.60892178 10.83717869 0.00857211 0.00651275 0.00429897 0.02204967 0.19549487 0.06116361 0.16016895 0.10023529 0.21647213 0.11032091 0.09535114 0.01935959
44.80896179 10.83160312 0.00736350 0.00621257 0.00396217 0.02413531 0.20441904 0.05921056 0.15758009 0.09503518 0.21484480 0.11646637 0.09094336 0.01982707
45.00900180 10.83411079 0.00645726 0.00592131 0.00271912 0.02289561 0.20462411 0.05931365 0.15732673 0.09382733 0.21366187 0.11733997 0.09246583 0.02344722
45.20904181 10.83422097 0.00720013 0.00626997 0.00303373 0.02084140 0.19591612 0.05601496 0.16348769 0.10312780 0.21709907 0.11096396 0.09322700 0.02281818
45.40908182 10.83322449 0.00725775 0.00590787 0.00402535 0.02102675 0.20025862 0.06361623 0.16572747 0.10003140 0.20727595 0.10962659 0.09282994 0.02241609
45.60912182 10.82582519 0.00723977 0.00594410 0.00356400 0.02483965 0.20370771 0.07206924 0.15744632 0.09744826 0.21101792 0.10602060 0.08988380 0.02081864
45.80916183 10.82184552 0.00807126 0.00601760 0.00460413 0.02680775 0.20071666 0.06845925 0.15666511 0.09927981 0.21516164 0.10029042 0.09343883 0.02048753
46.00920184 10.81618158 0.00843563 0.00574671 0.00451077 0.02364337 0.19888121 0.06286951 0.16103155 0.09891563 0.20991095 0.10919009 0.09442943 0.02243515
46.20924185 10.81195064 0.00790277 0.00588397 0.00373331 0.02070521 0.20832004 0.05525172 0.15856516 0.09822254 0.21305326 0.11710114 0.08617742 0.02508346
46.40928186 10.80188764 0.00774468 0.00596111 0.00443475 0.02370549 0.20977647 0.06471626 0.15166826 0.09461889 0.21642895 0.11085959 0.08616505 0.02392050
46.60932186 10.79507971 0.00718073 0.00586748 0.00420595 0.02149730 0.20779824 0.06680097 0.15616998 0.09607235 0.21064728 0.10869306 0.09351686 0.02154980
46.80936187 10.79349538 0.00642322 0.00609867 0.00273039 0.01739120 0.20440059 0.06397805 0.15960057 0.09545252 0.21683007 0.11196722 0.09106994 0.02405754
47.00940188 10.78741655 0.00806216 0.00597462 0.00473216 0.02074837 0.20289607 0.06379834 0.16001539 0.09878965 0.21246510 0.10780309 0.09264866 0.02206638
47.20944189 10.77986154 0.00832608 0.00605726 0.00524143 0.02660708 0.20076349 0.06503655 0.15920559 0.09830529 0.21062384 0.10627416 0.08934967 0.02420956
47.40948190 10.77149230 0.00729825 0.00592900 0.00416173 0.02737104 0.19983659 0.06302342 0.15411905 0.09979325 0.21306164 0.10890523 0.09105356 0.02544724
47.60952190 10.76895542 0.00782816 0.00579899 0.00408308 0.02425924 0.20590648 0.06488482 0.15493119 0.09690907 0.20623196 0.10892468 0.09513122 0.02511112
47.80956191 10.76128920 0.00708521 0.00648746 0.00393683 0.02029837 0.20453958 0.06842356 0.15508824 0.09431308 0.21552636 0.11425428 0.08435821 0.02568881
48.00960192 10.75158596 0.00794863 0.00598253 0.00451568 0.01909645 0.20187322 0.06376128 0.15213002 0.10054104 0.20913865 0.11473755 0.09287544 0.02739952
48.20964193 10.74606636 0.00857866 0.00583264 0.00531304 0.02046505 0.19829891 0.05909373 0.14687766 0.09967352 0.20853230 0.12214675 0.09445833 0.03072939
48.40968194 10.74138201 0.00899270 0.00610908 0.00550703 0.02375554 0.19926391 0.06562419 0.14639354 0.10314347 0.21488035 0.11202706 0.08535297 0.02895015
48.60972194 10.73987988 0.00830052 0.00598602 0.00554964 0.02210161 0.20500132 0.07546439 0.14613764 0.10207190 0.21357154 0.10666000 0.08330333 0.02585208
48.80976195 10.73569318 0.00887069 0.00573891 0.00586413 0.02389912 0.19898434 0.07216462 0.14441652 0.10049939 0.21070798 0.10879791 0.09215209 0.02790429
49.00980196 10.72946011 0.00887812 0.00588283 0.00538123 0.02597983 0.19782022 0.06609830 0.14326642 0.10664351 0.21351553 0.11115509 0.08751484 0.02786407
49.20984197 10.72367735 0.00872231 0.00592541 0.00523580 0.02336895 0.20673735 0.06786249 0.14335729 0.09899075 0.21232437 0.11568819 0.08565543 0.02613166
49.40988198 10.71767295 0.00775939 0.00569733 0.00389516 0.02180202 0.20350396 0.06644014 0.14435024 0.09822059 0.21349104 0.11884333 0.08895728 0.02703952
49.60992198 10.71862522 0.00743665 0.00591212 0.00405449 0.02281460 0.19615194 0.06701786 0.14826150 0.09831885 0.21421952 0.11788328 0.09145477 0.02647442
49.80996199 10.71609305 0.00709637 0.00567772 0.00344994 0.02322271 0.20062067 0.07214086 0.14792564 0.09766809 0.21105630 0.11468653 0.08871953 0.02773565
50.01000200 10.70650902 0.00733946 0.00586390 0.00320926 0.01942626 0.20280813 0.07544268 0.14995872 0.10183494 0.21591201 0.11078035 0.08145708 0.02596719
50.21004201 10.70033616 0.00848634 0.00576062 0.00369252 0.02317980 0.19823341 0.06730979 0.14837020 0.10428658 0.21554056 0.10940463 0.08809505 0.02764049
50.41008202 10.69338631 0.00823072 0.00557274 0.00477975 0.02418640 0.19662354 0.06564436 0.15094951 0.10132486 0.21478047 0.10992632 0.09207359 0.02590774
50.61012202 10.68634665 0.00724452 0.00587812 0.00404879 0.02570650 0.19895571 0.07238017 0.15053615 0.09207612 0.22016026 0.11180497 0.08446960 0.02673908
50.81016203 10.67459010 0.00845693 0.00571056 0.00453892 0.02805574 0.19684712 0.06895167 0.14502366 0.09981838 0.21910218 0.11188759 0.08731633 0.02429093
51.01020204 10.66781610 0.00878433 0.00566212 0.00611170 0.02799778 0.19116104 0.06231941 0.14747524 0.09901445 0.21890178 0.11543124 0.08879967 0.02834123
