0.00000000 1.00000000 0.00000000 0.00000000 0.00000000 0.00000000 0.00000000 0.00000000 0.00000000 1.00000000 0.00000000 0.00000000 0.00000000 0.00000000
0.10000500 1.00219945 0.02906752 0.00131796 0.01015317 0.10400075 0.11391724 0.13399507 0.01845983 0.40785163 0.03873378 0.09350830 0.01557119 0.03342355
0.20001000 1.00262044 0.00800937 0.00127667 0.00549086 0.04688498 0.15858134 0.21194271 0.05336200 0.21557152 0.04553556 0.17283423 0.03324443 0.04726632
0.30001500 1.00284775 0.00406885 0.00110494 0.00297978 0.02926828 0.16977674 0.21828734 0.06534581 0.15892600 0.05293441 0.20808018 0.04283811 0.04638957
0.40002000 1.00292923 0.00514022 0.00100048 0.00320210 0.02596297 0.16892289 0.19573929 0.07363336 0.15419062 0.06550501 0.21418446 0.04893826 0.04358033
0.50002500 1.00250345 0.00583397 0.00122931 0.00294017 0.02041847 0.17647077 0.16885198 0.08018794 0.15611325 0.07428971 0.21078838 0.06382227 0.03905379
0.60003000 1.00235530 0.00487960 0.00100975 0.00164212 0.01318041 0.20350776 0.14995438 0.08382907 0.14804128 0.07155628 0.21497372 0.07209714 0.03532849
0.70003500 1.00238384 0.00420816 0.00097095 0.00168478 0.01934065 0.21525817 0.14198844 0.09857351 0.12390850 0.08237258 0.20193540 0.07282479 0.03693407
0.80004000 1.00169963 0.00344875 0.00094559 0.00171602 0.01173054 0.22224050 0.13327555 0.10523486 0.10658318 0.08246127 0.20563713 0.08111778 0.04560883
0.90004500 1.00172708 0.00268383 0.00081866 0.00115792 0.00848139 0.22419624 0.13171440 0.11513159 0.09376240 0.08251444 0.20748967 0.08733907 0.04471039
1.00005000 1.00226775 0.00292159 0.00074329 0.00152406 0.01358585 0.22498934 0.14193745 0.11490792 0.08944950 0.08903336 0.19008599 0.08632609 0.04449556
1.10005500 1.00179504 0.00292831 0.00075207 0.00157979 0.01144006 0.24507408 0.14491712 0.11616306 0.08694752 0.08450866 0.17100655 0.09150213 0.04318065
1.20006000 1.00066118 0.00260564 0.00074374 0.00127055 0.01169569 0.25241909 0.14875139 0.12313637 0.08264573 0.08198551 0.16008292 0.09371528 0.04094808
1.30006500 1.00033892 0.00300329 0.00071908 0.00116546 0.01236713 0.26009931 0.15453624 0.13257440 0.08743153 0.08327000 0.13342407 0.09533722 0.03607228
1.40007000 1.00008724 0.00267262 0.00083655 0.00117425 0.00951171 0.26700219 0.15546123 0.13422943 0.08372312 0.08809031 0.11607946 0.09784152 0.04337761
1.50007500 0.99940191 0.00304106 0.00081782 0.00132833 0.01148203 0.27225583 0.15713744 0.13630359 0.08227467 0.08571524 0.10677004 0.10490751 0.03796643
1.60008000 0.99941702 0.00269906 0.00085866 0.00069320 0.00422466 0.28204626 0.16438159 0.14140180 0.08311085 0.09135481 0.09043522 0.10433846 0.03445543
1.70008500 0.99897288 0.00275498 0.00103621 0.00115528 0.00964662 0.29800398 0.15320397 0.14745650 0.06774114 0.10138424 0.08100832 0.10211907 0.03448968
1.80009000 0.99723624 0.00248522 0.00085491 0.00072556 0.00616946 0.30571322 0.14532587 0.16260129 0.06803790 0.09363569 0.07576141 0.10519490 0.03349457
1.90009500 0.99520498 0.00301976 0.00069253 0.00141858 0.01132500 0.30334104 0.14790190 0.15711502 0.06665737 0.09246678 0.07318043 0.11038464 0.03249695
2.00010001 0.99540251 0.00261741 0.00084616 0.00098218 0.01153747 0.30920001 0.13456625 0.16351634 0.06140483 0.09570524 0.07573039 0.11273225 0.03116147
2.10010501 0.99541068 0.00169574 0.00089700 0.00066231 0.00428793 0.31877060 0.12547027 0.16608520 0.04980636 0.09876336 0.07838006 0.12348384 0.03169734
2.20011001 0.99432010 0.00157221 0.00082988 0.00073097 0.00347544 0.32426662 0.11770332 0.17123127 0.04455844 0.09351501 0.08455924 0.12415722 0.03340037
2.30011501 0.99420292 0.00195394 0.00073095 0.00112746 0.00632290 0.32052009 0.10547940 0.17762973 0.04903878 0.09345900 0.08417569 0.12566023 0.03390183
2.40012001 0.99324207 0.00234441 0.00070664 0.00154883 0.00960418 0.32180562 0.10504297 0.18637681 0.04313198 0.08888946 0.08520986 0.12422146 0.03111778
2.50012501 0.99233710 0.00175018 0.00073887 0.00113369 0.00912425 0.31972840 0.10516054 0.19476022 0.03603755 0.08600149 0.08764077 0.12877101 0.02915303
2.60013001 0.99072751 0.00187777 0.00066433 0.00134580 0.01391200 0.32385243 0.10190042 0.19413378 0.03555428 0.08451800 0.08047677 0.13283146 0.02893295
2.70013501 0.99084242 0.00189677 0.00062500 0.00092576 0.00812008 0.32875808 0.10489955 0.19641683 0.04229259 0.08080218 0.07580379 0.13139791 0.02806145
2.80014001 0.98891745 0.00167658 0.00059229 0.00085410 0.00771180 0.33229403 0.10095058 0.20121554 0.04221874 0.07213245 0.07616743 0.13776569 0.02642075
2.90014501 0.98740370 0.00194360 0.00072217 0.00076537 0.00548800 0.33700746 0.09745928 0.20000201 0.04844271 0.07656956 0.06524339 0.13969880 0.02665764
3.00015001 0.98666211 0.00175248 0.00072345 0.00083417 0.00690821 0.35230833 0.09100632 0.20244989 0.04043696 0.08014395 0.05815210 0.14037438 0.02490975
3.10015501 0.98503417 0.00160876 0.00061538 0.00059818 0.00553409 0.35175915 0.09444296 0.20290838 0.03952163 0.07461585 0.06423206 0.14210125 0.02206232
3.20016001 0.98308421 0.00196587 0.00057134 0.00106833 0.00708014 0.36138057 0.08183312 0.20600041 0.04200777 0.07171493 0.05779823 0.14433275 0.02424653
3.30016501 0.98230173 0.00171404 0.00067094 0.00096804 0.01063968 0.35824749 0.07824140 0.21683851 0.03481616 0.07426437 0.05364000 0.14797870 0.02198068
3.40017001 0.98172733 0.00161307 0.00064665 0.00126484 0.00799904 0.36512572 0.07391741 0.21603554 0.03048000 0.07410270 0.05182176 0.15208938 0.02490387
3.50017501 0.98160035 0.00098672 0.00067322 0.00064873 0.00377901 0.36961710 0.07443525 0.22043014 0.02824805 0.06779678 0.05246009 0.15748275 0.02344215
3.60018001 0.98011655 0.00140644 0.00063142 0.00093548 0.00602448 0.37629749 0.07196273 0.22467399 0.02555560 0.06999513 0.04887696 0.15440197 0.01923831
3.70018501 0.97959127 0.00098490 0.00065657 0.00040709 0.00184382 0.38195949 0.07148162 0.22695247 0.02474027 0.06874399 0.04570653 0.15968747 0.01683578
3.80019001 0.97824088 0.00096930 0.00057118 0.00034852 0.00432098 0.38048955 0.07007265 0.23078201 0.02487297 0.06233918 0.04819451 0.15981808 0.01722108
3.90019501 0.97634658 0.00091408 0.00059042 0.00040048 0.00606681 0.38315182 0.06726054 0.23325515 0.02000365 0.06114452 0.04671644 0.16385809 0.01663800
4.00020001 0.97487354 0.00091562 0.00050200 0.00038537 0.00302846 0.38565146 0.07052486 0.23326478 0.02229816 0.05576638 0.04292942 0.16481538 0.01991811
4.10020501 0.97153968 0.00105136 0.00050768 0.00053506 0.00523954 0.38045961 0.07397239 0.23273133 0.02030918 0.05395579 0.04519233 0.16834559 0.01770013
4.20021001 0.97091291 0.00121914 0.00049139 0.00073968 0.00703740 0.38143011 0.06880179 0.23490268 0.02105543 0.05062972 0.04383098 0.17054609 0.01931558
4.30021501 0.97141297 0.00130302 0.00048805 0.00075125 0.00457967 0.38784529 0.06577985 0.23995354 0.02259800 0.04904997 0.03868084 0.17066314 0.01830737
4.40022001 0.96983747 0.00096415 0.00048703 0.00052829 0.00330420 0.39086647 0.06323172 0.24652065 0.02045679 0.04857816 0.03761207 0.16954769 0.01790278
4.50022501 0.96952042 0.00101702 0.00042125 0.00043842 0.00397208 0.39009471 0.06262779 0.24776695 0.02088411 0.04835626 0.03567899 0.17136083 0.01738158
4.60023001 0.96838312 0.00065967 0.00049609 0.00026578 0.00150297 0.39892078 0.06011972 0.24744478 0.01910886 0.04736606 0.03437178 0.17377229 0.01597122
4.70023501 0.96607739 0.00077122 0.00050087 0.00041570 0.00573454 0.39579841 0.05909202 0.24693370 0.01549529 0.05083879 0.03375930 0.17592823 0.01473192
4.80024001 0.96624260 0.00075185 0.00046177 0.00039553 0.00463144 0.40116928 0.05704825 0.24544922 0.01508530 0.05019529 0.03390957 0.17672443 0.01417806
4.90024501 0.96418133 0.00081378 0.00039823 0.00085027 0.00518722 0.40228517 0.05581504 0.24502341 0.01444035 0.04434737 0.03262371 0.17794582 0.02026963
5.00025001 0.96390036 0.00087632 0.00038118 0.00037968 0.00215693 0.40184318 0.05622173 0.24857495 0.01844454 0.04264907 0.03535430 0.17855162 0.01456650
5.10025501 0.96123943 0.00105027 0.00041732 0.00058940 0.00449700 0.40072082 0.05368587 0.25335519 0.01987364 0.04273114 0.03084077 0.17677552 0.01546305
5.20026001 0.96094082 0.00127806 0.00034787 0.00069853 0.00374912 0.39934717 0.05589913 0.25300891 0.02182659 0.03911084 0.03060262 0.17818520 0.01594596
5.30026501 0.96073984 0.00096490 0.00037497 0.00039942 0.00310513 0.40795012 0.05426567 0.25456210 0.02195840 0.03394296 0.02750867 0.18116985 0.01379782
5.40027001 0.96034816 0.00101990 0.00038290 0.00061271 0.00519244 0.41432111 0.05294289 0.25525306 0.01681481 0.03194701 0.02758872 0.18209593 0.01182852
5.50027501 0.95835244 0.00075646 0.00042410 0.00041299 0.00285591 0.41517114 0.04755574 0.25720393 0.01684219 0.03251278 0.02591545 0.18668805 0.01366126
5.60028001 0.95526519 0.00062342 0.00047133 0.00015282 0.00048433 0.41374886 0.04327738 0.26103391 0.01848022 0.03680216 0.02507193 0.18794375 0.01190989
5.70028501 0.95457891 0.00063995 0.00042596 0.00021263 0.00162749 0.41636627 0.04039846 0.26068901 0.01739933 0.03623748 0.02510555 0.19028127 0.01061658
5.80029001 0.95345592 0.00049972 0.00039396 0.00022033 0.00140010 0.41964256 0.04251394 0.25750274 0.01499978 0.03866001 0.02446955 0.18980073 0.00989658
5.90029501 0.95301823 0.00045122 0.00038504 0.00020600 0.00396966 0.42384678 0.03954329 0.25764268 0.01051294 0.03808606 0.02507077 0.19003944 0.01024612
6.00030002 0.95222626 0.00064416 0.00043723 0.00044482 0.00394005 0.42208070 0.03507536 0.26006809 0.00990961 0.03632149 0.02394949 0.19709250 0.01003651
6.10030502 0.95021543 0.00067347 0.00045550 0.00018348 0.00070176 0.42287471 0.03517450 0.26042149 0.01472921 0.03842352 0.02025243 0.19582477 0.01028515
6.20031002 0.94656475 0.00032715 0.00046333 0.00014326 0.00025311 0.42245538 0.03500025 0.26705268 0.00920919 0.03727928 0.02285740 0.19474933 0.01020965
6.30031502 0.94184126 0.00034605 0.00045164 0.00020019 0.00218563 0.42416330 0.03395146 0.26752614 0.00845842 0.03758181 0.02392090 0.19027711 0.01093735
6.40032002 0.93941788 0.00074079 0.00038358 0.00066768 0.00399718 0.42372088 0.02759264 0.27236080 0.01080948 0.03060358 0.02696203 0.19093116 0.01123020
6.50032502 0.93692961 0.00059752 0.00046292 0.00056103 0.00505250 0.42906746 0.02633832 0.27697273 0.00907896 0.02748962 0.01978314 0.19400728 0.01058853
6.60033002 0.93673534 0.00036271 0.00041379 0.00015571 0.00037629 0.43079997 0.02866950 0.28030606 0.00873232 0.02634696 0.02168310 0.19413323 0.00802038
6.70033502 0.93528486 0.00030000 0.00036011 0.00010607 0.00216978 0.43708822 0.03248761 0.27759963 0.00843943 0.02473696 0.01708718 0.19221508 0.00740994
6.80034002 0.93362364 0.00065522 0.00034878 0.00041765 0.00483654 0.43736962 0.02943349 0.27707188 0.00879982 0.02298362 0.01672892 0.19422611 0.00712837
6.90034502 0.93257318 0.00031329 0.00034172 0.00007967 0.00024588 0.43551832 0.03299061 0.27685871 0.00884280 0.02423790 0.01791299 0.19504335 0.00761477
7.00035002 0.93278547 0.00048557 0.00026817 0.00014901 0.00152379 0.43703995 0.03124153 0.27905843 0.01115412 0.01863452 0.01780317 0.19499893 0.00764281
7.10035502 0.93065111 0.00104916 0.00031806 0.00089097 0.00794406 0.43922643 0.02417431 0.28025832 0.00979343 0.01628224 0.01499760 0.19791494 0.00715048
7.20036002 0.92899578 0.00085128 0.00035130 0.00053127 0.00455774 0.43780031 0.02321827 0.28160891 0.01172831 0.02035194 0.01464898 0.19788753 0.00646414
7.30036502 0.92715126 0.00054325 0.00034219 0.00035731 0.00295611 0.43671400 0.02508292 0.28215586 0.00918604 0.02386823 0.01401072 0.19891972 0.00586364
7.40037002 0.92375873 0.00048209 0.00031917 0.00033403 0.00264695 0.43521644 0.02350357 0.28237101 0.00823382 0.02665798 0.01682065 0.19743539 0.00597889
7.50037502 0.92341105 0.00049938 0.00035136 0.00034711 0.00213011 0.43560159 0.02247443 0.28129742 0.00896583 0.02893040 0.01747106 0.19581922 0.00611209
7.60038002 0.92393065 0.00035106 0.00026959 0.00025846 0.00252007 0.43518656 0.02291855 0.28206610 0.00856745 0.02790174 0.01666273 0.19457602 0.00872168
7.70038502 0.92291585 0.00032027 0.00026354 0.00019472 0.00200899 0.43797541 0.02303291 0.28282662 0.00834262 0.02779503 0.01792146 0.19313940 0.00617903
7.80039002 0.92304052 0.00036465 0.00028772 0.00021407 0.00140857 0.44279784 0.02256722 0.28276250 0.00765762 0.02763040 0.01659292 0.19252154 0.00519495
7.90039502 0.92057499 0.00031461 0.00029714 0.00007612 0.00024543 0.44612559 0.02335091 0.28079681 0.00840849 0.02599352 0.01430891 0.19278694 0.00729553
8.00040002 0.92011686 0.00051834 0.00029028 0.00032648 0.00336966 0.44687983 0.02219193 0.28052092 0.00816938 0.02445352 0.01577019 0.19185544 0.00565402
8.10040502 0.91901028 0.00022824 0.00030234 0.00011764 0.00020994 0.44830308 0.02121694 0.28234245 0.00945291 0.02314162 0.01511292 0.18991051 0.00966139
8.20041002 0.91757051 0.00051492 0.00025771 0.00034666 0.00268430 0.44987080 0.02127667 0.28247153 0.00923605 0.02246299 0.01476782 0.18893697 0.00717359
8.30041502 0.91194855 0.00025945 0.00033324 0.00028613 0.00220183 0.44915637 0.02147764 0.28585447 0.00640148 0.02380419 0.01195609 0.18885173 0.00941738
8.40042002 0.91064137 0.00036522 0.00034672 0.00031124 0.00464055 0.44764102 0.02189094 0.28348684 0.00676633 0.02235129 0.01293620 0.19217412 0.00708953
8.50042502 0.90787755 0.00075053 0.00032322 0.00070339 0.00767758 0.45418363 0.02048832 0.27875581 0.00624076 0.02268032 0.01134389 0.19005702 0.00679553
8.60043002 0.90539018 0.00064119 0.00034712 0.00061000 0.00414492 0.45216385 0.02175387 0.28482049 0.00649286 0.02155505 0.01200160 0.18911350 0.00635558
8.70043502 0.90294831 0.00029449 0.00034228 0.00010105 0.00024900 0.45374785 0.02125514 0.28674474 0.00846917 0.02393249 0.01175400 0.18723264 0.00587714
8.80044002 0.90235569 0.00062628 0.00029839 0.00051186 0.00407335 0.45456123 0.02069261 0.28494198 0.00745780 0.02120449 0.01578075 0.18499392 0.00485735
8.90044502 0.90000678 0.00060998 0.00031816 0.00051521 0.00402856 0.45713554 0.02233254 0.28209883 0.00709432 0.02433909 0.01249907 0.18410837 0.00492032
9.00045002 0.89787917 0.00092148 0.00031401 0.00084441 0.00622119 0.45570067 0.01960552 0.27942423 0.00621769 0.02729497 0.01269936 0.18326612 0.00749035
9.10045502 0.89704797 0.00050228 0.00029225 0.00023681 0.00178389 0.45785019 0.01996837 0.28221106 0.00830162 0.02474195 0.01344899 0.18490454 0.00575804
9.20046002 0.89567849 0.00041707 0.00029215 0.00015404 0.00152973 0.45887209 0.02070876 0.28230976 0.00766902 0.02627679 0.01194349 0.18424922 0.00557789
9.30046502 0.89533449 0.00049532 0.00029469 0.00047357 0.00275630 0.45976823 0.01772903 0.28388657 0.00479436 0.02651848 0.01275247 0.18353203 0.00699894
9.40047002 0.89228374 0.00041089 0.00037453 0.00033787 0.00250366 0.45819451 0.01847291 0.28343714 0.00518892 0.02649684 0.01387604 0.18549698 0.00520971
9.50047502 0.89101326 0.00023498 0.00034872 0.00021842 0.00133678 0.46040960 0.02131054 0.28313075 0.00482411 0.02483389 0.01141330 0.18527704 0.00666186
9.60048002 0.89049067 0.00033924 0.00032900 0.00017041 0.00303934 0.46144783 0.02131725 0.28171524 0.00516186 0.02349745 0.01116619 0.18501047 0.00680572
9.70048502 0.88850395 0.00018477 0.00031891 0.00008344 0.00013440 0.46673769 0.02093072 0.28388318 0.00529543 0.02431729 0.01037195 0.18274294 0.00499929
9.80049002 0.88843297 0.00021640 0.00033589 0.00010138 0.00202852 0.46580012 0.01869459 0.28358009 0.00524879 0.02561538 0.00947929 0.18466853 0.00423104
9.90049502 0.88678002 0.00028018 0.00029272 0.00005894 0.00224403 0.46420400 0.01742185 0.28773415 0.00713041 0.02495974 0.01053300 0.18080939 0.00433159
10.00050003 0.88445495 0.00042270 0.00026628 0.00032472 0.00161969 0.46305663 0.01627717 0.29003250 0.00664930 0.02293911 0.01303353 0.17970548 0.00567287
10.10050503 0.88395897 0.00035463 0.00026065 0.00022780 0.00143455 0.46509455 0.01648912 0.28903342 0.00819445 0.02282884 0.01176873 0.17878255 0.00553072
10.20051003 0.88422985 0.00077801 0.00025808 0.00067608 0.00441733 0.47110181 0.01647669 0.28864349 0.00642868 0.01977065 0.00903149 0.17822597 0.00419172
10.30051503 0.88341122 0.00026435 0.00026166 0.00021254 0.00037620 0.46893627 0.02016655 0.28701433 0.00660658 0.02164925 0.01134600 0.17813850 0.00502778
10.40052003 0.88316007 0.00034120 0.00029209 0.00021096 0.00175182 0.46736220 0.01988023 0.28505034 0.00528783 0.02127751 0.01061594 0.18401786 0.00391201
10.50052503 0.88183877 0.00025527 0.00030722 0.00004632 0.00023624 0.47125619 0.01510541 0.28589853 0.00616569 0.02149240 0.01214934 0.18304566 0.00404174
10.60053003 0.88022879 0.00025188 0.00027102 0.00014320 0.00122466 0.47201025 0.01353022 0.28446052 0.00607229 0.02175073 0.01446269 0.18150748 0.00431506
10.70053503 0.87971143 0.00035315 0.00032383 0.00017959 0.00143918 0.47292243 0.00994651 0.28415439 0.00704186 0.02209140 0.01546791 0.18250795 0.00357180
10.80054003 0.87971573 0.00012957 0.00028033 0.00012108 0.00008486 0.47536473 0.01005566 0.28457911 0.00509458 0.02356485 0.01363977 0.18221099 0.00487449
10.90054503 0.87832262 0.00051189 0.00030436 0.00033299 0.00281344 0.47681500 0.01012923 0.28451683 0.00707419 0.01995173 0.01194274 0.18241208 0.00319552
11.00055003 0.87775843 0.00061486 0.00025047 0.00047442 0.00412215 0.48070642 0.01020653 0.28327591 0.00716150 0.01806419 0.01018827 0.18170303 0.00323227
11.10055503 0.87631288 0.00036873 0.00026008 0.00016961 0.00199411 0.48076361 0.01149023 0.28367159 0.00728975 0.01973355 0.01207233 0.17957118 0.00261523
11.20056003 0.87305476 0.00044739 0.00022984 0.00035130 0.00360281 0.48046920 0.01621375 0.27785511 0.00798828 0.01924055 0.01181740 0.17820531 0.00357907
11.30056503 0.87004890 0.00026406 0.00036620 0.00021789 0.00129709 0.47873119 0.01871598 0.27504573 0.00696887 0.02296609 0.00952539 0.18089078 0.00501072
11.40057003 0.86681920 0.00057628 0.00028183 0.00048796 0.00388412 0.47771431 0.01649551 0.27701405 0.00891085 0.01938963 0.01062239 0.17960018 0.00502289
11.50057503 0.86656740 0.00031589 0.00029170 0.00009000 0.00018338 0.48156190 0.01598868 0.27740541 0.00962214 0.01772559 0.01337710 0.17901541 0.00442282
11.60058003 0.86522813 0.00087008 0.00025071 0.00062694 0.00457122 0.48207805 0.01463654 0.27904288 0.00831233 0.01612918 0.01125793 0.17849917 0.00372495
11.70058503 0.86454022 0.00040134 0.00032118 0.00047775 0.00279103 0.48202532 0.01293400 0.27939485 0.00483268 0.02172391 0.01008057 0.17853474 0.00648262
11.80059003 0.86365518 0.00029603 0.00025064 0.00029138 0.00141610 0.48244015 0.01278951 0.27896492 0.00479636 0.02069615 0.01287091 0.17964815 0.00553970
11.90059503 0.86248270 0.00045446 0.00027505 0.00029237 0.00167405 0.48034406 0.01251572 0.27697471 0.00659440 0.02025942 0.01268513 0.18214677 0.00578387
12.00060003 0.86076218 0.00025644 0.00030421 0.00020278 0.00028879 0.48224211 0.01097570 0.27522023 0.00719680 0.02184020 0.01061275 0.18439325 0.00646675
12.10060503 0.86054104 0.00029259 0.00022567 0.00024758 0.00138109 0.48172405 0.01408492 0.27693980 0.00599220 0.02129756 0.01125235 0.18181292 0.00474927
12.20061003 0.86035055 0.00022168 0.00022417 0.00007985 0.00023772 0.48131721 0.01510151 0.27662983 0.00711007 0.02138540 0.01134884 0.18244339 0.00390033
12.30061503 0.85884865 0.00039225 0.00025381 0.00024781 0.00152019 0.47956150 0.01519424 0.27639185 0.00726878 0.02161552 0.00984962 0.18417733 0.00352710
12.40062003 0.85858338 0.00041429 0.00029855 0.00030598 0.00184286 0.48100458 0.01379040 0.27677387 0.00548450 0.02333844 0.00703485 0.18458456 0.00512712
12.50062503 0.85630348 0.00060001 0.00025259 0.00039459 0.00483313 0.47823475 0.01486168 0.27641436 0.00696261 0.02302959 0.00691169 0.18406872 0.00343630
12.60063003 0.85368260 0.00035677 0.00026846 0.00026781 0.00259927 0.47722372 0.01485386 0.27686862 0.00618572 0.02467490 0.00854364 0.18296430 0.00519294
12.70063503 0.85197131 0.00032259 0.00026577 0.00020104 0.00376373 0.47499855 0.01910502 0.27685941 0.00559325 0.02388642 0.00803281 0.18398984 0.00298156
12.80064003 0.84952084 0.00029526 0.00028009 0.00008719 0.00198802 0.47689061 0.01732108 0.27740879 0.00721926 0.02414037 0.00787665 0.18328013 0.00321254
12.90064503 0.84771417 0.00045554 0.00028137 0.00032304 0.00263339 0.47490812 0.01621955 0.27936417 0.00613534 0.02455496 0.00838518 0.18289139 0.00384796
13.00065003 0.84383352 0.00030292 0.00027413 0.00018633 0.00130596 0.47579554 0.01881645 0.27882933 0.00493647 0.02305625 0.01026504 0.18204475 0.00418682
13.10065503 0.84297379 0.00030290 0.00038506 0.00003543 0.00023360 0.47598752 0.01439535 0.27843262 0.00662711 0.02677357 0.00698799 0.18642123 0.00341764
13.20066003 0.84066691 0.00018473 0.00034028 0.00008696 0.00204221 0.47384295 0.01538309 0.27678319 0.00322381 0.02811198 0.00929185 0.18692160 0.00378735
13.30066503 0.83769645 0.00030567 0.00028650 0.00031783 0.00144203 0.47567881 0.01228886 0.28225935 0.00281749 0.02549127 0.00956371 0.18428407 0.00526440
13.40067003 0.83621647 0.00015367 0.00028123 0.00009340 0.00006978 0.47732298 0.01506123 0.28208735 0.00439133 0.02224442 0.00922405 0.18406401 0.00500655
13.50067503 0.83598985 0.00027425 0.00027705 0.00007941 0.00027113 0.47412579 0.01393715 0.28360484 0.00563452 0.02269696 0.00955447 0.18529536 0.00424906
13.60068003 0.83464703 0.00022592 0.00028526 0.00005816 0.00022562 0.47559513 0.01434042 0.28297870 0.00557376 0.02116991 0.00964661 0.18597099 0.00392952
13.70068503 0.83423544 0.00017342 0.00023496 0.00011650 0.00125408 0.47623671 0.01340805 0.28454411 0.00391717 0.01767489 0.01122252 0.18730933 0.00390825
13.80069003 0.83370192 0.00012533 0.00022698 0.00003415 0.00008514 0.47493905 0.01461369 0.28630703 0.00389363 0.01753907 0.00962929 0.18898787 0.00361879
13.90069503 0.83342535 0.00014165 0.00021765 0.00002735 0.00009579 0.47382066 0.01456198 0.28612309 0.00445344 0.01748577 0.00897613 0.19035283 0.00374367
14.00070004 0.83304757 0.00025906 0.00020256 0.00015061 0.00384533 0.47283565 0.01460588 0.28553907 0.00408700 0.01614333 0.00762185 0.19127939 0.00343026
14.10070504 0.83301566 0.00031911 0.00025044 0.00029185 0.00343616 0.47237602 0.01090073 0.28543145 0.00411916 0.01788320 0.00647103 0.19405889 0.00446196
14.20071004 0.83231960 0.00025147 0.00021908 0.00021181 0.00279917 0.47215090 0.01270658 0.28386068 0.00498059 0.01761866 0.00669219 0.19415069 0.00435819
14.30071504 0.83046419 0.00012286 0.00026133 0.00011969 0.00016254 0.47075273 0.01314574 0.28780983 0.00373184 0.01947317 0.00572583 0.19370294 0.00499150
14.40072004 0.82950052 0.00010850 0.00026562 0.00001810 0.00007457 0.47247683 0.01206304 0.28994503 0.00345689 0.01611591 0.00537302 0.19719661 0.00290588
14.50072504 0.82895483 0.00011842 0.00028084 0.00002237 0.00207070 0.47601110 0.01171869 0.28784753 0.00346634 0.01470852 0.00561789 0.19515202 0.00298557
14.60073004 0.82766447 0.00018056 0.00024140 0.00010861 0.00120416 0.47599930 0.01140455 0.28758989 0.00372485 0.01502949 0.00611552 0.19513991 0.00326176
14.70073504 0.82677647 0.00021933 0.00021536 0.00025119 0.00130899 0.47288256 0.01100455 0.28669284 0.00335182 0.01299574 0.01122740 0.19521350 0.00463671
14.80074004 0.82489210 0.00011201 0.00027928 0.00002681 0.00006873 0.47146359 0.01061685 0.28843339 0.00347896 0.01476293 0.01054359 0.19706082 0.00315304
14.90074504 0.82484580 0.00009343 0.00022982 0.00002416 0.00005561 0.47325276 0.01036763 0.28839476 0.00290335 0.01462736 0.00955880 0.19749530 0.00299703
15.00075004 0.82175599 0.00009910 0.00025438 0.00002938 0.00005846 0.46975553 0.01032059 0.29204909 0.00319221 0.01321901 0.00928017 0.19872200 0.00302008
15.10075504 0.82213525 0.00009215 0.00025728 0.00002559 0.00005473 0.47474278 0.01005877 0.29395292 0.00282637 0.01028679 0.00656759 0.19876023 0.00237481
15.20076004 0.82128533 0.00030586 0.00022708 0.00029768 0.00153100 0.47368467 0.00921056 0.29202907 0.00282051 0.01076628 0.00547328 0.19929290 0.00436111
15.30076504 0.82117044 0.00009668 0.00021089 0.00007073 0.00006932 0.47287588 0.00953465 0.29390588 0.00295298 0.01084674 0.00533312 0.20016061 0.00394251
15.40077004 0.82090319 0.00012902 0.00019328 0.00001600 0.00006351 0.47234018 0.00835753 0.29586253 0.00472200 0.01054655 0.00460684 0.20105746 0.00210510
15.50077504 0.82071247 0.00015206 0.00017711 0.00001757 0.00011909 0.47199985 0.00887014 0.29569172 0.00429342 0.01021177 0.00448436 0.20191955 0.00206337
15.60078004 0.82046920 0.00010138 0.00017575 0.00001511 0.00007566 0.47168828 0.00943113 0.29731232 0.00392504 0.00845802 0.00442339 0.20236564 0.00202828
15.70078504 0.81721589 0.00017167 0.00018965 0.00003000 0.00021408 0.47192852 0.00879158 0.29543765 0.00480792 0.00838723 0.00602659 0.20205694 0.00195816
15.80079004 0.81485557 0.00043026 0.00018814 0.00024073 0.00163430 0.46965743 0.00942824 0.29615819 0.00552429 0.00840104 0.00480512 0.20159520 0.00193705
15.90079504 0.81444069 0.00012968 0.00017908 0.00001829 0.00006705 0.46949197 0.01139191 0.29568076 0.00476880 0.00834144 0.00541282 0.20230675 0.00221147
16.00080004 0.81286673 0.00010657 0.00023850 0.00001492 0.00006115 0.47127037 0.00945558 0.29234306 0.00420306 0.01024268 0.00599211 0.20390540 0.00216659
16.10080504 0.80924334 0.00048006 0.00025484 0.00044724 0.00412152 0.47034588 0.00714871 0.29529636 0.00380897 0.00858783 0.00589433 0.20151509 0.00209917
16.20081004 0.80427317 0.00083582 0.00024122 0.00083702 0.00875086 0.46490343 0.00925095 0.29664814 0.00316399 0.00875195 0.00513447 0.19945525 0.00202689
16.30081504 0.80432276 0.00044717 0.00019680 0.00024735 0.00174827 0.46549962 0.01434671 0.29605122 0.00583651 0.00844013 0.00534051 0.19981223 0.00203349
16.40082004 0.80199510 0.00017837 0.00020659 0.00003279 0.00010715 0.46319685 0.01276383 0.29481544 0.00511745 0.00808358 0.00926076 0.20369754 0.00253963
16.50082504 0.80007314 0.00015191 0.00024432 0.00001622 0.00008912 0.46199374 0.01213297 0.29447665 0.00495803 0.00835256 0.00936347 0.20493273 0.00328828
16.60083004 0.79739564 0.00027116 0.00025535 0.00017497 0.00131915 0.45846110 0.01049643 0.29429902 0.00525731 0.00910193 0.01308667 0.20388260 0.00339430
16.70083504 0.79401320 0.00026379 0.00023270 0.00013847 0.00290976 0.45762322 0.01341238 0.29626736 0.00484643 0.00922559 0.01147971 0.20065113 0.00294946
16.80084004 0.79263583 0.00021576 0.00027831 0.00005317 0.00017336 0.45953940 0.01282759 0.30137521 0.00545004 0.00609323 0.01059386 0.20071385 0.00268623
16.90084504 0.79240517 0.00015315 0.00023376 0.00004133 0.00008430 0.45987605 0.01167707 0.30139155 0.00485119 0.00811164 0.01063637 0.20038699 0.00255659
17.00085004 0.79217186 0.00013895 0.00019690 0.00002477 0.00007412 0.46059652 0.01322739 0.30112337 0.00476570 0.00775350 0.00887172 0.20032972 0.00289734
17.10085504 0.79195102 0.00014803 0.00018234 0.00001914 0.00008202 0.46291698 0.01285828 0.29912511 0.00513013 0.00744568 0.00854125 0.20032988 0.00322115
17.20086004 0.79157732 0.00014692 0.00018072 0.00001943 0.00008771 0.46498098 0.01148216 0.29877970 0.00511949 0.00738314 0.00818765 0.20067546 0.00295664
17.30086504 0.78959544 0.00015382 0.00026246 0.00001984 0.00009436 0.46279519 0.01149214 0.29626247 0.00527232 0.00912325 0.00799445 0.20355663 0.00297307
17.40087004 0.78715662 0.00013180 0.00028620 0.00001984 0.00008543 0.46357594 0.01066871 0.29495466 0.00453931 0.01139801 0.00764469 0.20378520 0.00291022
17.50087504 0.78337462 0.00019440 0.00024621 0.00005469 0.00218798 0.46287516 0.00957126 0.29568259 0.00515529 0.01256873 0.00859965 0.20062731 0.00223672
17.60088004 0.78162542 0.00040349 0.00022548 0.00024655 0.00165850 0.46705736 0.01075080 0.29555468 0.00456600 0.01191020 0.00607191 0.19925228 0.00230276
17.70088504 0.78088058 0.00014377 0.00021983 0.00010468 0.00118510 0.46906128 0.01136188 0.29666159 0.00277395 0.01180981 0.00576440 0.19824749 0.00266623
17.80089004 0.78063121 0.00020642 0.00020311 0.00005803 0.00303982 0.46743173 0.01210764 0.29651344 0.00273774 0.01190892 0.00487645 0.19794281 0.00297390
17.90089504 0.77884542 0.00010583 0.00022140 0.00002268 0.00006440 0.46621503 0.01370802 0.29992349 0.00295257 0.01213139 0.00457864 0.19750869 0.00256786
18.00090005 0.77628861 0.00009122 0.00024097 0.00001909 0.00005525 0.46770163 0.01120559 0.30063131 0.00213241 0.01411953 0.00398318 0.19730656 0.00251328
18.10090505 0.77594021 0.00009986 0.00020772 0.00001474 0.00006400 0.46794927 0.01078425 0.30019576 0.00235813 0.01373183 0.00392580 0.19791542 0.00275321
18.20091005 0.77544601 0.00024411 0.00020241 0.00018644 0.00136204 0.47120475 0.00817015 0.29949507 0.00215157 0.01336739 0.00359547 0.19773038 0.00229021
18.30091505 0.77512385 0.00007482 0.00018775 0.00009412 0.00006512 0.47136203 0.00829309 0.29966181 0.00206489 0.01320464 0.00336008 0.19758376 0.00404788
18.40092005 0.77489646 0.00013095 0.00018090 0.00007222 0.00011812 0.47167243 0.00735562 0.29977536 0.00366977 0.01311456 0.00340308 0.19725674 0.00325024
18.50092505 0.77451551 0.00006294 0.00020207 0.00006612 0.00005735 0.47209157 0.00852217 0.30199391 0.00162529 0.01304251 0.00354529 0.19666995 0.00212084
18.60093005 0.77165710 0.00008386 0.00019292 0.00005505 0.00005933 0.46985657 0.01069576 0.30123939 0.00380616 0.01303122 0.00353830 0.19567989 0.00176155
18.70093505 0.77093999 0.00019971 0.00023897 0.00010532 0.00131318 0.47225137 0.00810485 0.29740215 0.00323810 0.01494369 0.00338098 0.19716382 0.00165785
18.80094005 0.76813695 0.00031677 0.00028869 0.00040177 0.00435306 0.47302270 0.00520066 0.29392680 0.00290392 0.01680742 0.00358804 0.19595439 0.00323579
18.90094505 0.76904736 0.00030421 0.00028872 0.00023077 0.00245656 0.47052707 0.00443156 0.29661260 0.00581306 0.01440297 0.00432517 0.19816865 0.00243866
19.00095005 0.76795808 0.00042459 0.00025410 0.00031846 0.00331305 0.47186364 0.00437662 0.29940062 0.00402241 0.01484311 0.00436382 0.19563854 0.00118105
19.10095505 0.76640893 0.00024478 0.00027056 0.00018643 0.00131843 0.47490987 0.00530021 0.29972796 0.00421881 0.01687963 0.00383379 0.19221198 0.00089757
19.20096005 0.76611879 0.00009729 0.00022373 0.00011134 0.00068916 0.47573436 0.00565625 0.29975996 0.00339022 0.01678155 0.00456180 0.19150040 0.00149394
19.30096505 0.76684056 0.00008269 0.00025537 0.00003656 0.00015256 0.47842124 0.00762741 0.29777729 0.00240602 0.01685892 0.00397934 0.19068718 0.00171540
19.40097005 0.76436025 0.00016305 0.00023667 0.00002583 0.00015997 0.47929797 0.00741987 0.29582919 0.00446160 0.01494812 0.00429199 0.19168806 0.00147769
19.50097505 0.76306169 0.00053092 0.00021996 0.00045681 0.00304635 0.48667092 0.00783132 0.28990768 0.00283439 0.01169531 0.00571134 0.18950613 0.00158887
19.60098005 0.76134724 0.00035206 0.00022578 0.00022151 0.00249684 0.49011033 0.00626587 0.28749097 0.00493807 0.01190971 0.00584761 0.18826321 0.00187804
19.70098505 0.75712685 0.00069231 0.00024155 0.00070050 0.00648202 0.48420747 0.00607544 0.28903896 0.00350809 0.01379587 0.00623653 0.18671615 0.00230511
19.80099005 0.75678610 0.00025451 0.00021313 0.00015949 0.00107147 0.48343549 0.00702322 0.29260966 0.00415395 0.01323622 0.00774833 0.18650550 0.00358903
19.90099505 0.75317749 0.00011021 0.00025174 0.00008148 0.00007692 0.48154811 0.00950975 0.29205792 0.00394491 0.01495171 0.00774563 0.18719052 0.00253110
20.00100005 0.75284477 0.00011227 0.00021686 0.00001903 0.00005937 0.48196632 0.01073049 0.29152870 0.00403180 0.01493873 0.00692711 0.18734939 0.00211992
20.10100505 0.75247296 0.00013061 0.00020798 0.00001356 0.00006541 0.48236668 0.01021403 0.29091104 0.00447215 0.01499539 0.00670204 0.18751891 0.00240219
20.20101005 0.75144570 0.00029334 0.00023580 0.00026477 0.00243698 0.48463843 0.00987162 0.28888945 0.00296073 0.01684356 0.00420658 0.18739275 0.00196599
20.30101505 0.75130319 0.00015520 0.00028914 0.00009841 0.00127248 0.48330550 0.00835034 0.29072914 0.00282716 0.01679005 0.00551296 0.18888617 0.00178344
20.40102005 0.74833102 0.00010858 0.00026225 0.00003285 0.00009103 0.48188717 0.00851403 0.29017384 0.00291017 0.01428897 0.00857934 0.19138776 0.00176400
20.50102505 0.74471771 0.00021191 0.00026858 0.00002442 0.00020941 0.48172514 0.00831940 0.28895006 0.00521683 0.01481326 0.00777538 0.19024297 0.00224264
20.60103005 0.74354367 0.00032830 0.00022056 0.00025610 0.00169094 0.48120587 0.00921223 0.28781686 0.00500413 0.01531012 0.00938508 0.18544659 0.00412322
20.70103505 0.74191654 0.00031902 0.00022011 0.00020524 0.00165771 0.48244101 0.00916549 0.29006301 0.00522590 0.01540979 0.00908998 0.18386608 0.00233667
20.80104005 0.74060637 0.00024762 0.00026927 0.00010510 0.00130351 0.48287343 0.00845509 0.28693353 0.00689174 0.01908673 0.00850098 0.18283704 0.00249596
20.90104505 0.74047404 0.00026319 0.00025266 0.00013664 0.00181566 0.48326603 0.00654658 0.28906075 0.00579448 0.02015465 0.00777566 0.18326591 0.00166780
21.00105005 0.73891670 0.00010626 0.00023242 0.00012539 0.00014093 0.48521771 0.00809501 0.28966327 0.00404817 0.01790183 0.00625035 0.18498476 0.00323389
21.10105505 0.73861455 0.00009249 0.00022769 0.00002355 0.00004426 0.48508088 0.00941099 0.29168422 0.00347643 0.01944028 0.00539108 0.18356694 0.00156120
21.20106005 0.73553834 0.00025850 0.00020586 0.00017450 0.00184182 0.48172028 0.00876761 0.29512925 0.00376658 0.01465670 0.00932374 0.18228791 0.00186724
21.30106505 0.73326255 0.00012615 0.00025298 0.00010889 0.00012499 0.48390904 0.01235634 0.29185053 0.00339675 0.01679044 0.00630721 0.18119701 0.00357967
21.40107005 0.73272189 0.00013561 0.00022001 0.00006518 0.00005850 0.48568567 0.00934715 0.29104048 0.00548698 0.01651979 0.00600440 0.18253404 0.00290218
21.50107505 0.73109936 0.00011548 0.00025401 0.00001114 0.00005301 0.48562398 0.00838488 0.29012021 0.00390307 0.01838417 0.00556206 0.18561763 0.00197036
21.60108005 0.73075288 0.00011707 0.00025408 0.00001142 0.00006178 0.48494829 0.00800035 0.28957305 0.00395971 0.01952586 0.00570298 0.18569873 0.00214669
21.70108505 0.73059300 0.00012212 0.00025562 0.00002575 0.00009844 0.48256446 0.00779990 0.28916823 0.00383175 0.01751730 0.00782210 0.18849438 0.00229994
21.80109005 0.72839523 0.00010727 0.00022979 0.00003788 0.00009598 0.47788783 0.00807155 0.29067197 0.00301858 0.01916629 0.01057507 0.18804411 0.00209366
21.90109505 0.72818003 0.00007658 0.00022534 0.00002187 0.00004570 0.47986117 0.00716061 0.29348628 0.00231610 0.01861141 0.00815456 0.18781580 0.00222459
22.00110006 0.72765093 0.00019834 0.00022418 0.00014025 0.00178234 0.47990886 0.00600130 0.29393316 0.00259826 0.01882016 0.00726257 0.18711364 0.00201692
22.10110506 0.72736162 0.00009374 0.00020768 0.00009968 0.00012905 0.48006215 0.00786912 0.29368451 0.00249531 0.01746554 0.00760315 0.18658011 0.00370995
22.20111006 0.72693880 0.00009502 0.00020572 0.00007187 0.00006722 0.48025439 0.00871186 0.29347566 0.00276473 0.01756724 0.00713068 0.18649700 0.00315862
22.30111506 0.72669175 0.00011704 0.00020831 0.00006381 0.00010710 0.48014877 0.00911854 0.29333302 0.00331161 0.01450948 0.00861577 0.18780042 0.00266612
22.40112006 0.72587500 0.00010970 0.00020642 0.00005146 0.00010783 0.48212253 0.01029810 0.29186544 0.00331743 0.01464876 0.00809149 0.18715685 0.00202398
22.50112506 0.72561414 0.00009889 0.00020755 0.00002353 0.00006363 0.48396992 0.00974060 0.29251978 0.00318854 0.01463619 0.00664186 0.18666657 0.00224296
22.60113006 0.72386088 0.00010566 0.00022629 0.00011379 0.00014935 0.48439119 0.00872174 0.29256696 0.00352523 0.01301202 0.00556757 0.18780354 0.00381665
22.70113506 0.72250612 0.00028925 0.00020519 0.00019776 0.00168471 0.48457458 0.01069117 0.29254691 0.00374122 0.01160263 0.00517755 0.18707070 0.00221834
22.80114006 0.72213473 0.00028628 0.00019449 0.00021443 0.00335734 0.48623033 0.00877795 0.29256869 0.00260999 0.01167122 0.00459604 0.18733526 0.00215797
22.90114506 0.72208463 0.00025660 0.00018144 0.00018781 0.00135790 0.48555818 0.01057928 0.29252162 0.00270461 0.01151002 0.00443486 0.18822874 0.00247895
23.00115006 0.72195021 0.00017360 0.00021755 0.00009312 0.00017736 0.48463702 0.00791832 0.29242657 0.00383972 0.01314526 0.00394986 0.18957360 0.00384802
23.10115506 0.72169933 0.00011588 0.00021978 0.00002950 0.00005502 0.48225867 0.01112142 0.29236176 0.00347483 0.01454174 0.00348804 0.19061805 0.00171532
23.20116006 0.71700258 0.00021960 0.00017117 0.00023013 0.00331959 0.47692111 0.01076064 0.29230368 0.00370907 0.01387108 0.00385356 0.19073297 0.00390741
23.30116506 0.71406273 0.00022648 0.00018129 0.00011395 0.00024360 0.47622478 0.01112302 0.29387090 0.00523016 0.01360576 0.00562341 0.19011728 0.00343938
23.40117006 0.71433684 0.00017029 0.00027192 0.00022713 0.00132785 0.47834714 0.00820035 0.29194179 0.00399034 0.01619880 0.00568527 0.18924036 0.00439877
23.50117506 0.71379816 0.00027008 0.00025861 0.00028491 0.00342786 0.47765024 0.00723592 0.29049000 0.00281628 0.01960356 0.00527907 0.18999759 0.00268589
23.60118006 0.71314449 0.00008377 0.00022994 0.00006372 0.00006763 0.47705039 0.00965206 0.29108132 0.00257045 0.01857146 0.00570233 0.19306690 0.00186004
23.70118506 0.71002081 0.00010986 0.00021954 0.00006594 0.00202707 0.47518082 0.00940774 0.28982538 0.00251329 0.01854980 0.00780427 0.19222446 0.00207182
23.80119006 0.70985074 0.00018838 0.00022172 0.00012813 0.00189802 0.47454100 0.00894130 0.28805468 0.00266320 0.01901593 0.00952129 0.19216667 0.00265969
23.90119506 0.70956080 0.00017370 0.00025118 0.00002401 0.00018381 0.47376104 0.00850974 0.28757292 0.00429418 0.01729082 0.00998636 0.19512403 0.00282820
24.00120006 0.70837440 0.00030182 0.00026111 0.00022784 0.00171104 0.47355829 0.00864196 0.28600382 0.00308115 0.01941307 0.01107473 0.19276371 0.00296147
24.10120506 0.70665119 0.00021836 0.00022992 0.00014908 0.00182164 0.47597264 0.00878832 0.28806306 0.00327228 0.01757409 0.00934811 0.19216029 0.00240222
24.20121006 0.70585837 0.00022890 0.00023541 0.00014902 0.00180199 0.47615830 0.00915681 0.28801551 0.00378124 0.01757124 0.00844738 0.19201953 0.00243465
24.30121506 0.70405772 0.00013700 0.00020076 0.00003438 0.00009276 0.47438083 0.01145082 0.28792750 0.00440274 0.01710254 0.00926300 0.19238837 0.00261930
24.40122006 0.70285647 0.00028331 0.00022878 0.00017283 0.00174176 0.47553445 0.00953900 0.28658126 0.00431992 0.01870592 0.00751231 0.19294959 0.00243086
24.50122506 0.70253031 0.00018132 0.00020348 0.00007548 0.00195152 0.47462795 0.00902190 0.28812793 0.00590706 0.01693750 0.00645458 0.19410313 0.00240813
24.60123006 0.70049792 0.00063101 0.00021391 0.00041364 0.00345872 0.47298423 0.01075225 0.28568898 0.00701455 0.01559387 0.00540195 0.19551901 0.00232788
24.70123506 0.70007817 0.00026670 0.00025050 0.00002531 0.00020531 0.47240636 0.01170769 0.29142588 0.00710789 0.01303645 0.00462884 0.19688082 0.00205827
24.80124006 0.69819945 0.00014787 0.00025830 0.00004460 0.00006599 0.47278855 0.01344380 0.29303612 0.00460975 0.01318429 0.00404538 0.19673274 0.00164260
24.90124506 0.69783767 0.00013452 0.00021775 0.00001559 0.00007040 0.47283283 0.01207071 0.29461186 0.00466928 0.01303029 0.00335577 0.19730727 0.00168373
25.00125006 0.69576020 0.00022930 0.00023107 0.00010563 0.00131274 0.47323621 0.00982145 0.29249326 0.00507018 0.01304292 0.00346933 0.19899654 0.00199137
25.10125506 0.69431395 0.00039531 0.00023415 0.00021755 0.00250133 0.47134757 0.00957422 0.29438072 0.00568817 0.01188084 0.00335658 0.19815672 0.00226685
25.20126006 0.69284384 0.00043471 0.00025949 0.00022736 0.00158922 0.47407793 0.00719663 0.29049979 0.00620903 0.01193369 0.00628720 0.19922911 0.00205585
25.30126506 0.69274262 0.00014649 0.00019922 0.00014663 0.00205701 0.47741510 0.00737934 0.29042592 0.00516279 0.01030310 0.00548677 0.19765666 0.00362099
25.40127006 0.69254251 0.00014281 0.00019917 0.00003056 0.00010466 0.47685748 0.00906003 0.29064903 0.00381039 0.01033249 0.00678169 0.19996182 0.00206987
25.50127506 0.68926836 0.00018703 0.00019459 0.00014861 0.00130298 0.47773503 0.00878033 0.28925982 0.00329633 0.01043026 0.00783048 0.19838029 0.00245425
25.60128006 0.68809174 0.00006434 0.00018972 0.00001635 0.00003956 0.47705234 0.01009607 0.28958489 0.00271290 0.01196774 0.00685032 0.19920531 0.00222046
25.70128506 0.68523258 0.00022994 0.00025007 0.00002172 0.00005512 0.47520049 0.00827375 0.28814010 0.00640717 0.01178778 0.00696062 0.20062156 0.00205168
