0.00000000 13.00000000 0.00000000 0.00000000 0.00000000 0.00000000 0.00000000 0.00000000 0.00000000 1.00000000 0.00000000 0.00000000 0.00000000 0.00000000
0.10000500 13.00211713 0.01186728 0.00062132 0.00324390 0.08999633 0.11326429 0.10771460 0.01025478 0.52167030 0.05671783 0.06025438 0.00514179 0.01925322
0.20001000 12.99946280 0.00606847 0.00067799 0.00294794 0.07052570 0.16439266 0.15660941 0.02965835 0.33140797 0.07120111 0.09691209 0.03006990 0.03952842
0.30001500 12.99681324 0.00365564 0.00060343 0.00166952 0.02786614 0.18263555 0.19254658 0.05496579 0.23712712 0.07880731 0.14310772 0.03898793 0.03802727
0.40002000 12.99241328 0.00283457 0.00061796 0.00120947 0.01943986 0.18113418 0.20875407 0.06751461 0.18101765 0.08664183 0.16183013 0.04609142 0.04291425
0.50002500 12.98732912 0.00255994 0.00063426 0.00087974 0.01774545 0.20908160 0.21466203 0.07945047 0.14145201 0.08235210 0.17108529 0.04648158 0.03361554
0.60003000 12.98666881 0.00280366 0.00066843 0.00136521 0.02174162 0.22420650 0.20410491 0.08579274 0.11137700 0.08695908 0.16770286 0.05437324 0.03890475
0.70003500 12.98285538 0.00243199 0.00071235 0.00113769 0.02615268 0.24211330 0.19595011 0.09857445 0.09144026 0.08681127 0.15995896 0.06178863 0.03292831
0.80004000 12.97717771 0.00236308 0.00077563 0.00129076 0.02691333 0.24852482 0.18850183 0.11106460 0.07701905 0.09677598 0.14502476 0.06685896 0.03488720
0.90004500 12.97302924 0.00207498 0.00073195 0.00136531 0.02917026 0.25893746 0.18364568 0.12697249 0.05537714 0.09142275 0.14064846 0.07393535 0.03571817
1.00005000 12.97100652 0.00144744 0.00066734 0.00093039 0.01679281 0.26787384 0.18770947 0.13816653 0.04746028 0.08480627 0.13396796 0.07848602 0.04169165
1.10005500 12.96619759 0.00148961 0.00068022 0.00097443 0.01133970 0.27417088 0.18012082 0.14401061 0.04892958 0.07716263 0.12455511 0.08997566 0.04659075
1.20006000 12.96222960 0.00162637 0.00067788 0.00106867 0.01869623 0.28553104 0.16831117 0.14824179 0.05549366 0.07585133 0.11147155 0.08969796 0.04333235
1.30006500 12.96128212 0.00145510 0.00066554 0.00077685 0.01276698 0.29303587 0.17958984 0.15575760 0.05625376 0.07277952 0.09566473 0.09376147 0.03749275
1.40007000 12.95510450 0.00142656 0.00067749 0.00080184 0.01168151 0.29554617 0.18409522 0.15972573 0.04962724 0.07636176 0.08831257 0.09768885 0.03405506
1.50007500 12.95308574 0.00139707 0.00061239 0.00083239 0.01338497 0.30403692 0.17938628 0.16586658 0.04898083 0.07635971 0.07953560 0.09112441 0.03848286
1.60008000 12.94979322 0.00129086 0.00059580 0.00074139 0.01350412 0.30872741 0.17300238 0.17633091 0.04489111 0.07225975 0.08278549 0.09208614 0.03378466
1.70008500 12.94268697 0.00115074 0.00061333 0.00071470 0.00801969 0.31950255 0.16864753 0.18417217 0.04059833 0.07168232 0.07403750 0.09402964 0.03683150
1.80009000 12.93492150 0.00124602 0.00059507 0.00083878 0.01287701 0.32788005 0.16626253 0.18994956 0.03387629 0.06721624 0.06887347 0.09635908 0.03402590
1.90009500 12.93046422 0.00128155 0.00056195 0.00077893 0.01450385 0.33237164 0.16616574 0.19001434 0.03621666 0.06808847 0.06409334 0.09696361 0.02895993
2.00010001 12.92973307 0.00135453 0.00054486 0.00087184 0.01691365 0.34735217 0.15838427 0.20002078 0.03044182 0.06283449 0.05978544 0.09524770 0.02624845
2.10010501 12.92201465 0.00103037 0.00055977 0.00067394 0.01085486 0.35820090 0.15813374 0.21074013 0.02557743 0.05702256 0.05259481 0.09747664 0.02713485
2.20011001 12.91281821 0.00105543 0.00055040 0.00075071 0.01114830 0.35984511 0.14770581 0.22188066 0.02844270 0.05725727 0.04503528 0.09446656 0.03186177
2.30011501 12.90634749 0.00102178 0.00054633 0.00067976 0.01106668 0.36474641 0.14336047 0.22941815 0.02862610 0.05537037 0.04188212 0.09591874 0.02736309
2.40012001 12.89981722 0.00080759 0.00049004 0.00049108 0.00683768 0.36276286 0.14933374 0.23613879 0.02487582 0.05076822 0.04284714 0.10184009 0.02280696
2.50012501 12.89601111 0.00086447 0.00048208 0.00047374 0.00532640 0.36791790 0.14731111 0.23557994 0.02662818 0.04843885 0.03996434 0.10558123 0.02143175
2.60013001 12.88594788 0.00115845 0.00047532 0.00075300 0.01589657 0.36217010 0.13874325 0.23500908 0.02505070 0.04183135 0.04527909 0.11251415 0.02111893
2.70013501 12.88029811 0.00110578 0.00050151 0.00069754 0.01664509 0.36224436 0.13545089 0.23439167 0.02684787 0.04440700 0.04009176 0.11445546 0.02316107
2.80014001 12.86873430 0.00096474 0.00052705 0.00062051 0.00872029 0.36289645 0.12694713 0.24859413 0.02520966 0.03660726 0.04313396 0.11937512 0.02640371
2.90014501 12.86396961 0.00093002 0.00051457 0.00076179 0.01461467 0.36847166 0.11700558 0.25019425 0.02358906 0.04010509 0.03628547 0.11871443 0.02881342
3.00015001 12.85970156 0.00082381 0.00049163 0.00060334 0.00920422 0.37914271 0.10955772 0.25446390 0.02614900 0.04012447 0.03472035 0.12177730 0.02294157
3.10015501 12.84760853 0.00091323 0.00044262 0.00070170 0.00914634 0.37224515 0.11472165 0.25587664 0.02449762 0.03705481 0.03763962 0.11838078 0.02837985
3.20016001 12.84158937 0.00082029 0.00046411 0.00058813 0.01104801 0.37345611 0.11975436 0.25653739 0.01886767 0.03647570 0.03706319 0.12306669 0.02185834
3.30016501 12.84194810 0.00070798 0.00050964 0.00055399 0.00865773 0.37265338 0.11076949 0.26271398 0.01851093 0.03724179 0.03518038 0.12688122 0.02561950
3.40017001 12.83401395 0.00088425 0.00051207 0.00062430 0.01247463 0.38058635 0.10161322 0.26955375 0.01999002 0.03770368 0.03069238 0.12364415 0.02172119
3.50017501 12.83053641 0.00095645 0.00049588 0.00081301 0.01658571 0.38297986 0.09755291 0.27105272 0.01796727 0.03683679 0.03017581 0.12263475 0.02194885
3.60018001 12.82584063 0.00069550 0.00050359 0.00050300 0.00736670 0.38713519 0.09447677 0.27112519 0.02004543 0.03749216 0.03757216 0.12374386 0.01934044
3.70018501 12.82187225 0.00058643 0.00046421 0.00033660 0.00404791 0.39948451 0.09336689 0.27001441 0.01871511 0.03284374 0.03871097 0.12319312 0.01823610
3.80019001 12.81633664 0.00067871 0.00045288 0.00046807 0.00757339 0.40306789 0.08899652 0.27088470 0.02114316 0.03600566 0.02874016 0.12158888 0.02039999
3.90019501 12.81417275 0.00074440 0.00045413 0.00052787 0.01127245 0.41227890 0.07759138 0.27146141 0.02150248 0.03365833 0.02672648 0.12414723 0.01963494
4.00020001 12.80643877 0.00069533 0.00047394 0.00051500 0.00856677 0.42028542 0.07835377 0.27146819 0.01636509 0.03328746 0.02920969 0.12448499 0.01629434
4.10020501 12.80118455 0.00073233 0.00043533 0.00041495 0.00940405 0.40653785 0.08105481 0.28035919 0.02193509 0.03163168 0.02849140 0.12503596 0.01396737
4.20021001 12.79434155 0.00058792 0.00044332 0.00043084 0.00704115 0.40765512 0.08045404 0.28514255 0.01556799 0.03087217 0.02828567 0.12788685 0.01563238
4.30021501 12.78535465 0.00053318 0.00050192 0.00041069 0.00747087 0.40025823 0.07687526 0.28347764 0.01252031 0.03531972 0.03309300 0.13444249 0.01509668
4.40022001 12.77863325 0.00045676 0.00044303 0.00036281 0.00395540 0.39478957 0.08265495 0.28897813 0.01348744 0.03496581 0.02908575 0.13282345 0.01799689
4.50022501 12.77378795 0.00068576 0.00041106 0.00047611 0.00758772 0.39404854 0.07870807 0.29386653 0.01822484 0.03070180 0.02652135 0.13097207 0.01779615
4.60023001 12.77185757 0.00045224 0.00041561 0.00033594 0.00407969 0.39625337 0.08195486 0.29268149 0.01188611 0.02894589 0.03056228 0.13370363 0.01872888
4.70023501 12.76571081 0.00050522 0.00050275 0.00034324 0.00359268 0.40310952 0.07486063 0.29169048 0.01254304 0.03359876 0.02642627 0.13709848 0.01572892
4.80024001 12.75302832 0.00056752 0.00049301 0.00037473 0.00885171 0.40392957 0.07213469 0.28366066 0.01510701 0.02980993 0.02980731 0.14010683 0.01515704
4.90024501 12.73981381 0.00094589 0.00045192 0.00072586 0.01764775 0.39848940 0.06912456 0.28327736 0.01434691 0.02958545 0.03256371 0.14019588 0.01264533
5.00025001 12.73498398 0.00070722 0.00050031 0.00062754 0.01241448 0.39997578 0.05887016 0.28285240 0.01313682 0.03380611 0.03560926 0.14486540 0.01663452
5.10025501 12.73187362 0.00052530 0.00049345 0.00035076 0.00367929 0.40490228 0.06282190 0.28201807 0.01563261 0.02908609 0.03663105 0.14950011 0.01435909
5.20026001 12.72684190 0.00049574 0.00047299 0.00032910 0.00727647 0.40670310 0.07085798 0.28223447 0.01162284 0.03066544 0.03002886 0.14792400 0.01138900
5.30026501 12.71791290 0.00056534 0.00049792 0.00034182 0.00765031 0.40538632 0.06418775 0.28154969 0.01800901 0.03072183 0.02681417 0.14984424 0.01443160
5.40027001 12.71355099 0.00069748 0.00052442 0.00043710 0.00837819 0.40398855 0.05918191 0.28319789 0.02020986 0.03403722 0.02675142 0.15025192 0.01234404
5.50027501 12.71009499 0.00058002 0.00053629 0.00039160 0.00731030 0.40819589 0.05929252 0.28191663 0.01486376 0.03610741 0.02750672 0.15124377 0.01205508
5.60028001 12.70341914 0.00057187 0.00050362 0.00038373 0.00748242 0.41294499 0.05673649 0.28435678 0.01547940 0.03480713 0.02954790 0.14538747 0.01179819
5.70028501 12.69867373 0.00051864 0.00046385 0.00034929 0.00567857 0.41084720 0.06349351 0.28733057 0.01408456 0.03202542 0.03264172 0.14133296 0.01123371
5.80029001 12.69291098 0.00054841 0.00048103 0.00036835 0.00721864 0.41156887 0.05975035 0.29152301 0.01311119 0.03523111 0.02824830 0.14319598 0.00875476
5.90029501 12.68252586 0.00055677 0.00047733 0.00041514 0.01122854 0.40156349 0.05830959 0.29165727 0.01153986 0.03982859 0.02926691 0.14447332 0.01068319
6.00030002 12.67148207 0.00062566 0.00051606 0.00046499 0.00900608 0.40298494 0.05908196 0.28518290 0.01303812 0.03879933 0.02910623 0.14851679 0.01267696
6.10030502 12.66511657 0.00058819 0.00055130 0.00037203 0.00725008 0.40140451 0.05598868 0.28736395 0.01845186 0.03939167 0.02346360 0.15328858 0.01188556
6.20031002 12.65588437 0.00055081 0.00057045 0.00035774 0.00532451 0.40912616 0.04806788 0.28795226 0.01783652 0.04070267 0.02391546 0.15364846 0.01194707
6.30031502 12.64727276 0.00042936 0.00056645 0.00027318 0.00591510 0.41388522 0.04261544 0.28654772 0.01738307 0.04224202 0.02370615 0.15475859 0.01167770
6.40032002 12.63972558 0.00052771 0.00054160 0.00042039 0.00723317 0.41204051 0.04667077 0.28852687 0.01532195 0.04100782 0.01968162 0.15588321 0.01214438
6.50032502 12.63698604 0.00056849 0.00053378 0.00042063 0.00844017 0.41696871 0.04266822 0.29422284 0.01439875 0.03756408 0.02043584 0.15471059 0.00906790
6.60033002 12.63042629 0.00056106 0.00053752 0.00034840 0.00551170 0.41459632 0.03870441 0.29771572 0.01822271 0.03290206 0.02332603 0.16024838 0.00732568
6.70033502 12.62260034 0.00043638 0.00049829 0.00030892 0.00741209 0.40936677 0.04729850 0.30356904 0.01205072 0.02983571 0.02483135 0.15673019 0.00766203
6.80034002 12.62014790 0.00070116 0.00047129 0.00053583 0.01277278 0.40944332 0.04830376 0.30180984 0.01282637 0.02874406 0.01733766 0.15753149 0.00952244
6.90034502 12.61168274 0.00054012 0.00048167 0.00035236 0.00737193 0.40622686 0.04713645 0.30067383 0.01512187 0.03415084 0.02171253 0.15646681 0.00976475
7.00035002 12.60449010 0.00055178 0.00047261 0.00040323 0.00698022 0.40592028 0.04514007 0.30230670 0.01456156 0.03470748 0.02242687 0.15459293 0.01193627
7.10035502 12.59931211 0.00051201 0.00045279 0.00039922 0.00922741 0.41008615 0.04743403 0.29519525 0.01119736 0.03161584 0.02695030 0.15664998 0.01027968
7.20036002 12.59527450 0.00042436 0.00046267 0.00026513 0.00387500 0.41610800 0.04887014 0.29141179 0.01327416 0.02989876 0.02647383 0.15811878 0.01081738
7.30036502 12.58340539 0.00031387 0.00047348 0.00024144 0.00216261 0.41581819 0.05090174 0.29031944 0.01187489 0.02947527 0.02618750 0.15791361 0.01431795
7.40037002 12.57587586 0.00033166 0.00047185 0.00018638 0.00199849 0.41260199 0.05339857 0.29349469 0.01220216 0.03116656 0.02536034 0.15826490 0.01052240
7.50037502 12.57106685 0.00042078 0.00047277 0.00023631 0.00382879 0.41346528 0.05630179 0.29345067 0.01249393 0.02928640 0.02145544 0.15932488 0.00926296
7.60038002 12.56859714 0.00055011 0.00045591 0.00040438 0.00716507 0.41653321 0.05450680 0.29343737 0.01125468 0.02956664 0.02056899 0.15600687 0.00954995
7.70038502 12.56702723 0.00051566 0.00045578 0.00042349 0.00900742 0.41484938 0.05494619 0.29737736 0.00792949 0.02906175 0.01835582 0.15825572 0.00882193
7.80039002 12.55997559 0.00053740 0.00047688 0.00041071 0.00909456 0.41264972 0.05226940 0.30160049 0.01003074 0.02527658 0.01458753 0.16399633 0.00906965
7.90039502 12.55754475 0.00029833 0.00042546 0.00016170 0.00228096 0.41310797 0.05355567 0.30113174 0.01248732 0.02186758 0.02029944 0.16346726 0.01091659
8.00040002 12.55150397 0.00057332 0.00041492 0.00046126 0.01281343 0.41079574 0.05756721 0.29836087 0.00808266 0.02318304 0.02061948 0.15924542 0.00788264
8.10040502 12.54617657 0.00052412 0.00040709 0.00037511 0.00853264 0.41333747 0.06235606 0.29864928 0.00648369 0.02253638 0.02090113 0.15706978 0.00882726
8.20041002 12.53832732 0.00038561 0.00046548 0.00033467 0.00542199 0.40852245 0.06259991 0.29494998 0.00590931 0.02743407 0.02240074 0.15862801 0.01294779
8.30041502 12.52483587 0.00068139 0.00043062 0.00056510 0.01288470 0.40530374 0.05921410 0.29127364 0.00960165 0.02715002 0.02487575 0.15584198 0.01217731
8.40042002 12.51468722 0.00059889 0.00046308 0.00053227 0.01152022 0.40639571 0.05441193 0.28926383 0.01002572 0.02719240 0.02483826 0.15868497 0.01607271
8.50042502 12.50576301 0.00063157 0.00047047 0.00048595 0.00925490 0.40923004 0.05622347 0.28791336 0.01247813 0.03076128 0.02460497 0.15562486 0.01232102
8.60043002 12.49942241 0.00046550 0.00044940 0.00033216 0.01117032 0.40673339 0.06416835 0.28886921 0.00688000 0.02672113 0.02627563 0.15922688 0.00870803
8.70043502 12.49469810 0.00042430 0.00048787 0.00032867 0.00912471 0.40726177 0.06228994 0.28960849 0.00667357 0.03426614 0.02448391 0.15637573 0.00867489
8.80044002 12.48538801 0.00034606 0.00050191 0.00021019 0.00181239 0.40885881 0.05646415 0.28765484 0.01249473 0.04045751 0.02430725 0.15452693 0.01236522
8.90044502 12.47327807 0.00058947 0.00044923 0.00048263 0.01320218 0.41440095 0.05318332 0.28631172 0.00810868 0.03529958 0.02477839 0.15153853 0.01165534
9.00045002 12.46741312 0.00058613 0.00047395 0.00043658 0.01165309 0.42274481 0.04948572 0.28540148 0.01221560 0.03849038 0.01697159 0.14888938 0.01265130
9.10045502 12.45646399 0.00055149 0.00049681 0.00035495 0.00764467 0.41988403 0.05697071 0.28255615 0.01546162 0.03526035 0.01924577 0.14980266 0.01177079
9.20046002 12.45029811 0.00068732 0.00047248 0.00051693 0.01044125 0.41380346 0.05903511 0.28047249 0.01505547 0.03381086 0.02051523 0.15544071 0.00974868
9.30046502 12.44552786 0.00043262 0.00046717 0.00028291 0.00380561 0.41676568 0.06170550 0.27666446 0.01440572 0.03780928 0.02424241 0.15229341 0.01112524
9.40047002 12.44316875 0.00034101 0.00048780 0.00029584 0.00213332 0.42034148 0.06169333 0.27482946 0.01205175 0.03675592 0.02441864 0.15158534 0.01506612
9.50047502 12.43347307 0.00048070 0.00050035 0.00039478 0.00877155 0.42368852 0.05982514 0.27832579 0.00989741 0.03276563 0.02155048 0.15271970 0.01107993
9.60048002 12.42767887 0.00047948 0.00050230 0.00028755 0.00740711 0.42605799 0.05323479 0.28218164 0.01289147 0.02860469 0.02385458 0.15665339 0.00784502
9.70048502 12.42372115 0.00031943 0.00046344 0.00014446 0.00180433 0.42426168 0.05487630 0.28553265 0.01071515 0.03086014 0.02581234 0.15688209 0.00832800
9.80049002 12.41580581 0.00038416 0.00046485 0.00015303 0.00219489 0.42250756 0.05022901 0.28510743 0.01397871 0.03252110 0.02931632 0.15539906 0.00774387
9.90049502 12.40086129 0.00049277 0.00049530 0.00027960 0.00539719 0.41583115 0.04806089 0.29400073 0.01476347 0.03088994 0.02562822 0.15478287 0.00937787
10.00050003 12.39692799 0.00036152 0.00046516 0.00027897 0.00406141 0.41819056 0.04880297 0.29123076 0.01116477 0.02642666 0.02645870 0.15968687 0.01287166
10.10050503 12.39113103 0.00040205 0.00049394 0.00036414 0.00754001 0.41998183 0.05130682 0.29019169 0.00841267 0.02519983 0.02315293 0.16013271 0.01282139
10.20051003 12.38344224 0.00045383 0.00049059 0.00039689 0.00742909 0.41446931 0.05308004 0.28861070 0.01025799 0.02555339 0.02412535 0.16287600 0.01225681
10.30051503 12.38059305 0.00040002 0.00046383 0.00024372 0.00386284 0.42089965 0.05114243 0.28649097 0.01516717 0.02571204 0.02359370 0.16043351 0.01159013
10.40052003 12.37776220 0.00058272 0.00044293 0.00052068 0.01066202 0.42700937 0.04874492 0.28552135 0.00962380 0.02286139 0.02372532 0.15816496 0.01214055
10.50052503 12.36710796 0.00040548 0.00049368 0.00030993 0.00392672 0.41988263 0.05344194 0.28932387 0.01039609 0.03261046 0.02256599 0.15368936 0.01295386
10.60053003 12.36099870 0.00035158 0.00043974 0.00023023 0.00378205 0.41901715 0.05411222 0.29611505 0.00816378 0.02734184 0.02582340 0.15508622 0.00953674
10.70053503 12.35794277 0.00038264 0.00045862 0.00026908 0.00523833 0.42557094 0.04949740 0.29409609 0.00831833 0.02434438 0.02539964 0.15752997 0.00889457
10.80054003 12.35281473 0.00040896 0.00047415 0.00035045 0.00512237 0.42104768 0.04785314 0.29556702 0.00731789 0.02758567 0.02909348 0.15532549 0.00985371
10.90054503 12.34578058 0.00049237 0.00046251 0.00046204 0.00735979 0.41871750 0.04501797 0.29438633 0.00797602 0.02885661 0.03006964 0.15357704 0.01262217
11.00055003 12.33874446 0.00039106 0.00041621 0.00033776 0.00738754 0.42513437 0.05041011 0.29596700 0.00681041 0.02382147 0.02831387 0.14866095 0.01234925
11.10055503 12.32789138 0.00063588 0.00043049 0.00043112 0.01136347 0.41893645 0.04644255 0.29415572 0.01380457 0.02478329 0.03133702 0.14769404 0.00998538
11.20056003 12.32359894 0.00081773 0.00040594 0.00058887 0.01449340 0.42082454 0.04247306 0.29418279 0.01492455 0.02307202 0.03142307 0.14751471 0.00927933
11.30056503 12.31531342 0.00068133 0.00039452 0.00051206 0.01087340 0.42112695 0.05046260 0.29629856 0.01449304 0.01879837 0.02730039 0.14738160 0.01167716
11.40057003 12.30935108 0.00039321 0.00038772 0.00030000 0.00400930 0.41831475 0.05474346 0.29432056 0.01320350 0.02053669 0.03212087 0.14844028 0.01322965
11.50057503 12.30422070 0.00044986 0.00041126 0.00031963 0.00792710 0.41426498 0.05620230 0.29287106 0.01379021 0.02556348 0.02934798 0.14688922 0.01196292
11.60058003 12.29802877 0.00047340 0.00040342 0.00031037 0.00567367 0.41773289 0.06807556 0.28810476 0.01281606 0.02515520 0.02502109 0.14860374 0.00762984
11.70058503 12.29131416 0.00036704 0.00040717 0.00016300 0.00179692 0.42778191 0.06659595 0.29648029 0.01355753 0.02120333 0.01821226 0.14612730 0.00730731
11.80059003 12.28476503 0.00043986 0.00045693 0.00014635 0.00210014 0.42158472 0.06078315 0.29446360 0.01635066 0.02725223 0.02032471 0.14824252 0.00785514
11.90059503 12.27890218 0.00048654 0.00044025 0.00022157 0.00557908 0.41885996 0.05852557 0.29480755 0.01596242 0.02871203 0.01898561 0.14918021 0.00823921
12.00060003 12.27650071 0.00074293 0.00037378 0.00044685 0.01050545 0.41905691 0.05736192 0.29685594 0.01596607 0.02257332 0.02204431 0.14514005 0.00893248
12.10060503 12.27205944 0.00057944 0.00039664 0.00031787 0.00630477 0.41776319 0.05926689 0.29879652 0.01352642 0.02296949 0.02486797 0.14607416 0.00913663
12.20061003 12.26507986 0.00055221 0.00041842 0.00027085 0.00539254 0.41142026 0.05582974 0.30165464 0.01914443 0.02680677 0.02403316 0.14569991 0.00877707
12.30061503 12.25768661 0.00037972 0.00044786 0.00029749 0.00357402 0.40901584 0.05385302 0.30325557 0.01366538 0.02704472 0.02579580 0.14823601 0.01443458
12.40062003 12.24808186 0.00037496 0.00049317 0.00021211 0.00188450 0.40595404 0.04968195 0.29884376 0.01568454 0.02748886 0.03331600 0.15522017 0.01084595
12.50062503 12.24229547 0.00047463 0.00043283 0.00034503 0.00558006 0.41123357 0.05507424 0.29443340 0.01354157 0.02368479 0.03193256 0.15221541 0.01105190
12.60063003 12.23920119 0.00054771 0.00042625 0.00040078 0.00912925 0.41262405 0.05502814 0.29091930 0.01310729 0.02891344 0.03041117 0.14711695 0.01137565
12.70063503 12.23612626 0.00049258 0.00041035 0.00040068 0.00345756 0.41338228 0.05213023 0.29421871 0.01409073 0.02597296 0.02947989 0.15001570 0.01594832
12.80064003 12.22878514 0.00057524 0.00038835 0.00047813 0.01097165 0.41512801 0.04871272 0.29518317 0.01205908 0.02783517 0.02945352 0.14546529 0.01374966
12.90064503 12.21867066 0.00053046 0.00044329 0.00044946 0.01302749 0.42290292 0.04151662 0.30115934 0.01010239 0.02641225 0.02578955 0.14708220 0.01058403
13.00065003 12.21307819 0.00048973 0.00044791 0.00038054 0.00923367 0.42514614 0.04640079 0.29431511 0.01011917 0.02665948 0.02613347 0.15143136 0.00924264
13.10065503 12.21090927 0.00054867 0.00044084 0.00038971 0.00521070 0.42520249 0.05395512 0.29776980 0.01345003 0.02454345 0.02045703 0.14804342 0.00998874
13.20066003 12.20859996 0.00042788 0.00045537 0.00033253 0.00763912 0.42942774 0.05378817 0.30102640 0.00971400 0.02657143 0.01524275 0.14651906 0.00885555
13.30066503 12.20390887 0.00049544 0.00043438 0.00035814 0.00705940 0.42355515 0.05268814 0.30087298 0.01126334 0.02645943 0.01577730 0.15067805 0.01035824
13.40067003 12.19374217 0.00067300 0.00049507 0.00058678 0.01419215 0.42350295 0.03973787 0.30631034 0.00900871 0.03639528 0.01127214 0.14929635 0.00852936
13.50067503 12.19311163 0.00036723 0.00047537 0.00017266 0.00209252 0.42516259 0.04193138 0.30382200 0.01342006 0.03713147 0.01580155 0.15140858 0.00821459
13.60068003 12.18834855 0.00051443 0.00039434 0.00042064 0.00869577 0.42278547 0.04171977 0.30818762 0.00969876 0.03264349 0.01767438 0.14998908 0.00727626
13.70068503 12.18062530 0.00031267 0.00044262 0.00028153 0.00347207 0.42269625 0.04186601 0.30679438 0.00984562 0.03106439 0.01992246 0.15100235 0.01229965
13.80069003 12.17832029 0.00030265 0.00044338 0.00024799 0.00358806 0.42992437 0.04182347 0.30562112 0.00886762 0.02461826 0.02053893 0.15339287 0.01063127
13.90069503 12.17181861 0.00029304 0.00047788 0.00024201 0.00352654 0.42942363 0.04304613 0.30439040 0.00747361 0.02372926 0.01907986 0.15797883 0.01033882
14.00070004 12.16573049 0.00042085 0.00046340 0.00039301 0.00724697 0.43660228 0.03301354 0.29963132 0.01104890 0.02260126 0.01547918 0.16070174 0.01239755
14.10070504 12.15725649 0.00042356 0.00045461 0.00025867 0.00574109 0.43238800 0.03662581 0.29980291 0.01221185 0.02470692 0.01934885 0.16064757 0.00739017
14.20071004 12.15218900 0.00035388 0.00044717 0.00034112 0.00708834 0.42832659 0.03649459 0.30331166 0.00764029 0.02369782 0.01966770 0.16221676 0.01041409
14.30071504 12.14543084 0.00049810 0.00043265 0.00039596 0.01047720 0.42969119 0.03463557 0.30554670 0.00840471 0.02564957 0.02017092 0.15667989 0.00741754
14.40072004 12.14503433 0.00042053 0.00045015 0.00025511 0.00773615 0.43281900 0.03834200 0.30081774 0.00936696 0.02646473 0.01963408 0.15744839 0.00624518
14.50072504 12.13799342 0.00033318 0.00045251 0.00018301 0.00359886 0.43514951 0.04006369 0.30408369 0.00878520 0.02614612 0.01873165 0.15616817 0.00630442
14.60073004 12.12702122 0.00041589 0.00044262 0.00024854 0.00340650 0.43064610 0.04059037 0.30883448 0.01237323 0.02289593 0.02140107 0.15118086 0.00756440
14.70073504 12.11958079 0.00047338 0.00047051 0.00037055 0.00734216 0.42474491 0.03850704 0.31154915 0.01068770 0.02195059 0.02021329 0.15528484 0.00840588
14.80074004 12.11595231 0.00040806 0.00043270 0.00030021 0.00745728 0.42649527 0.04693765 0.31445050 0.00727271 0.01814167 0.01765311 0.15247985 0.00797097
14.90074504 12.11342210 0.00044510 0.00040066 0.00039844 0.00727893 0.42890206 0.04061617 0.31596955 0.00747794 0.01940156 0.01924919 0.14932617 0.01053425
15.00075004 12.10586190 0.00027753 0.00039600 0.00025397 0.00259357 0.43181061 0.03692659 0.31605193 0.00782254 0.01947130 0.02411208 0.14827017 0.01201373
15.10075504 12.09866494 0.00025286 0.00042827 0.00028392 0.00375181 0.43039012 0.03789428 0.31880443 0.00471025 0.01675254 0.01908330 0.15362464 0.01402358
15.20076004 12.09180960 0.00031398 0.00042435 0.00020579 0.00183792 0.42780333 0.03417513 0.32283376 0.01167483 0.01636698 0.01917498 0.15657159 0.00861737
15.30076504 12.08752198 0.00029304 0.00045370 0.00020562 0.00199157 0.42733225 0.03864494 0.31800465 0.00962931 0.02237042 0.01693479 0.15383899 0.01030073
15.40077004 12.08089802 0.00045756 0.00043829 0.00039609 0.00705657 0.42390523 0.04043515 0.31760634 0.00863711 0.02466161 0.01297097 0.15338854 0.01004654
15.50077504 12.07547542 0.00025632 0.00045310 0.00022112 0.00273306 0.42363635 0.04148590 0.31585733 0.01182750 0.02095235 0.01169414 0.16110087 0.00978195
15.60078004 12.07155768 0.00036547 0.00040357 0.00034277 0.00534437 0.41990289 0.03694938 0.31750542 0.00815217 0.02313049 0.01615079 0.15905763 0.01269505
15.70078504 12.05950997 0.00034471 0.00044658 0.00026574 0.00382839 0.41904356 0.03399248 0.32188847 0.00940349 0.02696279 0.01566593 0.15765860 0.01049926
15.80079004 12.05166472 0.00041397 0.00043114 0.00032717 0.00519615 0.41669199 0.03432400 0.32200957 0.01020389 0.02468984 0.01828154 0.15617746 0.01125329
15.90079504 12.04168348 0.00034344 0.00048790 0.00031172 0.00517084 0.41615922 0.03435119 0.32921531 0.00624603 0.02620684 0.01653750 0.15593073 0.00903929
16.00080004 12.03373833 0.00022247 0.00051108 0.00018523 0.00412109 0.40986873 0.03176480 0.33177549 0.00712733 0.03035696 0.01951844 0.15548773 0.00906064
16.10080504 12.03061983 0.00033473 0.00045382 0.00027824 0.00364743 0.40860029 0.03362137 0.32942805 0.00880984 0.02829811 0.02250146 0.15521973 0.00880693
16.20081004 12.02326546 0.00050521 0.00048691 0.00042026 0.01288727 0.40674831 0.02810071 0.32878611 0.00849058 0.02614956 0.01976990 0.15982912 0.00782608
16.30081504 12.01267722 0.00047516 0.00045517 0.00032453 0.00703176 0.40807185 0.02895104 0.32879063 0.00833897 0.02488009 0.03134192 0.15580226 0.00553661
16.40082004 12.00617284 0.00026680 0.00043335 0.00023914 0.00341059 0.40604814 0.03431917 0.33059897 0.00541314 0.02514610 0.02869281 0.15577345 0.00965834
16.50082504 11.99822194 0.00026376 0.00043987 0.00021243 0.00203459 0.40663215 0.03614396 0.33000115 0.00664544 0.02723750 0.02740233 0.15368933 0.00929749
16.60083004 11.99194405 0.00027917 0.00047979 0.00022930 0.00361107 0.41115574 0.03257418 0.32580425 0.00713228 0.03101193 0.02467447 0.15354829 0.00949952
16.70083504 11.98424608 0.00033594 0.00049093 0.00024008 0.00557484 0.40670072 0.03483326 0.32416689 0.00836779 0.02706765 0.02374812 0.16157381 0.00689997
16.80084004 11.97972376 0.00038327 0.00051229 0.00027617 0.00659693 0.40160050 0.03412064 0.31854756 0.01250198 0.02942500 0.02391054 0.16591465 0.00621046
16.90084504 11.96826235 0.00045611 0.00051230 0.00035767 0.00703870 0.39783022 0.03531396 0.32081006 0.01186398 0.03145823 0.02179012 0.16538920 0.00717947
17.00085004 11.96560594 0.00028486 0.00046250 0.00015303 0.00367621 0.39709264 0.04486528 0.31782595 0.00879787 0.03175044 0.02437896 0.16486847 0.00584378
17.10085504 11.95805317 0.00074403 0.00043468 0.00056149 0.01484825 0.39382243 0.03699382 0.31760974 0.01507715 0.03072381 0.02220993 0.15740933 0.00956534
17.20086004 11.95549829 0.00063179 0.00042507 0.00044446 0.00912193 0.39758145 0.04056751 0.31702261 0.01680264 0.02955536 0.02125357 0.15541551 0.01117810
17.30086504 11.94516510 0.00075978 0.00048309 0.00056641 0.01227581 0.39406719 0.04425307 0.31253816 0.01658840 0.03354102 0.01872263 0.15537055 0.01083389
17.40087004 11.93967989 0.00050564 0.00049639 0.00032145 0.00500157 0.39797433 0.04942112 0.31649818 0.01431444 0.03151067 0.01787806 0.15552044 0.01055772
17.50087504 11.93546010 0.00043852 0.00045036 0.00032083 0.00444698 0.40433992 0.04983017 0.31314707 0.01174255 0.03263244 0.02072195 0.15343022 0.00849902
17.60088004 11.93116828 0.00052218 0.00042845 0.00037257 0.00715092 0.40893200 0.05469829 0.30613507 0.01213055 0.02828540 0.01701129 0.15621909 0.00811420
17.70088504 11.93039887 0.00046329 0.00044061 0.00028709 0.00450454 0.40751861 0.05596137 0.30845501 0.01125669 0.03173212 0.01551332 0.15585366 0.00801371
17.80089004 11.92739162 0.00055486 0.00043081 0.00036345 0.00893866 0.40505265 0.05191167 0.31282356 0.01166173 0.02961062 0.01310720 0.15808236 0.00746243
17.90089504 11.92415034 0.00025343 0.00044943 0.00020940 0.00211057 0.40846535 0.05305114 0.31001230 0.00604692 0.02756512 0.01912504 0.16150780 0.01120350
18.00090005 11.91423373 0.00042431 0.00045819 0.00035866 0.00904460 0.41311296 0.04331437 0.30800884 0.00740591 0.02619600 0.01875206 0.16222401 0.01070009
18.10090505 11.91102944 0.00044069 0.00045084 0.00040271 0.00717734 0.41299760 0.04607724 0.30863136 0.00811777 0.02396106 0.01757670 0.16195915 0.01220756
18.20091005 11.90530835 0.00046601 0.00041390 0.00037510 0.00464862 0.41088826 0.04589041 0.30862341 0.01365784 0.02094987 0.02237907 0.15912456 0.01258295
18.30091505 11.89569410 0.00066178 0.00043565 0.00052882 0.01058948 0.40980102 0.04816862 0.30631413 0.01380030 0.02188270 0.01997431 0.15956649 0.00827669
18.40092005 11.88374971 0.00061872 0.00041050 0.00065599 0.01042355 0.40691353 0.05790666 0.30757763 0.00779464 0.02157500 0.01743404 0.15352335 0.01516641
18.50092505 11.87653217 0.00044842 0.00040887 0.00046314 0.00741231 0.40414784 0.05951070 0.30855069 0.00947188 0.02374657 0.01835677 0.15114603 0.01633679
18.60093005 11.86699516 0.00043563 0.00040968 0.00042883 0.00748200 0.39767969 0.06278402 0.30916792 0.00856611 0.02697034 0.02007325 0.14977236 0.01623016
18.70093505 11.86052633 0.00044487 0.00039581 0.00034208 0.00741985 0.39888910 0.06477984 0.30703588 0.00825569 0.02632004 0.02226813 0.14935916 0.01448954
18.80094005 11.85032228 0.00054045 0.00041331 0.00026149 0.00570127 0.40222614 0.06651889 0.30343203 0.01247626 0.02894931 0.02237745 0.14697922 0.01012419
18.90094505 11.84577428 0.00056113 0.00039364 0.00042562 0.00871735 0.40691175 0.05968607 0.30278761 0.01355761 0.02833661 0.02128078 0.14557039 0.01177144
19.00095005 11.84033925 0.00058291 0.00037737 0.00044396 0.01008560 0.40618264 0.06041694 0.30173945 0.01498579 0.02124545 0.02403040 0.14845509 0.01145441
19.10095505 11.83755761 0.00063952 0.00036602 0.00046519 0.01076421 0.41271071 0.06300646 0.30480541 0.00930944 0.01764196 0.02395310 0.14647591 0.00986208
19.20096005 11.83001500 0.00046665 0.00039943 0.00028763 0.00607853 0.41153597 0.06876166 0.30054063 0.01112842 0.02000909 0.02134225 0.14951489 0.00993485
19.30096505 11.82205907 0.00054606 0.00044090 0.00039897 0.00715010 0.41247110 0.06186011 0.29802165 0.01195571 0.02088076 0.02058761 0.15418559 0.01150143
19.40097005 11.81297733 0.00044859 0.00044854 0.00023787 0.00562685 0.41192051 0.05521071 0.30047395 0.01508436 0.02094267 0.02260347 0.15621434 0.01078815
19.50097505 11.80614015 0.00053658 0.00044085 0.00024906 0.00373119 0.41687519 0.05405771 0.29727912 0.01785191 0.02192226 0.02218477 0.15348258 0.01138879
19.60098005 11.80545975 0.00048034 0.00043744 0.00022118 0.00406002 0.41705501 0.05036355 0.29657974 0.01923597 0.02182781 0.02203774 0.15810000 0.00960121
19.70098505 11.79850068 0.00094240 0.00038499 0.00063679 0.01434089 0.41284389 0.04934976 0.29830986 0.02212811 0.01871031 0.02148880 0.15175094 0.00911325
19.80099005 11.79098256 0.00060272 0.00043724 0.00045932 0.00680935 0.42050143 0.05207353 0.30060560 0.01603572 0.02238391 0.02015168 0.14807182 0.01186767
19.90099505 11.78114348 0.00056748 0.00042568 0.00055463 0.00859388 0.41676588 0.05440343 0.30294674 0.01086475 0.02261991 0.02111928 0.14724178 0.01389656
20.00100005 11.77517406 0.00045375 0.00043694 0.00038277 0.00596205 0.41389383 0.05615380 0.30628568 0.01460234 0.02263469 0.01463572 0.14874886 0.01580956
20.10100505 11.77370206 0.00074824 0.00040830 0.00060970 0.01286834 0.41510406 0.05786809 0.30527872 0.01369931 0.02052287 0.01324855 0.14668605 0.01295776
20.20101005 11.76490651 0.00072041 0.00044290 0.00060821 0.01395410 0.42080250 0.05893490 0.29910903 0.01178315 0.02491275 0.01455058 0.14273281 0.01144865
20.30101505 11.76045504 0.00047738 0.00044595 0.00037183 0.00694130 0.42300809 0.06049016 0.30654366 0.00873994 0.02407283 0.01606270 0.14392947 0.00891670
20.40102005 11.74773144 0.00033243 0.00045770 0.00019009 0.00196070 0.41773674 0.05320602 0.30769214 0.01186296 0.02740082 0.02188651 0.14671261 0.01056129
20.50102505 11.74079599 0.00042044 0.00042712 0.00026550 0.00556288 0.41512662 0.05443817 0.30364741 0.01233239 0.03053651 0.02196254 0.14426234 0.01101808
20.60103005 11.73814455 0.00039112 0.00040391 0.00030491 0.00553984 0.41620142 0.05446345 0.30150283 0.00954362 0.02981827 0.02502022 0.14407357 0.01273683
20.70103505 11.73293766 0.00034507 0.00042376 0.00020488 0.00213466 0.42004800 0.05287419 0.30094600 0.01258909 0.02785970 0.02473571 0.14672254 0.01111640
20.80104005 11.72481412 0.00028147 0.00046290 0.00014264 0.00028015 0.42118842 0.05528082 0.29543678 0.01235001 0.03341839 0.02697182 0.14349351 0.01069310
20.90104505 11.71762923 0.00039402 0.00043889 0.00033812 0.00547526 0.41487318 0.05226526 0.30085307 0.00891768 0.03091466 0.02660303 0.14692020 0.01200663
21.00105005 11.71032096 0.00038132 0.00042190 0.00022930 0.00190113 0.41547413 0.05472589 0.29600322 0.01337785 0.02716498 0.03006038 0.14693576 0.01332412
21.10105505 11.70151195 0.00037027 0.00044872 0.00021297 0.00384298 0.41400976 0.05338621 0.29539946 0.01228740 0.02921816 0.02914576 0.15092390 0.01075441
21.20106005 11.69586491 0.00062740 0.00044748 0.00055151 0.01175296 0.40892216 0.05057978 0.29506912 0.01208363 0.03328232 0.02852655 0.14627892 0.01187816
21.30106505 11.68827275 0.00057593 0.00044584 0.00056320 0.01097155 0.40511352 0.05286975 0.29392121 0.01039860 0.03834141 0.02739228 0.14417803 0.01522870
21.40107005 11.68293838 0.00054435 0.00043199 0.00048999 0.00865005 0.40914001 0.04886315 0.29878705 0.01164029 0.04058772 0.02234964 0.14505323 0.01346254
21.50107505 11.67349964 0.00063944 0.00044745 0.00047760 0.01467050 0.41633627 0.04588813 0.29387037 0.01270271 0.03836667 0.02201277 0.14497924 0.00960885
21.60108005 11.66791700 0.00051198 0.00046433 0.00045028 0.00673474 0.42197860 0.05196256 0.29168045 0.00901604 0.04175566 0.02037240 0.14412095 0.01095200
21.70108505 11.66354306 0.00046684 0.00047346 0.00035411 0.00727469 0.42389305 0.05121001 0.29187061 0.00654427 0.04053299 0.02387366 0.14522990 0.00827644
21.80109005 11.65564907 0.00038478 0.00049211 0.00024166 0.00368030 0.41890581 0.04851160 0.29907897 0.00977396 0.03834987 0.02421221 0.14517325 0.01119548
21.90109505 11.65187380 0.00053130 0.00047770 0.00041236 0.00850364 0.41761652 0.04228633 0.30017859 0.01274546 0.03872491 0.02075128 0.14700229 0.01076963
22.00110006 11.64950858 0.00050320 0.00048435 0.00044162 0.01002804 0.41930885 0.04219505 0.30069742 0.00743729 0.03875372 0.02259532 0.14875566 0.00879948
22.10110506 11.64771976 0.00045311 0.00047717 0.00028352 0.00734533 0.42094672 0.04001948 0.30568441 0.00982353 0.04050488 0.01915114 0.14838682 0.00692389
22.20111006 11.64562981 0.00030444 0.00049516 0.00027377 0.00371199 0.42050869 0.04169973 0.30720648 0.00590057 0.03668049 0.01826660 0.15510918 0.00984289
22.30111506 11.64022200 0.00054429 0.00042546 0.00042395 0.00731593 0.41663772 0.03869471 0.30246133 0.01384828 0.03388278 0.02015986 0.15259270 0.01301299
22.40112006 11.63564287 0.00036688 0.00043956 0.00029904 0.00338738 0.41855898 0.03919653 0.30765327 0.01192431 0.03205371 0.02215439 0.15129449 0.01267147
22.50112506 11.63206704 0.00051357 0.00044467 0.00039440 0.00911427 0.41257859 0.04022756 0.30704871 0.01384003 0.02939208 0.02318986 0.15053596 0.01272030
22.60113006 11.62735168 0.00039706 0.00041558 0.00037637 0.00373145 0.41802449 0.04515976 0.31096304 0.01098103 0.02624763 0.01979809 0.14834926 0.01555624
22.70113506 11.61989818 0.00046052 0.00042648 0.00032387 0.00727988 0.41720412 0.04498081 0.30995158 0.00973774 0.02708367 0.02453269 0.14933415 0.00868450
22.80114006 11.61608236 0.00037851 0.00040427 0.00037698 0.00551883 0.41699343 0.04400500 0.31213692 0.00932984 0.02507063 0.02064481 0.14939475 0.01574603
22.90114506 11.61020526 0.00055088 0.00042624 0.00053844 0.00895617 0.40762287 0.04289192 0.32042022 0.00849406 0.02327958 0.02121230 0.15025110 0.01535623
23.00115006 11.60292741 0.00026418 0.00047217 0.00024422 0.00204425 0.40625440 0.04188302 0.32308775 0.00768440 0.02385947 0.02632225 0.15432621 0.01355770
23.10115506 11.59365742 0.00053793 0.00044780 0.00048373 0.00905470 0.39692292 0.04049365 0.31878553 0.01104725 0.02818524 0.03178757 0.14965852 0.01259518
23.20116006 11.59181564 0.00059568 0.00044547 0.00044444 0.00820467 0.39572581 0.04662651 0.32306662 0.00873517 0.02650858 0.03069275 0.15025352 0.00870079
23.30116506 11.58624273 0.00039679 0.00041729 0.00029580 0.00464181 0.39917786 0.04875319 0.32594025 0.01002497 0.02275130 0.02586095 0.15171330 0.01002650
23.40117006 11.58193903 0.00052790 0.00037521 0.00034469 0.00704383 0.40144097 0.05359627 0.32156458 0.00937123 0.02112814 0.02520515 0.15149110 0.00791093
23.50117506 11.57974564 0.00030520 0.00037469 0.00014842 0.00206351 0.40134819 0.05390398 0.32178072 0.01082283 0.02280641 0.02865734 0.14968998 0.00809873
23.60118006 11.57632879 0.00028599 0.00038294 0.00009251 0.00021491 0.41017140 0.04930986 0.32214020 0.01370624 0.01735349 0.02871258 0.14995197 0.00767792
23.70118506 11.56862926 0.00064042 0.00039693 0.00051258 0.01105975 0.40258915 0.05354689 0.31691548 0.01165423 0.01602653 0.02530692 0.15207191 0.00927921
23.80119006 11.56564410 0.00057081 0.00036800 0.00044118 0.01119072 0.40210890 0.05313717 0.31620410 0.01158559 0.01452071 0.02008172 0.15679829 0.01299281
23.90119506 11.56074835 0.00067969 0.00038018 0.00069215 0.01547011 0.40156240 0.04659839 0.31736303 0.01032170 0.01306613 0.01997907 0.15762825 0.01625890
24.00120006 11.55589999 0.00045604 0.00038636 0.00036017 0.00522274 0.40000557 0.05527455 0.31559152 0.01167419 0.01559117 0.02464441 0.15642537 0.01436789
24.10120506 11.54757897 0.00072074 0.00040387 0.00057945 0.01332595 0.39513557 0.05094501 0.31475413 0.01223059 0.02317895 0.02267824 0.15252748 0.01352003
24.20121006 11.54213681 0.00046970 0.00044073 0.00028957 0.00577672 0.39082324 0.05278095 0.31444205 0.01551489 0.03187268 0.02089194 0.15442130 0.01227623
24.30121506 11.53417580 0.00043507 0.00042826 0.00028197 0.00378501 0.39357797 0.05832344 0.31576360 0.01447344 0.02801350 0.01722913 0.15621666 0.01147193
24.40122006 11.52738970 0.00058100 0.00044327 0.00054330 0.01024958 0.39626785 0.05032255 0.31312245 0.01196851 0.02919557 0.01467562 0.16097086 0.01165944
24.50122506 11.52119916 0.00043970 0.00042049 0.00038166 0.00468565 0.39837294 0.04641268 0.31755552 0.01555887 0.02756199 0.01637865 0.15808906 0.01414279
24.60123006 11.51115908 0.00072953 0.00044431 0.00053619 0.01459033 0.38904164 0.04556621 0.31801046 0.01499957 0.02570206 0.01818614 0.15880153 0.01339204
24.70123506 11.50962377 0.00039620 0.00048071 0.00025178 0.00372214 0.39324870 0.04807596 0.32385700 0.01172395 0.02804563 0.02260759 0.15636796 0.01122238
24.80124006 11.49904455 0.00050241 0.00050881 0.00037487 0.00948859 0.39321116 0.04556737 0.32150280 0.01072323 0.03232234 0.02083726 0.15445488 0.01050628
24.90124506 11.49427137 0.00043359 0.00047375 0.00037800 0.00502189 0.39004798 0.04950640 0.32025732 0.00912451 0.02896438 0.02579336 0.15825657 0.01174226
25.00125006 11.48774125 0.00037249 0.00046526 0.00032510 0.00711978 0.39969021 0.04544912 0.32016769 0.00929494 0.03062129 0.02305994 0.15305555 0.01037863
25.10125506 11.48087261 0.00043688 0.00046918 0.00041872 0.00809621 0.39971245 0.04763298 0.31834065 0.00728237 0.03168901 0.02324495 0.15178870 0.01088790
25.20126006 11.47764646 0.00033580 0.00043905 0.00025818 0.00233530 0.40321903 0.04890820 0.31599280 0.00769829 0.02911777 0.02403440 0.15523135 0.01242983
25.30126506 11.47495939 0.00036100 0.00041938 0.00024077 0.00369274 0.39869725 0.04861817 0.31725468 0.00858896 0.02865777 0.02771173 0.15697091 0.00878663
25.40127006 11.47247730 0.00033136 0.00042544 0.00016949 0.00185632 0.39973000 0.04953021 0.31703464 0.01227322 0.02890728 0.02349332 0.15590263 0.01034607
25.50127506 11.46767301 0.00043796 0.00042734 0.00034800 0.00540843 0.39892221 0.05260310 0.31235493 0.00773290 0.02733299 0.02941370 0.15496254 0.01005590
25.60128006 11.46301110 0.00029359 0.00046195 0.00028210 0.00357291 0.40650375 0.04894041 0.31061191 0.00596824 0.02916195 0.02375004 0.15926044 0.01119271
