0.00000000 11.00000000 0.00000000 0.00000000 0.00000000 0.00000000 0.00000000 0.00000000 0.00000000 1.00000000 0.00000000 0.00000000 0.00000000 0.00000000
0.10000500 11.00243760 0.01807993 0.00086334 0.00546996 0.10175394 0.09710590 0.11120506 0.01844538 0.49572168 0.05615275 0.07136028 0.00943262 0.01440914
0.20001000 11.00003450 0.00769132 0.00076996 0.00399702 0.05685046 0.13801864 0.21358871 0.04314057 0.28548751 0.05830218 0.14090000 0.01976865 0.03148497
0.30001500 10.99829497 0.00406118 0.00078358 0.00219050 0.02503897 0.15550667 0.23169997 0.05735888 0.20245291 0.05729336 0.17236239 0.03905751 0.05219409
0.40002000 10.99659364 0.00438696 0.00077472 0.00205311 0.03205407 0.16510623 0.22306357 0.06181363 0.17248680 0.06301669 0.17959352 0.05528873 0.04036197
0.50002500 10.99564469 0.00424569 0.00076536 0.00208114 0.02130067 0.18480332 0.20535729 0.07267632 0.15213393 0.06858457 0.17995425 0.05917043 0.04892703
0.60003000 10.99274567 0.00337711 0.00075227 0.00163074 0.01824890 0.19290311 0.20297598 0.08361620 0.12461884 0.06934369 0.19176116 0.06338473 0.04738728
0.70003500 10.98726815 0.00397394 0.00066539 0.00210703 0.03029275 0.19850133 0.19069050 0.09229454 0.11227307 0.06768845 0.19926948 0.06285030 0.03939324
0.80004000 10.98209090 0.00339762 0.00067288 0.00212746 0.02390739 0.22056663 0.17792255 0.10782951 0.09655975 0.06345007 0.19356251 0.06148091 0.04852271
0.90004500 10.98112899 0.00260098 0.00068494 0.00143875 0.01347114 0.23358191 0.18807717 0.11820551 0.08300853 0.06251718 0.17765909 0.07101046 0.04774434
1.00005000 10.97484349 0.00274833 0.00075161 0.00194617 0.02010553 0.24349410 0.18699760 0.12619597 0.06750858 0.06101330 0.16526490 0.07654503 0.04742889
1.10005500 10.96641804 0.00277575 0.00068665 0.00183032 0.02343645 0.25654986 0.17622809 0.14397709 0.06836879 0.06122598 0.14453711 0.07556042 0.04482348
1.20006000 10.96155110 0.00206989 0.00072747 0.00130603 0.00938905 0.25939181 0.18422532 0.14940094 0.06669420 0.06931894 0.12541276 0.08116084 0.05090274
1.30006500 10.95731067 0.00234584 0.00063495 0.00132154 0.01312222 0.27537271 0.17902273 0.15738671 0.06407597 0.06405431 0.11743112 0.08255132 0.04268059
1.40007000 10.95142513 0.00245575 0.00064971 0.00144555 0.01878390 0.28761705 0.16905876 0.16471305 0.06352783 0.06238062 0.10460037 0.08263957 0.04212784
1.50007500 10.94655081 0.00179005 0.00078824 0.00080324 0.00653086 0.30914599 0.17141757 0.17290885 0.05702440 0.06567525 0.08618613 0.09348167 0.03424776
1.60008000 10.94114154 0.00168687 0.00076540 0.00066834 0.00453828 0.31582877 0.16757043 0.17825659 0.05329322 0.06680207 0.08671086 0.09434717 0.02953200
1.70008500 10.93574288 0.00176463 0.00076517 0.00079655 0.00913254 0.32480608 0.16244690 0.17979344 0.04933632 0.07124589 0.07761833 0.09538942 0.02690472
1.80009000 10.92769429 0.00183727 0.00074370 0.00075965 0.00729481 0.32954887 0.14786904 0.18543728 0.05109718 0.07099279 0.07719042 0.09727736 0.02995162
1.90009500 10.91857608 0.00215873 0.00068203 0.00127532 0.01948732 0.33935207 0.13860673 0.19615582 0.04558546 0.05987331 0.07332456 0.09393676 0.02956188
2.00010001 10.91312168 0.00201754 0.00061782 0.00124026 0.01512797 0.34011090 0.14243960 0.20353222 0.04440556 0.05881666 0.07089769 0.09092240 0.02987138
2.10010501 10.90516205 0.00152165 0.00063653 0.00068083 0.00751174 0.35159214 0.13428388 0.21332102 0.04461162 0.05483927 0.07136694 0.09161104 0.02802334
2.20011001 10.89047727 0.00188662 0.00066461 0.00122071 0.01642608 0.36000064 0.12197996 0.21640869 0.03686146 0.05574198 0.06629060 0.09318408 0.02933456
2.30011501 10.88529614 0.00166539 0.00069465 0.00115381 0.01422231 0.35356994 0.12977850 0.22171971 0.03105962 0.05351873 0.06205417 0.10049696 0.03006619
2.40012001 10.87890179 0.00122219 0.00072741 0.00077823 0.00938268 0.35059077 0.12851731 0.22522185 0.03197784 0.05458888 0.06317695 0.10487109 0.02894480
2.50012501 10.87534773 0.00124579 0.00066955 0.00069627 0.00691835 0.35093604 0.12780989 0.22808203 0.03180040 0.06085246 0.06186823 0.10345991 0.02566107
2.60013001 10.87153077 0.00123755 0.00061077 0.00077041 0.01045597 0.35435270 0.12075318 0.23444664 0.02932819 0.05781992 0.05963446 0.10676997 0.02382024
2.70013501 10.86569691 0.00133006 0.00060928 0.00098945 0.01172685 0.35515315 0.11604196 0.24062238 0.02831158 0.05440671 0.05466628 0.10720849 0.02893382
2.80014001 10.85516468 0.00149672 0.00062627 0.00088296 0.01087199 0.35442751 0.11656592 0.23967238 0.03602949 0.05500035 0.04811662 0.11027349 0.02603631
2.90014501 10.84995877 0.00115841 0.00062569 0.00045199 0.00605254 0.35343186 0.11342975 0.25072786 0.03659432 0.05660635 0.04967923 0.10860824 0.02263377
3.00015001 10.83887165 0.00137298 0.00069707 0.00087607 0.01246715 0.35025936 0.10614475 0.25196241 0.03198044 0.06219032 0.05070532 0.10689084 0.02445329
3.10015501 10.83295903 0.00087321 0.00070240 0.00053359 0.00623782 0.35170641 0.10542237 0.25599142 0.02729517 0.06288284 0.05055334 0.11071693 0.02708450
3.20016001 10.82383068 0.00090158 0.00067783 0.00066946 0.00648652 0.35394715 0.10641199 0.25541700 0.02290123 0.06231690 0.05313999 0.11364113 0.02348922
3.30016501 10.81986375 0.00097430 0.00060787 0.00081860 0.00661760 0.35942599 0.10454979 0.25734909 0.02347609 0.05837898 0.04781383 0.11223807 0.02774979
3.40017001 10.81309393 0.00093645 0.00063843 0.00057894 0.00629385 0.35806767 0.10578641 0.26117039 0.02430868 0.05989892 0.04808470 0.11222458 0.02201097
3.50017501 10.80458219 0.00142630 0.00070012 0.00119949 0.01187724 0.35712234 0.09275307 0.25569430 0.02426190 0.06758200 0.04697263 0.11090124 0.02950937
3.60018001 10.79502669 0.00133328 0.00080019 0.00108874 0.01391427 0.35636861 0.08944052 0.25499347 0.02005259 0.07309047 0.04639638 0.11674726 0.02577421
3.70018501 10.79595666 0.00143376 0.00077192 0.00118199 0.01852197 0.36294637 0.08715315 0.25987053 0.01634031 0.07279270 0.04135869 0.11761848 0.02001012
3.80019001 10.79325949 0.00105978 0.00072547 0.00078786 0.01071660 0.36075141 0.08502791 0.27174899 0.01819983 0.06751047 0.04351994 0.12126365 0.01868808
3.90019501 10.79033229 0.00091270 0.00067913 0.00076462 0.00961352 0.35725924 0.08499547 0.27612138 0.01606081 0.06800264 0.04328331 0.12193760 0.02036957
4.00020001 10.78437831 0.00127751 0.00065586 0.00103729 0.01475316 0.36445773 0.08350877 0.28159767 0.01698608 0.06112377 0.03823998 0.11816498 0.01819721
4.10020501 10.78044741 0.00155889 0.00060087 0.00120083 0.01413262 0.36565989 0.08346174 0.27909713 0.02003179 0.05610679 0.04303178 0.11653532 0.01858235
4.20021001 10.77106444 0.00128791 0.00071779 0.00088263 0.01555716 0.37572983 0.08148679 0.27823511 0.02098427 0.05487086 0.03549693 0.11844640 0.01630430
4.30021501 10.76193661 0.00125267 0.00072539 0.00088277 0.01524232 0.37747767 0.07502872 0.27804309 0.01888124 0.05527055 0.03922965 0.12048328 0.01748264
4.40022001 10.75881877 0.00085598 0.00069454 0.00047897 0.00601395 0.38210189 0.07388617 0.27830525 0.02292596 0.05732763 0.03821415 0.12157069 0.01762482
4.50022501 10.75078708 0.00095031 0.00067508 0.00053530 0.00674578 0.38173532 0.07361682 0.27383722 0.02291683 0.05556995 0.03713361 0.12818243 0.01810134
4.60023001 10.73792845 0.00109930 0.00071686 0.00082503 0.01070183 0.38039555 0.07396954 0.26771021 0.02291874 0.05913269 0.03277059 0.13004469 0.01971498
4.70023501 10.72897118 0.00081663 0.00074086 0.00044640 0.00697782 0.38656206 0.07505395 0.27154197 0.02054428 0.06188861 0.02867949 0.13126650 0.01548144
4.80024001 10.72532938 0.00086443 0.00070997 0.00065075 0.00716632 0.38810147 0.07518280 0.27320280 0.01610568 0.05328207 0.03121644 0.13870369 0.01481359
4.90024501 10.71630311 0.00092993 0.00068005 0.00063084 0.00936078 0.38317132 0.06682717 0.27250938 0.02224281 0.05486447 0.02963458 0.14277477 0.01637389
5.00025001 10.70389414 0.00094459 0.00069034 0.00063607 0.00692582 0.38580062 0.07050413 0.27508558 0.01928539 0.05690014 0.03036232 0.13752332 0.01534168
5.10025501 10.70195503 0.00079132 0.00066988 0.00050602 0.00920804 0.38943900 0.07474997 0.27455741 0.01505878 0.04581228 0.03751635 0.13752143 0.01416952
5.20026001 10.69013447 0.00105980 0.00065041 0.00079965 0.01136369 0.39025896 0.07566906 0.27424155 0.01692668 0.04447532 0.03482416 0.13637377 0.01335695
5.30026501 10.68402345 0.00131708 0.00066799 0.00093579 0.01413402 0.39489787 0.06521350 0.28065345 0.01606322 0.03973840 0.03454067 0.14004229 0.01179572
5.40027001 10.67837609 0.00074568 0.00068963 0.00047713 0.00489259 0.39372288 0.06259290 0.28646522 0.01786257 0.04046886 0.03461462 0.14465341 0.01281451
5.50027501 10.67002430 0.00069519 0.00070288 0.00050972 0.00701572 0.41133786 0.05537571 0.27875274 0.01435271 0.04300947 0.02934027 0.14419705 0.01471069
5.60028001 10.66934425 0.00095980 0.00064872 0.00075659 0.01032121 0.41097676 0.05045269 0.28530903 0.01602723 0.04006790 0.02864828 0.14299760 0.01283419
5.70028501 10.65828131 0.00094661 0.00062675 0.00085236 0.01130072 0.40720149 0.05725768 0.29270908 0.01089543 0.03896705 0.02698255 0.14049564 0.01176465
5.80029001 10.64877764 0.00065968 0.00063318 0.00058176 0.00903290 0.40024055 0.05900478 0.30023188 0.00935525 0.03774260 0.02910973 0.14115178 0.01225590
5.90029501 10.64655865 0.00081397 0.00066689 0.00046050 0.00486861 0.39882118 0.05332091 0.29893910 0.01648063 0.04142395 0.02503489 0.14814888 0.01102049
6.00030002 10.63598944 0.00071634 0.00067174 0.00046030 0.00495077 0.39286913 0.05774732 0.30388450 0.01269155 0.04297544 0.02410647 0.14759919 0.01132726
6.10030502 10.63246036 0.00074120 0.00068097 0.00056302 0.00648844 0.38824738 0.05648451 0.30605415 0.00965150 0.04604332 0.01918500 0.15297419 0.01288632
6.20031002 10.62874093 0.00036812 0.00066770 0.00019380 0.00029755 0.38740833 0.05640368 0.31054150 0.01240144 0.04221671 0.01867495 0.15716575 0.01366046
6.30031502 10.61582208 0.00057125 0.00068485 0.00034565 0.00375412 0.38801282 0.05226344 0.30969544 0.01262574 0.04245775 0.02152377 0.15714914 0.01091603
6.40032002 10.60879259 0.00102212 0.00065837 0.00087460 0.01606096 0.38784102 0.04318133 0.31296238 0.01140347 0.03892374 0.02125004 0.15561449 0.01020747
6.50032502 10.59884141 0.00081497 0.00071951 0.00056631 0.00845292 0.39172080 0.04279587 0.31709074 0.01023701 0.03782658 0.02338107 0.15664237 0.00975184
6.60033002 10.58693322 0.00053928 0.00077871 0.00046530 0.00338924 0.39230480 0.04098783 0.31864286 0.01051945 0.04163544 0.01952798 0.15663818 0.01457090
6.70033502 10.58265806 0.00032340 0.00070354 0.00025507 0.00300297 0.39241287 0.04451507 0.31305062 0.00953211 0.04232227 0.02205905 0.15751071 0.01431233
6.80034002 10.58026208 0.00039365 0.00067736 0.00031405 0.00209564 0.39197049 0.04549815 0.31144241 0.00966839 0.04311115 0.02294369 0.15879859 0.01308643
6.90034502 10.57082612 0.00057273 0.00059686 0.00045439 0.00513420 0.39377435 0.04820795 0.31426209 0.01026432 0.03523608 0.02387540 0.15613063 0.01149101
7.00035002 10.56695628 0.00038903 0.00059926 0.00022588 0.00038947 0.39532792 0.04632765 0.31180859 0.01391529 0.03484041 0.02534137 0.15742381 0.01341130
7.10035502 10.55723038 0.00048839 0.00064305 0.00030513 0.00209335 0.39024995 0.04271965 0.31425071 0.01310754 0.03323854 0.03096964 0.15961775 0.01231630
7.20036002 10.54904465 0.00064473 0.00063957 0.00043743 0.00531321 0.39069966 0.04236945 0.31773118 0.01322112 0.03330360 0.02716857 0.15762599 0.01084549
7.30036502 10.54175777 0.00063391 0.00067485 0.00055713 0.00847380 0.38746582 0.04233095 0.32232378 0.01034661 0.03391964 0.02191073 0.15961591 0.01174687
7.40037002 10.53196866 0.00061738 0.00065801 0.00052371 0.00712977 0.38949842 0.04074843 0.32583878 0.01073898 0.03457030 0.01904176 0.15943449 0.01119997
7.50037502 10.52002073 0.00065523 0.00068735 0.00051668 0.00851944 0.38472208 0.04014087 0.32282694 0.01026240 0.03618406 0.02352643 0.16357958 0.00837896
7.60038002 10.51190472 0.00051170 0.00062555 0.00020738 0.00181293 0.38241875 0.04469865 0.33004142 0.01471740 0.03098619 0.02251262 0.16392809 0.00753932
7.70038502 10.50582496 0.00043216 0.00066285 0.00010273 0.00033895 0.38058854 0.04381562 0.33226136 0.01700946 0.03417965 0.01937719 0.16430759 0.00692389
7.80039002 10.49449502 0.00047315 0.00064980 0.00042791 0.00356771 0.38652510 0.04103349 0.33033523 0.00987677 0.03229174 0.02217513 0.16019813 0.01244585
7.90039502 10.48345801 0.00057274 0.00066177 0.00049059 0.00466960 0.38877077 0.04531147 0.32435747 0.00949010 0.03199162 0.02276942 0.16021837 0.01069607
8.00040002 10.47830846 0.00061106 0.00059888 0.00057070 0.00843783 0.38741213 0.03875667 0.32248141 0.01073388 0.02779049 0.02933792 0.15971710 0.01355193
8.10040502 10.46596699 0.00102776 0.00064317 0.00068772 0.00966968 0.38252050 0.04097537 0.32149473 0.01812961 0.03004809 0.02582114 0.16129352 0.00768872
8.20041002 10.45749407 0.00062074 0.00060642 0.00039959 0.00638151 0.38538008 0.04409511 0.32263897 0.01583136 0.03041018 0.02762378 0.15896435 0.00704792
8.30041502 10.44745309 0.00068091 0.00060780 0.00061010 0.00820498 0.38738507 0.04726765 0.31433452 0.01104743 0.03291765 0.02695559 0.15875495 0.01123334
8.40042002 10.43787891 0.00069993 0.00063508 0.00035605 0.00488596 0.38323600 0.05068578 0.31685227 0.01630867 0.03432741 0.02458503 0.15894924 0.00847858
8.50042502 10.43077330 0.00062516 0.00061730 0.00036743 0.00733106 0.37827014 0.05240369 0.31975440 0.01299485 0.03388101 0.02566039 0.15947714 0.00861743
8.60043002 10.41876281 0.00064205 0.00062776 0.00049868 0.00680709 0.37821429 0.05460624 0.31639875 0.00955832 0.03369473 0.02864615 0.15906448 0.01124148
8.70043502 10.40664981 0.00045619 0.00072465 0.00017689 0.00167592 0.36752494 0.05514654 0.32523204 0.01166622 0.03454519 0.02816161 0.16397319 0.01071662
8.80044002 10.39970556 0.00074433 0.00063560 0.00037974 0.00550541 0.36157681 0.05580843 0.32147298 0.01515134 0.02986169 0.03322696 0.16445292 0.01118380
8.90044502 10.39008875 0.00092637 0.00060022 0.00052517 0.00883175 0.36254228 0.05495854 0.32123227 0.01840975 0.02816384 0.03336490 0.15946140 0.01098351
9.00045002 10.38238519 0.00061317 0.00063117 0.00032258 0.00525706 0.35997515 0.05545886 0.32145974 0.01903261 0.03199211 0.03277882 0.15994183 0.01253691
9.10045502 10.37653638 0.00076594 0.00065446 0.00044196 0.00504319 0.36016213 0.05855526 0.32210569 0.01907526 0.03619546 0.02649272 0.15888226 0.01162567
9.20046002 10.37161029 0.00079761 0.00068937 0.00060212 0.01041396 0.36069805 0.04661846 0.32778428 0.01439340 0.04279794 0.02946770 0.15603036 0.00970676
9.30046502 10.35898567 0.00101338 0.00063731 0.00067728 0.00828322 0.35753246 0.04631921 0.32453071 0.01848424 0.04243340 0.03046581 0.15886612 0.01075686
9.40047002 10.35274528 0.00080643 0.00070500 0.00071333 0.00854992 0.35434981 0.04466493 0.32547661 0.01361044 0.04726508 0.02770636 0.16020350 0.01594860
9.50047502 10.34844747 0.00060529 0.00066234 0.00034956 0.00212277 0.35733413 0.04540756 0.32524361 0.01676575 0.04819599 0.02525971 0.16256393 0.01548936
9.60048002 10.33630784 0.00068689 0.00069325 0.00057887 0.00608940 0.35555049 0.04153537 0.32631388 0.01468685 0.04745592 0.02823869 0.16198646 0.01618393
9.70048502 10.32660623 0.00059184 0.00077221 0.00036816 0.00528880 0.35450648 0.04512157 0.32907664 0.01376834 0.04859545 0.02973225 0.16304922 0.00912902
9.80049002 10.31885700 0.00079443 0.00068720 0.00055149 0.00633096 0.35655587 0.05114472 0.33064241 0.01452523 0.04542211 0.02690230 0.15669241 0.00975087
9.90049502 10.31257677 0.00043667 0.00069005 0.00037528 0.00210086 0.35422727 0.05336623 0.33858369 0.01126185 0.04492782 0.02030576 0.15957117 0.01415334
10.00050003 10.30810989 0.00053305 0.00074768 0.00040326 0.00361956 0.35172289 0.05268533 0.33716974 0.01093165 0.04560900 0.02226728 0.16275069 0.01155987
10.10050503 10.30034199 0.00042431 0.00077586 0.00024700 0.00163926 0.34575635 0.04743900 0.33837434 0.01302297 0.04647031 0.02805119 0.16662314 0.01117627
10.20051003 10.28964456 0.00069726 0.00075461 0.00054097 0.00649655 0.36152714 0.03956779 0.32808227 0.01036355 0.04289291 0.03037245 0.16874307 0.00996144
10.30051503 10.28450810 0.00073971 0.00072428 0.00056413 0.00732979 0.36386226 0.04218095 0.32849321 0.01072561 0.04026298 0.02887630 0.16665727 0.00958352
10.40052003 10.27799211 0.00045713 0.00066835 0.00032935 0.00589932 0.37620553 0.03876930 0.33422386 0.00935637 0.03756617 0.02391173 0.16133609 0.01127680
10.50052503 10.26941371 0.00058185 0.00065866 0.00044943 0.00543848 0.37797143 0.03859893 0.32804517 0.01023850 0.03902188 0.03170748 0.15630286 0.01098534
10.60053003 10.25725856 0.00078940 0.00061865 0.00064958 0.00849262 0.37317919 0.03525412 0.32859652 0.01290772 0.03949127 0.03403854 0.15411437 0.01186803
10.70053503 10.24977315 0.00053746 0.00064613 0.00040519 0.00464886 0.37068838 0.03668176 0.33327254 0.01215349 0.04055094 0.03566231 0.15284201 0.01191093
10.80054003 10.23748508 0.00059333 0.00069358 0.00031731 0.00534430 0.36783419 0.03397559 0.33501227 0.01511512 0.04298176 0.03505623 0.15347821 0.00959812
10.90054503 10.23277734 0.00083244 0.00063898 0.00076910 0.00961321 0.36848022 0.03167862 0.33446336 0.01122241 0.04090826 0.03600128 0.15550919 0.00988294
11.00055003 10.22548180 0.00059306 0.00063467 0.00028723 0.00359855 0.36815055 0.03991329 0.33313327 0.01503893 0.04043880 0.03367757 0.15764272 0.00689138
11.10055503 10.21947525 0.00076175 0.00061190 0.00058264 0.00728928 0.36667499 0.04450740 0.33500270 0.01399823 0.03663895 0.02627148 0.15907147 0.00858922
11.20056003 10.20821760 0.00033998 0.00068672 0.00016570 0.00024857 0.37238199 0.04423368 0.33627835 0.01367202 0.04068649 0.02295764 0.15796646 0.01038241
11.30056503 10.20427310 0.00052953 0.00064971 0.00026460 0.00214386 0.36672516 0.04334624 0.34391254 0.01380257 0.04090951 0.02202648 0.15580308 0.00988671
11.40057003 10.19539704 0.00044638 0.00068492 0.00020120 0.00191582 0.36622599 0.04465037 0.33752434 0.01202021 0.04113436 0.02681809 0.16043038 0.00794793
11.50057503 10.18690929 0.00061758 0.00070329 0.00048611 0.00736385 0.36290685 0.04263679 0.33964700 0.00992710 0.04006783 0.02584816 0.15867503 0.01112042
11.60058003 10.18041144 0.00099968 0.00066931 0.00081321 0.01007001 0.36510545 0.04143034 0.33061505 0.01496707 0.03698050 0.02669654 0.15862969 0.01302314
11.70058503 10.17123847 0.00074401 0.00070523 0.00068045 0.00958429 0.36891994 0.03835831 0.33073300 0.01308007 0.04233843 0.02724883 0.15530339 0.01230404
11.80059003 10.16485169 0.00032146 0.00071303 0.00032117 0.00231796 0.36953172 0.03833780 0.34114669 0.01153758 0.04377895 0.02129740 0.15482961 0.01586662
11.90059503 10.15891759 0.00063234 0.00064332 0.00044161 0.00518256 0.36409122 0.03718410 0.35109744 0.01226173 0.04004441 0.02335240 0.15612361 0.00894526
12.00060003 10.14929945 0.00093341 0.00061179 0.00066260 0.00971398 0.36473365 0.03780860 0.35598277 0.01289858 0.03796668 0.02322783 0.14870510 0.00675499
12.10060503 10.14198635 0.00049477 0.00072246 0.00032606 0.00370437 0.36719622 0.03909952 0.35127413 0.01138175 0.04557927 0.02021365 0.15322792 0.00677988
12.20061003 10.14052276 0.00026018 0.00068985 0.00018135 0.00026423 0.37464355 0.03560264 0.35289977 0.00854343 0.04289734 0.02023757 0.15286949 0.01091060
12.30061503 10.13169737 0.00038152 0.00065725 0.00025421 0.00582406 0.37106731 0.03531989 0.35055681 0.01005059 0.03738905 0.02201565 0.15632960 0.01015408
12.40062003 10.11714448 0.00065620 0.00064584 0.00057108 0.00591159 0.36934505 0.03723206 0.35004267 0.01047988 0.03456873 0.02473206 0.15539771 0.01041713
12.50062503 10.11031417 0.00045734 0.00067756 0.00022919 0.00389534 0.36591429 0.03619139 0.34811248 0.01263349 0.03830625 0.02690778 0.15898941 0.00768546
12.60063003 10.09778666 0.00049734 0.00063344 0.00043463 0.00536437 0.36629766 0.03438685 0.34851193 0.01183371 0.03824034 0.02889303 0.15431664 0.01059007
12.70063503 10.09043073 0.00059491 0.00065203 0.00048057 0.00735835 0.36400414 0.03386596 0.35040866 0.01063060 0.04226299 0.02930766 0.15067218 0.00976195
12.80064003 10.08553556 0.00037249 0.00061728 0.00028081 0.00194990 0.36235648 0.03806682 0.35882500 0.00783225 0.04169061 0.02867394 0.14851064 0.01082378
12.90064503 10.07837964 0.00068278 0.00063688 0.00051366 0.00509862 0.36402842 0.04155000 0.35442103 0.01006445 0.03580982 0.02416779 0.15110385 0.01192269
13.00065003 10.06870017 0.00058793 0.00068080 0.00048326 0.00352967 0.36575121 0.03936992 0.35017416 0.01154776 0.04127801 0.02412977 0.15011582 0.01235170
13.10065503 10.06459768 0.00064411 0.00061009 0.00053974 0.00562881 0.37131091 0.03995868 0.34330832 0.01382402 0.04104355 0.02267694 0.14972712 0.01072771
13.20066003 10.05181289 0.00074245 0.00063557 0.00060156 0.00945178 0.36352027 0.03761438 0.34417495 0.01394222 0.04244865 0.02840013 0.14922056 0.00924748
13.30066503 10.04697499 0.00072448 0.00059364 0.00056401 0.00941712 0.36499598 0.04146705 0.34914904 0.01182174 0.04070571 0.02536020 0.14655562 0.00864541
13.40067003 10.04067168 0.00042147 0.00056619 0.00021303 0.00162266 0.36525037 0.04749942 0.34990064 0.01300027 0.04029898 0.02473925 0.14798383 0.00850390
13.50067503 10.03517781 0.00056122 0.00065067 0.00034185 0.00354644 0.36789414 0.04272281 0.34705830 0.01179422 0.04008298 0.02283431 0.15231390 0.01019915
13.60068003 10.02891226 0.00060883 0.00061704 0.00030600 0.00514808 0.37189508 0.03756452 0.34771887 0.01567166 0.03958673 0.02064996 0.15018228 0.01005095
13.70068503 10.01816169 0.00053150 0.00059365 0.00036278 0.00556303 0.37482647 0.04098771 0.34161220 0.01182458 0.03823877 0.02624241 0.14872891 0.01048799
13.80069003 10.00826683 0.00085992 0.00064264 0.00071202 0.00906453 0.37324017 0.03782533 0.34177380 0.01335641 0.03641593 0.02423277 0.14792746 0.01394902
13.90069503 10.00222604 0.00078711 0.00065104 0.00047908 0.00573876 0.37291355 0.03770970 0.34585555 0.01893247 0.03187836 0.02410494 0.14870150 0.01224794
14.00070004 9.99841226 0.00050094 0.00053503 0.00035192 0.00609054 0.37754901 0.04122698 0.35048817 0.01528181 0.02819978 0.02341243 0.14522801 0.01113537
14.10070504 9.98912861 0.00069216 0.00057693 0.00058031 0.00701359 0.37477101 0.04451810 0.34480555 0.01207755 0.03179956 0.02937452 0.14204695 0.01174377
14.20071004 9.97884675 0.00042945 0.00058024 0.00030985 0.00405686 0.37748026 0.04422937 0.34953457 0.01143618 0.03258798 0.02443717 0.14381695 0.01110113
14.30071504 9.97172727 0.00065540 0.00055195 0.00054102 0.00509305 0.37549029 0.04284643 0.34186698 0.01170982 0.03058091 0.03270340 0.14550987 0.01245087
14.40072004 9.96712607 0.00039868 0.00056641 0.00025186 0.00186347 0.37859150 0.04255963 0.33980960 0.01089954 0.03356930 0.03489728 0.14546319 0.01112954
14.50072504 9.95627363 0.00035990 0.00056283 0.00014332 0.00229336 0.38336945 0.04113189 0.34191765 0.01449913 0.02640015 0.03452556 0.14574993 0.00904684
14.60073004 9.95079786 0.00051668 0.00058237 0.00031825 0.00495922 0.38352300 0.04400754 0.33985373 0.01206466 0.02853658 0.02959801 0.14750432 0.00853565
14.70073504 9.93892395 0.00044740 0.00058935 0.00024093 0.00348453 0.38377782 0.04462930 0.33771328 0.01246486 0.02875881 0.03027219 0.14916074 0.00846079
14.80074004 9.92490153 0.00077960 0.00053202 0.00052057 0.00633898 0.36964258 0.05220544 0.34250822 0.01546015 0.02482301 0.02934048 0.14649418 0.01135478
14.90074504 9.91154198 0.00090514 0.00059167 0.00075926 0.01361120 0.36900717 0.04712718 0.34467625 0.01222305 0.02690567 0.02730117 0.14481924 0.01207299
15.00075004 9.90547332 0.00070166 0.00057030 0.00055616 0.00458747 0.37063088 0.04934886 0.34850983 0.01186382 0.02505891 0.02731236 0.14523009 0.01562968
15.10075504 9.90253714 0.00042566 0.00055504 0.00022853 0.00233510 0.37021701 0.05406639 0.35117603 0.01132821 0.02617616 0.02497050 0.14587576 0.01264561
15.20076004 9.89917034 0.00048465 0.00060015 0.00031965 0.00342029 0.36954862 0.05654697 0.34806900 0.01003524 0.03205986 0.02212328 0.14572237 0.01106993
15.30076504 9.89221740 0.00088857 0.00053909 0.00074681 0.00926037 0.36433578 0.05286613 0.34665598 0.01345467 0.02823197 0.02530001 0.14623717 0.01148344
15.40077004 9.88757078 0.00052589 0.00059577 0.00048725 0.00642126 0.36024274 0.04835683 0.35368697 0.01252231 0.03367651 0.02221290 0.14779802 0.01347355
15.50077504 9.87837418 0.00084260 0.00056920 0.00066166 0.01213915 0.36964133 0.04593304 0.34875036 0.01126415 0.03326147 0.02199603 0.14177765 0.01316336
15.60078004 9.87279599 0.00079152 0.00059634 0.00065757 0.00823562 0.37111520 0.04945276 0.34853117 0.01024909 0.03367882 0.02189471 0.14407846 0.01071874
15.70078504 9.87106057 0.00031609 0.00054660 0.00031870 0.00289447 0.37434941 0.04861243 0.35235200 0.00783708 0.03294574 0.02032188 0.14580625 0.01369935
15.80079004 9.86196595 0.00066896 0.00059814 0.00042915 0.00668895 0.36566638 0.04622302 0.34990610 0.01573150 0.03650404 0.02155685 0.14332534 0.01270157
15.90079504 9.85661162 0.00068508 0.00062871 0.00055058 0.00973998 0.36575882 0.04591772 0.34592538 0.01319023 0.04132231 0.01947905 0.14436478 0.01243736
16.00080004 9.85289772 0.00101834 0.00054409 0.00061519 0.00960632 0.36955341 0.04204419 0.33914380 0.01866668 0.03347186 0.02628084 0.14928684 0.00976844
16.10080504 9.84116268 0.00081206 0.00060696 0.00060133 0.00907721 0.37041063 0.04003821 0.34388819 0.01545836 0.03366703 0.02225700 0.15142719 0.01175582
16.20081004 9.83321037 0.00060245 0.00063275 0.00039100 0.00951527 0.37200621 0.04158700 0.34369821 0.01087244 0.03800963 0.02536819 0.14965320 0.00766367
16.30081504 9.82452900 0.00062755 0.00062525 0.00049776 0.00883612 0.37293776 0.04545590 0.34085944 0.00656541 0.03532962 0.02809795 0.15024793 0.00991930
16.40082004 9.82141122 0.00065143 0.00063871 0.00049425 0.00707466 0.37424982 0.04657224 0.33719943 0.00855592 0.03835084 0.02699062 0.14956120 0.00966087
16.50082504 9.80557504 0.00122679 0.00067891 0.00106796 0.01583725 0.36938340 0.04389933 0.33158181 0.00938161 0.04041710 0.02675136 0.14993877 0.00983569
16.60083004 9.79724504 0.00061269 0.00067571 0.00066299 0.00834460 0.36918459 0.04463055 0.33059854 0.00924071 0.04181212 0.02415834 0.15372904 0.01635013
16.70083504 9.79639974 0.00047390 0.00064299 0.00046886 0.00334707 0.37627210 0.04574162 0.33143426 0.01105347 0.04226819 0.02204018 0.15138246 0.01487489
16.80084004 9.78628457 0.00053035 0.00062177 0.00039659 0.00377271 0.37839221 0.04589261 0.33575100 0.01055279 0.03854329 0.02238872 0.15069172 0.01246622
16.90084504 9.78007503 0.00073172 0.00057718 0.00050929 0.00875633 0.38358994 0.04518853 0.32853146 0.01221070 0.03231404 0.02347901 0.15298739 0.01112443
17.00085004 9.76924095 0.00086702 0.00060337 0.00072371 0.01018293 0.37919360 0.04776756 0.32216175 0.01317471 0.03476359 0.02816373 0.14927769 0.01312035
17.10085504 9.76464282 0.00064847 0.00058385 0.00048378 0.00449547 0.38296620 0.05537188 0.31559010 0.01241188 0.03628190 0.02808631 0.15057795 0.01250221
17.20086004 9.75475427 0.00074519 0.00061861 0.00063778 0.00720206 0.37807922 0.05472435 0.31708886 0.00998689 0.03657359 0.03192618 0.14963972 0.01277755
17.30086504 9.73923055 0.00076631 0.00064328 0.00055427 0.00832690 0.37963230 0.05305418 0.32281388 0.01037630 0.03414404 0.02528388 0.15276650 0.01163815
17.40087004 9.73543237 0.00075501 0.00062118 0.00048257 0.00657738 0.37708636 0.05361603 0.32257429 0.01283188 0.03253405 0.02343315 0.15718412 0.01230398
17.50087504 9.73122639 0.00051847 0.00064710 0.00031332 0.00527027 0.38098748 0.05315322 0.32739554 0.01120642 0.03429309 0.01790872 0.15667680 0.01162957
17.60088004 9.72258519 0.00076276 0.00063134 0.00056539 0.00655214 0.38210892 0.05765854 0.32297616 0.01228616 0.03048320 0.01685985 0.15780039 0.01131515
17.70088504 9.70858466 0.00071322 0.00061559 0.00048920 0.00681907 0.38070022 0.05700303 0.32020603 0.01229895 0.03411688 0.01964560 0.15636127 0.01103094
17.80089004 9.69861975 0.00067268 0.00062210 0.00034866 0.00519341 0.37643037 0.05809882 0.32265657 0.01400613 0.03567914 0.02426440 0.15261182 0.00941590
17.90089504 9.68668528 0.00089548 0.00061988 0.00070174 0.01069726 0.37155919 0.05935482 0.32252419 0.01229512 0.03095006 0.02713445 0.15234668 0.01092112
18.00090005 9.67370629 0.00040233 0.00065565 0.00023276 0.00423709 0.37352908 0.05755420 0.32815734 0.01119213 0.02765595 0.03019274 0.15400199 0.01218876
18.10090505 9.66857200 0.00076009 0.00060131 0.00038473 0.00745076 0.37571094 0.05327643 0.32864067 0.01644506 0.02780885 0.02403051 0.15323823 0.01165242
18.20091005 9.66574500 0.00066823 0.00057186 0.00037366 0.00576224 0.37673524 0.05649140 0.32791803 0.01405746 0.02805736 0.02782370 0.15071752 0.01082332
18.30091505 9.65442620 0.00078993 0.00060427 0.00052227 0.00678283 0.37993955 0.04664925 0.32526828 0.01898152 0.03021705 0.02804560 0.15197085 0.01022860
18.40092005 9.64757892 0.00068622 0.00058240 0.00053687 0.00604109 0.38130211 0.04658325 0.33108893 0.01485346 0.02472870 0.02593328 0.15629786 0.01136583
18.50092505 9.64385139 0.00060166 0.00055951 0.00032580 0.00398987 0.37661950 0.04949956 0.33275115 0.01602899 0.02654489 0.02749186 0.15552495 0.01006226
18.60093005 9.63370561 0.00042695 0.00058586 0.00026362 0.00043349 0.38015382 0.05006624 0.32693272 0.01461491 0.02798637 0.02799387 0.15634123 0.01420091
18.70093505 9.62788008 0.00054877 0.00059849 0.00034301 0.00565473 0.37688987 0.04843471 0.32353155 0.01492829 0.03091557 0.02631004 0.15806451 0.01378046
18.80094005 9.62582480 0.00053812 0.00058646 0.00025235 0.00355981 0.37657749 0.04883185 0.32398825 0.01703787 0.02911768 0.02674712 0.16173012 0.01103289
18.90094505 9.61862591 0.00081176 0.00054240 0.00062181 0.01173153 0.37253268 0.05116641 0.32247708 0.01356743 0.03082526 0.02826995 0.15762259 0.00983110
19.00095005 9.60974957 0.00086540 0.00058999 0.00064516 0.01152926 0.37044266 0.04775181 0.32429042 0.01721847 0.02998215 0.02763845 0.15869479 0.01035145
19.10095505 9.60031611 0.00091886 0.00061974 0.00089716 0.01336438 0.37532227 0.04801738 0.31901484 0.00953173 0.03185111 0.03050801 0.15719204 0.01276249
19.20096005 9.59634572 0.00052773 0.00062106 0.00044319 0.00738427 0.37709673 0.04399016 0.32618649 0.01053524 0.03348630 0.02883917 0.15660942 0.01428024
19.30096505 9.59015828 0.00056299 0.00058660 0.00053092 0.00551880 0.37745894 0.04497186 0.32223917 0.01054890 0.02639912 0.03458744 0.15931617 0.01727908
19.40097005 9.58022498 0.00076493 0.00065781 0.00059046 0.00733564 0.37222001 0.04329697 0.31816614 0.01418879 0.03291181 0.03599117 0.15804423 0.01583204
19.50097505 9.56863801 0.00042180 0.00062440 0.00031919 0.00074653 0.37088046 0.05239508 0.32688003 0.01384653 0.02773100 0.03311016 0.15988412 0.01316072
19.60098005 9.56154857 0.00058148 0.00059069 0.00042326 0.00377125 0.37348308 0.05583934 0.32395418 0.01519801 0.03112554 0.02646869 0.15484652 0.01371796
19.70098505 9.55608266 0.00077824 0.00058268 0.00074466 0.00891392 0.37389707 0.05256057 0.32344112 0.01518904 0.02630696 0.02279748 0.15777218 0.01701608
19.80099005 9.54723978 0.00067146 0.00055291 0.00048247 0.00537582 0.37771569 0.05404375 0.33552404 0.01495452 0.02543583 0.02021583 0.15477153 0.01025615
19.90099505 9.53665170 0.00092656 0.00052694 0.00064812 0.00709776 0.37636142 0.05575558 0.33174706 0.01516311 0.02859104 0.01875442 0.15077354 0.01365445
20.00100005 9.52825883 0.00070223 0.00056817 0.00046080 0.00637565 0.37835240 0.05532475 0.33239753 0.01220094 0.02814411 0.02216802 0.15253778 0.01076760
20.10100505 9.51550434 0.00112014 0.00068673 0.00091387 0.01470841 0.36808425 0.05694162 0.32516941 0.00949077 0.03407118 0.02079277 0.15798842 0.01003242
20.20101005 9.51228268 0.00067326 0.00064301 0.00030936 0.00529695 0.37066523 0.06014947 0.32345652 0.01256269 0.03218173 0.02293705 0.16105351 0.01007122
20.30101505 9.50814387 0.00052717 0.00058236 0.00034469 0.00549793 0.37112893 0.06079768 0.32300848 0.01050826 0.03265492 0.02363673 0.15862531 0.01268753
20.40102005 9.49822156 0.00072056 0.00051486 0.00064216 0.00705285 0.37176838 0.05711021 0.32455105 0.01159165 0.02996193 0.02499334 0.15520377 0.01588923
20.50102505 9.48758773 0.00045473 0.00053391 0.00041227 0.00396467 0.37275455 0.05400605 0.33444839 0.00956800 0.02499886 0.02901084 0.15326429 0.01658344
20.60103005 9.48110788 0.00093337 0.00050027 0.00072202 0.01022449 0.36990372 0.05198556 0.33424380 0.01454513 0.02659812 0.02630333 0.15075409 0.01328609
20.70103505 9.47206660 0.00108244 0.00060929 0.00084811 0.01117220 0.37168455 0.04968914 0.32700957 0.01508631 0.03376048 0.02524983 0.15093611 0.01287198
20.80104005 9.45828850 0.00053628 0.00067606 0.00035281 0.00306334 0.37246123 0.05255620 0.32450239 0.01523351 0.03296278 0.02656014 0.15939754 0.01169772
20.90104505 9.45510070 0.00060411 0.00059057 0.00056020 0.00379806 0.37513168 0.05176612 0.32504508 0.01241467 0.03527485 0.02824488 0.15195781 0.01461196
21.00105005 9.45164699 0.00096229 0.00055063 0.00087774 0.01197579 0.37630171 0.05117969 0.32503143 0.00993279 0.03136195 0.02664430 0.15075427 0.01442739
21.10105505 9.44993978 0.00090944 0.00055177 0.00077579 0.01188008 0.37502841 0.05083136 0.32478794 0.01285868 0.02986276 0.02720188 0.15176912 0.01354277
21.20106005 9.44590478 0.00081845 0.00057903 0.00063442 0.00797929 0.38365152 0.05031993 0.32395068 0.01232465 0.03186561 0.02496153 0.15195316 0.01096172
21.30106505 9.43688369 0.00094949 0.00057077 0.00074835 0.00984880 0.38488972 0.04874016 0.32340377 0.01759103 0.03181686 0.01997887 0.15131888 0.01014329
21.40107005 9.42947322 0.00070269 0.00058860 0.00049730 0.00646981 0.38274091 0.04930997 0.33274872 0.01340218 0.03143992 0.01977526 0.15248186 0.00984278
21.50107505 9.41707119 0.00084244 0.00064239 0.00075053 0.01091239 0.37111265 0.05131777 0.32974434 0.01211107 0.04102919 0.01816547 0.15147143 0.01190033
21.60108005 9.40767786 0.00097150 0.00061762 0.00074023 0.01115869 0.36998042 0.05291697 0.32186713 0.01460925 0.04653074 0.01977890 0.15100409 0.00982448
21.70108505 9.40235566 0.00098413 0.00058294 0.00059863 0.00839760 0.36096504 0.05802808 0.32494405 0.01528501 0.04068521 0.02418297 0.15682276 0.00852358
21.80109005 9.39892776 0.00080084 0.00059191 0.00060239 0.01176162 0.36465705 0.05353949 0.32519796 0.01199150 0.03956242 0.02142844 0.15799066 0.01187572
21.90109505 9.39498845 0.00089199 0.00057111 0.00060931 0.00906835 0.35844114 0.05271885 0.33477169 0.01694369 0.03496138 0.02438438 0.15325468 0.01338343
22.00110006 9.38438075 0.00041869 0.00055482 0.00037631 0.00194757 0.36155091 0.06111347 0.33609670 0.01080795 0.03027669 0.02775204 0.15152088 0.01758397
22.10110506 9.37722819 0.00059219 0.00060193 0.00026209 0.00162664 0.36269556 0.05762046 0.33867742 0.01508694 0.03360718 0.02734168 0.14841791 0.01346999
22.20111006 9.36315928 0.00082325 0.00060930 0.00059225 0.00935376 0.35974933 0.06221461 0.33588052 0.01394980 0.02941414 0.02760229 0.14834671 0.01146405
22.30111506 9.35544657 0.00077538 0.00059030 0.00050246 0.00817391 0.36407744 0.06349773 0.33574748 0.01463882 0.02817211 0.02579901 0.14741267 0.01061270
22.40112006 9.35387186 0.00069307 0.00057117 0.00038979 0.00557069 0.36803427 0.06285178 0.33515311 0.01535382 0.02983613 0.01951335 0.15040532 0.01162751
22.50112506 9.35024572 0.00067953 0.00058182 0.00035178 0.00480250 0.36942985 0.05809444 0.34131437 0.01697349 0.03135776 0.01763491 0.14931621 0.00946335
22.60113006 9.34477344 0.00075926 0.00050384 0.00047156 0.00914296 0.36830014 0.05641187 0.34461151 0.01720415 0.02822271 0.01664580 0.14636180 0.01136440
22.70113506 9.33856783 0.00061528 0.00054015 0.00029379 0.00375209 0.37449124 0.05259662 0.34367860 0.01855928 0.02864685 0.02025625 0.14664317 0.00992669
22.80114006 9.32743408 0.00066076 0.00056521 0.00030077 0.00368152 0.38330303 0.05061940 0.34545802 0.01810137 0.02501835 0.01958991 0.14365538 0.00904626
22.90114506 9.31686203 0.00080111 0.00058406 0.00064441 0.01011179 0.37883740 0.05592900 0.33766352 0.01220152 0.02927140 0.01649488 0.14764361 0.00981730
23.00115006 9.30939859 0.00073986 0.00055622 0.00058602 0.00686856 0.37245529 0.05918277 0.33461796 0.01296971 0.02943344 0.02391144 0.14693709 0.01174164
23.10115506 9.30513734 0.00063081 0.00054609 0.00044502 0.00741573 0.37297720 0.05378348 0.33775630 0.01142493 0.02949360 0.02308591 0.15122680 0.01121412
23.20116006 9.30013336 0.00058553 0.00055869 0.00048855 0.00704357 0.37326169 0.05024042 0.33719120 0.01108287 0.03254323 0.02054642 0.15444519 0.01201265
23.30116506 9.29614207 0.00044229 0.00052918 0.00038934 0.00732969 0.37952422 0.04015593 0.34044919 0.00938109 0.03340438 0.02386878 0.15209303 0.01243287
23.40117006 9.29270035 0.00047009 0.00054110 0.00032971 0.00355742 0.38059789 0.03709095 0.34896908 0.00895220 0.03286730 0.02428456 0.15302464 0.00931507
23.50117506 9.29107925 0.00049995 0.00052664 0.00030821 0.00354602 0.38454765 0.03639417 0.35100430 0.01140305 0.02998841 0.02306738 0.14993300 0.00878123
23.60118006 9.28089073 0.00058394 0.00059504 0.00046642 0.00506102 0.38326092 0.03254197 0.35194861 0.01138519 0.03009115 0.02430118 0.15010428 0.00966028
23.70118506 9.27434550 0.00058574 0.00058947 0.00050359 0.00555051 0.38741821 0.02800008 0.35191912 0.01059482 0.03029536 0.02478887 0.14977784 0.00997638
23.80119006 9.27061607 0.00041454 0.00055658 0.00027924 0.00197248 0.38879551 0.02947718 0.34857538 0.01076333 0.03163645 0.02499034 0.15243608 0.01010289
23.90119506 9.25888222 0.00038711 0.00055566 0.00021836 0.00191385 0.38677967 0.03752013 0.33954749 0.00918087 0.03114106 0.03205349 0.15397612 0.00672618
24.00120006 9.24797399 0.00059462 0.00054805 0.00040664 0.00501849 0.38683826 0.03206360 0.34271912 0.00933254 0.02941101 0.03028392 0.15448356 0.00830017
24.10120506 9.24322737 0.00049814 0.00054714 0.00025495 0.00389261 0.38746970 0.03341850 0.34150550 0.01267710 0.02971596 0.03073858 0.15276170 0.00652013
24.20121006 9.23685363 0.00042271 0.00059903 0.00019593 0.00356337 0.39389718 0.02798904 0.34154850 0.01151096 0.03181481 0.02677753 0.15614048 0.00554046
24.30121506 9.23430938 0.00050843 0.00058152 0.00029550 0.00925953 0.39361153 0.02803702 0.33918818 0.01166571 0.03377684 0.02281902 0.15484194 0.00541478
24.40122006 9.22832617 0.00049458 0.00062881 0.00025651 0.00174785 0.38961123 0.02680937 0.34143685 0.01446732 0.03591552 0.02379964 0.15840758 0.00642472
24.50122506 9.22281140 0.00041466 0.00055070 0.00034003 0.00369545 0.39308981 0.02595981 0.33386425 0.01325840 0.03696805 0.02223532 0.15752720 0.01209633
24.60123006 9.21349766 0.00047994 0.00060905 0.00031590 0.00306874 0.38659909 0.02557943 0.34072028 0.01179006 0.04062198 0.02294502 0.15944961 0.00782091
24.70123506 9.20418902 0.00051782 0.00063559 0.00026831 0.00730215 0.38230893 0.03170438 0.33541044 0.01484071 0.04537434 0.01748138 0.15827070 0.00588524
24.80124006 9.19232004 0.00070498 0.00059788 0.00046566 0.00866383 0.37520711 0.03950284 0.33712371 0.01321546 0.04632201 0.01801804 0.15474928 0.00542920
24.90124506 9.18476387 0.00100998 0.00058051 0.00066600 0.01155287 0.37023346 0.03275047 0.33976648 0.01557228 0.04666275 0.02067993 0.15475680 0.00576846
25.00125006 9.17852345 0.00069063 0.00059626 0.00049881 0.00652568 0.36823207 0.03693316 0.33705734 0.01275930 0.04746741 0.02449665 0.15664692 0.00809577
25.10125506 9.16757138 0.00069549 0.00063741 0.00059661 0.00838205 0.36423310 0.03704604 0.34006294 0.01128472 0.04684010 0.02192193 0.15622644 0.01207316
25.20126006 9.16320380 0.00067719 0.00063061 0.00037566 0.00532844 0.36676438 0.03511335 0.34357535 0.01624211 0.04437967 0.02370661 0.15464999 0.00855664
25.30126506 9.16052002 0.00063696 0.00062538 0.00041934 0.00522336 0.36435075 0.03592379 0.34095718 0.01468697 0.04530314 0.02553170 0.15676356 0.00957788
25.40127006 9.15442561 0.00072528 0.00061089 0.00055319 0.00666512 0.37080374 0.03147885 0.34358957 0.01293518 0.04327384 0.02353080 0.15772195 0.00811159
25.50127506 9.15032034 0.00065449 0.00058480 0.00040996 0.00701948 0.37176906 0.03320523 0.33911608 0.01249716 0.04328460 0.02800377 0.15724545 0.00620991
25.60128006 9.14676971 0.00063428 0.00056852 0.00032110 0.00579219 0.37521914 0.03351586 0.33716752 0.01674652 0.04146606 0.02677846 0.15557876 0.00621159
