0.00000000 12.00000000 0.00000000 0.00000000 0.00000000 0.00000000 0.00000000 0.00000000 0.00000000 1.00000000 0.00000000 0.00000000 0.00000000 0.00000000
0.10000500 12.00491028 0.02761127 0.00120063 0.00832642 0.09859888 0.09268307 0.16022307 0.02227436 0.41280113 0.04249926 0.09763677 0.00934268 0.02680246
0.20001000 12.00197105 0.00801009 0.00143458 0.00463413 0.03693188 0.13035927 0.24438153 0.05166756 0.21408599 0.06458789 0.16485227 0.03595070 0.04310412
0.30001500 11.99531138 0.00602994 0.00121045 0.00361886 0.03266056 0.13429497 0.23576902 0.05870531 0.16394122 0.07721697 0.19984733 0.04857229 0.03813307
0.40002000 11.98645225 0.00462425 0.00139600 0.00239808 0.01687795 0.13653243 0.20784378 0.08058403 0.15267982 0.08482501 0.21203761 0.05666252 0.04353852
0.50002500 11.98200126 0.00543254 0.00112818 0.00243960 0.01908377 0.14554981 0.18841441 0.09457856 0.14831216 0.08333721 0.20806277 0.06140624 0.04225475
0.60003000 11.97560364 0.00606300 0.00125313 0.00327465 0.02745606 0.16029171 0.17335283 0.10270514 0.13057309 0.08071162 0.20554793 0.06703840 0.04173245
0.70003500 11.96475414 0.00438771 0.00126997 0.00216468 0.01526395 0.18593641 0.16423538 0.10965363 0.11293529 0.08294745 0.19972178 0.07419254 0.04729120
0.80004000 11.95432970 0.00342797 0.00124729 0.00166473 0.01109050 0.18709284 0.14823783 0.12414102 0.10266297 0.08051405 0.21194670 0.07900481 0.04896931
0.90004500 11.94822433 0.00405212 0.00114571 0.00256289 0.02351684 0.18807318 0.13988904 0.12795607 0.08967368 0.08299578 0.21081249 0.07982927 0.04949294
1.00005000 11.94384304 0.00310719 0.00114623 0.00184818 0.01158761 0.20063924 0.15788423 0.12682309 0.08101973 0.07486043 0.20829732 0.08453102 0.04825573
1.10005500 11.93894463 0.00353496 0.00108462 0.00226797 0.01310194 0.21818333 0.15665950 0.13532413 0.08233261 0.07038988 0.19091690 0.07901804 0.04718612
1.20006000 11.92550900 0.00351748 0.00117954 0.00186916 0.01279737 0.22639536 0.15595503 0.13777823 0.09109802 0.07033687 0.17160201 0.08231000 0.04516094
1.30006500 11.91701326 0.00326980 0.00111648 0.00132051 0.00598082 0.23679328 0.16380995 0.13948539 0.09340044 0.07013179 0.15912736 0.08047305 0.04509112
1.40007000 11.89811133 0.00359436 0.00113817 0.00211020 0.01415340 0.24483090 0.16494236 0.14637385 0.09010795 0.07116067 0.13307845 0.07849641 0.05001326
1.50007500 11.88637564 0.00413775 0.00117165 0.00260936 0.01837926 0.25169692 0.17463174 0.15697851 0.08291722 0.07592614 0.11145251 0.07622680 0.04387216
1.60008000 11.87323005 0.00357643 0.00115238 0.00182971 0.01239566 0.25779884 0.17532982 0.16258337 0.08749204 0.07431496 0.09809672 0.08215044 0.04327961
1.70008500 11.85382681 0.00348232 0.00125165 0.00138590 0.01081156 0.26106010 0.17486790 0.17264777 0.08826031 0.07573788 0.08907627 0.08330261 0.03811575
1.80009000 11.84610346 0.00461652 0.00123299 0.00238967 0.02259726 0.26677972 0.15264150 0.17486548 0.08719843 0.08531927 0.08768709 0.07980254 0.03486952
1.90009500 11.82684482 0.00325313 0.00141400 0.00195428 0.01867699 0.27226431 0.14098998 0.18385835 0.07140775 0.09152121 0.08752051 0.08894214 0.03819736
2.00010001 11.81825146 0.00344599 0.00123482 0.00185092 0.01574655 0.27626216 0.14134918 0.18781465 0.06746179 0.09376994 0.08829685 0.09091843 0.03184871
2.10010501 11.81232631 0.00293941 0.00126140 0.00156324 0.01244348 0.27981060 0.13607815 0.18871235 0.06426573 0.09812752 0.08774275 0.09408813 0.03296723
2.20011001 11.80293584 0.00370365 0.00121695 0.00233614 0.01732949 0.28624975 0.13042070 0.18997295 0.05724192 0.08929800 0.09059321 0.09926234 0.03237489
2.30011501 11.78844355 0.00317862 0.00133852 0.00225911 0.01154375 0.28899769 0.12484459 0.18935273 0.05075152 0.09584838 0.09254872 0.10246268 0.03687369
2.40012001 11.77877643 0.00224612 0.00121489 0.00123627 0.00710213 0.29271036 0.12116169 0.20457777 0.04927722 0.08556534 0.09735515 0.09793163 0.03962141
2.50012501 11.75772129 0.00241708 0.00127747 0.00162349 0.00898705 0.30333359 0.11345910 0.21124378 0.04885470 0.08124172 0.09106619 0.09690344 0.03959238
2.60013001 11.74950164 0.00181420 0.00131121 0.00102377 0.00556699 0.30631027 0.11314397 0.21668794 0.04543327 0.07921068 0.09333529 0.10047991 0.03568251
2.70013501 11.73649667 0.00227931 0.00126343 0.00130329 0.00842431 0.30847223 0.10872491 0.21545319 0.04819423 0.07765077 0.09542861 0.10116038 0.03164534
2.80014001 11.72535970 0.00290257 0.00122503 0.00181303 0.01475873 0.30663237 0.09942118 0.21989489 0.05029289 0.08099732 0.09420612 0.09925039 0.02860549
2.90014501 11.71422927 0.00270520 0.00113766 0.00180023 0.01258472 0.31390519 0.10433332 0.23075253 0.04980177 0.07927141 0.07644979 0.09893321 0.02832497
3.00015001 11.70706028 0.00231440 0.00114078 0.00160996 0.01070021 0.32623021 0.10261235 0.23352335 0.04188330 0.07986783 0.07272661 0.09723783 0.03015316
3.10015501 11.69904335 0.00194674 0.00117297 0.00101249 0.00896086 0.33445482 0.10221429 0.22920700 0.04500163 0.07760172 0.06895446 0.10156349 0.02790953
3.20016001 11.68457562 0.00211405 0.00119886 0.00122899 0.01846070 0.34138359 0.09160666 0.23022934 0.04320083 0.08057984 0.06365963 0.09860837 0.02772913
3.30016501 11.67882910 0.00240674 0.00127298 0.00159783 0.01073379 0.34096445 0.09256131 0.23420384 0.04018328 0.08448495 0.06490640 0.10107379 0.02561064
3.40017001 11.66478779 0.00187329 0.00129324 0.00115458 0.00827368 0.33967091 0.08306130 0.24485228 0.03826976 0.08781413 0.06234711 0.10436944 0.02702027
3.50017501 11.65189973 0.00188483 0.00128073 0.00128909 0.00899207 0.34154161 0.08180913 0.24866261 0.03800076 0.08793313 0.05262130 0.10858192 0.02740282
3.60018001 11.64074567 0.00176253 0.00128839 0.00158363 0.00967489 0.33813686 0.08669814 0.25090606 0.03095999 0.08639853 0.05119556 0.11327016 0.02812527
3.70018501 11.62729355 0.00201451 0.00144503 0.00164047 0.01015998 0.34006692 0.07590012 0.26308649 0.03384271 0.08670570 0.04838925 0.11469586 0.02205296
3.80019001 11.60449019 0.00211426 0.00146161 0.00130807 0.00853464 0.33981292 0.07172386 0.26567704 0.03538929 0.09191993 0.04695082 0.11512850 0.01997907
3.90019501 11.59257704 0.00203469 0.00130494 0.00138710 0.01386810 0.34382300 0.07205443 0.27128790 0.03057874 0.08171434 0.04767651 0.11586982 0.01840043
4.00020001 11.58081665 0.00178153 0.00130644 0.00105868 0.00640767 0.34362019 0.07615625 0.27327739 0.03171620 0.07946206 0.05138391 0.11433392 0.01949576
4.10020501 11.57814339 0.00181582 0.00136737 0.00094075 0.00716184 0.34698600 0.06310522 0.27343886 0.03446381 0.08537992 0.05193235 0.11682784 0.01658021
4.20021001 11.56434868 0.00205418 0.00131776 0.00134451 0.01227550 0.35098742 0.05744950 0.26777863 0.03226846 0.08377987 0.05566987 0.11613632 0.01893797
4.30021501 11.55366068 0.00127350 0.00131414 0.00070982 0.00508912 0.35480166 0.05671334 0.27161626 0.03288219 0.07768515 0.05633637 0.12058279 0.02099568
4.40022001 11.53577058 0.00147259 0.00128442 0.00099474 0.00851914 0.34650756 0.05055885 0.27984210 0.03055830 0.07676286 0.06124064 0.12360305 0.01865573
4.50022501 11.52385785 0.00173663 0.00121041 0.00128554 0.00800411 0.34744398 0.05574790 0.28257263 0.03062173 0.07203668 0.06060579 0.12273630 0.01599830
4.60023001 11.51598692 0.00160732 0.00138914 0.00104244 0.00929951 0.35337793 0.05013758 0.28035587 0.03261418 0.07088105 0.05616337 0.12399600 0.01913560
4.70023501 11.50431116 0.00132144 0.00150156 0.00106499 0.00460751 0.34911197 0.05155048 0.28666887 0.02711403 0.08125967 0.04843001 0.12345793 0.02391154
4.80024001 11.49598276 0.00195214 0.00130185 0.00137935 0.00923484 0.35381347 0.05814605 0.28193754 0.02996711 0.07770400 0.04503861 0.12124314 0.01828189
4.90024501 11.49023586 0.00178578 0.00121511 0.00117561 0.00657287 0.36022727 0.05716768 0.28815983 0.03067697 0.06510372 0.04777656 0.12329407 0.01684452
5.00025001 11.47495161 0.00163838 0.00131493 0.00094352 0.00892965 0.35234884 0.06145012 0.28970192 0.03009068 0.06695852 0.04530895 0.12767579 0.01363870
5.10025501 11.46525287 0.00123956 0.00120772 0.00072036 0.00890847 0.35079756 0.06555242 0.29612705 0.02790258 0.06467157 0.04091739 0.12319611 0.01875923
5.20026001 11.45046301 0.00168031 0.00131598 0.00120696 0.01352982 0.34978241 0.06275377 0.29455753 0.02601419 0.06373744 0.04162519 0.12860663 0.01518976
5.30026501 11.43710217 0.00140050 0.00138912 0.00082482 0.00869156 0.35025643 0.06291888 0.29529009 0.02727555 0.07182130 0.03337264 0.12724305 0.01951604
5.40027001 11.41765967 0.00217106 0.00127714 0.00164131 0.01469993 0.34597269 0.06914710 0.28946464 0.02841861 0.06736024 0.03375489 0.12992530 0.01616711
5.50027501 11.40717889 0.00180535 0.00129133 0.00116681 0.00891109 0.35059861 0.05899049 0.28952497 0.03237957 0.06555847 0.03865626 0.13302661 0.01809043
5.60028001 11.39734971 0.00146885 0.00145933 0.00112338 0.00709566 0.35157296 0.06001469 0.28574227 0.02337198 0.07408317 0.04228207 0.13314227 0.01864338
5.70028501 11.38014023 0.00117701 0.00148768 0.00084559 0.00517661 0.35541634 0.05377480 0.28607927 0.02550665 0.07546646 0.04307302 0.13155025 0.02044633
5.80029001 11.36653186 0.00137642 0.00127247 0.00113847 0.00489574 0.35216198 0.06256405 0.28732820 0.02252724 0.07073008 0.04526927 0.13050727 0.02022882
5.90029501 11.35711866 0.00122632 0.00129554 0.00078141 0.00542420 0.34581645 0.06674241 0.29289823 0.02153398 0.07029869 0.04523395 0.13369109 0.01505773
6.00030002 11.33618822 0.00173303 0.00137479 0.00125120 0.00956039 0.34713211 0.06419512 0.28755131 0.02487303 0.07349866 0.03928158 0.13244312 0.01710566
6.10030502 11.33048212 0.00125234 0.00136621 0.00064420 0.00453324 0.34691106 0.06876461 0.28832879 0.02273451 0.07658395 0.04105556 0.13280999 0.01501553
6.20031002 11.31778897 0.00099919 0.00137416 0.00038668 0.00627358 0.35263258 0.06405921 0.28562881 0.02323832 0.07276567 0.04711844 0.13159877 0.01392458
6.30031502 11.31003501 0.00126454 0.00128824 0.00071595 0.00348331 0.35011929 0.06254936 0.28836848 0.02420456 0.07014684 0.04739911 0.13407716 0.01638318
6.40032002 11.29679412 0.00190018 0.00125309 0.00146302 0.01217196 0.34009149 0.06284902 0.29113778 0.02697126 0.06829097 0.04303831 0.13322668 0.01760625
6.50032502 11.28776337 0.00153503 0.00135259 0.00102462 0.00757159 0.34016073 0.06393823 0.29984306 0.02442402 0.06577497 0.03873854 0.14086865 0.01476797
6.60033002 11.28287240 0.00141108 0.00131626 0.00088237 0.00812050 0.34879495 0.05951909 0.29888804 0.02374146 0.06648831 0.03457454 0.14051244 0.01575096
6.70033502 11.26864642 0.00152982 0.00145704 0.00115981 0.00720579 0.33806276 0.05733603 0.30862636 0.02278772 0.07112343 0.03410266 0.13873041 0.01787818
6.80034002 11.25909819 0.00115084 0.00148433 0.00076968 0.00382265 0.34312291 0.05912975 0.30850473 0.02166774 0.07159042 0.03366710 0.13929761 0.01579225
6.90034502 11.24692819 0.00142732 0.00139434 0.00087746 0.00758674 0.33993612 0.05686663 0.30438553 0.02182155 0.07025184 0.04094666 0.14003217 0.01447363
7.00035002 11.23236081 0.00155187 0.00126979 0.00121956 0.00923944 0.33416350 0.06035418 0.31361640 0.01873455 0.06456031 0.03959090 0.13839000 0.01730950
7.10035502 11.21898447 0.00095371 0.00127996 0.00070186 0.00303792 0.33493581 0.05758624 0.31328892 0.01982531 0.06491920 0.04765920 0.13757611 0.01823577
7.20036002 11.20873553 0.00103672 0.00140015 0.00050594 0.00279490 0.32948674 0.05387439 0.31767190 0.02234545 0.06848476 0.04160349 0.14495646 0.01583910
7.30036502 11.19356924 0.00172518 0.00129750 0.00090324 0.00724041 0.32840185 0.05409309 0.31580387 0.02572434 0.06491799 0.04219089 0.14157880 0.01612284
7.40037002 11.18148720 0.00124513 0.00138254 0.00095366 0.00654440 0.33325211 0.05120972 0.31329695 0.02270577 0.06776068 0.04297029 0.14030773 0.01837102
7.50037502 11.16081487 0.00141107 0.00148411 0.00119270 0.00950445 0.33122593 0.05519466 0.31227749 0.02039524 0.07145238 0.03811053 0.13756008 0.02019135
7.60038002 11.16002910 0.00089466 0.00131588 0.00043741 0.00248783 0.33625048 0.06132338 0.31846322 0.02036602 0.06610392 0.03753232 0.13986650 0.01495838
7.70038502 11.15057605 0.00152450 0.00120012 0.00098173 0.00621167 0.33139534 0.05846423 0.32026710 0.02348423 0.06172410 0.03954688 0.14141334 0.01378676
7.80039002 11.13744352 0.00101059 0.00137318 0.00032529 0.00085395 0.33573562 0.06115161 0.32169362 0.02362211 0.06455347 0.03337635 0.14264412 0.01366011
7.90039502 11.12091415 0.00153001 0.00133484 0.00096001 0.00887971 0.33788264 0.05677697 0.31964230 0.02460524 0.05889987 0.03597436 0.14024035 0.01327370
8.00040002 11.10696243 0.00087069 0.00132204 0.00049815 0.00398380 0.33792111 0.05739456 0.31925188 0.02085832 0.06069086 0.03917036 0.14281412 0.01522414
8.10040502 11.08243069 0.00115777 0.00126022 0.00092169 0.01019289 0.33516662 0.05544875 0.32112155 0.02036666 0.05599548 0.04149460 0.14045613 0.01641764
8.20041002 11.07076456 0.00125535 0.00134353 0.00059369 0.00451858 0.33880170 0.05524529 0.31460978 0.02581233 0.05934873 0.03884215 0.14589626 0.01373261
8.30041502 11.05606719 0.00102801 0.00140062 0.00034349 0.00259394 0.33676017 0.05320091 0.31337962 0.02671047 0.06108780 0.04378459 0.14537179 0.01433859
8.40042002 11.04742517 0.00131711 0.00128722 0.00091099 0.00828479 0.33903562 0.04925044 0.31187523 0.02378007 0.06150050 0.04214508 0.14430142 0.01631151
8.50042502 11.03315100 0.00105532 0.00135895 0.00069809 0.00832114 0.33307442 0.04640688 0.30891774 0.02153354 0.06345810 0.05138164 0.14719080 0.01660339
8.60043002 11.01810221 0.00112967 0.00144490 0.00076445 0.00651400 0.32584701 0.04313983 0.31292085 0.02160977 0.07021948 0.05190520 0.14956777 0.01493710
8.70043502 11.00061164 0.00108784 0.00134402 0.00085317 0.00530509 0.31936089 0.05074917 0.31768155 0.02409814 0.06765881 0.04968371 0.14595473 0.01622288
8.80044002 10.98285801 0.00117444 0.00140382 0.00075011 0.00529398 0.31864856 0.04898880 0.32310766 0.02317154 0.06988604 0.05152031 0.14295393 0.01310082
8.90044502 10.96998154 0.00125068 0.00142167 0.00075717 0.00453418 0.31527855 0.05000447 0.33283647 0.02476685 0.06833512 0.04527934 0.14212819 0.01340731
9.00045002 10.95431025 0.00148086 0.00128129 0.00113706 0.01116821 0.31079767 0.05150199 0.33998461 0.02514586 0.06666217 0.04122853 0.13527426 0.01433749
9.10045502 10.93914808 0.00168545 0.00135906 0.00112085 0.01108721 0.31685139 0.04874159 0.33253844 0.02686661 0.06532536 0.04416504 0.13792575 0.01233324
9.20046002 10.92262864 0.00193827 0.00138368 0.00147048 0.01108788 0.32299750 0.05151838 0.32320686 0.02457501 0.06213255 0.04385320 0.14027941 0.01555678
9.30046502 10.90663549 0.00185386 0.00131846 0.00165974 0.01026208 0.33165809 0.05212578 0.31328684 0.02531278 0.05975254 0.04186465 0.13798406 0.02292112
9.40047002 10.89364273 0.00154434 0.00132882 0.00116648 0.01045049 0.33208025 0.05107954 0.32065709 0.02394432 0.05707058 0.04505284 0.14086325 0.01476198
9.50047502 10.88967557 0.00140083 0.00133095 0.00083230 0.00697894 0.33445406 0.04791534 0.32206555 0.02170213 0.06462724 0.04477333 0.14152220 0.01239713
9.60048002 10.87910756 0.00153538 0.00123266 0.00094471 0.00992561 0.33376689 0.04741875 0.31431359 0.02559148 0.06330920 0.04837431 0.13937766 0.01420976
9.70048502 10.86586229 0.00092124 0.00131098 0.00042419 0.00341855 0.33193343 0.05159021 0.31685577 0.02371384 0.06699428 0.05013970 0.14090554 0.01179226
9.80049002 10.85404841 0.00135818 0.00128345 0.00069664 0.00568019 0.33055061 0.05469537 0.31321505 0.02755445 0.06387740 0.04895547 0.13907350 0.01305970
9.90049502 10.84053537 0.00180201 0.00122405 0.00100072 0.01079048 0.32796648 0.05274668 0.30980676 0.02911639 0.05867981 0.04849609 0.14232290 0.01604763
10.00050003 10.83576028 0.00120121 0.00128921 0.00072682 0.00701113 0.32818067 0.05329827 0.32193305 0.02702245 0.05863236 0.04377848 0.13996471 0.01696163
10.10050503 10.82007056 0.00136042 0.00132808 0.00106699 0.00733068 0.33219511 0.04794190 0.32651915 0.02700266 0.06005935 0.04071001 0.13589831 0.01858734
10.20051003 10.81295390 0.00171584 0.00115442 0.00150815 0.00956400 0.33625099 0.04939810 0.32687775 0.02510722 0.05391461 0.04122588 0.13580222 0.01748080
10.30051503 10.80578397 0.00133824 0.00118861 0.00106052 0.00472513 0.33874324 0.05561992 0.32592934 0.02522834 0.05605244 0.03681788 0.13408637 0.01920997
10.40052003 10.79352078 0.00168291 0.00124103 0.00095753 0.01033304 0.33913203 0.05629022 0.31975074 0.02524808 0.05593543 0.03960717 0.13594076 0.01388106
10.50052503 10.78009210 0.00164426 0.00116983 0.00153119 0.01215557 0.33491652 0.05464358 0.31855874 0.02299755 0.05194270 0.04227658 0.13541221 0.02275126
10.60053003 10.76366526 0.00139107 0.00135891 0.00088201 0.00563420 0.33234634 0.05895855 0.32043039 0.02723522 0.05716517 0.03530869 0.14069919 0.01859026
10.70053503 10.74745332 0.00162266 0.00127093 0.00101642 0.00674714 0.32867603 0.05898065 0.32084012 0.02660553 0.05436261 0.03968364 0.14485030 0.01534396
10.80054003 10.73574065 0.00165234 0.00122588 0.00096959 0.01021647 0.32087051 0.06031628 0.32195977 0.02801823 0.06078616 0.03895214 0.14115768 0.01387495
10.90054503 10.72321355 0.00141054 0.00122054 0.00086914 0.00503474 0.32475602 0.06393513 0.32948276 0.02470205 0.05658875 0.03696966 0.13995193 0.01507874
11.00055003 10.71825361 0.00111718 0.00114761 0.00050966 0.00317342 0.32298968 0.06378870 0.33651503 0.02444869 0.05066277 0.04331367 0.13668491 0.01564868
11.10055503 10.70778611 0.00159615 0.00120042 0.00081902 0.00632640 0.32025146 0.06569018 0.33297891 0.02629976 0.05192238 0.04131970 0.13564683 0.01594878
11.20056003 10.69947123 0.00106352 0.00124909 0.00034518 0.00191564 0.32696901 0.06273330 0.32891105 0.02602833 0.05340107 0.04458416 0.13746978 0.01532987
11.30056503 10.68647212 0.00134329 0.00128845 0.00099594 0.00645418 0.32335320 0.05887153 0.32359724 0.02476311 0.05376267 0.04488475 0.13999843 0.02068720
11.40057003 10.67324823 0.00171029 0.00122894 0.00114942 0.00946173 0.32113723 0.06098659 0.31993935 0.02768611 0.05198058 0.04737559 0.13971390 0.01763026
11.50057503 10.65875795 0.00153262 0.00122161 0.00115486 0.00739920 0.32021492 0.06373332 0.32226182 0.02907136 0.05427473 0.04464451 0.13802692 0.01646414
11.60058003 10.64988393 0.00146318 0.00127719 0.00099447 0.00699930 0.31774142 0.06108066 0.32740790 0.02464267 0.05777605 0.04345250 0.13979744 0.01736722
11.70058503 10.64006861 0.00113179 0.00122329 0.00055020 0.00481683 0.32461031 0.06462579 0.32703928 0.02276419 0.05919587 0.04205959 0.13793125 0.01405160
11.80059003 10.63060122 0.00121442 0.00136289 0.00061362 0.00536412 0.32540678 0.05795991 0.32904530 0.02137388 0.06135031 0.03676523 0.14283471 0.01670882
11.90059503 10.62040514 0.00153284 0.00125004 0.00073077 0.00781657 0.32533172 0.05570598 0.32858397 0.02820339 0.05640508 0.03618496 0.14042919 0.01782549
12.00060003 10.61411664 0.00145226 0.00125663 0.00077345 0.00617816 0.33432935 0.05826908 0.32851837 0.02435964 0.05987829 0.03208945 0.13801736 0.01487797
12.10060503 10.60181984 0.00121509 0.00126840 0.00086336 0.00540427 0.33341774 0.05607587 0.33616814 0.02157728 0.05563260 0.03401190 0.13951312 0.01485224
12.20061003 10.59386668 0.00132073 0.00114912 0.00092178 0.00561384 0.32844582 0.05997589 0.33926605 0.01823369 0.05669880 0.03721998 0.14044021 0.01071409
12.30061503 10.58014352 0.00111810 0.00123296 0.00048985 0.00310448 0.32377149 0.05855354 0.34218544 0.02088062 0.05581941 0.03772411 0.14299069 0.01212929
12.40062003 10.56251866 0.00073627 0.00130584 0.00040779 0.00369044 0.32758789 0.05045129 0.33783137 0.01881316 0.05914917 0.03794738 0.14612572 0.01595367
12.50062503 10.55486485 0.00107810 0.00133216 0.00053234 0.00489732 0.33573454 0.04568083 0.33463240 0.02212561 0.05807869 0.03788326 0.14422221 0.01380253
12.60063003 10.53785455 0.00125872 0.00131633 0.00064905 0.00560879 0.34492295 0.04370720 0.33582190 0.01910739 0.06280552 0.03301547 0.14113331 0.01065338
12.70063503 10.52446382 0.00120843 0.00122074 0.00057257 0.00515545 0.34031381 0.04593884 0.33793896 0.02211517 0.05732543 0.03432539 0.14320107 0.01068415
12.80064003 10.50458148 0.00088398 0.00125881 0.00049730 0.00496152 0.33377164 0.04799901 0.34016764 0.01679687 0.05910743 0.03903750 0.14369448 0.01182381
12.90064503 10.49464727 0.00107729 0.00126461 0.00067755 0.00636258 0.33095062 0.04869523 0.33503749 0.01746055 0.06060008 0.03942639 0.14614720 0.01230042
13.00065003 10.48063833 0.00089353 0.00128893 0.00053931 0.00836282 0.33802685 0.04623023 0.32990676 0.01825076 0.05863846 0.03821461 0.14613900 0.01350874
13.10065503 10.45693508 0.00099618 0.00140076 0.00063700 0.00726983 0.33194253 0.04772658 0.33155040 0.01912030 0.05897190 0.03301935 0.15213441 0.01523075
13.20066003 10.44167139 0.00123006 0.00134119 0.00093384 0.00659144 0.32387209 0.05086336 0.33373102 0.01826132 0.06074957 0.03750411 0.14830614 0.01661588
13.30066503 10.43075302 0.00127055 0.00127424 0.00076134 0.00997672 0.32074248 0.05818178 0.33144066 0.02115787 0.05924001 0.03286789 0.14930261 0.01378385
13.40067003 10.41860252 0.00137902 0.00137215 0.00088587 0.00698030 0.31986222 0.05729185 0.33012381 0.01984095 0.06195044 0.03821713 0.14869137 0.01340489
13.50067503 10.40757799 0.00167523 0.00146081 0.00096128 0.00740862 0.32314254 0.05337813 0.32499770 0.02472768 0.06514055 0.03532088 0.14725840 0.01452817
13.60068003 10.39335282 0.00125702 0.00143685 0.00092866 0.00499766 0.32545618 0.04888957 0.32385596 0.02439599 0.06666745 0.03325024 0.15058357 0.01828086
13.70068503 10.38298249 0.00166377 0.00142741 0.00159633 0.01232914 0.33229608 0.04671144 0.32687476 0.01559305 0.06574261 0.03051770 0.14965914 0.01558857
13.80069003 10.36860639 0.00111703 0.00135938 0.00081361 0.00657999 0.32870050 0.04784232 0.33375975 0.01779881 0.06680550 0.03113192 0.14937488 0.01471632
13.90069503 10.35757223 0.00139959 0.00133224 0.00097239 0.00655368 0.32608991 0.04615047 0.33691122 0.01562037 0.07159083 0.03585015 0.14407580 0.01345334
14.00070004 10.34390945 0.00119501 0.00128846 0.00045220 0.00234755 0.32859717 0.04759741 0.33502633 0.02285501 0.06952240 0.03713490 0.14156564 0.01241791
14.10070504 10.33084325 0.00122034 0.00140309 0.00080331 0.00836402 0.32929366 0.04843482 0.32646242 0.01716952 0.07416910 0.03742425 0.14267174 0.01258374
14.20071004 10.31386228 0.00135412 0.00135764 0.00090170 0.00678316 0.32575815 0.04359043 0.32200598 0.02025058 0.06996871 0.04235628 0.14890952 0.01676373
14.30071504 10.29801408 0.00135443 0.00134091 0.00114230 0.01241219 0.31809305 0.05006743 0.31884688 0.01888428 0.06849983 0.04235800 0.14921934 0.01778137
14.40072004 10.28658205 0.00091697 0.00148149 0.00065213 0.00358368 0.31610429 0.05519302 0.32416474 0.01869524 0.07445769 0.03763996 0.15379179 0.01331900
14.50072504 10.27373739 0.00123377 0.00144409 0.00084451 0.00900849 0.31737610 0.04898352 0.32645476 0.02081399 0.06964433 0.03948734 0.15308072 0.01162837
14.60073004 10.26128610 0.00119953 0.00140954 0.00072335 0.00829718 0.31781527 0.05131619 0.33067856 0.02123964 0.07096580 0.03933239 0.14513083 0.01189172
14.70073504 10.25230105 0.00113309 0.00122873 0.00085898 0.00551568 0.32016829 0.04939696 0.33133168 0.01999908 0.06940036 0.04333137 0.14187094 0.01576483
14.80074004 10.23655259 0.00147670 0.00123820 0.00110821 0.01066796 0.31248071 0.04419831 0.34287529 0.02109789 0.06779243 0.04046061 0.14161336 0.01499033
14.90074504 10.22841848 0.00135154 0.00133293 0.00085049 0.00513995 0.31851985 0.04175531 0.33749951 0.02504517 0.06617978 0.04480215 0.14446794 0.01305539
15.00075004 10.22013396 0.00165656 0.00125643 0.00129466 0.01202280 0.32743167 0.04109728 0.32904975 0.02298604 0.06579694 0.03965837 0.14446521 0.01328429
15.10075504 10.20635550 0.00137765 0.00123081 0.00092197 0.00677081 0.33267152 0.04556685 0.32477591 0.02361238 0.06448154 0.04622576 0.14084022 0.01152458
15.20076004 10.19249897 0.00182132 0.00138103 0.00124694 0.01224102 0.33568060 0.04118875 0.31330966 0.02740075 0.06769133 0.04406783 0.14393738 0.01003339
15.30076504 10.18051670 0.00120577 0.00119480 0.00073630 0.00325512 0.33999396 0.04560150 0.31518383 0.02888334 0.06302017 0.04222076 0.14260724 0.01609721
15.40077004 10.16607777 0.00162226 0.00118605 0.00126376 0.00955282 0.33360976 0.04465440 0.31724814 0.02730756 0.06657687 0.04209413 0.13937919 0.01550509
15.50077504 10.14833260 0.00226841 0.00119300 0.00169494 0.01351504 0.32740358 0.04667798 0.31665838 0.02827488 0.06708478 0.04396884 0.13766027 0.01359992
15.60078004 10.13852039 0.00200668 0.00123530 0.00125648 0.01432603 0.32753167 0.04740278 0.31723667 0.03324690 0.06393617 0.03974613 0.13806020 0.01401500
15.70078504 10.12053575 0.00172412 0.00125242 0.00113389 0.01511850 0.33095951 0.05016203 0.32157108 0.02735525 0.05865759 0.03714116 0.14155940 0.01336507
15.80079004 10.10777246 0.00157959 0.00123914 0.00141746 0.00921621 0.33091277 0.05841099 0.31670957 0.02170638 0.06370920 0.03736314 0.13942932 0.01830623
15.90079504 10.10022312 0.00178184 0.00118148 0.00155017 0.01340654 0.33180457 0.05444983 0.31876549 0.02184491 0.05820647 0.04104550 0.13804198 0.01792123
16.00080004 10.08903149 0.00121087 0.00127477 0.00066922 0.00576354 0.33704773 0.05327052 0.32247127 0.02530630 0.05870201 0.04398678 0.13650422 0.01379277
16.10080504 10.07005039 0.00142602 0.00126544 0.00093050 0.00487248 0.33968724 0.05229250 0.31428306 0.02806096 0.06206167 0.04414851 0.13270260 0.01826904
16.20081004 10.06170344 0.00148229 0.00119556 0.00070883 0.00479751 0.34661975 0.05135999 0.30782489 0.02806145 0.05557452 0.04746026 0.13878528 0.01612967
16.30081504 10.04544234 0.00110427 0.00122987 0.00068247 0.00540538 0.34939970 0.04678545 0.30533494 0.02654192 0.06100191 0.04634651 0.13703358 0.01913401
16.40082004 10.03668756 0.00142344 0.00116451 0.00102106 0.00717951 0.34384863 0.04821184 0.30679736 0.02456940 0.06248683 0.04571688 0.13770267 0.01987788
16.50082504 10.03012708 0.00132564 0.00118743 0.00103674 0.00674785 0.34383325 0.04989785 0.30882254 0.02335469 0.06228311 0.04630203 0.13787368 0.01733520
16.60083004 10.01855771 0.00115189 0.00121244 0.00077858 0.00587779 0.33659796 0.05981235 0.30791402 0.02078250 0.05858614 0.04654066 0.14568944 0.01505623
16.70083504 10.00409870 0.00126594 0.00120752 0.00074114 0.00859226 0.33258573 0.05895086 0.30392409 0.02626393 0.06183478 0.04834222 0.14044787 0.01584365
16.80084004 9.99221309 0.00184119 0.00115591 0.00132887 0.00865590 0.33308616 0.06081958 0.30577036 0.02586474 0.06039854 0.04325151 0.14158903 0.01623822
16.90084504 9.97627512 0.00164037 0.00133266 0.00082272 0.00498565 0.32753722 0.06265183 0.30297337 0.03031446 0.06918834 0.04871772 0.13296841 0.01686724
17.00085004 9.96311786 0.00168414 0.00139307 0.00110744 0.01132618 0.32247138 0.05862517 0.30353593 0.02546583 0.07324576 0.04873318 0.13535386 0.01705806
17.10085504 9.94618355 0.00167211 0.00135352 0.00128181 0.00807470 0.31713672 0.06175706 0.30534595 0.02448293 0.06489883 0.04929652 0.14326498 0.02143486
17.20086004 9.93581216 0.00155733 0.00131196 0.00124353 0.00679115 0.31717836 0.05781745 0.30703271 0.02512847 0.06507585 0.05247208 0.14140112 0.02298999
17.30086504 9.93367994 0.00174696 0.00129623 0.00126115 0.01054312 0.32228761 0.05575749 0.30603626 0.02357381 0.06820083 0.05169756 0.14017907 0.01741991
17.40087004 9.92173095 0.00145918 0.00114122 0.00097950 0.00557467 0.32491996 0.05845259 0.30875695 0.02319483 0.06554168 0.05604508 0.13364019 0.02029415
17.50087504 9.91155814 0.00115201 0.00119579 0.00084722 0.00455031 0.32764346 0.05716236 0.31156303 0.02459987 0.05956612 0.06237617 0.13003160 0.01931205
17.60088004 9.90536239 0.00107029 0.00110140 0.00084700 0.00603201 0.33965827 0.05932377 0.30880302 0.02347560 0.05480043 0.05516941 0.13163688 0.01808192
17.70088504 9.89690077 0.00143313 0.00107201 0.00084397 0.00978590 0.33787418 0.05787868 0.30963778 0.02870643 0.05476759 0.04678289 0.13264843 0.01856901
17.80089004 9.87244957 0.00190610 0.00124356 0.00150301 0.01158048 0.33078994 0.05874180 0.30864009 0.03058091 0.05367485 0.04366162 0.13965156 0.01802608
17.90089504 9.85796615 0.00162676 0.00131742 0.00127460 0.01005601 0.32986757 0.05400845 0.30718036 0.03302210 0.05733042 0.04278196 0.14230423 0.01923011
18.00090005 9.84587942 0.00198758 0.00125976 0.00122987 0.01064036 0.33176344 0.06252343 0.30646273 0.03260457 0.05296809 0.04181995 0.14154599 0.01519423
18.10090505 9.83555133 0.00170415 0.00127780 0.00121831 0.00705539 0.33638797 0.06919097 0.30678675 0.02979588 0.05531648 0.03526391 0.13823101 0.01777139
18.20091005 9.82250185 0.00123878 0.00130659 0.00080299 0.00690482 0.33732279 0.06117855 0.31390689 0.02557498 0.05532400 0.03793746 0.14213972 0.01636241
18.30091505 9.80745757 0.00139581 0.00116801 0.00090085 0.00749817 0.34085233 0.06343960 0.31406810 0.02659801 0.05568525 0.03330160 0.14022631 0.01486597
18.40092005 9.78633332 0.00162386 0.00128959 0.00135513 0.00980541 0.33662139 0.05960636 0.31492855 0.02647005 0.05985292 0.03232081 0.14130755 0.01481838
18.50092505 9.77931538 0.00117381 0.00125068 0.00082897 0.00627965 0.33181244 0.06004148 0.32092162 0.02415150 0.06285043 0.03142547 0.14116483 0.01809912
18.60093005 9.76700692 0.00109848 0.00138311 0.00052039 0.00278528 0.33636593 0.05110701 0.31705258 0.02533697 0.06812149 0.03616522 0.14307690 0.01698666
18.70093505 9.76076711 0.00104025 0.00116966 0.00060702 0.00227575 0.34034737 0.04698544 0.31908406 0.02368364 0.06467525 0.03620647 0.14472365 0.01920143
18.80094005 9.75521203 0.00156679 0.00117237 0.00130257 0.00891991 0.34219334 0.04687465 0.31626263 0.01996605 0.06067011 0.04005828 0.14570154 0.01531175
18.90094505 9.74282754 0.00131488 0.00123822 0.00113475 0.00798323 0.34448715 0.04951054 0.31435294 0.01818667 0.06449161 0.04138172 0.14143008 0.01448821
19.00095005 9.73039998 0.00107476 0.00121922 0.00088850 0.00591205 0.34844071 0.05220643 0.30803762 0.01752534 0.06725361 0.04214450 0.14104884 0.01424842
19.10095505 9.71909365 0.00150332 0.00127606 0.00101100 0.00972440 0.34666354 0.04743495 0.31454771 0.02087320 0.06371552 0.03658617 0.14379717 0.01286695
19.20096005 9.70724698 0.00097078 0.00118767 0.00057604 0.00389096 0.34746778 0.04648239 0.31429399 0.02489669 0.06472023 0.03636960 0.14233033 0.01681354
19.30096505 9.69448802 0.00145232 0.00124828 0.00113566 0.00826080 0.34044308 0.05023261 0.31453805 0.02070524 0.06666161 0.03300399 0.14710898 0.01520938
19.40097005 9.67818376 0.00161806 0.00124709 0.00147733 0.01161185 0.33838082 0.04852332 0.31471943 0.01981081 0.06322132 0.03653223 0.14643134 0.01642640
19.50097505 9.66445244 0.00102782 0.00125173 0.00073858 0.00684061 0.34381820 0.05276462 0.30776976 0.02061287 0.06485722 0.04062550 0.14430309 0.01538999
19.60098005 9.65296745 0.00135098 0.00125257 0.00101683 0.00925326 0.34221259 0.05146016 0.31425790 0.02213802 0.06535420 0.03726731 0.14092273 0.01351344
19.70098505 9.63834984 0.00122715 0.00124475 0.00071038 0.00319299 0.34721905 0.04802468 0.31329914 0.02643077 0.06743063 0.03357135 0.14280643 0.01484267
19.80099005 9.62710453 0.00126762 0.00122810 0.00077340 0.00708454 0.34367102 0.04825702 0.31449965 0.02169733 0.07390658 0.03234278 0.14269465 0.01257731
19.90099505 9.60958078 0.00162585 0.00122785 0.00110723 0.01324385 0.34777108 0.04737674 0.31539044 0.02136090 0.07056363 0.02738585 0.14104700 0.01189956
20.00100005 9.59565088 0.00124903 0.00133303 0.00062164 0.00349274 0.34312463 0.04725181 0.32052252 0.02298551 0.07655172 0.02594903 0.14246809 0.01445025
20.10100505 9.58450931 0.00130992 0.00132474 0.00099371 0.00674792 0.34317488 0.04223806 0.32204276 0.02105557 0.07739709 0.02635277 0.14406054 0.01330206
20.20101005 9.57508082 0.00173361 0.00122541 0.00127784 0.01042567 0.34499836 0.04392986 0.32211212 0.01829833 0.07568563 0.02724353 0.14197848 0.01109116
20.30101505 9.56515067 0.00083202 0.00122554 0.00058065 0.00588681 0.34144732 0.05024552 0.32219919 0.01523747 0.08064318 0.02915567 0.14248477 0.01006186
20.40102005 9.55393883 0.00128038 0.00114739 0.00098786 0.00962655 0.34552208 0.04846213 0.31760659 0.01800812 0.07352798 0.02716447 0.14219596 0.01447050
20.50102505 9.54159174 0.00158878 0.00115390 0.00118195 0.01285897 0.35139697 0.05065645 0.31336555 0.01940821 0.06644330 0.02841252 0.13964028 0.01389313
20.60103005 9.52850089 0.00195572 0.00129678 0.00140009 0.01350330 0.34936565 0.05072387 0.31295689 0.01788331 0.06730452 0.02931601 0.14307616 0.01121770
20.70103505 9.50784841 0.00148098 0.00127364 0.00101450 0.01186996 0.34992801 0.04831670 0.31320393 0.01737686 0.06511284 0.03282873 0.14248157 0.01511227
20.80104005 9.49949508 0.00093732 0.00120594 0.00046838 0.00398031 0.35086014 0.05139698 0.31537367 0.01816758 0.06675694 0.03241868 0.14380332 0.01463075
20.90104505 9.49564291 0.00172628 0.00122846 0.00118246 0.01130973 0.34659707 0.04566960 0.31671283 0.02193984 0.06859489 0.03034315 0.14286676 0.01182893
21.00105005 9.47816813 0.00145691 0.00133648 0.00132196 0.01008214 0.34878574 0.04905006 0.31866583 0.01435426 0.07343440 0.02832202 0.14177754 0.01141266
21.10105505 9.47141296 0.00165144 0.00117966 0.00140396 0.01059689 0.34969673 0.04601954 0.32311123 0.01518264 0.06981125 0.02894167 0.14020113 0.01220385
21.20106005 9.45788137 0.00141547 0.00127053 0.00108549 0.00939126 0.35151778 0.03879899 0.32702123 0.01571179 0.06686519 0.02517615 0.14732528 0.01442086
21.30106505 9.44633728 0.00108436 0.00120144 0.00081635 0.00610870 0.34878927 0.04302913 0.32561657 0.01395405 0.06689727 0.03231924 0.14749546 0.01268819
21.40107005 9.43612995 0.00105295 0.00121989 0.00072678 0.00482594 0.34691480 0.04612990 0.32141372 0.01907575 0.06584321 0.03080282 0.14860837 0.01338585
21.50107505 9.42711985 0.00142547 0.00123750 0.00098942 0.00798961 0.34369199 0.04355656 0.32176971 0.02067197 0.06743466 0.03318824 0.14586615 0.01217873
21.60108005 9.41481679 0.00114590 0.00129906 0.00099484 0.00850208 0.34090273 0.04506015 0.32653564 0.01977639 0.06789711 0.03570383 0.13936546 0.01281681
21.70108505 9.40246647 0.00125496 0.00124083 0.00081118 0.00568412 0.34263993 0.04523482 0.33380705 0.02044885 0.06394272 0.03271110 0.14036947 0.01185497
21.80109005 9.39868647 0.00090363 0.00102801 0.00065445 0.00296621 0.34250622 0.04755889 0.33664546 0.01997097 0.05883512 0.03218091 0.14298520 0.01376493
21.90109505 9.38825068 0.00080695 0.00107325 0.00051251 0.00286682 0.34416899 0.05071355 0.33384301 0.01791756 0.06033023 0.03194135 0.14258453 0.01324125
22.00110006 9.36549578 0.00106795 0.00114526 0.00072681 0.00510338 0.34613972 0.04847839 0.32525282 0.01936179 0.05987057 0.03480020 0.14359163 0.01446148
22.10110506 9.35571935 0.00084837 0.00123563 0.00068203 0.00495893 0.34408649 0.04312097 0.32541535 0.01939237 0.06224338 0.03313370 0.14501915 0.01986362
22.20111006 9.33262188 0.00142198 0.00123646 0.00113012 0.00896388 0.34063580 0.04002739 0.32384279 0.02197053 0.06407127 0.03784566 0.14221367 0.01664044
22.30111506 9.32803323 0.00142717 0.00123802 0.00115808 0.00914920 0.34134808 0.04229721 0.32403156 0.02020701 0.06667403 0.03519414 0.14270831 0.01456718
22.40112006 9.31226682 0.00152051 0.00114093 0.00135154 0.00904416 0.34041603 0.04218529 0.32029136 0.01953499 0.06599785 0.03994757 0.14015383 0.01841593
22.50112506 9.30682127 0.00158816 0.00120972 0.00121532 0.01207146 0.34178250 0.04460154 0.31973062 0.02261699 0.05947552 0.03649653 0.14380164 0.01540999
22.60113006 9.29131260 0.00141673 0.00114355 0.00092675 0.00510959 0.35273818 0.05106145 0.32475869 0.02059482 0.05697929 0.03189376 0.13838029 0.01499690
22.70113506 9.28250290 0.00104951 0.00115517 0.00035305 0.00181866 0.35023410 0.05316147 0.32455086 0.02423170 0.05886825 0.03248745 0.14119163 0.01089816
22.80114006 9.26511234 0.00110127 0.00116577 0.00042062 0.00319502 0.35603046 0.04855872 0.32267512 0.02381950 0.05710949 0.03403986 0.14101916 0.01086501
22.90114506 9.25172621 0.00127845 0.00109362 0.00074087 0.00705888 0.35293753 0.04506316 0.32286152 0.02403518 0.05654377 0.03726155 0.13856355 0.01256189
23.00115006 9.23689466 0.00127306 0.00111806 0.00082926 0.00867495 0.34790255 0.04610915 0.32225611 0.02396810 0.05420640 0.04104470 0.14051688 0.01210079
23.10115506 9.22689259 0.00087654 0.00111064 0.00055450 0.00506501 0.34874675 0.04688383 0.31797194 0.02320085 0.05305982 0.04311721 0.14311085 0.01630206
23.20116006 9.21264664 0.00139873 0.00113168 0.00078764 0.00651822 0.34710701 0.04112178 0.32350160 0.02761680 0.04970705 0.04851946 0.13855266 0.01403737
23.30116506 9.20393046 0.00118191 0.00112107 0.00073963 0.00435739 0.34460919 0.04298417 0.32724678 0.02578462 0.05281950 0.04353471 0.14020345 0.01541757
23.40117006 9.19029062 0.00086754 0.00116564 0.00058719 0.00393289 0.33319046 0.05468182 0.32924557 0.02030871 0.05559151 0.04102411 0.14480681 0.01459774
23.50117506 9.17997338 0.00109721 0.00121712 0.00068434 0.00505427 0.33281022 0.05763691 0.32728764 0.02082235 0.05636548 0.03343847 0.15031954 0.01326645
23.60118006 9.16776485 0.00131908 0.00122142 0.00077634 0.00690543 0.33074012 0.05419900 0.32520397 0.02546557 0.06148282 0.03068524 0.14735168 0.01464934
23.70118506 9.16155365 0.00161833 0.00109468 0.00097711 0.01498032 0.32638606 0.06048887 0.32447363 0.02048284 0.05944914 0.02882361 0.14859649 0.01262892
23.80119006 9.14809964 0.00142692 0.00118957 0.00111817 0.00938551 0.33096075 0.05442761 0.32211841 0.01928631 0.05994410 0.03346078 0.14778717 0.01889471
23.90119506 9.14164137 0.00089511 0.00124770 0.00058493 0.00203268 0.33336260 0.05644787 0.32213248 0.01768788 0.06698958 0.03574287 0.14626764 0.01660866
24.00120006 9.13268452 0.00119062 0.00106036 0.00084400 0.00824683 0.32611572 0.05951287 0.31945844 0.02076946 0.06553349 0.03696389 0.14383199 0.01647232
24.10120506 9.12003963 0.00124190 0.00118335 0.00048203 0.00427070 0.32543043 0.05865692 0.32064495 0.02274853 0.06426266 0.04072000 0.14647860 0.01387992
24.20121006 9.10918822 0.00104948 0.00127305 0.00061912 0.00540497 0.32340264 0.05391581 0.32044237 0.01956008 0.07110083 0.04307439 0.14378110 0.01637615
24.30121506 9.10237481 0.00095461 0.00125971 0.00047549 0.00455443 0.32789076 0.04869688 0.31975621 0.02087544 0.07062884 0.04230989 0.14846447 0.01413326
24.40122006 9.09807145 0.00202098 0.00114596 0.00152965 0.01084206 0.32434484 0.05138210 0.31665321 0.01887096 0.07301894 0.03913902 0.14683704 0.01421523
24.50122506 9.08720650 0.00137758 0.00117103 0.00109047 0.00793450 0.32252118 0.05571467 0.31571069 0.01934240 0.07065262 0.03949225 0.14794448 0.01704815
24.60123006 9.07853907 0.00080715 0.00117081 0.00035733 0.00358819 0.32050044 0.05870078 0.32294248 0.01999902 0.06887676 0.04039304 0.14650951 0.01615449
24.70123506 9.06207346 0.00105302 0.00121376 0.00049143 0.00506337 0.32236664 0.06011998 0.32502972 0.02245146 0.07087594 0.03479970 0.14251395 0.01402104
24.80124006 9.05480674 0.00066923 0.00120853 0.00033452 0.00238325 0.32115254 0.06699885 0.32270655 0.02018959 0.07463174 0.03278810 0.14030063 0.01663645
24.90124506 9.04599338 0.00109080 0.00116272 0.00063115 0.00600575 0.31791618 0.06191606 0.32120081 0.02094881 0.07345155 0.03836128 0.14226875 0.01504614
25.00125006 9.03691861 0.00106040 0.00121696 0.00037699 0.00267071 0.31840063 0.05936773 0.32068044 0.02331300 0.07415965 0.03394277 0.14754232 0.01726840
25.10125506 9.02313069 0.00106556 0.00111227 0.00061564 0.00680355 0.31831342 0.05351830 0.31758766 0.02593775 0.06835878 0.04013918 0.14862787 0.01792001
25.20126006 9.01085006 0.00165284 0.00119084 0.00123636 0.00779902 0.32340942 0.05359589 0.30940938 0.02316212 0.06824570 0.04158374 0.15174466 0.01697004
25.30126506 9.00767207 0.00088581 0.00115665 0.00056644 0.00285132 0.32217587 0.06024171 0.31627251 0.02254120 0.06511033 0.04012885 0.14928464 0.01878467
25.40127006 8.99548287 0.00110154 0.00114579 0.00075220 0.00566088 0.31855263 0.05769674 0.32644789 0.01970668 0.05913149 0.04561555 0.14872221 0.01546641
25.50127506 8.96996600 0.00123073 0.00120233 0.00067269 0.00520846 0.32483899 0.06031411 0.32022188 0.02173994 0.05352227 0.05000566 0.14621453 0.01482841
25.60128006 8.95794104 0.00123757 0.00136005 0.00069548 0.00648493 0.32671372 0.05716296 0.31729457 0.02256682 0.05410569 0.04521867 0.15252597 0.01463358
