0.00000000 1.00000000 0.00000000 0.00000000 0.00000000 0.00000000 0.00000000 0.00000000 0.00000000 1.00000000 0.00000000 0.00000000 0.00000000 0.00000000
0.20004001 1.00194680 0.08239969 0.00049096 0.01195658 0.09788679 0.01061101 0.28751747 0.00484013 0.13394842 0.00710748 0.27586137 0.00495042 0.08242968
0.40008002 1.00633261 0.02308844 0.00067530 0.02255772 0.06160623 0.00960425 0.34622352 0.01101305 0.24212625 0.00705078 0.22372436 0.00765661 0.04467348
0.60012002 1.01883663 0.03425438 0.00098699 0.00708183 0.08583024 0.01503851 0.08729868 0.01361745 0.47591687 0.01198108 0.14921681 0.01037596 0.10840120
0.80016003 1.03086605 0.03425846 0.00090583 0.01126155 0.06467770 0.02607816 0.12007097 0.01523707 0.03637569 0.01167303 0.62524064 0.01210591 0.04211499
1.00020004 1.03705241 0.04297100 0.00112175 0.01161634 0.07266403 0.02970649 0.06836506 0.01890828 0.30833327 0.01785093 0.33051999 0.01841255 0.07953033
1.20024005 1.05142833 0.03584669 0.00160841 0.00856825 0.07759980 0.03423887 0.20049234 0.02330870 0.29983125 0.01898673 0.21696892 0.02585727 0.05669277
1.40028006 1.05501224 0.00980147 0.00140121 0.01309924 0.05489209 0.04215715 0.36720710 0.02351494 0.06216405 0.02296601 0.31773144 0.01996066 0.06510464
1.60032006 1.06362521 0.05231527 0.00123337 0.01294732 0.09663923 0.04547216 0.15281489 0.02628994 0.38691178 0.02129593 0.13868705 0.02170858 0.04368447
1.80036007 1.05850257 0.02111380 0.00161224 0.00962099 0.05568537 0.05299486 0.10961875 0.02699360 0.35371855 0.02713664 0.25272859 0.02926265 0.05951396
2.00040008 1.04661884 0.01431141 0.00169814 0.00768729 0.06478962 0.05090303 0.24474070 0.03027009 0.09244122 0.03121219 0.33751622 0.02991653 0.09451356
2.20044009 1.03887939 0.02373187 0.00169830 0.01553536 0.06117674 0.06114715 0.13721729 0.03160177 0.33940223 0.02900685 0.23149120 0.02854590 0.03944534
2.40048010 1.02994157 0.02188398 0.00167086 0.01064612 0.05379459 0.06091066 0.13459375 0.03142956 0.22587233 0.03682985 0.32618986 0.03115904 0.06501940
2.60052010 1.02481701 0.01735503 0.00172751 0.00830944 0.05224090 0.06241253 0.14074273 0.03210402 0.15008260 0.03531176 0.38016853 0.03844415 0.08110079
2.80056011 1.01908176 0.02447259 0.00201863 0.01089283 0.05151383 0.06606946 0.08034217 0.03492267 0.43332673 0.04121808 0.15977510 0.03777114 0.05767678
3.00060012 1.01182400 0.02185785 0.00195080 0.00940147 0.06147776 0.07234566 0.29309590 0.03764513 0.19895608 0.03949792 0.18418900 0.03456045 0.04502196
3.20064013 1.01000681 0.01598532 0.00186945 0.00850925 0.05095638 0.07391487 0.26733259 0.03875190 0.20377522 0.03956731 0.22278328 0.03789643 0.03865801
3.40068014 1.00380405 0.03895825 0.00228013 0.01075318 0.07794769 0.07478418 0.07974510 0.03928851 0.38041233 0.04491707 0.15976815 0.04473007 0.04641534
3.60072014 1.00147148 0.01480255 0.00250949 0.01005367 0.05649504 0.07927893 0.13126732 0.04482302 0.11513399 0.04693369 0.37445942 0.04445483 0.07978804
3.80076015 0.99839904 0.02116938 0.00233574 0.00898586 0.06100992 0.08144375 0.11675669 0.04483615 0.17913422 0.04583629 0.34948827 0.04554803 0.04345569
4.00080016 0.99840987 0.02520214 0.00239644 0.01021903 0.06711124 0.08314518 0.11410287 0.04482178 0.25980485 0.04972063 0.24716296 0.04791594 0.04839694
4.20084017 1.00148195 0.01255386 0.00252335 0.00970697 0.05388330 0.08303251 0.17873523 0.04759278 0.09664268 0.05160105 0.36075679 0.05325027 0.04972121
4.40088018 1.00131336 0.02417937 0.00288026 0.00901973 0.05202069 0.08220951 0.10858401 0.05190027 0.31208589 0.05384967 0.18315016 0.04916024 0.07096019
4.60092018 1.00541405 0.01890433 0.00279016 0.01057465 0.04970351 0.08166020 0.18729555 0.05402737 0.29740483 0.05474353 0.14815577 0.04877870 0.04596140
4.80096019 1.00146157 0.01254222 0.00255740 0.01038999 0.04771822 0.08119241 0.25862238 0.05164018 0.15029437 0.05260380 0.23734394 0.05200617 0.04308891
5.00100020 1.00080655 0.01765798 0.00291773 0.00778506 0.05049967 0.08329980 0.14755587 0.05454369 0.30071487 0.05538172 0.17601769 0.05185702 0.05176889
5.20104021 0.99384548 0.01635020 0.00284446 0.00983733 0.04894648 0.07885629 0.10597386 0.05618362 0.19321378 0.05382476 0.30224376 0.05429082 0.07743464
5.40108022 0.98755789 0.01139143 0.00296509 0.01020230 0.04582771 0.07979018 0.11728817 0.05713210 0.12175379 0.05338383 0.37490486 0.05472876 0.07063178
5.60112022 0.98562574 0.01878811 0.00329507 0.00757810 0.05052723 0.08221856 0.10125076 0.05601383 0.25559655 0.05753128 0.25921919 0.05294122 0.05504011
5.80116023 0.97890514 0.01306375 0.00350179 0.00793217 0.04634903 0.08115289 0.17946443 0.06314339 0.16626073 0.05657019 0.27471492 0.05763170 0.05021501
6.00120024 0.97352005 0.01276931 0.00348961 0.00882376 0.04748567 0.07761515 0.19454694 0.06747370 0.18294771 0.05950416 0.22765467 0.05791734 0.05977199
6.20124025 0.96530605 0.02272469 0.00376080 0.00888027 0.05822196 0.08528781 0.13373843 0.06104147 0.31334104 0.06308395 0.14321602 0.05682593 0.04987762
6.40128026 0.95771085 0.01298339 0.00365730 0.00873777 0.05306297 0.07934535 0.18702521 0.06068115 0.18110605 0.06076852 0.23879953 0.06354764 0.05028513
6.60132026 0.95118450 0.01542992 0.00420992 0.00943333 0.04856599 0.08264690 0.17032295 0.06148622 0.18624201 0.06708100 0.24496557 0.06257592 0.04704029
6.80136027 0.94032193 0.01620410 0.00407555 0.00941729 0.04346215 0.08800373 0.09043893 0.06563758 0.24027633 0.06539570 0.25995216 0.06288739 0.05424908
7.00140028 0.93547840 0.01026789 0.00418263 0.00754661 0.04918964 0.08339831 0.10640047 0.06418641 0.11510613 0.06642974 0.35823545 0.06580287 0.06925386
7.20144029 0.93306786 0.01476894 0.00458005 0.00726805 0.04306147 0.08321446 0.09289578 0.06402086 0.22170289 0.06999368 0.27230567 0.07019089 0.05599724
7.40148030 0.93122659 0.01441472 0.00457715 0.00802301 0.04362959 0.08772296 0.15359883 0.06983993 0.23136551 0.06934702 0.20856705 0.06651289 0.04240134
7.60152030 0.92919288 0.01027420 0.00439378 0.00739007 0.03775171 0.08303534 0.21619930 0.07489746 0.16408703 0.06920230 0.21912787 0.06647107 0.04716988
7.80156031 0.92370617 0.01623394 0.00459961 0.00765929 0.04271742 0.08279239 0.14699384 0.06759024 0.28125034 0.07198392 0.15514259 0.07503380 0.04800264
8.00160032 0.92480295 0.01525070 0.00452768 0.00774979 0.04948311 0.08161700 0.15227770 0.07057943 0.21132324 0.07012117 0.21362763 0.07515467 0.04828789
8.20164033 0.92030356 0.00871778 0.00487290 0.00684986 0.03928509 0.08591194 0.15083716 0.07465170 0.14866038 0.07209728 0.28460917 0.07046614 0.05304061
8.40168034 0.91747675 0.01315624 0.00480096 0.00698628 0.03444871 0.08095457 0.10163687 0.07824340 0.19732024 0.07433850 0.28134325 0.07566251 0.05110846
8.60172034 0.91544392 0.00948176 0.00485882 0.00698011 0.03620329 0.08016833 0.10590580 0.07850334 0.15158112 0.07344483 0.31734607 0.07902463 0.05650189
8.80176035 0.91269598 0.01123196 0.00470634 0.00716738 0.03708313 0.08234937 0.11786901 0.07955010 0.16425431 0.07543339 0.29517994 0.07196075 0.05321432
9.00180036 0.90992406 0.01286887 0.00493115 0.00639954 0.03993553 0.08066856 0.13747198 0.08527222 0.23494507 0.07506303 0.20051221 0.07606498 0.04586685
9.20184037 0.90426314 0.00967543 0.00500180 0.00599709 0.03856410 0.07496668 0.19259507 0.08381161 0.20005206 0.07887217 0.18434489 0.08334768 0.04277142
9.40188038 0.90002592 0.01044511 0.00511600 0.00643887 0.03657346 0.07771363 0.18778597 0.08321097 0.20219554 0.07985578 0.18906782 0.08010355 0.04149328
9.60192038 0.89362154 0.01415315 0.00521721 0.00767713 0.03595961 0.08205016 0.12598181 0.08571537 0.23650066 0.07942055 0.20348392 0.07559664 0.04824377
9.80196039 0.88743744 0.01015987 0.00520512 0.00647014 0.03805930 0.07311539 0.11441447 0.08935518 0.14754659 0.08581913 0.29422904 0.08250512 0.05312065
10.00200040 0.88119533 0.00865265 0.00545075 0.00545172 0.03029231 0.07466782 0.10694699 0.09641162 0.16312608 0.08425034 0.29366681 0.08121942 0.04986350
10.20204041 0.87545781 0.01095986 0.00585929 0.00562387 0.03084686 0.08050516 0.11106672 0.09200736 0.18523413 0.09363514 0.26131854 0.07799298 0.04495007
10.40208042 0.87305301 0.00847517 0.00550459 0.00607164 0.02922903 0.07674032 0.14050470 0.09282652 0.14054983 0.09123536 0.27362999 0.08769316 0.04753971
10.60212042 0.86902393 0.01370098 0.00548931 0.00562139 0.03224973 0.07453465 0.13168570 0.09463029 0.23296293 0.09289978 0.18656357 0.08644591 0.04321575
10.80216043 0.86546760 0.01109218 0.00551307 0.00502047 0.03285226 0.08314951 0.16855087 0.09672564 0.21181700 0.09426224 0.16962515 0.08034949 0.04104212
11.00220044 0.86464684 0.00884855 0.00524883 0.00581708 0.03375603 0.08312741 0.18596442 0.09362248 0.16903231 0.09258532 0.20055998 0.08541589 0.03602169
11.20224045 0.86100943 0.01273678 0.00536085 0.00550425 0.03115494 0.07849869 0.12300752 0.09306557 0.21574783 0.09773738 0.20629759 0.08533746 0.04555114
11.40228046 0.86088965 0.00932699 0.00512214 0.00602756 0.02910697 0.08041704 0.10759282 0.09914282 0.15447638 0.09459758 0.28541699 0.08072036 0.04805236
11.60232046 0.85666264 0.00978320 0.00529039 0.00598132 0.02943858 0.07907155 0.10081181 0.10045911 0.14787166 0.09817222 0.28968148 0.08100667 0.05243203
11.80236047 0.85822905 0.00976202 0.00521068 0.00530930 0.03097369 0.08231321 0.10859234 0.09699467 0.17684085 0.09911570 0.25810009 0.08436569 0.04242179
12.00240048 0.85848038 0.00726012 0.00505650 0.00382653 0.02932414 0.08397550 0.14604850 0.09953417 0.16200603 0.09906990 0.23418070 0.08436386 0.04535404
12.20244049 0.85612431 0.01042504 0.00499855 0.00590978 0.02939868 0.08492280 0.15361842 0.10131026 0.20340111 0.10178713 0.18473132 0.08098119 0.03851570
12.40248050 0.85683891 0.01009427 0.00486112 0.00496744 0.02986231 0.08608691 0.15651979 0.10120914 0.20902280 0.09920835 0.17090757 0.08463442 0.04262588
12.60252050 0.85267845 0.00875393 0.00473774 0.00422824 0.02617995 0.08789625 0.15508614 0.10550796 0.18401077 0.10089117 0.19998923 0.08096682 0.04175180
12.80256051 0.85172381 0.00787457 0.00451232 0.00456518 0.02781428 0.08734153 0.13288414 0.10673980 0.16987029 0.10140296 0.23445114 0.08000333 0.04254047
13.00260052 0.84917717 0.00892132 0.00438038 0.00464996 0.02868337 0.08696845 0.10472952 0.10505235 0.16573626 0.09930868 0.26393360 0.08429007 0.04334602
13.20264053 0.84747396 0.00810474 0.00460884 0.00490156 0.02504765 0.08708758 0.09927754 0.10565000 0.14085462 0.10318945 0.28855751 0.08146407 0.05125644
13.40268054 0.84769056 0.00951881 0.00418432 0.00540573 0.02929404 0.08962297 0.10686433 0.10811090 0.16435000 0.09783116 0.26050898 0.08025059 0.04405817
13.60272054 0.84504820 0.01077826 0.00421011 0.00516792 0.03100798 0.08852507 0.14012805 0.10576118 0.19173327 0.10286691 0.19956731 0.08063668 0.03961727
13.80276055 0.84500286 0.00757843 0.00416466 0.00407444 0.02827975 0.08950568 0.17542405 0.10743382 0.17352377 0.10223015 0.18919943 0.08266562 0.03592020
14.00280056 0.84448150 0.01123650 0.00427295 0.00475031 0.02849403 0.09034221 0.14861704 0.11183893 0.21433886 0.10371267 0.16661432 0.07783317 0.03794902
14.20284057 0.84167816 0.00936382 0.00408580 0.00494929 0.02807322 0.09325257 0.13913208 0.11164343 0.18755007 0.10649822 0.20023760 0.07451991 0.04069399
14.40288058 0.84048369 0.00771003 0.00402113 0.00483600 0.02368367 0.09206512 0.12955450 0.11073078 0.15078709 0.10372357 0.24634961 0.08345933 0.04307917
14.60292058 0.83713221 0.00797863 0.00423901 0.00398310 0.02280141 0.09280873 0.10028609 0.11206761 0.16430678 0.10634674 0.25565386 0.08453784 0.04499020
14.80296059 0.83799063 0.00681876 0.00397074 0.00456959 0.02456635 0.09788117 0.10355774 0.11301063 0.13679716 0.10431773 0.27744986 0.08281967 0.04424060
15.00300060 0.83733584 0.00843744 0.00391713 0.00409542 0.02368952 0.09854104 0.10951685 0.11283359 0.16882386 0.10591535 0.23572203 0.08079283 0.04771494
15.20304061 0.83816712 0.00799773 0.00379043 0.00386148 0.02288103 0.09784698 0.14341811 0.11251048 0.18311918 0.10618166 0.19477529 0.08367037 0.03994725
15.40308062 0.83607653 0.00848328 0.00376059 0.00483385 0.02695623 0.09596559 0.16565206 0.11297762 0.17740100 0.10813504 0.17536475 0.08316109 0.03730890
15.60312062 0.83169797 0.00908656 0.00377281 0.00394100 0.02324712 0.09851337 0.15227983 0.12097942 0.19787290 0.10764856 0.16978567 0.07708577 0.03578699
15.80316063 0.83073960 0.00752903 0.00377576 0.00290881 0.02401131 0.09796183 0.13474268 0.11932930 0.17033822 0.10608289 0.21012089 0.08085015 0.04234913
16.00320064 0.82623612 0.00749831 0.00375248 0.00448308 0.02569277 0.09764030 0.10946276 0.11600943 0.15593836 0.10894851 0.24501194 0.08364921 0.04191285
16.20324065 0.82182012 0.00818997 0.00364022 0.00525160 0.02442966 0.09813342 0.10145212 0.11622290 0.14203993 0.10460094 0.26257981 0.08540246 0.04805698
16.40328066 0.82115538 0.00678102 0.00377053 0.00359892 0.02426288 0.09713725 0.10748166 0.11806962 0.14945753 0.11014569 0.25270734 0.08087684 0.04571072
16.60332066 0.81927845 0.00855663 0.00344892 0.00492206 0.02525653 0.09604321 0.12719184 0.11775762 0.16188236 0.10649387 0.22145888 0.08225631 0.04473178
16.80336067 0.81906904 0.00850461 0.00369167 0.00469391 0.02550807 0.09617978 0.14439973 0.11525997 0.17854160 0.11131740 0.19001763 0.08155112 0.04033452
17.00340068 0.81322578 0.00950604 0.00353502 0.00461435 0.02917837 0.09387923 0.14875817 0.12238352 0.19667305 0.10941647 0.16561281 0.07678569 0.03965727
17.20344069 0.81093372 0.00886436 0.00362344 0.00525117 0.02811308 0.09399948 0.15900409 0.11912793 0.16823612 0.10973148 0.18327602 0.08151761 0.03925524
17.40348070 0.80563468 0.00844307 0.00377985 0.00461182 0.02256679 0.09289955 0.12898508 0.11773543 0.17343927 0.11382340 0.20931742 0.08376170 0.04063663
17.60352070 0.80208284 0.00770483 0.00364229 0.00339819 0.02226864 0.09096278 0.10261689 0.11984520 0.15119578 0.11063377 0.25412782 0.08491590 0.04868792
17.80356071 0.80132213 0.00648020 0.00372599 0.00275496 0.01843964 0.09450790 0.10595742 0.12096298 0.14119861 0.11207949 0.26561986 0.08072357 0.04754940
18.00360072 0.79858904 0.00887425 0.00368321 0.00493733 0.01882606 0.09445945 0.11745805 0.12240756 0.15906271 0.11177515 0.22954798 0.08367456 0.04529369
18.20364073 0.79956151 0.00682397 0.00375586 0.00435702 0.01850773 0.09353427 0.14079780 0.12368945 0.15184476 0.11168583 0.21546455 0.08733452 0.04220424
18.40368074 0.79775947 0.00826400 0.00393401 0.00309448 0.02222730 0.09949514 0.14055830 0.12126089 0.18481962 0.11557024 0.17666060 0.08173965 0.04237577
18.60372074 0.79492159 0.00829746 0.00383454 0.00398605 0.01921742 0.10003375 0.15388243 0.11980075 0.18474263 0.11056459 0.16973548 0.08576630 0.04013860
18.80376075 0.79136342 0.00680917 0.00383500 0.00393462 0.01794708 0.09992048 0.15529567 0.11721466 0.16130109 0.11432411 0.19054766 0.08670568 0.04216477
19.00380076 0.78850570 0.00698144 0.00389955 0.00295784 0.02063510 0.09974768 0.12383638 0.11861647 0.16216281 0.11517939 0.21719913 0.08655684 0.04222738
19.20384077 0.78730535 0.00553506 0.00393595 0.00341298 0.01916519 0.10015535 0.10697161 0.11793621 0.13990882 0.11419003 0.24912010 0.08778238 0.05188631
19.40388078 0.78374978 0.00671170 0.00398219 0.00403968 0.01946060 0.10126421 0.10839015 0.11635954 0.14207084 0.11963612 0.24493521 0.08675786 0.04639189
19.60392078 0.78213511 0.00637568 0.00393692 0.00354697 0.01671579 0.09733448 0.12344813 0.11937223 0.14634587 0.11882411 0.22476705 0.09053218 0.04880059
19.80396079 0.77706776 0.00846706 0.00384151 0.00478089 0.01916368 0.09817622 0.13860786 0.12269213 0.16351825 0.11827029 0.19334140 0.08501977 0.04412093
20.00400080 0.77454679 0.00799520 0.00382961 0.00452804 0.02140828 0.10178839 0.15387067 0.11919221 0.17130388 0.11860396 0.16730582 0.08458575 0.04558819
20.20404081 0.77438096 0.00767825 0.00380177 0.00394921 0.01622630 0.09798431 0.15700521 0.11693017 0.17135700 0.11662540 0.17411611 0.09265828 0.04166799
20.40408082 0.77059930 0.00788422 0.00386693 0.00287570 0.01526544 0.09666642 0.13759235 0.11958232 0.17056054 0.11968405 0.19177564 0.09020021 0.04404618
20.60412082 0.76795187 0.00618011 0.00357737 0.00313678 0.01413395 0.09971227 0.12828994 0.12128314 0.14148099 0.11912713 0.23192667 0.08430002 0.04685162
20.80416083 0.76506311 0.00753077 0.00364019 0.00360642 0.01589592 0.09808254 0.10946959 0.11866916 0.14922669 0.11999533 0.24028211 0.08761271 0.04598858
21.00420084 0.76323226 0.00687819 0.00379664 0.00369574 0.01170713 0.09111069 0.11205958 0.12148876 0.13917496 0.12486739 0.24551890 0.09073645 0.04896558
21.20424085 0.76208632 0.00722846 0.00358631 0.00375861 0.01537847 0.09587441 0.12729598 0.12611018 0.14649709 0.12067654 0.22459497 0.08775249 0.04124649
21.40428086 0.76113418 0.00762438 0.00385752 0.00267666 0.01657626 0.10023085 0.14033995 0.12273032 0.17543455 0.12735008 0.17590527 0.08383116 0.04344300
21.60432086 0.76121628 0.00665319 0.00362189 0.00282405 0.01566904 0.09705084 0.16428240 0.12216038 0.16415211 0.11900617 0.17305014 0.09416064 0.03736915
21.80436087 0.75947115 0.00760628 0.00371921 0.00288580 0.01248357 0.09706889 0.14789744 0.12425308 0.17449235 0.12219903 0.17188905 0.09275970 0.04274558
22.00440088 0.75541102 0.00750156 0.00377893 0.00287981 0.01536375 0.10162218 0.13393629 0.12467684 0.16341148 0.12191425 0.20184681 0.08400773 0.03906037
22.20444089 0.74902339 0.00602834 0.00369990 0.00307464 0.01683060 0.10068746 0.12313364 0.12393230 0.13780753 0.11908006 0.23169983 0.08660021 0.04742550
22.40448090 0.74604622 0.00700555 0.00353988 0.00350568 0.01981376 0.09222157 0.11151609 0.12749110 0.14401261 0.12069503 0.23958742 0.08805234 0.04255895
22.60452090 0.74583971 0.00668460 0.00342000 0.00361094 0.01693700 0.09608311 0.11668717 0.13010819 0.13607584 0.11860113 0.23846113 0.08578749 0.04754339
22.80456091 0.74179256 0.00740265 0.00352247 0.00295185 0.01893058 0.09871044 0.13180130 0.12420671 0.15883522 0.12296069 0.20740287 0.08259962 0.04067560
23.00460092 0.74005239 0.00745433 0.00345180 0.00275185 0.02166470 0.09607954 0.14850092 0.12260883 0.16970946 0.12081481 0.17541287 0.09104495 0.04050595
23.20464093 0.73940665 0.00653123 0.00350104 0.00246811 0.01692748 0.10073223 0.15737712 0.12588286 0.16872596 0.12268628 0.17016830 0.08919752 0.03580188
23.40468094 0.73805894 0.00746217 0.00344480 0.00249675 0.01563711 0.10421364 0.14555136 0.12754213 0.16701205 0.12592074 0.17743449 0.08287861 0.04040614
23.60472094 0.73378485 0.00698735 0.00327928 0.00361868 0.01588410 0.10163825 0.13373660 0.12699955 0.15059275 0.12144838 0.20809214 0.08663445 0.04108846
23.80476095 0.72855690 0.00619541 0.00396420 0.00271368 0.01887119 0.09982055 0.10959030 0.12560464 0.13922004 0.13006476 0.23244981 0.08654578 0.04495965
24.00480096 0.72809238 0.00624352 0.00341661 0.00260558 0.01398095 0.10086351 0.11060710 0.12971048 0.12987531 0.12664479 0.23939688 0.08936453 0.04729074
24.20484097 0.72665785 0.00594171 0.00355137 0.00312606 0.01171142 0.10670554 0.12195552 0.12763992 0.14155649 0.13292618 0.21496248 0.08717692 0.04274641
24.40488098 0.72506096 0.00731906 0.00363533 0.00359259 0.01705823 0.10695216 0.13870797 0.12414317 0.15114774 0.13054547 0.18471880 0.09272380 0.03945569
24.60492098 0.72568173 0.00879903 0.00339916 0.00537247 0.01907948 0.10546209 0.14536918 0.12639274 0.15921709 0.12969228 0.16755040 0.09305366 0.03661242
24.80496099 0.72209728 0.00763807 0.00342820 0.00359555 0.02032286 0.10903952 0.14222427 0.13173294 0.16703362 0.13241405 0.16012505 0.08538521 0.03706066
25.00500100 0.72097444 0.00655541 0.00343164 0.00346063 0.02055597 0.11132529 0.14348630 0.12934508 0.14615460 0.13037047 0.18035688 0.08752744 0.03743028
25.20504101 0.71587859 0.00747934 0.00331154 0.00426822 0.02187711 0.10639952 0.11891667 0.12881223 0.14380847 0.12932729 0.20471626 0.09014934 0.04093400
25.40508102 0.71292446 0.00847149 0.00326446 0.00583539 0.02551357 0.10717856 0.10075441 0.13136317 0.12814648 0.12903828 0.22994701 0.08915545 0.04133172
25.60512102 0.71272543 0.00668885 0.00317619 0.00479559 0.02499725 0.10890450 0.10572837 0.13280742 0.12640477 0.12909193 0.22674512 0.08601987 0.04464013
25.80516103 0.71021731 0.00752739 0.00335365 0.00438103 0.02456590 0.10759734 0.12228075 0.12828534 0.14608121 0.13051615 0.19476599 0.09024744 0.04039780
26.00520104 0.71095793 0.00809580 0.00324061 0.00503031 0.02034280 0.10602573 0.14456468 0.12916424 0.14543898 0.12927311 0.17861491 0.09029624 0.03991259
26.20524105 0.70932134 0.00774463 0.00311076 0.00347187 0.02043028 0.10725746 0.14341730 0.13857845 0.16507453 0.12891738 0.15851621 0.08613587 0.03734525
26.40528106 0.70860389 0.00658184 0.00324720 0.00288140 0.02032471 0.10859319 0.14159976 0.13877666 0.15694656 0.12941831 0.16504680 0.08596455 0.04061900
26.60532106 0.70703481 0.00598424 0.00336515 0.00357427 0.01713166 0.11270244 0.13245537 0.13327889 0.14164588 0.13022531 0.18862194 0.09042812 0.04058672
26.80536107 0.70455335 0.00751532 0.00324327 0.00382277 0.01888769 0.10917430 0.11469482 0.13638195 0.13475315 0.13065795 0.20880650 0.09054245 0.04151983
27.00540108 0.70344623 0.00548376 0.00324393 0.00278599 0.01695458 0.10947109 0.10950419 0.14019484 0.12589980 0.13295970 0.22364653 0.08813036 0.04172523
27.20544109 0.70188839 0.00630687 0.00354342 0.00279879 0.01617399 0.10830562 0.11072239 0.13677536 0.13129276 0.13497741 0.21055989 0.09439811 0.04414539
27.40548110 0.70129234 0.00582298 0.00314391 0.00275723 0.01577373 0.11000752 0.12854603 0.13910903 0.13890605 0.13365873 0.19096445 0.09208073 0.03922961
27.60552110 0.70111249 0.00664876 0.00310863 0.00293895 0.01556044 0.11091788 0.14053515 0.14361392 0.14945309 0.13378887 0.16335905 0.09057062 0.03950464
27.80556111 0.69708106 0.00691604 0.00338556 0.00309107 0.01604865 0.11201968 0.14753678 0.14173971 0.15290573 0.13336008 0.15743331 0.08949489 0.03606851
28.00560112 0.69440261 0.00621530 0.00323258 0.00260045 0.01719893 0.11268215 0.13929573 0.13752269 0.14869868 0.13431599 0.16715217 0.09024651 0.04083881
28.20564113 0.69006422 0.00720441 0.00284817 0.00332577 0.02020847 0.11283667 0.12225066 0.13954857 0.14098365 0.12860346 0.19043185 0.09016306 0.04159526
28.40568114 0.68889900 0.00550235 0.00306261 0.00336417 0.01718936 0.11097847 0.11538056 0.13992940 0.12315207 0.13165551 0.21633126 0.09037393 0.04308031
28.60572114 0.68596692 0.00637511 0.00301025 0.00303214 0.01606710 0.11173477 0.11313870 0.13880199 0.12849303 0.13002208 0.21341914 0.09243083 0.04347487
28.80576115 0.68341435 0.00626975 0.00297930 0.00302092 0.01723300 0.11327840 0.11664217 0.13771414 0.13367702 0.13165681 0.20573065 0.09037128 0.04142657
29.00580116 0.68181845 0.00590070 0.00303161 0.00267961 0.02213190 0.11161304 0.12996376 0.14105089 0.13836307 0.12903720 0.18443365 0.09126718 0.04052740
29.20584117 0.68026976 0.00754210 0.00298836 0.00351404 0.01867755 0.11237251 0.14041481 0.13930801 0.15687487 0.13037666 0.15772644 0.09295438 0.03725027
29.40588118 0.67815137 0.00697316 0.00303148 0.00344412 0.01759756 0.11614241 0.14785938 0.13675178 0.15111097 0.13008726 0.15563619 0.09398698 0.03737871
29.60592118 0.67672511 0.00702471 0.00306618 0.00343757 0.02068896 0.11532732 0.13254337 0.14117855 0.14673594 0.12971078 0.17494485 0.08871709 0.03662467
29.80596119 0.67357706 0.00670819 0.00307054 0.00345082 0.02019749 0.11965412 0.11472343 0.14187808 0.13236697 0.13009552 0.19546538 0.09130166 0.04108781
30.00600120 0.67126602 0.00687530 0.00296318 0.00391213 0.02461973 0.11566689 0.10826627 0.13900724 0.12343520 0.13177928 0.20841308 0.09458333 0.04047837
30.20604121 0.66877702 0.00702440 0.00297367 0.00412466 0.02161495 0.11578593 0.10596698 0.14463192 0.12469359 0.13001839 0.20808408 0.09259000 0.04249143
30.40608122 0.66875933 0.00741513 0.00296819 0.00408932 0.01986427 0.11568924 0.11736283 0.14780873 0.12444582 0.12894999 0.19502607 0.09258376 0.04379664
30.60612122 0.66854589 0.00728452 0.00328122 0.00371296 0.01979449 0.11170721 0.13067425 0.14257044 0.14556395 0.13229592 0.16419028 0.09814512 0.04077964
30.80616123 0.66813483 0.00734811 0.00295838 0.00438204 0.02251702 0.11563285 0.14292986 0.14133125 0.14188492 0.12971904 0.15289121 0.10035839 0.03804692
31.00620124 0.66630209 0.00650413 0.00309875 0.00311761 0.02094055 0.11713779 0.13280337 0.15065574 0.14732477 0.13259096 0.15427295 0.09251667 0.03903670
31.20624125 0.66423880 0.00705853 0.00296904 0.00308955 0.01608500 0.11909354 0.12267652 0.14747509 0.14065163 0.13117928 0.17490814 0.09328295 0.04153071
31.40628126 0.66060012 0.00552174 0.00305860 0.00341920 0.02056523 0.12319551 0.11754484 0.14450880 0.12037513 0.13444950 0.19309304 0.09478752 0.03948091
31.60632126 0.65817674 0.00636068 0.00294035 0.00355811 0.01615720 0.11938053 0.10850345 0.14731235 0.12430688 0.13389962 0.19913982 0.09646706 0.04197394
31.80636127 0.65758412 0.00526437 0.00282227 0.00247673 0.01599698 0.11962773 0.10980107 0.15303422 0.11758583 0.12964540 0.20552710 0.09487029 0.04334801
32.00640128 0.65716841 0.00619024 0.00297902 0.00278513 0.01989327 0.11876713 0.11499018 0.14824175 0.13335948 0.13115572 0.18337683 0.09685630 0.04140495
32.20644129 0.65428138 0.00712258 0.00296663 0.00413408 0.01978005 0.12226034 0.13208296 0.14381097 0.13904996 0.13244617 0.15865102 0.10051580 0.03717944
32.40648130 0.65405815 0.00580776 0.00309917 0.00277454 0.01523286 0.12249722 0.14583559 0.14985926 0.13479459 0.13140858 0.15090239 0.10113567 0.03665237
32.60652130 0.65204178 0.00627923 0.00305295 0.00291626 0.01441132 0.12514119 0.13281959 0.15215627 0.14115447 0.13440975 0.15353167 0.09523975 0.03888755
32.80656131 0.65046840 0.00614293 0.00296260 0.00273943 0.01321685 0.13019024 0.12150646 0.15111464 0.12903627 0.13189565 0.17658723 0.09583679 0.03877090
33.00660132 0.64667949 0.00602179 0.00308568 0.00299460 0.01068898 0.12774947 0.11080542 0.15131797 0.12353452 0.13408601 0.19149108 0.09576079 0.04246370
33.20664133 0.64453094 0.00510842 0.00326985 0.00221738 0.01196428 0.12442750 0.11085534 0.15135633 0.11737343 0.13520033 0.19771935 0.09974590 0.04076189
33.40668134 0.64176115 0.00503665 0.00312640 0.00202836 0.01162962 0.12961633 0.11608349 0.14966546 0.11638788 0.13497191 0.18908191 0.10061981 0.04175218
33.60672134 0.64174210 0.00660183 0.00304365 0.00286370 0.01101930 0.12846690 0.12369708 0.15100409 0.12904375 0.13763451 0.16845988 0.09985076 0.03831454
33.80676135 0.63872281 0.00606207 0.00308469 0.00191556 0.01055947 0.12617773 0.13255229 0.15059022 0.13800292 0.13520746 0.15510958 0.10293980 0.03779819
34.00680136 0.63731332 0.00555836 0.00320838 0.00162839 0.01157310 0.12905750 0.13419375 0.14848041 0.13998786 0.13690806 0.15072257 0.10234557 0.03633606
34.20684137 0.63447136 0.00506436 0.00298620 0.00159924 0.01038201 0.13299977 0.13614434 0.15468521 0.12869649 0.13870779 0.15566542 0.09662094 0.03644824
34.40688138 0.62938185 0.00542992 0.00301382 0.00198433 0.00891749 0.13418812 0.12193068 0.15560640 0.12600549 0.13786554 0.17299327 0.09332602 0.03873891
34.60692138 0.62633528 0.00483979 0.00314460 0.00159357 0.00683002 0.13303537 0.11015214 0.15322407 0.11581206 0.13826440 0.19321971 0.09833148 0.04155280
34.80696139 0.62592263 0.00459321 0.00308657 0.00138502 0.00579681 0.13270848 0.10692910 0.14842091 0.11532986 0.13687013 0.19939070 0.10291382 0.04257537
35.00700140 0.62181048 0.00477491 0.00300241 0.00163032 0.00571179 0.13398367 0.11595146 0.15323183 0.12542506 0.13619177 0.18145975 0.09959023 0.03904680
35.20704141 0.62182053 0.00433897 0.00309138 0.00123988 0.00465306 0.13057123 0.13860520 0.15652006 0.12175286 0.13771389 0.16447193 0.09810335 0.03893818
35.40708142 0.62055489 0.00481226 0.00304813 0.00116886 0.00472681 0.13018759 0.13453648 0.15457930 0.13706093 0.13982450 0.14828127 0.10436038 0.03741349
35.60712142 0.61595855 0.00546905 0.00311277 0.00176966 0.00719633 0.13192164 0.13327582 0.15235348 0.13393444 0.14213246 0.14771848 0.10247955 0.03863632
35.80716143 0.61440038 0.00468908 0.00323423 0.00134963 0.00643764 0.13748372 0.12951603 0.15560379 0.12464222 0.14219197 0.16097661 0.09548620 0.03838887
36.00720144 0.61074380 0.00523044 0.00324808 0.00148881 0.00656865 0.13580628 0.11729240 0.15855052 0.12111065 0.13907810 0.17245061 0.09931693 0.03985853
36.20724145 0.60730434 0.00422232 0.00328674 0.00197815 0.00800246 0.13729272 0.11678619 0.15330854 0.10531405 0.14314837 0.18513628 0.10296354 0.03856064
36.40728146 0.60556327 0.00462570 0.00323308 0.00157845 0.00932425 0.14057273 0.11173387 0.14741059 0.11152427 0.14157665 0.18107713 0.10520687 0.04213643
36.60732146 0.60289319 0.00559353 0.00325491 0.00234702 0.00790865 0.13950807 0.11376322 0.15546034 0.11873767 0.14335855 0.16924255 0.10041803 0.04040745
36.80736147 0.60229215 0.00571360 0.00315573 0.00277749 0.00880627 0.13530229 0.12670539 0.15781961 0.11956933 0.14437450 0.15437697 0.10334778 0.03805104
37.00740148 0.59990510 0.00477514 0.00324773 0.00175048 0.00831508 0.14136777 0.13584263 0.14983253 0.12511038 0.14377606 0.14171897 0.10777582 0.03648741
37.20744149 0.60006291 0.00479966 0.00333012 0.00121173 0.00831243 0.14014972 0.13440966 0.14935661 0.12545736 0.14631230 0.14426896 0.10485115 0.03754031
37.40748150 0.59738140 0.00540458 0.00337775 0.00207567 0.01071175 0.13839306 0.11845165 0.15524222 0.12069295 0.14095792 0.15984780 0.10602896 0.03881568
37.60752150 0.59646343 0.00510784 0.00325144 0.00247924 0.01314824 0.14060305 0.11210469 0.15469306 0.11248641 0.14120274 0.17304878 0.10224963 0.03962489
37.80756151 0.59459025 0.00480332 0.00320294 0.00209379 0.01110453 0.14799255 0.11269246 0.14808653 0.10925175 0.14258606 0.17614407 0.10413184 0.03791019
38.00760152 0.59090209 0.00400366 0.00332082 0.00142372 0.01548471 0.14202047 0.11549521 0.14947105 0.10719120 0.14394061 0.17245907 0.10724695 0.03794252
38.20764153 0.59111011 0.00543137 0.00315477 0.00225149 0.01344576 0.14110344 0.11731616 0.15682776 0.11597868 0.14205159 0.16148467 0.10486235 0.03609196
38.40768154 0.58709994 0.00600814 0.00324140 0.00229288 0.01185934 0.14183145 0.12228469 0.15369611 0.12521221 0.14458039 0.14614923 0.10465056 0.03819361
38.60772154 0.58733453 0.00478277 0.00304589 0.00223372 0.01538564 0.14478223 0.13348319 0.15012189 0.11730506 0.14508348 0.14025699 0.10896640 0.03455273
38.80776155 0.58636322 0.00541317 0.00311360 0.00231943 0.01442568 0.14132600 0.12809349 0.15061092 0.12207590 0.14383465 0.13837449 0.11311473 0.03729794
39.00780156 0.58503388 0.00561792 0.00311356 0.00225061 0.00808782 0.14195629 0.12633425 0.15440573 0.11116577 0.14484187 0.15667530 0.10968245 0.03586842
39.20784157 0.58287217 0.00475881 0.00293367 0.00194177 0.01057174 0.14797737 0.11024032 0.15343079 0.10497644 0.14415944 0.17179994 0.10549864 0.04171107
39.40788158 0.57714869 0.00496953 0.00295959 0.00173264 0.01369407 0.14511773 0.10609586 0.15133328 0.11128224 0.14635504 0.17427446 0.10423427 0.03795129
39.60792158 0.57461046 0.00441785 0.00292924 0.00143071 0.01066601 0.14216937 0.11761250 0.15241984 0.10186422 0.14717738 0.17120024 0.10730408 0.04080856
39.80796159 0.57349617 0.00574565 0.00284749 0.00234688 0.01316162 0.14229499 0.12497843 0.15366537 0.11453401 0.14580605 0.15458454 0.10538600 0.03464896
40.00800160 0.57250264 0.00616389 0.00305088 0.00275768 0.01376081 0.14097608 0.12725493 0.15649442 0.12135666 0.14721132 0.14156088 0.10226721 0.03714524
40.20804161 0.57023119 0.00529891 0.00280694 0.00211294 0.01026443 0.13859516 0.13360830 0.15387349 0.11879222 0.14415786 0.14209501 0.11256645 0.03582829
40.40808162 0.56923875 0.00620364 0.00297754 0.00264110 0.01166311 0.13805092 0.12642276 0.15205586 0.11971086 0.14747170 0.14297741 0.11144389 0.03838122
40.60812162 0.56567263 0.00534879 0.00280950 0.00274939 0.01217305 0.14232715 0.12341434 0.15519784 0.11040002 0.14558189 0.15866433 0.10408353 0.03725017
40.80816163 0.56314759 0.00565176 0.00281213 0.00320500 0.01234033 0.14165798 0.11551973 0.15902964 0.10498118 0.14590756 0.16972148 0.10059259 0.03858061
41.00820164 0.56131851 0.00614151 0.00285839 0.00324065 0.01537362 0.14078503 0.10807440 0.15454980 0.10571594 0.14744459 0.17185526 0.10436210 0.03959873
41.20824165 0.56060195 0.00560682 0.00286733 0.00288747 0.01506026 0.14383436 0.11259316 0.15312622 0.10784531 0.14618757 0.16436751 0.10598443 0.03963956
41.40828166 0.55873004 0.00527265 0.00287183 0.00253711 0.01704509 0.14756217 0.12524915 0.15861884 0.11007694 0.14487168 0.15072460 0.09807538 0.03709455
41.60832166 0.55534312 0.00508551 0.00271073 0.00248507 0.01965098 0.14152098 0.13141208 0.15721909 0.11604194 0.14361800 0.13957069 0.10493110 0.03575382
41.80836167 0.55177689 0.00596489 0.00282897 0.00247753 0.01868379 0.14161957 0.12743773 0.14981600 0.11876935 0.14531660 0.14058119 0.10841876 0.03808562
42.00840168 0.54446237 0.00608507 0.00289376 0.00341641 0.01998607 0.14773000 0.12385860 0.14822465 0.11287082 0.14706020 0.14680305 0.10209130 0.03898007
42.20844169 0.54299796 0.00679834 0.00253218 0.00411962 0.01999587 0.14401308 0.11855998 0.15443748 0.11018712 0.14612732 0.15435431 0.10088984 0.03798485
42.40848170 0.54197614 0.00514693 0.00261494 0.00270545 0.01894507 0.14524459 0.11429089 0.15483264 0.10310784 0.14857705 0.16573134 0.10073068 0.03807256
42.60852170 0.54185867 0.00587059 0.00259588 0.00281220 0.01936398 0.15009241 0.10983687 0.15255507 0.10252290 0.14679087 0.16678785 0.09996568 0.04080570
42.80856171 0.54074018 0.00604615 0.00251526 0.00337241 0.01991689 0.15084112 0.11585498 0.15162503 0.10855305 0.14782364 0.15633375 0.09919486 0.03792287
43.00860172 0.53892572 0.00593374 0.00253506 0.00378354 0.02049835 0.15208442 0.12260026 0.15451650 0.10681938 0.14740054 0.14496206 0.10146338 0.03740277
43.20864173 0.53815429 0.00562598 0.00259028 0.00225919 0.01759499 0.15170117 0.12511411 0.15607829 0.11336023 0.14901708 0.13582101 0.10461308 0.03622459
43.40868174 0.53746142 0.00502558 0.00262570 0.00221971 0.01535748 0.15456532 0.12371502 0.15320181 0.11021300 0.15016822 0.13869871 0.10543886 0.03877059
43.60872174 0.53447936 0.00602998 0.00256852 0.00332073 0.01911344 0.15499860 0.11831768 0.15543689 0.10515960 0.15049714 0.14445353 0.10449874 0.03560514
43.80876175 0.53316366 0.00576674 0.00250838 0.00343514 0.01619040 0.15148785 0.11314580 0.15998678 0.10324841 0.15280095 0.14815181 0.10521595 0.03806181
44.00880176 0.52883260 0.00556593 0.00260089 0.00288729 0.01932220 0.15386761 0.11263191 0.15828852 0.09447478 0.15201655 0.15569002 0.10322633 0.03942796
44.20884177 0.52636698 0.00566091 0.00298444 0.00353558 0.02019542 0.15366205 0.11096776 0.15536799 0.10188073 0.15329663 0.15007263 0.10468880 0.03768707
44.40888178 0.52605522 0.00626879 0.00250219 0.00316770 0.02137145 0.15318137 0.11364827 0.15863021 0.10446319 0.15193495 0.14325059 0.10375118 0.03783010
44.60892178 0.52430561 0.00544759 0.00251546 0.00289231 0.01806958 0.14863637 0.12452886 0.16119015 0.10358217 0.15475781 0.13634936 0.10290011 0.03913021
44.80896179 0.52236347 0.00552879 0.00268629 0.00375395 0.01878466 0.14867051 0.12692579 0.15725523 0.10810608 0.15541030 0.12946162 0.10597757 0.03743921
45.00900180 0.52127824 0.00761406 0.00249156 0.00485680 0.02128260 0.14873328 0.12193784 0.15679686 0.10267297 0.15475787 0.13525639 0.10522033 0.03837944
45.20904181 0.51820790 0.00648104 0.00248410 0.00422160 0.01760990 0.14790711 0.11307268 0.16076036 0.10229721 0.15409314 0.14583982 0.10275519 0.04247786
45.40908182 0.51638784 0.00616657 0.00276786 0.00312740 0.01618206 0.14950433 0.10896985 0.16124391 0.09699846 0.15194668 0.15311482 0.10853713 0.04144094
45.60912182 0.51457625 0.00452057 0.00266668 0.00255584 0.01363301 0.15170838 0.12125830 0.15701128 0.09438814 0.15600995 0.15139851 0.10660361 0.03824572
45.80916183 0.51259207 0.00578370 0.00254378 0.00273875 0.01324521 0.15428118 0.11829950 0.15943772 0.09889112 0.15277019 0.14696315 0.10696704 0.03807868
46.00920184 0.51253960 0.00574236 0.00267865 0.00264149 0.01248192 0.15163991 0.11327307 0.16004451 0.10396023 0.15680749 0.14267254 0.10882934 0.03922848
46.20924185 0.51026042 0.00541341 0.00284117 0.00245240 0.01228012 0.15149317 0.11836335 0.15855820 0.10649485 0.15853937 0.13390990 0.10856799 0.04108606
46.40928186 0.50916919 0.00506100 0.00272020 0.00283803 0.01656348 0.15232739 0.12904842 0.15728424 0.10103286 0.15679933 0.12984730 0.10886875 0.03760901
46.60932186 0.50671743 0.00480860 0.00270119 0.00226136 0.01205692 0.15194356 0.12294684 0.16079519 0.10188872 0.15913105 0.13365631 0.10742892 0.04038134
46.80936187 0.50511213 0.00596125 0.00292911 0.00339474 0.01104874 0.15061827 0.11180091 0.16240112 0.09793817 0.15968284 0.14651683 0.10836856 0.03933946
47.00940188 0.50442524 0.00547062 0.00282315 0.00314865 0.01067156 0.15564019 0.10502443 0.15945054 0.09627487 0.15727305 0.15170319 0.11081297 0.04170677
47.20944189 0.50315586 0.00488638 0.00291122 0.00237682 0.00993254 0.15854974 0.11025491 0.16003215 0.09337588 0.16329711 0.14666381 0.10920968 0.03850977
47.40948190 0.50269430 0.00520109 0.00283804 0.00275072 0.01219573 0.15725916 0.11790873 0.16215826 0.09350458 0.16053826 0.13842127 0.11120619 0.03601798
47.60952190 0.50119974 0.00523773 0.00290867 0.00285562 0.01410250 0.15908057 0.11742194 0.16142957 0.09977858 0.16115451 0.13164872 0.10942658 0.03495501
47.80956191 0.50076487 0.00558974 0.00279012 0.00238946 0.01398056 0.15901091 0.11538267 0.15915263 0.10553056 0.16094893 0.12555702 0.11209731 0.03757008
48.00960192 0.49978305 0.00495454 0.00278080 0.00220035 0.01180035 0.15798476 0.12112656 0.16168332 0.10011202 0.16181029 0.12722406 0.11174072 0.03658222
48.20964193 0.49860070 0.00454917 0.00276559 0.00213418 0.01508213 0.16056213 0.11957458 0.16311212 0.09615523 0.15940782 0.13303609 0.10815223 0.03546872
48.40968194 0.49827389 0.00437936 0.00273991 0.00198214 0.01235450 0.16331089 0.11738807 0.16051241 0.08995557 0.15873430 0.14210574 0.11070239 0.03583472
48.60972194 0.49634144 0.00461687 0.00287501 0.00147854 0.00933613 0.16034269 0.11024475 0.16424519 0.09236149 0.15874966 0.14674007 0.11178734 0.03722224
48.80976195 0.49612129 0.00508917 0.00269686 0.00215064 0.00879113 0.16318948 0.10818252 0.16458653 0.09255274 0.15846970 0.14398257 0.11105733 0.03925133
49.00980196 0.49585738 0.00540213 0.00265068 0.00207675 0.01071743 0.16425919 0.11431478 0.16458723 0.09711486 0.15573329 0.13621725 0.11076950 0.03615689
49.20984197 0.49523399 0.00412483 0.00271798 0.00171462 0.01008435 0.16035378 0.12725157 0.16555672 0.09712581 0.15656473 0.12569540 0.11080670 0.03800353
49.40988198 0.49234975 0.00510776 0.00252351 0.00268880 0.01165982 0.16307893 0.12848348 0.16590646 0.09929122 0.15257632 0.12195744 0.11191467 0.03481159
49.60992198 0.48818083 0.00548124 0.00283244 0.00243227 0.00845828 0.16287153 0.11592768 0.17270088 0.09766324 0.15599812 0.12688087 0.10959693 0.03915652
49.80996199 0.48723204 0.00483495 0.00293160 0.00239853 0.01190914 0.16336104 0.11114866 0.17096194 0.09140264 0.15609122 0.13597099 0.11265411 0.03633520
50.01000200 0.48574564 0.00477117 0.00254208 0.00210806 0.01440855 0.16276799 0.10862958 0.17026415 0.09031971 0.15729094 0.13620233 0.11313475 0.03756070
50.21004201 0.48517818 0.00421399 0.00258041 0.00215662 0.01131574 0.16427450 0.11112274 0.16944414 0.08622221 0.15907314 0.14301368 0.11062771 0.03595513
50.41008202 0.48433168 0.00491644 0.00243330 0.00208768 0.01076685 0.16442998 0.10745803 0.17074092 0.08911580 0.15535395 0.13983274 0.11304175 0.03982256
50.61012202 0.48428303 0.00507342 0.00254739 0.00220991 0.01376500 0.16527025 0.10770120 0.16901746 0.10036760 0.15927751 0.12890258 0.11188727 0.03398040
50.81016203 0.48345558 0.00487806 0.00235061 0.00220168 0.01444531 0.16520564 0.12122614 0.17361205 0.09254712 0.15515270 0.12209135 0.11167890 0.03461045
51.01020204 0.48024869 0.00487191 0.00242599 0.00226928 0.01153454 0.16474517 0.12327937 0.17229470 0.09916793 0.15613530 0.11746594 0.11239874 0.03341113
51.21024205 0.47896247 0.00510753 0.00238610 0.00209021 0.01494493 0.16516747 0.11055529 0.17032184 0.09618469 0.15797825 0.12632806 0.11414624 0.03478940
51.41028206 0.47730610 0.00486927 0.00225558 0.00232073 0.01527619 0.16471702 0.10415677 0.17162147 0.08863186 0.15372169 0.14183154 0.11368414 0.03691374
