0.00000000 12.00000000 0.00000000 0.00000000 0.00000000 0.00000000 0.00000000 0.00000000 0.00000000 1.00000000 0.00000000 0.00000000 0.00000000 0.00000000
0.10000500 12.00425032 0.02527713 0.00153706 0.00807697 0.10748118 0.08113306 0.15328957 0.02825432 0.42466940 0.06540825 0.07644243 0.00766731 0.02076332
0.20001000 11.99762853 0.00837959 0.00137109 0.00484508 0.04914600 0.12551619 0.23332122 0.05508625 0.23244507 0.07175521 0.15234348 0.03427125 0.03151956
0.30001500 11.99279927 0.00519180 0.00115871 0.00290450 0.03058592 0.13469789 0.24682936 0.07139507 0.16239603 0.08156052 0.18430216 0.04318782 0.03579023
0.40002000 11.98628361 0.00464258 0.00093011 0.00219040 0.01857698 0.14629890 0.22127683 0.07150350 0.15334463 0.08576103 0.20706109 0.04550645 0.04290751
0.50002500 11.98141276 0.00437784 0.00098390 0.00151880 0.01261059 0.15813725 0.19680958 0.07940267 0.14499183 0.08821725 0.21920203 0.05325893 0.04048933
0.60003000 11.97552126 0.00496524 0.00104908 0.00215237 0.01419109 0.16623558 0.16254977 0.08417377 0.14448444 0.09689218 0.22417796 0.05364941 0.04547913
0.70003500 11.97000316 0.00452820 0.00095730 0.00265956 0.02068402 0.17259441 0.16553645 0.09166037 0.11479960 0.09646127 0.22360462 0.05632665 0.05018755
0.80004000 11.95906706 0.00388203 0.00096704 0.00231346 0.01678119 0.17952812 0.15363992 0.09931984 0.10069047 0.09880145 0.22846649 0.06138356 0.05422643
0.90004500 11.95188264 0.00302170 0.00110821 0.00183078 0.01155157 0.19944881 0.14573389 0.10827872 0.08781737 0.10033512 0.22003596 0.06882914 0.05200872
1.00005000 11.94470385 0.00218922 0.00099688 0.00119955 0.00693727 0.21900036 0.14066191 0.11229261 0.08553070 0.09631437 0.21500294 0.07139578 0.04847841
1.10005500 11.93935008 0.00263657 0.00098998 0.00140979 0.01643800 0.22546728 0.14764926 0.11665179 0.08352559 0.08826689 0.19926218 0.07262407 0.04507861
1.20006000 11.93099885 0.00323248 0.00093405 0.00184927 0.01113853 0.22749705 0.16292780 0.12420040 0.08688124 0.08801400 0.18048193 0.06935450 0.04348874
1.30006500 11.91831956 0.00384566 0.00101063 0.00232642 0.02202262 0.23511491 0.16206354 0.13270427 0.08813554 0.07965887 0.15214371 0.07351132 0.04746250
1.40007000 11.91165714 0.00330093 0.00105950 0.00175556 0.01591632 0.23951926 0.16865537 0.13902236 0.08556584 0.07620450 0.14361876 0.08019438 0.04518721
1.50007500 11.90149393 0.00416601 0.00102510 0.00239468 0.01945594 0.24716647 0.16719743 0.13399659 0.09440944 0.07904314 0.12159220 0.08276870 0.04678430
1.60008000 11.89297651 0.00419694 0.00095381 0.00186806 0.01463960 0.25686327 0.17158419 0.13943487 0.10629692 0.07677845 0.10413171 0.07996960 0.04328258
1.70008500 11.87774307 0.00466161 0.00113380 0.00270139 0.02145701 0.25638563 0.17220054 0.15503606 0.08948791 0.08176695 0.09433610 0.08367756 0.03715544
1.80009000 11.86950689 0.00416003 0.00111890 0.00196165 0.01912445 0.27370154 0.16213762 0.15574515 0.08951537 0.08313833 0.09011236 0.08429608 0.03498853
1.90009500 11.86192453 0.00311207 0.00108106 0.00140099 0.00941810 0.27763620 0.17047301 0.16167910 0.07556716 0.08602204 0.09144111 0.08358160 0.03858756
2.00010001 11.85182526 0.00289766 0.00110777 0.00117912 0.00900102 0.28586985 0.16474894 0.16949667 0.07044209 0.09058289 0.08739637 0.08294281 0.03433479
2.10010501 11.84276529 0.00293292 0.00105649 0.00179712 0.01450878 0.29092435 0.15062393 0.17341039 0.05896268 0.09030862 0.09626280 0.08230014 0.03691177
2.20011001 11.82768836 0.00285389 0.00110157 0.00192835 0.01754397 0.29681365 0.13072574 0.17718603 0.05570351 0.09249530 0.09412543 0.09040344 0.03911912
2.30011501 11.81581239 0.00278938 0.00123030 0.00201426 0.01632498 0.29764920 0.11401205 0.18890171 0.05237999 0.09041652 0.09715396 0.09980227 0.03732538
2.40012001 11.80369838 0.00238340 0.00125648 0.00148893 0.00870846 0.29987850 0.11661667 0.19493024 0.05379788 0.09420119 0.09256523 0.09773360 0.03643944
2.50012501 11.79330818 0.00195048 0.00119685 0.00109308 0.00876266 0.30826110 0.11476725 0.20155345 0.04928977 0.09151361 0.09305773 0.09747499 0.03107903
2.60013001 11.78296495 0.00201610 0.00119049 0.00130657 0.01040086 0.30779054 0.11836843 0.19808590 0.04654104 0.09374855 0.09468745 0.09318451 0.03267956
2.70013501 11.77296036 0.00257279 0.00110403 0.00163086 0.01739678 0.30895917 0.11506893 0.20126966 0.04557203 0.09090611 0.09059812 0.09376103 0.03116048
2.80014001 11.75863007 0.00243949 0.00119926 0.00138120 0.01514981 0.30892770 0.11155276 0.21042547 0.05026071 0.09404252 0.08477465 0.09140505 0.02844139
2.90014501 11.74723792 0.00291529 0.00114563 0.00213819 0.01794342 0.30927772 0.09898793 0.21299109 0.04799467 0.09538734 0.08060482 0.09919823 0.03141568
3.00015001 11.73893229 0.00257770 0.00106030 0.00170139 0.01045730 0.31590181 0.10017916 0.22129610 0.04698209 0.09052282 0.07377778 0.10121896 0.03432459
3.10015501 11.72989862 0.00193599 0.00108616 0.00112506 0.00690878 0.32219155 0.10176010 0.23192463 0.04660125 0.08903788 0.06569939 0.10175979 0.02996942
3.20016001 11.71777299 0.00177567 0.00113338 0.00112852 0.00637463 0.32229865 0.10873348 0.22538643 0.04258212 0.09640739 0.06565377 0.10077414 0.02775180
3.30016501 11.70904433 0.00200592 0.00115626 0.00118495 0.00868101 0.32438355 0.10392122 0.23075968 0.04387665 0.09843786 0.05965606 0.09926265 0.02667420
3.40017001 11.70019432 0.00182296 0.00118204 0.00118993 0.01088204 0.32097868 0.10251945 0.23050011 0.03924882 0.09292280 0.06497531 0.10841637 0.02536150
3.50017501 11.68953101 0.00216832 0.00120635 0.00117310 0.01251667 0.33046687 0.09703167 0.22841280 0.04234356 0.08981050 0.06059478 0.11010347 0.02417190
3.60018001 11.67724354 0.00227059 0.00120002 0.00137629 0.01459610 0.33339116 0.09664557 0.23355495 0.03916241 0.08967844 0.05794564 0.10617543 0.02400341
3.70018501 11.66673006 0.00143696 0.00113934 0.00085103 0.00885690 0.33932556 0.09426833 0.23967853 0.03433988 0.08846531 0.05886151 0.10539125 0.02738538
3.80019001 11.65877602 0.00202576 0.00103187 0.00118845 0.00858807 0.33736205 0.09295235 0.24497912 0.03633242 0.08000076 0.06903101 0.10462621 0.02188194
3.90019501 11.64917127 0.00202026 0.00109927 0.00143217 0.01260172 0.34797490 0.08448821 0.24669961 0.03406160 0.08042158 0.06369439 0.10380464 0.02170165
4.00020001 11.64090773 0.00184200 0.00104880 0.00119538 0.00910130 0.35694877 0.08459330 0.24738990 0.03339546 0.07439449 0.06419871 0.10221804 0.02367384
4.10020501 11.62715451 0.00190685 0.00099839 0.00108903 0.01228821 0.35153341 0.08823817 0.24613178 0.03763391 0.07080112 0.06236250 0.10453531 0.02248132
4.20021001 11.61089461 0.00218582 0.00113677 0.00124231 0.01020100 0.34822149 0.08427432 0.25455337 0.03710575 0.07079467 0.06078198 0.10729370 0.02220881
4.30021501 11.60087897 0.00211749 0.00110994 0.00136119 0.01104116 0.34818437 0.08127914 0.25203879 0.03663336 0.07089947 0.06562918 0.10576743 0.02393848
4.40022001 11.59482840 0.00172704 0.00103121 0.00115682 0.00748987 0.35636359 0.07341571 0.25731085 0.03682248 0.07239123 0.05685246 0.10890313 0.02653561
4.50022501 11.58128527 0.00135213 0.00101918 0.00111711 0.00957637 0.35765326 0.07186276 0.26289173 0.03165917 0.06751551 0.05862419 0.11092031 0.02580826
4.60023001 11.56889071 0.00154382 0.00111468 0.00133035 0.01044823 0.35865153 0.07610689 0.25814689 0.02854828 0.06645773 0.05511820 0.11762916 0.02490424
4.70023501 11.56142686 0.00192006 0.00105880 0.00142122 0.01333695 0.35600615 0.07445945 0.26387671 0.03175375 0.06660513 0.05260140 0.11845321 0.01850717
4.80024001 11.54979421 0.00168231 0.00111065 0.00119778 0.00762720 0.35459196 0.07817940 0.26111928 0.03240017 0.06722086 0.04916824 0.12395725 0.02174489
4.90024501 11.53999443 0.00146876 0.00134071 0.00101717 0.00868406 0.36482998 0.06633425 0.26084515 0.02715914 0.06454105 0.04789886 0.13444311 0.02143777
5.00025001 11.53567668 0.00115613 0.00119688 0.00060595 0.00348532 0.36531864 0.06877314 0.26562895 0.02724928 0.06876906 0.04729749 0.13108647 0.01943271
5.10025501 11.52333645 0.00188088 0.00113470 0.00168603 0.01061107 0.36296061 0.06119547 0.27012671 0.02494268 0.06980379 0.04344183 0.12797419 0.02424203
5.20026001 11.50427608 0.00143188 0.00128941 0.00104158 0.00896769 0.35947718 0.06132561 0.27567984 0.02549319 0.07892898 0.04459019 0.12462458 0.01714987
5.30026501 11.49543226 0.00123592 0.00123202 0.00078320 0.00522871 0.36299005 0.06053667 0.27808661 0.02502418 0.08175793 0.04256612 0.12593339 0.01462520
5.40027001 11.48170140 0.00081845 0.00133727 0.00044280 0.00279766 0.36292362 0.05204876 0.29010577 0.02202280 0.08430714 0.04116248 0.12932621 0.01270705
5.50027501 11.47291420 0.00119081 0.00124490 0.00069930 0.00828439 0.36464234 0.05116531 0.28850932 0.02187613 0.07898691 0.03877072 0.13261653 0.01201334
5.60028001 11.46212655 0.00145923 0.00117964 0.00078278 0.01053476 0.36081927 0.05125390 0.28842814 0.02597448 0.07847395 0.03855003 0.12909900 0.01344481
5.70028501 11.44693437 0.00129112 0.00120972 0.00083677 0.00779420 0.35699246 0.05231215 0.28874081 0.02220887 0.07811065 0.04395652 0.13094636 0.01560037
5.80029001 11.44344064 0.00078826 0.00119628 0.00045361 0.00285967 0.36154249 0.04931404 0.29174652 0.02308179 0.08014036 0.04188719 0.12937434 0.01761543
5.90029501 11.42888235 0.00107117 0.00114694 0.00075318 0.00610212 0.36158426 0.04512394 0.29058287 0.02560867 0.07630307 0.04294394 0.13038285 0.01839698
6.00030002 11.41853171 0.00135120 0.00115513 0.00094769 0.00848641 0.35913655 0.05065414 0.29033646 0.02445431 0.07045365 0.04499835 0.13291821 0.01510791
6.10030502 11.40089352 0.00162240 0.00116422 0.00124127 0.00964351 0.35969108 0.04763533 0.28826520 0.02261373 0.06717439 0.05215799 0.13170510 0.01708577
6.20031002 11.38786863 0.00109094 0.00127742 0.00088981 0.00740840 0.35914925 0.04784039 0.29422379 0.02484039 0.06890837 0.04459849 0.13444117 0.01533159
6.30031502 11.37691074 0.00192907 0.00116202 0.00134017 0.01262067 0.35325292 0.04960589 0.29102714 0.02682510 0.06095693 0.04954011 0.13760098 0.01413899
6.40032002 11.37288395 0.00122070 0.00114943 0.00062233 0.00333310 0.35389629 0.04718363 0.30254779 0.02739203 0.05931328 0.05138017 0.13709322 0.01486804
6.50032502 11.36361667 0.00081054 0.00110448 0.00018211 0.00240922 0.35954753 0.04941085 0.30552739 0.02800283 0.05718205 0.04593412 0.13863856 0.01125034
6.60033002 11.35239215 0.00121035 0.00109920 0.00090862 0.00689792 0.36404720 0.04453909 0.30895672 0.02367577 0.05688391 0.04026289 0.13701297 0.01450535
6.70033502 11.34053829 0.00070646 0.00121350 0.00024197 0.00046715 0.36278873 0.04523854 0.31740453 0.02368401 0.05624203 0.03674038 0.14235121 0.01292148
6.80034002 11.32976827 0.00150999 0.00123953 0.00114049 0.00900900 0.35931997 0.04804117 0.30811018 0.02221469 0.06073023 0.03245745 0.14460009 0.01162720
6.90034502 11.31942971 0.00087355 0.00122237 0.00047821 0.00200540 0.36006923 0.05069245 0.31102947 0.02174894 0.06628739 0.03373688 0.13939154 0.01246457
7.00035002 11.29438351 0.00138360 0.00121450 0.00091066 0.00778349 0.35347498 0.05070912 0.30751904 0.02130935 0.06607888 0.03144826 0.14771260 0.01045553
7.10035502 11.28041222 0.00083725 0.00125854 0.00060714 0.00669972 0.35489180 0.04850277 0.31045862 0.01803938 0.06726053 0.02778347 0.14813050 0.01553028
7.20036002 11.27377477 0.00084409 0.00116496 0.00050106 0.00285371 0.35568709 0.05334847 0.31547746 0.01639870 0.06850560 0.02710163 0.14516488 0.01295234
7.30036502 11.26614113 0.00114049 0.00117266 0.00077654 0.00675519 0.35596670 0.05266595 0.31648577 0.01628521 0.06398673 0.02589353 0.14638815 0.01248309
7.40037002 11.25294715 0.00151601 0.00122612 0.00120830 0.01069204 0.35819204 0.04337370 0.31720863 0.01455764 0.06924061 0.02771919 0.14413260 0.01093313
7.50037502 11.24495356 0.00130006 0.00123778 0.00089351 0.00956751 0.35492097 0.04380461 0.32117038 0.01356321 0.06855185 0.02889198 0.14611902 0.00997912
7.60038002 11.23146095 0.00054010 0.00126924 0.00032965 0.00077081 0.35957437 0.04178838 0.31711308 0.01406144 0.07149294 0.02851918 0.15055037 0.01399044
7.70038502 11.21725944 0.00115515 0.00122259 0.00098487 0.00611076 0.35364453 0.04222027 0.31452525 0.01523367 0.07058732 0.02958173 0.15002032 0.01471355
7.80039002 11.20351375 0.00127163 0.00124600 0.00107955 0.00780532 0.35668410 0.04072263 0.31037776 0.01472046 0.07529542 0.03097118 0.14639672 0.01342923
7.90039502 11.18993319 0.00109248 0.00117842 0.00094310 0.00673630 0.34818487 0.04458911 0.30385405 0.01812451 0.07115970 0.03473118 0.14762296 0.02178333
8.00040002 11.17852293 0.00138843 0.00117935 0.00110623 0.00823380 0.34690124 0.04679537 0.30617617 0.01762058 0.06664336 0.03703729 0.14909987 0.01781829
8.10040502 11.17018301 0.00120924 0.00117672 0.00098750 0.00777632 0.34600205 0.04764249 0.30916324 0.01826112 0.06863308 0.03198329 0.14902491 0.01814005
8.20041002 11.16069654 0.00112664 0.00122201 0.00098884 0.00769788 0.35200419 0.04531481 0.30614766 0.01596241 0.06859698 0.03359976 0.15202916 0.01530967
8.30041502 11.14658832 0.00136396 0.00114177 0.00135501 0.01113957 0.35035527 0.04908288 0.30498292 0.01580047 0.06760177 0.03169470 0.14791828 0.01756341
8.40042002 11.13165660 0.00131844 0.00124379 0.00112967 0.01202225 0.34677776 0.04695241 0.31228343 0.01920376 0.06547684 0.02799541 0.14821818 0.01737807
8.50042502 11.12091392 0.00094266 0.00132462 0.00064971 0.00619439 0.35290924 0.04182385 0.31209605 0.01761406 0.07068237 0.02857181 0.15298771 0.01420351
8.60043002 11.11228091 0.00140457 0.00119139 0.00094776 0.00875468 0.34701400 0.03993224 0.31314404 0.02010871 0.06652999 0.03488255 0.15412057 0.01196949
8.70043502 11.10567492 0.00143346 0.00115187 0.00111784 0.01212398 0.34741450 0.04561978 0.30889645 0.01930269 0.06364547 0.03425699 0.15289171 0.01214527
8.80044002 11.09756791 0.00123820 0.00125352 0.00082880 0.00891531 0.35276944 0.04615963 0.31135937 0.01927108 0.06505499 0.02958356 0.14956267 0.01400342
8.90044502 11.08774871 0.00092395 0.00127095 0.00068709 0.00427505 0.36190054 0.04537600 0.31290865 0.01784656 0.06328552 0.03235023 0.14663434 0.01254112
9.00045002 11.07334505 0.00166732 0.00114162 0.00118339 0.01191303 0.36272935 0.04498495 0.31083339 0.01982867 0.06011751 0.02843254 0.14717813 0.00999010
9.10045502 11.06468243 0.00132139 0.00117089 0.00115495 0.01044071 0.35742604 0.04442858 0.30765365 0.01707406 0.06298320 0.02577511 0.15476622 0.01580521
9.20046002 11.05188385 0.00117685 0.00127817 0.00091750 0.01184234 0.34954146 0.03738583 0.31441361 0.01707797 0.06237102 0.03170959 0.16039574 0.01188993
9.30046502 11.04272536 0.00155282 0.00120749 0.00099060 0.00862850 0.34577138 0.04429682 0.31938081 0.02109041 0.06393922 0.02619838 0.15370110 0.01324248
9.40047002 11.02425565 0.00119452 0.00128507 0.00084863 0.00619850 0.34387579 0.05170867 0.31516650 0.01915025 0.06134507 0.03259480 0.15432756 0.01230463
9.50047502 11.01986304 0.00135453 0.00120325 0.00098309 0.00804404 0.34653090 0.05200530 0.31703281 0.01981692 0.06140745 0.02563880 0.15382560 0.01215732
9.60048002 10.99921915 0.00114248 0.00124990 0.00078921 0.00729281 0.34652476 0.05010057 0.31708385 0.02322511 0.06190593 0.02985781 0.14923556 0.01159202
9.70048502 10.98320071 0.00153404 0.00131534 0.00109183 0.01077629 0.34757613 0.04728499 0.30747393 0.02337583 0.06194518 0.03082382 0.15568943 0.01111321
9.80049002 10.97507198 0.00150250 0.00120963 0.00099406 0.01059454 0.34474523 0.04327870 0.31291642 0.02306032 0.05831879 0.03378279 0.15680992 0.01278707
9.90049502 10.96074729 0.00115913 0.00124001 0.00090212 0.00621574 0.34615627 0.03935620 0.31159762 0.01990959 0.06459661 0.04518587 0.15040950 0.01327136
10.00050003 10.94850213 0.00084108 0.00133473 0.00063548 0.00202380 0.33812579 0.04319953 0.30987071 0.02317707 0.06258957 0.04540032 0.15607920 0.01672271
10.10050503 10.93466145 0.00129159 0.00122996 0.00115385 0.00759480 0.34631525 0.05005066 0.30765571 0.02037572 0.06113140 0.03919403 0.14966768 0.01433935
10.20051003 10.92438494 0.00112006 0.00119112 0.00100460 0.00894628 0.34348154 0.05231962 0.30627120 0.02068083 0.06387801 0.04135668 0.14317813 0.01657193
10.30051503 10.91240131 0.00088836 0.00125470 0.00069928 0.00445493 0.34373340 0.05536206 0.31182186 0.02079055 0.06365466 0.04141107 0.14153537 0.01439375
10.40052003 10.89981808 0.00164509 0.00113573 0.00160507 0.01328642 0.34280510 0.05085142 0.31112208 0.02060063 0.05929460 0.03663815 0.14164249 0.01937322
10.50052503 10.88847376 0.00104550 0.00115967 0.00063077 0.00498121 0.34069550 0.06156534 0.31252236 0.02115332 0.06150925 0.03672221 0.14411322 0.01390165
10.60053003 10.87628863 0.00113637 0.00114909 0.00070223 0.00649971 0.34804771 0.05690346 0.31143543 0.02037930 0.05989309 0.03601591 0.14547469 0.01236302
10.70053503 10.86407265 0.00172498 0.00116931 0.00139728 0.01272300 0.34438360 0.04922547 0.31844648 0.02179497 0.05429528 0.03428510 0.14770533 0.01284919
10.80054003 10.85453819 0.00108247 0.00124244 0.00064251 0.00717874 0.34639096 0.04520944 0.32822831 0.01971994 0.05339024 0.03218682 0.15274805 0.01198008
10.90054503 10.84495668 0.00110665 0.00114477 0.00093383 0.00673695 0.35265122 0.04311862 0.32780879 0.01967248 0.04988277 0.03720169 0.14651246 0.01322978
11.00055003 10.83713358 0.00100423 0.00118946 0.00052837 0.00479157 0.35849246 0.03889863 0.32882365 0.02291811 0.05139740 0.03123420 0.14609703 0.01462490
11.10055503 10.82787461 0.00085161 0.00110343 0.00057945 0.00706269 0.35333934 0.04157210 0.32648718 0.02231042 0.04919137 0.03352394 0.14787868 0.01609980
11.20056003 10.81488770 0.00135027 0.00107385 0.00105330 0.01184930 0.35558020 0.04720240 0.32323596 0.01858900 0.04385170 0.03636222 0.14625829 0.01359350
11.30056503 10.80724441 0.00102112 0.00107385 0.00068071 0.00418121 0.35473080 0.04434576 0.32246113 0.02154416 0.04753079 0.03867291 0.14820341 0.01555412
11.40057003 10.79243345 0.00122106 0.00101104 0.00080735 0.00778943 0.35444986 0.04542835 0.32691136 0.02151596 0.04446782 0.03632809 0.14715992 0.01290975
11.50057503 10.78616006 0.00090156 0.00098917 0.00068689 0.00781645 0.35253455 0.05228030 0.33024475 0.01954820 0.04222663 0.03581460 0.14400489 0.01295200
11.60058003 10.77110283 0.00169865 0.00115015 0.00146843 0.01365114 0.36232201 0.04842884 0.32378738 0.01843791 0.04076318 0.02675410 0.14797728 0.01356095
11.70058503 10.76032358 0.00147415 0.00110362 0.00143826 0.01705150 0.35933492 0.04412519 0.32763878 0.01687365 0.04264567 0.02658043 0.14527701 0.01645683
11.80059003 10.75306227 0.00144472 0.00109593 0.00115911 0.00957578 0.35877119 0.05141866 0.32583780 0.01742857 0.04495579 0.02746589 0.14733929 0.01350728
11.90059503 10.73927611 0.00166937 0.00108750 0.00135370 0.01505667 0.35502827 0.04720401 0.32559704 0.01844843 0.04165812 0.03303228 0.14462907 0.01523553
12.00060003 10.71883264 0.00144560 0.00106866 0.00136177 0.01349067 0.34922746 0.04880154 0.32629567 0.01817462 0.03982138 0.03735412 0.14158682 0.02137168
12.10060503 10.70635288 0.00142793 0.00106831 0.00116976 0.00995381 0.35678583 0.04975004 0.32895603 0.01663530 0.03746922 0.03205001 0.14772061 0.01701315
12.20061003 10.69081320 0.00078484 0.00120683 0.00067060 0.00481969 0.36348821 0.05631980 0.32159548 0.01376199 0.04296862 0.03035516 0.15074085 0.01328791
12.30061503 10.68132584 0.00103472 0.00123708 0.00070795 0.00473147 0.36801157 0.05345793 0.32447708 0.01391862 0.05175945 0.02486104 0.14651482 0.00928826
12.40062003 10.66440039 0.00116735 0.00111927 0.00094845 0.01125274 0.37151674 0.04785495 0.31927786 0.01329500 0.05181586 0.02382124 0.14427028 0.01366028
12.50062503 10.65155426 0.00147062 0.00099946 0.00144269 0.01035031 0.36707415 0.05051167 0.31891973 0.01291417 0.04934952 0.02569523 0.14165715 0.01961531
12.60063003 10.63752152 0.00132347 0.00099014 0.00126161 0.00819421 0.36098366 0.04989391 0.32790959 0.01322199 0.04782416 0.02823100 0.14029246 0.01987381
12.70063503 10.62757687 0.00088448 0.00107665 0.00071258 0.00624945 0.36476614 0.04809608 0.33143011 0.01330012 0.04506580 0.02815279 0.14366129 0.01660451
12.80064003 10.62554873 0.00091489 0.00102566 0.00075608 0.00570938 0.36604184 0.04838468 0.33604080 0.01364799 0.04230681 0.02420495 0.14458490 0.01638202
12.90064503 10.61346922 0.00065877 0.00118101 0.00080344 0.00662574 0.36927391 0.04314348 0.34064124 0.00945322 0.04667989 0.01956250 0.14622396 0.01575286
13.00065003 10.60145157 0.00071741 0.00105568 0.00070635 0.00512426 0.36572324 0.04705967 0.33864790 0.01231941 0.04806843 0.01836678 0.14650475 0.01570613
13.10065503 10.59101509 0.00052558 0.00111570 0.00040044 0.00222744 0.36484197 0.05219962 0.33817317 0.01116035 0.04953706 0.01774507 0.14833210 0.01374150
13.20066003 10.57703353 0.00077972 0.00105707 0.00042531 0.00530460 0.36554310 0.04763575 0.34091180 0.01446122 0.04846906 0.01777180 0.14801898 0.00962160
13.30066503 10.56559501 0.00101128 0.00100314 0.00061735 0.00762497 0.36501165 0.04661176 0.33618444 0.01452552 0.05071914 0.01946419 0.14708164 0.01014493
13.40067003 10.55731730 0.00104448 0.00112317 0.00070598 0.00555270 0.36446631 0.04093349 0.33575190 0.01514924 0.05246716 0.01914454 0.15219146 0.01146957
13.50067503 10.55122279 0.00122861 0.00111540 0.00066298 0.00720702 0.36570012 0.03525899 0.33717739 0.01883377 0.05467215 0.01638629 0.15133494 0.01042233
13.60068003 10.54177331 0.00079780 0.00114247 0.00054407 0.00859985 0.36818701 0.03891465 0.33862694 0.01278609 0.05370123 0.01633414 0.15234235 0.00802340
13.70068503 10.53254147 0.00056132 0.00115328 0.00040218 0.00347791 0.36479154 0.03863296 0.34719069 0.00895511 0.05890552 0.02086784 0.14795898 0.00710269
13.80069003 10.52085916 0.00051775 0.00104266 0.00020409 0.00037129 0.36290075 0.03872750 0.34853391 0.01442025 0.05723861 0.01843577 0.14828406 0.00932334
13.90069503 10.50755699 0.00104677 0.00105832 0.00072223 0.00810927 0.35560140 0.03873206 0.35256640 0.01392963 0.05242613 0.01635309 0.15034776 0.00910695
14.00070004 10.49536104 0.00066779 0.00115345 0.00032009 0.00368386 0.36127871 0.03733140 0.34832172 0.01376948 0.05502800 0.02210624 0.14621812 0.01012114
14.10070504 10.48864069 0.00062666 0.00117710 0.00035165 0.00377286 0.36679601 0.03322284 0.34863998 0.01036333 0.05211575 0.02134363 0.15127116 0.01031902
14.20071004 10.48392340 0.00066692 0.00116264 0.00055202 0.00336142 0.36961040 0.03003535 0.35075472 0.00771943 0.04719767 0.02398535 0.15327458 0.01167951
14.30071504 10.47477775 0.00074442 0.00108072 0.00070193 0.00794620 0.36448798 0.03178810 0.35011706 0.00844336 0.04691610 0.02417474 0.15139814 0.01220125
14.40072004 10.46531804 0.00103184 0.00109377 0.00050245 0.00505734 0.36689891 0.03486626 0.34723209 0.01726805 0.04586074 0.02547734 0.14691449 0.00779671
14.50072504 10.45673057 0.00052467 0.00105998 0.00014511 0.00050203 0.36754746 0.03537662 0.35148038 0.01510317 0.04623919 0.02812929 0.14567300 0.00821911
14.60073004 10.44820142 0.00044455 0.00113137 0.00016314 0.00031279 0.36900297 0.03226099 0.34758957 0.01443822 0.04435742 0.02851768 0.15191866 0.00986264
14.70073504 10.43183148 0.00069505 0.00126040 0.00051701 0.00216739 0.36380785 0.03256619 0.33628076 0.01538162 0.05770861 0.03001191 0.14694237 0.01266084
14.80074004 10.42606021 0.00062356 0.00102486 0.00041451 0.00319789 0.36600240 0.03745513 0.33440535 0.01399288 0.05089425 0.03222302 0.14967313 0.01009300
14.90074504 10.41527827 0.00058137 0.00106177 0.00023547 0.00211700 0.37094261 0.03685203 0.33816447 0.01463306 0.04564028 0.02887075 0.15219085 0.00871033
15.00075004 10.40145934 0.00058237 0.00098357 0.00024751 0.00153883 0.37164313 0.03877821 0.33860844 0.01599461 0.04397812 0.03089483 0.14878675 0.00796365
15.10075504 10.38440386 0.00098391 0.00103964 0.00067311 0.00753736 0.36705957 0.03925981 0.33671630 0.01859954 0.04253300 0.02936655 0.14865149 0.00757972
15.20076004 10.37401933 0.00098733 0.00106393 0.00054136 0.00366900 0.36696257 0.03971601 0.34310089 0.01942567 0.04218415 0.02727142 0.14668845 0.00838922
15.30076504 10.36352669 0.00107744 0.00102398 0.00069673 0.00602686 0.36578958 0.03878964 0.34419758 0.01835796 0.04192144 0.02830462 0.14306742 0.01074676
15.40077004 10.34573032 0.00121682 0.00097359 0.00085933 0.00925020 0.36313371 0.03872866 0.34135494 0.01868074 0.03999434 0.02867361 0.14454341 0.01259065
15.50077504 10.33175947 0.00109657 0.00093115 0.00076764 0.00544182 0.36299615 0.03851718 0.34016002 0.01763824 0.03775018 0.03793631 0.14216250 0.01460223
15.60078004 10.31773217 0.00071738 0.00107054 0.00061237 0.00765046 0.35756789 0.03792092 0.33782124 0.01674927 0.04140631 0.03466278 0.14813403 0.01568681
15.70078504 10.30665798 0.00101675 0.00111870 0.00096360 0.00561142 0.35530639 0.03294017 0.33880521 0.01890961 0.04473191 0.02986634 0.15403780 0.01669210
15.80079004 10.29186376 0.00119632 0.00110298 0.00085627 0.00908801 0.35500290 0.03896775 0.33944670 0.01907366 0.04433031 0.02817246 0.15211712 0.01064553
15.90079504 10.28802377 0.00102985 0.00108283 0.00069145 0.00430702 0.35560127 0.04081039 0.34119496 0.01703984 0.04785929 0.03186416 0.15026165 0.00825729
16.00080004 10.26809761 0.00098852 0.00110743 0.00058001 0.00768822 0.35202876 0.04464261 0.33440230 0.01805196 0.04683185 0.03058000 0.15362968 0.00946869
16.10080504 10.25058541 0.00081649 0.00114273 0.00043518 0.00483261 0.34968375 0.04457935 0.33098051 0.02010541 0.05190781 0.03219192 0.15228520 0.01103904
16.20081004 10.24342072 0.00095414 0.00113533 0.00048785 0.00506920 0.34913277 0.04470488 0.33717832 0.01737940 0.05688058 0.02933977 0.14767300 0.01006476
16.30081504 10.23781929 0.00100712 0.00103626 0.00067557 0.00720316 0.34902458 0.04232695 0.33785132 0.01845310 0.05246379 0.03032042 0.14762405 0.01201367
16.40082004 10.23325409 0.00090172 0.00100114 0.00057411 0.00317801 0.34839205 0.04566118 0.33668576 0.02046654 0.04916599 0.03067636 0.15075507 0.01254208
16.50082504 10.22375837 0.00112331 0.00096981 0.00066237 0.00697248 0.34830516 0.04721906 0.33569869 0.02090212 0.04718014 0.02983013 0.14984620 0.01129052
16.60083004 10.20646054 0.00141676 0.00101625 0.00097036 0.00873639 0.34500628 0.04673476 0.33555901 0.02220303 0.04749644 0.03203584 0.14492202 0.01390287
16.70083504 10.18997223 0.00144698 0.00107364 0.00082182 0.00892606 0.34986773 0.04413315 0.33462153 0.02275472 0.04691110 0.03504937 0.14352599 0.01086790
16.80084004 10.18137717 0.00103106 0.00116797 0.00072054 0.00621528 0.34834944 0.04890380 0.34126790 0.01641501 0.04999116 0.02969770 0.14522353 0.01101661
16.90084504 10.16361422 0.00092834 0.00115634 0.00046010 0.00322977 0.34841005 0.04858210 0.33658739 0.01945576 0.05367721 0.03408134 0.14416902 0.00926258
17.00085004 10.15666807 0.00126357 0.00108171 0.00091325 0.00927551 0.34628052 0.04336047 0.33648011 0.01729574 0.05518462 0.03187487 0.14497303 0.01201660
17.10085504 10.15089790 0.00087600 0.00111368 0.00060078 0.00303808 0.34884469 0.04019279 0.33487005 0.01721692 0.05935635 0.03230315 0.14781523 0.01377228
17.20086004 10.14186837 0.00112857 0.00115671 0.00078993 0.00481822 0.34363112 0.03964211 0.33017860 0.01896085 0.06302214 0.03478901 0.14801144 0.01387131
17.30086504 10.13039573 0.00063527 0.00105306 0.00052246 0.00182690 0.34771700 0.04289873 0.33028481 0.01569707 0.06048960 0.03339518 0.14845553 0.01702439
17.40087004 10.11323918 0.00123086 0.00114567 0.00103613 0.00870761 0.34168200 0.04483771 0.32427015 0.01784329 0.06108925 0.02878599 0.15381293 0.01555841
17.50087504 10.09889704 0.00104641 0.00119099 0.00072677 0.00448331 0.33666330 0.04700609 0.32674845 0.02074603 0.06197367 0.03064790 0.15542358 0.01334349
17.60088004 10.08903618 0.00118234 0.00117038 0.00081947 0.00973381 0.33637377 0.04472101 0.33031547 0.01945768 0.06452109 0.03153891 0.14961929 0.01054677
17.70088504 10.07914767 0.00166513 0.00111738 0.00141319 0.01077835 0.33561679 0.04549876 0.32828436 0.01915275 0.06595416 0.03404197 0.14302730 0.01344985
17.80089004 10.07131849 0.00118871 0.00120133 0.00057782 0.00539266 0.33620834 0.05121150 0.32868756 0.02414417 0.06413122 0.02858484 0.14777156 0.01090030
17.90089504 10.05651291 0.00128350 0.00113547 0.00081037 0.00631591 0.33895919 0.05041101 0.32702379 0.02257441 0.06518692 0.03001233 0.14369462 0.01259246
18.00090005 10.04471518 0.00086288 0.00116135 0.00049371 0.00328099 0.33677292 0.04584998 0.33532859 0.01956434 0.06070129 0.03661669 0.14803585 0.01133141
18.10090505 10.03548173 0.00095986 0.00119537 0.00051114 0.00424614 0.34130351 0.04220232 0.33335733 0.01913768 0.06273584 0.03701997 0.14740795 0.00992289
18.20091005 10.02057317 0.00106622 0.00113157 0.00046313 0.00938677 0.34219810 0.04289109 0.33287457 0.02103026 0.05627162 0.03406898 0.14752414 0.01109355
18.30091505 10.00287210 0.00090417 0.00117152 0.00055746 0.00706385 0.33931064 0.03967628 0.34141594 0.01752341 0.05921899 0.03457473 0.14688291 0.01170009
18.40092005 9.99828341 0.00082435 0.00109976 0.00067174 0.00813849 0.33911457 0.04437209 0.33705016 0.01472040 0.05750668 0.03332782 0.14922884 0.01394511
18.50092505 9.98467500 0.00089130 0.00113247 0.00062446 0.00327428 0.33726660 0.04883363 0.33935680 0.01633468 0.05605076 0.03172212 0.15219337 0.01231953
18.60093005 9.97525830 0.00146441 0.00112611 0.00123692 0.00894402 0.33812558 0.04656738 0.33688541 0.01754538 0.05352542 0.02961759 0.15033748 0.01462431
18.70093505 9.96267022 0.00123748 0.00108542 0.00109001 0.00581999 0.33706172 0.04702891 0.34125767 0.01547234 0.05227376 0.03000784 0.15032143 0.01734344
18.80094005 9.95605245 0.00096315 0.00122046 0.00063316 0.00345101 0.33641656 0.04287577 0.34377951 0.01866884 0.05479440 0.02869090 0.15578908 0.01271716
18.90094505 9.94757604 0.00061037 0.00112025 0.00033679 0.00247837 0.34146419 0.03851694 0.34246026 0.01727229 0.05628947 0.03272314 0.15266583 0.01406210
19.00095005 9.93502799 0.00113337 0.00107399 0.00082109 0.00585403 0.34191442 0.03978968 0.33972792 0.01801730 0.05540238 0.03374837 0.14988130 0.01263616
19.10095505 9.92720114 0.00111879 0.00116525 0.00073631 0.00728783 0.34379640 0.04301158 0.33843861 0.01558034 0.05883533 0.02790789 0.15176441 0.01035726
19.20096005 9.91973941 0.00114839 0.00116260 0.00098494 0.00841048 0.34818889 0.04361929 0.33884815 0.01103504 0.05525890 0.02719092 0.15054145 0.01361094
19.30096505 9.90489269 0.00104592 0.00107437 0.00070259 0.00515097 0.35375916 0.04949011 0.33437811 0.01599013 0.05245982 0.02456540 0.14832853 0.01305488
19.40097005 9.89223497 0.00093359 0.00112019 0.00095274 0.00583011 0.35214933 0.04185348 0.33701830 0.01359847 0.05774113 0.02330504 0.14797105 0.01752657
19.50097505 9.87461047 0.00110038 0.00106253 0.00079371 0.00613138 0.35124286 0.04238132 0.34205768 0.01376699 0.05794589 0.02398239 0.14769105 0.01184384
19.60098005 9.85703610 0.00093463 0.00108165 0.00074132 0.00465648 0.35033795 0.04734450 0.34397936 0.01198338 0.05749202 0.02117923 0.14710903 0.01316045
19.70098505 9.84472881 0.00103193 0.00114732 0.00080156 0.00886066 0.35353456 0.04624693 0.34093528 0.01259256 0.06095521 0.01746287 0.14542762 0.01100349
19.80099005 9.83344301 0.00109384 0.00116762 0.00090424 0.00809272 0.34847853 0.04480142 0.34275808 0.01073600 0.05910650 0.02254697 0.15048927 0.00982482
19.90099505 9.82195532 0.00094895 0.00110213 0.00058602 0.00314947 0.35005157 0.04405324 0.33134266 0.01810351 0.06331344 0.02478792 0.15019020 0.01237089
20.00100005 9.80851763 0.00085170 0.00110864 0.00059123 0.00715608 0.34660204 0.04580587 0.33529722 0.01597004 0.05955674 0.02480377 0.15143536 0.01082130
20.10100505 9.80109866 0.00055080 0.00109598 0.00019580 0.00039382 0.34842972 0.04793696 0.33795392 0.01409775 0.05966893 0.02877073 0.15085145 0.01005415
20.20101005 9.78429122 0.00074411 0.00113230 0.00030128 0.00185090 0.35278413 0.05159866 0.32930605 0.01383850 0.06435082 0.02460855 0.14842670 0.01105800
20.30101505 9.77403962 0.00060967 0.00112632 0.00038537 0.00463222 0.35658936 0.04489520 0.33112406 0.01106618 0.06455524 0.02452844 0.14660503 0.01388291
20.40102005 9.76561210 0.00043796 0.00111321 0.00026808 0.00042474 0.35256809 0.04713721 0.33260542 0.00902721 0.06223227 0.02836692 0.15148101 0.01433787
20.50102505 9.75686988 0.00062061 0.00117824 0.00028304 0.00404299 0.34920050 0.04416210 0.33192811 0.01129491 0.05757992 0.02616815 0.16211323 0.01142821
20.60103005 9.74491629 0.00065957 0.00116686 0.00041142 0.00286620 0.35290449 0.04210339 0.32988916 0.01172588 0.05807919 0.02715349 0.15996029 0.01308005
20.70103505 9.73972817 0.00063721 0.00107897 0.00057918 0.00348299 0.35449200 0.04218703 0.33170240 0.01453324 0.05650040 0.02810417 0.15222624 0.01447619
20.80104005 9.73029398 0.00128433 0.00108556 0.00085859 0.00521758 0.35096234 0.04073483 0.32820481 0.01912128 0.05273738 0.03114419 0.15300991 0.01563920
20.90104505 9.72437009 0.00055899 0.00112721 0.00040982 0.00435264 0.35631548 0.04266256 0.32674138 0.01292653 0.05327155 0.02687060 0.15854438 0.01621886
21.00105005 9.71523753 0.00123432 0.00108448 0.00114625 0.00957550 0.35760602 0.03962907 0.33109936 0.01140233 0.05081685 0.02625061 0.15539328 0.01476192
21.10105505 9.70152000 0.00100007 0.00114610 0.00091837 0.00606075 0.35741590 0.04615488 0.32998743 0.01167693 0.04989594 0.02461759 0.15555462 0.01557140
21.20106005 9.68925706 0.00087865 0.00111084 0.00063739 0.00301479 0.36077447 0.04509058 0.33268127 0.01626019 0.05061992 0.02437493 0.15081349 0.01374346
21.30106505 9.67683684 0.00108139 0.00106437 0.00086823 0.00564511 0.35692518 0.04239566 0.33509965 0.01778856 0.05418818 0.02414043 0.14672262 0.01408061
21.40107005 9.66251677 0.00065882 0.00115822 0.00027771 0.00181419 0.35421247 0.03776329 0.34410585 0.01712610 0.05816910 0.02888545 0.14635436 0.00947444
21.50107505 9.64795582 0.00094973 0.00105617 0.00068894 0.00436640 0.35134248 0.03961267 0.34691939 0.01895503 0.05257859 0.02532280 0.14610336 0.01210443
21.60108005 9.63747172 0.00084855 0.00110477 0.00050865 0.00386183 0.34752214 0.04078373 0.34804695 0.01701170 0.05640135 0.02499584 0.14892478 0.00998969
21.70108505 9.62903784 0.00062806 0.00118994 0.00023345 0.00079043 0.35099660 0.04094441 0.34343371 0.01659526 0.05773175 0.02879131 0.14864800 0.01001708
21.80109005 9.61694295 0.00125210 0.00106044 0.00085716 0.00830353 0.34537674 0.03962196 0.34585727 0.01543333 0.05422136 0.02853297 0.14948419 0.00999896
21.90109505 9.60521908 0.00080057 0.00109581 0.00061224 0.00448892 0.34988636 0.03602833 0.34107496 0.01449475 0.05559862 0.03227330 0.15034426 0.01330189
22.00110006 9.60252556 0.00074564 0.00103792 0.00044532 0.00575069 0.34822062 0.03899756 0.34218818 0.01450280 0.04978662 0.03017037 0.15676667 0.01138761
22.10110506 9.58814397 0.00112290 0.00107776 0.00088463 0.00759660 0.34673565 0.03641295 0.34767949 0.01350632 0.04415794 0.03183382 0.15834916 0.01064277
22.20111006 9.57880802 0.00100223 0.00105340 0.00064756 0.00611195 0.35119439 0.03882728 0.34574987 0.01510520 0.04587977 0.02987498 0.15612257 0.00843080
22.30111506 9.56828954 0.00077269 0.00108561 0.00064657 0.00468606 0.34969766 0.03909414 0.34435447 0.01245425 0.05085709 0.02841229 0.15600516 0.01193399
22.40112006 9.56034907 0.00093296 0.00110715 0.00068960 0.00513590 0.35428451 0.03699335 0.34262493 0.01327704 0.05035933 0.02770903 0.15562409 0.01126212
22.50112506 9.55391375 0.00055276 0.00103605 0.00029735 0.00344648 0.35308518 0.04260493 0.34262755 0.01281960 0.05045934 0.02954675 0.15279188 0.01073214
22.60113006 9.54501015 0.00092775 0.00106654 0.00064165 0.01209053 0.34865597 0.03810916 0.34034038 0.01602967 0.04433794 0.02871202 0.15759916 0.01148923
22.70113506 9.54025126 0.00113986 0.00108982 0.00089293 0.00737971 0.34777236 0.04121975 0.34004088 0.01397941 0.04517302 0.02875467 0.16192393 0.01063367
22.80114006 9.52457967 0.00097444 0.00122665 0.00077672 0.00665307 0.34546962 0.04592911 0.33797915 0.01384946 0.05106382 0.02601467 0.16026076 0.00980253
22.90114506 9.51764465 0.00102345 0.00112915 0.00069824 0.00681848 0.34579275 0.04529448 0.34550449 0.01314085 0.04975223 0.02497094 0.15582138 0.01005356
23.00115006 9.50773963 0.00078667 0.00110896 0.00047281 0.00520031 0.34697302 0.04540224 0.34415606 0.01702444 0.05021873 0.02606463 0.15154322 0.01104891
23.10115506 9.49984874 0.00085046 0.00109742 0.00062892 0.00687915 0.34489314 0.04416071 0.34170626 0.01552027 0.05317737 0.02472939 0.15312581 0.01323111
23.20116006 9.48357314 0.00144715 0.00107612 0.00103521 0.00856312 0.34323328 0.04422095 0.33331599 0.02118602 0.05531481 0.02602503 0.14905980 0.01552251
23.30116506 9.47144556 0.00153544 0.00096286 0.00106220 0.01001463 0.34807468 0.04767147 0.33026991 0.01941251 0.04933399 0.03037326 0.14735856 0.01393050
23.40117006 9.44354454 0.00110064 0.00112218 0.00074486 0.01078752 0.35240880 0.04246761 0.32524119 0.01920375 0.04744494 0.03431873 0.15378288 0.01137690
23.50117506 9.42882784 0.00174723 0.00110800 0.00128271 0.01295619 0.35315735 0.03966702 0.32085080 0.02377219 0.04586459 0.03277891 0.15301926 0.01379575
23.60118006 9.41717488 0.00096039 0.00101903 0.00060467 0.00730368 0.35138739 0.04824342 0.32078248 0.01966113 0.04286567 0.04486109 0.14994544 0.01236563
23.70118506 9.40734674 0.00118396 0.00101002 0.00099474 0.00637086 0.34777260 0.05340627 0.32699793 0.01827712 0.04539747 0.03959514 0.14482197 0.01417192
23.80119006 9.39691684 0.00114819 0.00094659 0.00113892 0.00659070 0.34386585 0.05244425 0.32415281 0.02011271 0.04551934 0.04209518 0.14151540 0.02047004
23.90119506 9.38286941 0.00123530 0.00099902 0.00094783 0.00692810 0.34407842 0.05291973 0.32451663 0.02136602 0.04744472 0.04092051 0.14096122 0.01768250
24.00120006 9.37284448 0.00084747 0.00101751 0.00053727 0.00344798 0.34158991 0.04929022 0.33006130 0.02077690 0.04537258 0.04009232 0.14795869 0.01900783
24.10120506 9.36528551 0.00118481 0.00094983 0.00080911 0.00893098 0.33819481 0.04701716 0.33360866 0.02054309 0.03755033 0.04264932 0.15369636 0.01486554
24.20121006 9.35532799 0.00126406 0.00105931 0.00075125 0.00608485 0.33856536 0.04887517 0.33524886 0.02205595 0.04030472 0.03935938 0.15282175 0.01360934
24.30121506 9.34428304 0.00101276 0.00109195 0.00053741 0.00546705 0.33267928 0.04801693 0.33482555 0.02488751 0.04468313 0.03592184 0.15472009 0.01615649
24.40122006 9.32522770 0.00117400 0.00113937 0.00077928 0.00663464 0.33503925 0.04993648 0.33470089 0.02270915 0.04688692 0.03354406 0.15223357 0.01522239
24.50122506 9.31370697 0.00114170 0.00099847 0.00092277 0.00627918 0.34951768 0.04862908 0.32752243 0.02062674 0.04230404 0.03472096 0.14965738 0.01767957
24.60123006 9.29952294 0.00123184 0.00104205 0.00096089 0.00938572 0.34426528 0.04872698 0.33630648 0.01837829 0.04744521 0.03189621 0.14494098 0.01542007
24.70123506 9.28933086 0.00095565 0.00102946 0.00048069 0.00551163 0.35253859 0.04627321 0.33900816 0.02028514 0.04606816 0.03102109 0.14535563 0.01147259
24.80124006 9.28060111 0.00138851 0.00096783 0.00092052 0.00725858 0.34724690 0.04146993 0.34010504 0.02532106 0.04674670 0.02991102 0.14493353 0.01373039
24.90124506 9.26797547 0.00096545 0.00110220 0.00074735 0.00769747 0.34118140 0.04208899 0.33724944 0.01801754 0.05502037 0.03627130 0.14744660 0.01221189
25.00125006 9.26266405 0.00143695 0.00100469 0.00104362 0.00667741 0.33740506 0.04269811 0.33886109 0.02080274 0.05465740 0.03615494 0.14607176 0.01318623
25.10125506 9.25723183 0.00105981 0.00095764 0.00085934 0.00533905 0.33468435 0.04604571 0.34514238 0.01752355 0.05294864 0.03740927 0.14426700 0.01376327
25.20126006 9.25312497 0.00144613 0.00097491 0.00127747 0.01031775 0.33350529 0.04377651 0.34893068 0.01597459 0.05040406 0.03443951 0.14618506 0.01276804
25.30126506 9.24394821 0.00103093 0.00105274 0.00084172 0.01105320 0.33766264 0.03967537 0.35618972 0.01164489 0.05016444 0.03160545 0.14893046 0.01014844
25.40127006 9.23097222 0.00055617 0.00104397 0.00031580 0.00152610 0.34104159 0.03879161 0.36248222 0.01311985 0.04669938 0.03544669 0.14673284 0.01224378
25.50127506 9.22444424 0.00132687 0.00099461 0.00091870 0.00852242 0.34569125 0.03444807 0.35604864 0.01787779 0.04509891 0.03078517 0.14816659 0.01012098
25.60128006 9.21813427 0.00116569 0.00107850 0.00102801 0.00915829 0.34160910 0.04132589 0.35491928 0.01325777 0.04826272 0.03029208 0.14813041 0.00977227
