0.00000000 12.00000000 0.00000000 0.00000000 0.00000000 0.00000000 0.00000000 0.00000000 0.00000000 1.00000000 0.00000000 0.00000000 0.00000000 0.00000000
0.10000500 12.00396128 0.02092764 0.00120239 0.00586526 0.08083009 0.10858145 0.14493647 0.02427743 0.44960669 0.05270953 0.07080766 0.01522920 0.02502617
0.20001000 12.00172130 0.00748166 0.00110816 0.00363427 0.04172475 0.14422399 0.24324524 0.04187646 0.25419520 0.06964850 0.13022195 0.02714289 0.03549693
0.30001500 11.99621615 0.00411962 0.00091621 0.00233188 0.01897747 0.16128430 0.24110198 0.05550873 0.17786964 0.08010202 0.17340952 0.03618874 0.04818988
0.40002000 11.99259487 0.00360448 0.00088923 0.00179063 0.01487856 0.17554138 0.22918230 0.06646272 0.14268886 0.08367571 0.18999272 0.04743096 0.04386244
0.50002500 11.98327224 0.00430925 0.00081763 0.00224270 0.02196018 0.17308774 0.20259262 0.07634473 0.13307412 0.08730960 0.20151843 0.05044030 0.04630270
0.60003000 11.97949575 0.00390919 0.00088210 0.00190296 0.01594201 0.18173988 0.19103243 0.08174326 0.12269095 0.09263384 0.20170572 0.05900092 0.04681674
0.70003500 11.97001431 0.00374118 0.00103509 0.00181702 0.01575754 0.19165229 0.16628332 0.09317890 0.11378681 0.09732236 0.20274940 0.06481136 0.04786473
0.80004000 11.95827298 0.00411423 0.00117002 0.00266597 0.02735271 0.20062053 0.15352352 0.09288030 0.09388598 0.10284495 0.20148616 0.07048419 0.04897143
0.90004500 11.94733614 0.00320053 0.00105761 0.00231347 0.02263362 0.21713490 0.14951618 0.10821302 0.07823776 0.10502725 0.18650390 0.07656721 0.04959455
1.00005000 11.93971392 0.00274723 0.00096460 0.00186871 0.01952683 0.21833054 0.16330724 0.13158355 0.07035485 0.10455093 0.16897304 0.07657038 0.04122210
1.10005500 11.93637685 0.00271375 0.00098931 0.00153953 0.01494919 0.22194788 0.16401821 0.14270048 0.07336090 0.10550860 0.15112286 0.07885373 0.04229557
1.20006000 11.92965606 0.00220890 0.00098337 0.00115684 0.00983250 0.24928991 0.16412939 0.14542441 0.07034771 0.09664504 0.13789264 0.07965727 0.04243201
1.30006500 11.92057664 0.00234817 0.00109936 0.00138568 0.01299765 0.25297698 0.15924707 0.14719404 0.06670996 0.10656484 0.12515226 0.08216478 0.04215920
1.40007000 11.91044580 0.00258697 0.00106728 0.00142574 0.01205411 0.27529608 0.15527803 0.15470083 0.06742961 0.10048284 0.11011226 0.08045297 0.03911328
1.50007500 11.90251861 0.00303425 0.00109174 0.00179130 0.02487427 0.29398932 0.13888329 0.15745315 0.06727961 0.10142988 0.09018487 0.08603591 0.03395242
1.60008000 11.89614687 0.00326261 0.00099046 0.00185116 0.02013003 0.29580802 0.14319444 0.16696197 0.06830972 0.10436132 0.08060645 0.08387823 0.03064559
1.70008500 11.88486309 0.00276053 0.00098408 0.00120862 0.01146691 0.31093654 0.15215351 0.17800098 0.06727969 0.09992686 0.06439903 0.08615154 0.02473171
1.80009000 11.87323156 0.00240704 0.00098918 0.00127361 0.01685925 0.31705468 0.15133758 0.19082713 0.05365517 0.09266373 0.06170845 0.08646528 0.02475890
1.90009500 11.86573180 0.00175607 0.00097588 0.00069037 0.00591057 0.32322096 0.14746977 0.19599470 0.05093452 0.09156244 0.06508569 0.08624603 0.03015301
2.00010001 11.85572542 0.00184801 0.00093121 0.00113826 0.00976024 0.32810863 0.13368505 0.19028697 0.04778392 0.08567230 0.07404090 0.08700089 0.03974361
2.10010501 11.84767570 0.00251555 0.00085541 0.00158967 0.01370756 0.33738714 0.11725091 0.19586163 0.04936091 0.08087463 0.07702747 0.08902120 0.03454793
2.20011001 11.83826015 0.00220460 0.00088023 0.00109780 0.00940054 0.34278480 0.11416563 0.19922125 0.04723195 0.07591915 0.08424151 0.09719456 0.02565797
2.30011501 11.83420424 0.00182896 0.00087689 0.00107542 0.00657464 0.34997288 0.11125230 0.19969833 0.04325335 0.07357224 0.07623690 0.10187965 0.03377844
2.40012001 11.82997058 0.00152321 0.00087161 0.00082122 0.00572254 0.35104769 0.11522753 0.20299196 0.04141159 0.07171001 0.07466919 0.10137873 0.03262472
2.50012501 11.81760088 0.00167724 0.00093394 0.00108780 0.01061845 0.35826154 0.10946054 0.21066044 0.03853636 0.06463873 0.06807676 0.10750534 0.02854286
2.60013001 11.80689110 0.00129996 0.00100618 0.00078724 0.00478241 0.36710712 0.10439606 0.21179489 0.03270027 0.06522677 0.06946595 0.11486505 0.02656811
2.70013501 11.79933272 0.00165069 0.00093362 0.00098872 0.00916495 0.36663223 0.09566422 0.21498113 0.03572154 0.06822865 0.07027536 0.11322436 0.02253452
2.80014001 11.79528981 0.00167275 0.00087387 0.00080936 0.00711155 0.37219304 0.09719319 0.21531827 0.03819487 0.06541171 0.06453079 0.11420312 0.02248749
2.90014501 11.79057074 0.00164091 0.00094216 0.00063772 0.00542269 0.37988402 0.09003784 0.22039451 0.03837348 0.07304489 0.06039935 0.10973443 0.01948801
3.00015001 11.78365663 0.00136184 0.00083839 0.00057099 0.00248951 0.38357882 0.08079530 0.22158625 0.04276570 0.06966252 0.06085232 0.11033402 0.02516432
3.10015501 11.77794801 0.00200560 0.00082340 0.00142718 0.01365618 0.38482831 0.08289041 0.22730465 0.03265407 0.06009924 0.06277837 0.10694439 0.02458818
3.20016001 11.76769242 0.00153139 0.00091980 0.00110311 0.00990664 0.39195346 0.08484701 0.23697654 0.02766915 0.06398607 0.04964648 0.10816414 0.02329622
3.30016501 11.75593358 0.00124605 0.00089288 0.00076747 0.00793924 0.38776546 0.09105722 0.23565903 0.03160053 0.06547646 0.04799143 0.10820617 0.02139807
3.40017001 11.74764961 0.00140054 0.00087505 0.00108133 0.01017530 0.38900840 0.08984194 0.24060679 0.02562526 0.06233901 0.05017389 0.10717074 0.02170174
3.50017501 11.73732793 0.00113674 0.00098140 0.00088568 0.00738093 0.38916836 0.08281933 0.24261445 0.02406184 0.06157093 0.05228768 0.11366486 0.02342780
3.60018001 11.73037818 0.00131006 0.00086636 0.00093976 0.00619333 0.39183172 0.08321460 0.24596878 0.02450762 0.05891718 0.05092444 0.11241595 0.02291020
3.70018501 11.72066092 0.00139923 0.00086435 0.00095799 0.00780026 0.38915273 0.08795011 0.24177356 0.02357428 0.06186244 0.04529005 0.11634692 0.02302807
3.80019001 11.71009140 0.00141694 0.00084451 0.00104185 0.00888984 0.38091163 0.08741009 0.24288668 0.02842723 0.06026513 0.04520321 0.11909204 0.02361083
3.90019501 11.69695485 0.00109285 0.00090304 0.00070306 0.00359588 0.38621475 0.08503749 0.24166591 0.02659345 0.06303253 0.04743790 0.12018376 0.02353937
4.00020001 11.68616199 0.00095007 0.00093586 0.00057768 0.00189852 0.38232054 0.07903371 0.24439328 0.02575421 0.06335402 0.05268536 0.12499630 0.02310046
4.10020501 11.67696261 0.00128438 0.00098762 0.00104744 0.00741485 0.38662953 0.06751682 0.25034066 0.02273799 0.06896035 0.04613876 0.12308184 0.02385976
4.20021001 11.67056250 0.00134337 0.00086542 0.00076743 0.00616887 0.38900825 0.07097423 0.24615816 0.03178258 0.06417144 0.04651742 0.12379673 0.01844609
4.30021501 11.66438589 0.00137787 0.00086823 0.00086910 0.00878223 0.38679807 0.07094712 0.24406882 0.02916041 0.06293903 0.04754904 0.12732585 0.01931422
4.40022001 11.65185295 0.00126925 0.00086271 0.00077913 0.00955848 0.38380170 0.06763322 0.25153399 0.02804873 0.06370045 0.04900808 0.12610115 0.01770312
4.50022501 11.63423399 0.00102140 0.00091138 0.00049414 0.00793712 0.38200310 0.06959884 0.25391565 0.02460275 0.06576565 0.04764188 0.12740422 0.01870387
4.60023001 11.61844464 0.00106380 0.00091903 0.00063050 0.00565950 0.38739779 0.06633109 0.25341348 0.02593386 0.06431036 0.04892033 0.12595934 0.01946093
4.70023501 11.61158358 0.00122088 0.00102920 0.00084386 0.00777044 0.38845194 0.06234371 0.25113990 0.02795879 0.06854746 0.04226911 0.13083149 0.01759322
4.80024001 11.60635364 0.00102794 0.00096817 0.00067898 0.00554219 0.39417060 0.05651195 0.25653520 0.02506818 0.06651104 0.04781989 0.12981499 0.01535088
4.90024501 11.59708534 0.00121737 0.00099768 0.00085654 0.00874436 0.39287965 0.05333809 0.25514471 0.02238671 0.06820190 0.05150606 0.12877605 0.01595086
5.00025001 11.58324025 0.00164470 0.00093511 0.00126632 0.01473384 0.39010006 0.05089262 0.25229819 0.02268199 0.06499180 0.05273269 0.12967483 0.01804783
5.10025501 11.57329255 0.00152089 0.00092709 0.00099913 0.01271342 0.38549293 0.05264190 0.26079402 0.02474057 0.06498970 0.04709794 0.13179627 0.01628614
5.20026001 11.56325569 0.00161815 0.00088221 0.00125638 0.01531109 0.38400059 0.04762207 0.25590123 0.02714468 0.06579535 0.05149686 0.13342062 0.01555076
5.30026501 11.55088945 0.00148060 0.00094605 0.00129578 0.01281353 0.38429278 0.05420310 0.26486251 0.01974070 0.06486365 0.04487485 0.13503501 0.01559144
5.40027001 11.54463923 0.00122162 0.00094320 0.00095973 0.01124259 0.38831433 0.05448045 0.26733863 0.02260979 0.06165932 0.03890754 0.13774452 0.01457829
5.50027501 11.53258514 0.00107919 0.00096912 0.00075664 0.00717227 0.38040348 0.06642439 0.26623453 0.02134591 0.06303422 0.03582215 0.14135866 0.01539944
5.60028001 11.52377422 0.00104523 0.00098493 0.00065581 0.00934061 0.38229819 0.06830760 0.26644801 0.02071968 0.05677097 0.03286487 0.14349790 0.01706619
5.70028501 11.51052430 0.00130376 0.00096535 0.00093692 0.00900967 0.38418346 0.06522717 0.26620508 0.02210865 0.05572171 0.03547183 0.14092440 0.01794200
5.80029001 11.50431626 0.00102751 0.00106274 0.00068093 0.00607679 0.39017773 0.05918244 0.26702871 0.01818736 0.06598740 0.03578564 0.13974342 0.01505933
5.90029501 11.49525297 0.00082851 0.00103271 0.00063723 0.00431066 0.38965469 0.05100147 0.26561359 0.02034720 0.07002812 0.03843651 0.14167089 0.01643843
6.00030002 11.48913551 0.00077098 0.00091722 0.00043726 0.00410584 0.38663948 0.05615208 0.27046830 0.01892118 0.06550756 0.03700377 0.14646744 0.01260890
6.10030502 11.48037891 0.00063791 0.00088326 0.00019981 0.00039046 0.38610396 0.05735770 0.27045090 0.02299343 0.06460693 0.03446576 0.14795495 0.01395492
6.20031002 11.47140302 0.00090943 0.00090346 0.00056895 0.00739046 0.38711520 0.05297303 0.26956820 0.01861706 0.06419441 0.03797229 0.14621873 0.01356878
6.30031502 11.45792458 0.00111925 0.00098188 0.00062432 0.00928373 0.38361461 0.05123166 0.26970431 0.02280398 0.06452451 0.03975934 0.14317470 0.01317772
6.40032002 11.44607126 0.00093918 0.00101316 0.00058025 0.00669623 0.39490966 0.04879042 0.26938205 0.01917312 0.06508616 0.03993584 0.13960897 0.01388496
6.50032502 11.43760939 0.00144909 0.00103064 0.00096474 0.00987088 0.39534633 0.04356767 0.26945853 0.02110225 0.06091846 0.04259422 0.14324604 0.01045115
6.60033002 11.42110878 0.00114384 0.00099325 0.00081252 0.01100439 0.38073769 0.04267425 0.27325413 0.02230547 0.06175894 0.04856305 0.14325598 0.01349647
6.70033502 11.40999696 0.00136804 0.00097754 0.00102039 0.00948582 0.37845920 0.04583794 0.27492902 0.02160080 0.06314039 0.04697389 0.14449385 0.01171312
6.80034002 11.39842585 0.00091411 0.00095508 0.00047953 0.00827860 0.38346088 0.04857133 0.26977082 0.02606680 0.05727762 0.04268926 0.14653560 0.01500037
6.90034502 11.38716372 0.00116873 0.00093444 0.00090072 0.00974817 0.38086164 0.04946493 0.27272220 0.02197796 0.05526337 0.04195092 0.15021835 0.01478857
7.00035002 11.38051003 0.00120252 0.00094750 0.00075621 0.00840853 0.38056256 0.05479523 0.27136899 0.02253034 0.05254082 0.03997633 0.15458014 0.01233083
7.10035502 11.37707412 0.00084186 0.00097513 0.00035348 0.00234875 0.38297711 0.05097057 0.27425201 0.02363575 0.05689369 0.03983153 0.15290206 0.01401806
7.20036002 11.36977477 0.00077005 0.00097742 0.00055324 0.00359455 0.38495025 0.04680960 0.27155256 0.01881494 0.05920951 0.03776250 0.15731026 0.01769512
7.30036502 11.35360556 0.00103511 0.00102545 0.00080178 0.00965950 0.38917708 0.04966467 0.27354118 0.01829925 0.06079077 0.03251081 0.14946552 0.01402887
7.40037002 11.34695659 0.00134614 0.00093936 0.00119794 0.01054433 0.38760105 0.04738862 0.26975030 0.01655254 0.05876822 0.03570489 0.15294107 0.01726554
7.50037502 11.33785711 0.00140760 0.00085992 0.00106996 0.01212463 0.38474331 0.05314554 0.26981199 0.02239085 0.05409106 0.03331694 0.15249372 0.01454448
7.60038002 11.33634265 0.00118165 0.00088892 0.00083327 0.00942907 0.38842546 0.05345478 0.27332783 0.01943143 0.05628300 0.03139642 0.15307479 0.01227338
7.70038502 11.32795488 0.00072529 0.00093455 0.00040549 0.00600078 0.39044418 0.05402169 0.27379075 0.02074216 0.05641072 0.03253587 0.15241979 0.01156872
7.80039002 11.31767974 0.00078818 0.00097510 0.00057504 0.00539058 0.38782778 0.05123024 0.27708292 0.01649758 0.05998007 0.03362859 0.15213413 0.01388979
7.90039502 11.31223614 0.00073561 0.00095511 0.00041905 0.00348552 0.38492142 0.05004322 0.28269671 0.01860528 0.05812390 0.03500738 0.15130287 0.01370394
8.00040002 11.29937652 0.00060846 0.00109422 0.00034780 0.00341822 0.37470915 0.05137601 0.28855541 0.01544707 0.05980764 0.03301922 0.15783357 0.01378321
8.10040502 11.28557631 0.00097589 0.00100813 0.00062153 0.00619741 0.37087305 0.05102654 0.28661255 0.01695976 0.06121545 0.03726599 0.15629081 0.01095288
8.20041002 11.27376899 0.00108408 0.00095772 0.00081700 0.01118811 0.37002350 0.05312195 0.27963135 0.01729586 0.06179684 0.03542090 0.15559058 0.01307211
8.30041502 11.25861076 0.00117512 0.00099593 0.00068668 0.00749882 0.36419837 0.05172259 0.28349990 0.02366019 0.07205414 0.03039132 0.15325167 0.01086528
8.40042002 11.25341988 0.00104890 0.00091325 0.00070225 0.01151503 0.36730617 0.05686627 0.28522407 0.01811724 0.06220533 0.03200994 0.15435118 0.00974036
8.50042502 11.23704623 0.00138338 0.00094007 0.00111351 0.01355506 0.37126553 0.05516530 0.28870137 0.01675067 0.05581499 0.03376621 0.14927804 0.01226586
8.60043002 11.22902250 0.00082424 0.00103760 0.00045103 0.00536064 0.37179894 0.05452315 0.28893099 0.01942771 0.05993425 0.03180373 0.15229822 0.01360949
8.70043502 11.21741251 0.00149316 0.00096764 0.00101217 0.01321090 0.36502450 0.05754102 0.28267954 0.02158819 0.05587021 0.03621246 0.15145811 0.01294210
8.80044002 11.20978375 0.00109536 0.00102436 0.00078750 0.01046122 0.36284943 0.05653567 0.29196082 0.02003931 0.05659599 0.03086779 0.15356939 0.01421315
8.90044502 11.19899236 0.00110679 0.00108264 0.00101712 0.00764165 0.36617921 0.05574375 0.28937295 0.01472129 0.05845072 0.02803230 0.15891448 0.01773710
9.00045002 11.19047906 0.00082901 0.00101427 0.00055323 0.00547735 0.36646482 0.05657084 0.29581460 0.01607241 0.05983564 0.02943096 0.15487067 0.01306620
9.10045502 11.18139927 0.00087877 0.00092561 0.00076711 0.00722655 0.36915137 0.05087252 0.30115180 0.01527816 0.05240711 0.03357483 0.15036412 0.01740206
9.20046002 11.17313143 0.00097581 0.00095063 0.00063160 0.00539983 0.37164409 0.05007113 0.30154806 0.01626075 0.05051130 0.03624311 0.15334591 0.01241777
9.30046502 11.15808924 0.00080560 0.00098756 0.00057002 0.00667819 0.36293299 0.04571758 0.30125132 0.01737785 0.05813807 0.03747501 0.15269006 0.01537576
9.40047002 11.15139180 0.00084215 0.00093114 0.00059440 0.00388344 0.36430930 0.04485775 0.29997123 0.01788559 0.05388076 0.04029655 0.15490757 0.01764012
9.50047502 11.14039341 0.00069306 0.00093959 0.00054747 0.00497202 0.36177664 0.05007787 0.29860665 0.01854341 0.05191799 0.04015010 0.15475914 0.01701607
9.60048002 11.13331849 0.00114585 0.00098456 0.00088890 0.00895850 0.36932363 0.05232115 0.29617735 0.01459143 0.04865660 0.03804979 0.15685786 0.01204438
9.70048502 11.11791862 0.00124101 0.00090199 0.00104600 0.00866266 0.36751545 0.04985115 0.30274607 0.01766840 0.04884248 0.03380433 0.15199400 0.01572644
9.80049002 11.10233068 0.00072913 0.00100586 0.00071288 0.00670086 0.36577697 0.04889853 0.30204014 0.01531476 0.05493356 0.03598282 0.15224347 0.01566102
9.90049502 11.09323842 0.00091170 0.00094187 0.00070912 0.00605256 0.37066550 0.04733038 0.30528101 0.01607298 0.05155941 0.03621776 0.15155221 0.01270549
10.00050003 11.08171726 0.00106374 0.00092127 0.00070163 0.00694313 0.36871864 0.04920847 0.30778693 0.01725709 0.04935169 0.03449405 0.15122147 0.01233190
10.10050503 11.06977255 0.00099546 0.00094385 0.00073851 0.00683135 0.36055925 0.05040468 0.30568485 0.02086713 0.05164962 0.03737602 0.14916244 0.01478685
10.20051003 11.05980053 0.00106934 0.00097683 0.00078438 0.00757358 0.36012254 0.04938659 0.31205503 0.02042562 0.05306961 0.02985664 0.15177599 0.01290386
10.30051503 11.05325313 0.00089576 0.00088716 0.00067951 0.00596116 0.35791266 0.05473384 0.30979908 0.02169962 0.05035417 0.03170367 0.14904693 0.01632643
10.40052003 11.04269172 0.00122150 0.00088873 0.00098511 0.01135947 0.35529075 0.04951123 0.30784928 0.02093803 0.05388910 0.03598537 0.14608213 0.01599928
10.50052503 11.03535562 0.00137176 0.00084031 0.00103617 0.01067565 0.35714014 0.04932001 0.30784377 0.02167711 0.05633032 0.03599057 0.14584546 0.01192872
10.60053003 11.02089315 0.00107540 0.00093454 0.00096087 0.00737536 0.35521120 0.04729935 0.30860504 0.02130781 0.05800816 0.03574695 0.14524105 0.01823426
10.70053503 11.00771654 0.00093836 0.00085711 0.00078425 0.00657489 0.35300807 0.05426691 0.30886902 0.01879839 0.05422013 0.03937258 0.14504566 0.01726463
10.80054003 10.99855456 0.00104107 0.00090528 0.00055489 0.00534418 0.34920462 0.05020039 0.32039494 0.02380597 0.05120453 0.03580733 0.14829062 0.01324617
10.90054503 10.98413367 0.00149049 0.00095581 0.00081832 0.01244987 0.34334297 0.04201279 0.32155390 0.02889392 0.05289432 0.03730522 0.14325300 0.01502939
11.00055003 10.97899859 0.00142637 0.00095774 0.00105632 0.01331523 0.34726310 0.04423002 0.31414203 0.02462417 0.05167925 0.03666840 0.14995788 0.01467949
11.10055503 10.97193344 0.00125816 0.00093737 0.00114115 0.01899172 0.35133511 0.03916358 0.30957322 0.02407684 0.05520881 0.03453532 0.14694548 0.01683323
11.20056003 10.96299561 0.00081216 0.00085124 0.00057853 0.00187567 0.35946711 0.05228384 0.31108285 0.02354028 0.05355921 0.03308468 0.14503959 0.01782484
11.30056503 10.94722842 0.00074096 0.00089911 0.00045475 0.00370798 0.36740789 0.04975764 0.30691388 0.02270758 0.05465431 0.03182904 0.14612481 0.01480206
11.40057003 10.94098581 0.00099170 0.00090804 0.00074775 0.00742524 0.36468699 0.05574833 0.30753214 0.01871593 0.05795386 0.03065398 0.14291897 0.01171707
11.50057503 10.93221391 0.00114593 0.00090376 0.00080427 0.01226912 0.36239821 0.05069666 0.30988233 0.01986058 0.05892477 0.02505382 0.14389093 0.01416962
11.60058003 10.90955233 0.00139372 0.00098435 0.00123382 0.01120199 0.35861209 0.04621647 0.30295025 0.01907961 0.05864374 0.02994191 0.15080957 0.01893249
11.70058503 10.89118290 0.00123618 0.00113997 0.00110635 0.00998553 0.35740788 0.04771776 0.29504482 0.01825544 0.06053943 0.03147775 0.15786790 0.01822099
11.80059003 10.88538132 0.00109167 0.00104939 0.00081472 0.00902562 0.36335685 0.04664934 0.29714854 0.02217295 0.05837148 0.02906606 0.15407373 0.01717965
11.90059503 10.87820176 0.00081943 0.00104830 0.00047835 0.00308783 0.36213289 0.04769582 0.30315219 0.02199033 0.06064915 0.03246288 0.15301746 0.01346536
12.00060003 10.86782101 0.00076001 0.00099443 0.00065178 0.00675632 0.36937218 0.04962226 0.30354699 0.01533495 0.06295830 0.03342683 0.14312810 0.01344786
12.10060503 10.85629870 0.00087578 0.00097264 0.00067029 0.00589970 0.36442961 0.05039458 0.30824248 0.01704508 0.05856270 0.03548138 0.14379257 0.01363320
12.20061003 10.84810217 0.00105171 0.00093579 0.00085351 0.00814055 0.36834823 0.04378702 0.30942820 0.01309462 0.06128311 0.03973098 0.14200467 0.01134160
12.30061503 10.83547897 0.00129378 0.00085994 0.00083766 0.00992841 0.35689918 0.05116886 0.30876695 0.02019946 0.05653957 0.03802726 0.14293437 0.01254456
12.40062003 10.83252794 0.00089878 0.00095676 0.00040124 0.00346306 0.35469951 0.05912307 0.30921855 0.01916593 0.05882002 0.03908627 0.14230516 0.01186165
12.50062503 10.82107741 0.00080310 0.00091627 0.00034929 0.00501802 0.35823613 0.05661226 0.31466192 0.01893581 0.05688151 0.03624032 0.13930417 0.01204120
12.60063003 10.81401606 0.00090819 0.00089165 0.00043392 0.00561133 0.36135585 0.05768794 0.31345986 0.01864898 0.05670421 0.03306693 0.13958844 0.01164271
12.70063503 10.80669365 0.00075731 0.00085101 0.00034429 0.00353732 0.36265214 0.06352519 0.31407813 0.01932396 0.05211925 0.03111235 0.14029948 0.01139958
12.80064003 10.78581237 0.00084767 0.00094912 0.00068476 0.00438533 0.36404568 0.05838116 0.30964885 0.01663978 0.05381750 0.03252685 0.13953885 0.01853446
12.90064503 10.77893962 0.00117482 0.00085372 0.00086826 0.01160307 0.35973032 0.05817112 0.31059067 0.01731765 0.05088952 0.03391778 0.13993577 0.01494730
13.00065003 10.76266541 0.00172451 0.00087109 0.00124420 0.01503247 0.35672557 0.05036508 0.30968198 0.01866997 0.05625431 0.03422577 0.14246705 0.01273800
13.10065503 10.75682435 0.00097013 0.00086673 0.00049283 0.00429842 0.36243927 0.05114763 0.31706395 0.02074799 0.04637896 0.03471448 0.14725110 0.01362853
13.20066003 10.74690618 0.00080871 0.00087249 0.00054900 0.00886991 0.36567763 0.04617938 0.32344832 0.01507424 0.04693882 0.03375995 0.14506275 0.01275881
13.30066503 10.73980504 0.00090992 0.00088148 0.00078450 0.00587992 0.36461634 0.04382930 0.32150702 0.01674782 0.04686626 0.03256122 0.14812890 0.01728731
13.40067003 10.73255974 0.00082828 0.00087313 0.00065146 0.00748781 0.36720999 0.04379088 0.32189423 0.01627869 0.04646560 0.03544792 0.14555706 0.01351496
13.50067503 10.72505360 0.00079527 0.00088355 0.00044913 0.00420297 0.36590400 0.04748813 0.32177269 0.01898403 0.05135189 0.03445390 0.14008788 0.01362657
13.60068003 10.71986430 0.00066532 0.00082177 0.00034485 0.00167626 0.37019590 0.04679163 0.32278272 0.01906247 0.04487309 0.03766414 0.14332651 0.01179534
13.70068503 10.70845893 0.00096649 0.00089388 0.00087035 0.00686606 0.36999315 0.04442304 0.32649573 0.01393987 0.04590379 0.02914725 0.14471345 0.01578695
13.80069003 10.70054199 0.00129794 0.00084978 0.00106032 0.01047600 0.36477545 0.04412617 0.33182335 0.01547229 0.04526740 0.02924503 0.14328402 0.01232225
13.90069503 10.68607224 0.00147161 0.00084331 0.00131428 0.01397316 0.36656691 0.04158908 0.32668645 0.01255055 0.04508217 0.03317175 0.14482115 0.01192957
14.00070004 10.67934302 0.00095700 0.00079572 0.00069888 0.01098450 0.37354406 0.04076329 0.32781397 0.01262320 0.04146080 0.03774519 0.14238544 0.01022793
14.10070504 10.67245332 0.00089759 0.00084824 0.00065965 0.00527295 0.37417829 0.04572304 0.32583724 0.01560354 0.04098852 0.03784516 0.14014771 0.01199808
14.20071004 10.66393273 0.00050974 0.00089417 0.00031870 0.00374201 0.37304659 0.04531478 0.32568127 0.01406276 0.04534747 0.03766396 0.14103051 0.01238805
14.30071504 10.65368019 0.00077455 0.00082713 0.00063984 0.00585943 0.37583563 0.04454301 0.33483154 0.01399017 0.03940045 0.03146429 0.13910526 0.01272871
14.40072004 10.64145427 0.00064620 0.00081236 0.00062189 0.00295879 0.37090961 0.04062383 0.33960035 0.01463389 0.04086294 0.03219364 0.13981475 0.01632177
14.50072504 10.63088725 0.00088634 0.00080605 0.00070133 0.00686450 0.36455391 0.04312799 0.34052789 0.01392690 0.04218533 0.03040992 0.14192682 0.01408302
14.60073004 10.62294005 0.00075832 0.00081036 0.00044360 0.00173825 0.36986485 0.04691408 0.33704524 0.01619125 0.04242946 0.02492891 0.14585010 0.01302560
14.70073504 10.61526198 0.00099834 0.00082048 0.00069184 0.00820595 0.36851752 0.04883301 0.33594054 0.01591880 0.04053865 0.02531241 0.14418280 0.01003965
14.80074004 10.60696714 0.00082248 0.00080869 0.00053791 0.00739588 0.37275254 0.05576892 0.33177115 0.01467233 0.04123446 0.02279183 0.14143315 0.01001066
14.90074504 10.59616821 0.00063886 0.00078438 0.00057071 0.00508305 0.37298207 0.05205644 0.33081522 0.01534722 0.03955069 0.02415081 0.14186763 0.01615291
15.00075004 10.58195022 0.00130449 0.00079342 0.00104216 0.01091741 0.37683141 0.04109778 0.32971543 0.01959815 0.03975723 0.02405611 0.14290250 0.01198389
15.10075504 10.57356621 0.00062462 0.00089245 0.00049055 0.00404114 0.37724936 0.04191762 0.33183838 0.01496305 0.04452404 0.02573444 0.14349578 0.01422858
15.20076004 10.56406130 0.00053542 0.00087880 0.00043625 0.00282671 0.37348180 0.04271000 0.33460721 0.01351687 0.04452230 0.02770855 0.14450989 0.01426620
15.30076504 10.54975115 0.00065375 0.00081109 0.00057856 0.00788278 0.36946663 0.04665376 0.33487099 0.01132817 0.03988074 0.02636081 0.14897055 0.01254218
15.40077004 10.54517137 0.00053714 0.00088233 0.00019467 0.00038043 0.37171039 0.04830994 0.33987589 0.01530350 0.04207569 0.02306887 0.14745571 0.01020544
15.50077504 10.53213911 0.00084133 0.00078428 0.00063019 0.00620330 0.37015993 0.04697093 0.34002660 0.01623950 0.03826968 0.02218255 0.14475950 0.01293220
15.60078004 10.51914567 0.00069611 0.00079302 0.00057122 0.00350571 0.37159070 0.05226936 0.33795610 0.01189038 0.03845999 0.02461212 0.14520019 0.01245510
15.70078504 10.50621102 0.00065863 0.00076397 0.00043487 0.00679966 0.37193208 0.04904699 0.33351871 0.01433166 0.03718397 0.02780390 0.14460126 0.01292430
15.80079004 10.49541725 0.00087740 0.00091626 0.00043379 0.00555977 0.37177508 0.04515700 0.32880614 0.01647209 0.03589042 0.03157012 0.15261210 0.00992982
15.90079504 10.48475849 0.00042395 0.00100026 0.00012765 0.00024658 0.37432465 0.04710056 0.32521243 0.01341577 0.04411551 0.03112072 0.15334716 0.00956478
16.00080004 10.47140454 0.00047528 0.00085778 0.00028904 0.00145414 0.37389218 0.04912477 0.32845450 0.01127881 0.04192142 0.03194867 0.14887411 0.01142929
16.10080504 10.45821661 0.00062770 0.00081325 0.00048443 0.00443783 0.37799060 0.04521342 0.33025188 0.01094059 0.04057624 0.03085851 0.14636803 0.01143752
16.20081004 10.44876080 0.00065365 0.00084828 0.00050004 0.00327678 0.38020796 0.04415327 0.32634296 0.01184031 0.04377565 0.02754196 0.14882515 0.01203400
16.30081504 10.43374286 0.00061770 0.00078839 0.00053705 0.00532963 0.37718860 0.04192376 0.32432304 0.01292536 0.03818404 0.03588225 0.14751592 0.01478426
16.40082004 10.43079918 0.00066760 0.00081896 0.00031217 0.00162104 0.37585439 0.04341707 0.32565815 0.01644020 0.03992582 0.03522831 0.14774268 0.01231360
16.50082504 10.42099295 0.00095637 0.00082730 0.00066019 0.00606932 0.37713450 0.04036380 0.32613527 0.01591939 0.04126606 0.03307338 0.14663686 0.01095755
16.60083004 10.40783964 0.00082542 0.00096540 0.00054113 0.00664985 0.37561482 0.03784252 0.32085210 0.01622067 0.04760595 0.03088592 0.15296172 0.00903449
16.70083504 10.39615798 0.00052632 0.00080498 0.00033618 0.00356099 0.37853722 0.04441038 0.32557852 0.01071148 0.03924015 0.03372825 0.14983913 0.01272641
16.80084004 10.39026880 0.00040611 0.00081272 0.00016262 0.00030100 0.38015138 0.04689938 0.32226113 0.01280479 0.04310754 0.03271064 0.14966724 0.01071545
16.90084504 10.37948843 0.00055662 0.00079855 0.00035630 0.00286903 0.38064510 0.04319204 0.32065213 0.01326310 0.04196836 0.03222422 0.15193586 0.01153869
17.00085004 10.36729467 0.00103710 0.00070932 0.00075204 0.00758455 0.38213593 0.04296738 0.31852571 0.01448072 0.03909170 0.03492869 0.14753733 0.01024952
17.10085504 10.36361391 0.00046401 0.00079892 0.00011944 0.00231670 0.38352345 0.04205597 0.32053443 0.01497235 0.04174300 0.03304962 0.15140020 0.00902192
17.20086004 10.35204291 0.00067035 0.00087538 0.00034099 0.00461625 0.37909110 0.03937054 0.32458311 0.01667786 0.03929244 0.03107324 0.15415797 0.00925078
17.30086504 10.34366835 0.00083665 0.00087901 0.00057652 0.00455538 0.37563646 0.04086862 0.31927948 0.01592313 0.04004861 0.03259149 0.15815644 0.01064821
17.40087004 10.32651094 0.00055288 0.00096801 0.00026142 0.00227892 0.37420560 0.04587808 0.31459175 0.01605409 0.04680387 0.02918282 0.15943077 0.00979178
17.50087504 10.31841740 0.00070601 0.00091366 0.00053325 0.00766276 0.37465710 0.04503859 0.31281219 0.01328295 0.04842526 0.02788894 0.15519179 0.01288750
17.60088004 10.30469825 0.00112021 0.00083367 0.00110077 0.01139329 0.37777619 0.04331671 0.30761472 0.01193793 0.04725428 0.03225807 0.15052113 0.01487302
17.70088504 10.29027344 0.00125769 0.00080119 0.00118310 0.01306903 0.38119992 0.03906866 0.30850075 0.01230600 0.04958639 0.02826704 0.14991175 0.01484847
17.80089004 10.27118077 0.00091742 0.00095206 0.00086578 0.00805640 0.37283425 0.04374321 0.30433311 0.01169522 0.05540382 0.03603554 0.15047677 0.01468644
17.90089504 10.26165479 0.00080334 0.00096342 0.00063758 0.00541370 0.36905014 0.04426699 0.30852890 0.01144120 0.05651238 0.03233194 0.15694515 0.01310525
18.00090005 10.25114106 0.00095146 0.00086001 0.00066984 0.00949113 0.36465910 0.04036575 0.31221403 0.01564607 0.04836563 0.03636706 0.15590123 0.01450870
18.10090505 10.24216887 0.00075762 0.00088699 0.00078396 0.00466801 0.36750148 0.03868949 0.31383794 0.01491628 0.05267132 0.03201860 0.15510227 0.01816603
18.20091005 10.23089517 0.00049648 0.00090872 0.00058287 0.00248133 0.36711849 0.04246395 0.31668488 0.01218167 0.05634023 0.02764457 0.15294768 0.02014913
18.30091505 10.22149781 0.00101052 0.00087991 0.00103840 0.01223770 0.36535234 0.03842590 0.31274841 0.01252075 0.05519522 0.03169081 0.15382412 0.01507591
18.40092005 10.21506189 0.00100770 0.00094319 0.00097631 0.00854164 0.36394854 0.03767540 0.31412043 0.01407385 0.04992514 0.03423223 0.15706271 0.01749288
18.50092505 10.20640279 0.00083885 0.00095743 0.00062624 0.00656077 0.36805325 0.03757337 0.31452073 0.01608426 0.05379178 0.03130541 0.15867681 0.01101110
18.60093005 10.19862567 0.00111008 0.00094408 0.00084692 0.01034894 0.36982730 0.03461001 0.32090730 0.01307956 0.05246845 0.02700615 0.15785287 0.01099835
18.70093505 10.18885802 0.00070574 0.00092759 0.00057162 0.00541727 0.36441209 0.03283039 0.31981250 0.01534837 0.05470845 0.02678117 0.16413938 0.01434544
18.80094005 10.17934058 0.00083545 0.00105291 0.00062194 0.00681465 0.36733453 0.03562994 0.31433606 0.01365135 0.05856101 0.02419770 0.16871549 0.00824898
18.90094505 10.16263778 0.00081627 0.00100572 0.00055702 0.00578806 0.36635491 0.03676389 0.31708437 0.01533462 0.06251565 0.02422310 0.16303935 0.00651705
19.00095005 10.14716040 0.00063037 0.00099120 0.00033998 0.00631702 0.37072977 0.03398965 0.31512524 0.01892215 0.06315389 0.02298506 0.15799990 0.00881577
19.10095505 10.13418868 0.00094224 0.00095034 0.00072601 0.00909479 0.37052051 0.03248729 0.31595201 0.01780266 0.06201059 0.02745912 0.15256655 0.00948789
19.20096005 10.12284200 0.00071914 0.00103329 0.00054140 0.00546963 0.37138059 0.03537949 0.31216083 0.01426495 0.07007270 0.02700617 0.15135259 0.01061923
19.30096505 10.11884624 0.00100432 0.00093605 0.00069458 0.00687392 0.37350481 0.03261648 0.31023153 0.01489432 0.07065520 0.02766188 0.15267241 0.00825451
19.40097005 10.10943725 0.00107031 0.00093099 0.00089228 0.01169752 0.37244073 0.03191752 0.30809203 0.01166423 0.06649519 0.03103305 0.15404106 0.00972510
19.50097505 10.10135108 0.00103626 0.00098193 0.00064127 0.00620665 0.37157211 0.03085634 0.31366038 0.01522951 0.06188207 0.02961996 0.15790352 0.01041002
19.60098005 10.09449711 0.00057042 0.00093278 0.00022783 0.00165991 0.36665427 0.03220715 0.31834022 0.01732031 0.06214827 0.03203255 0.15792446 0.00998184
19.70098505 10.08702709 0.00062194 0.00093894 0.00054805 0.00648177 0.36766929 0.03605796 0.31147227 0.01204668 0.06596337 0.03152549 0.15595613 0.01071810
19.80099005 10.07333663 0.00047593 0.00087547 0.00029189 0.00114442 0.36821516 0.04597295 0.31333152 0.01302709 0.06489480 0.03123614 0.14868306 0.01185158
19.90099505 10.06716224 0.00066142 0.00089279 0.00032588 0.00171512 0.36680409 0.04788082 0.31014860 0.01798572 0.06037642 0.02812764 0.15377811 0.01130341
20.00100005 10.05577784 0.00097285 0.00084586 0.00069297 0.00732517 0.36375094 0.04867001 0.31405833 0.01564640 0.05717259 0.03094274 0.15017228 0.00974987
20.10100505 10.04800124 0.00119489 0.00083367 0.00072358 0.01230927 0.36535300 0.04263632 0.30454711 0.01978311 0.05684176 0.03864246 0.14842446 0.00871036
20.20101005 10.04692812 0.00098309 0.00081272 0.00083332 0.00983647 0.36923896 0.04912785 0.30749530 0.01606550 0.04919951 0.03065979 0.15125352 0.01449399
20.30101505 10.04196609 0.00107410 0.00080978 0.00056232 0.00434831 0.37299728 0.05311059 0.30258003 0.02095406 0.04980539 0.02939331 0.15180752 0.01255730
20.40102005 10.03076569 0.00070604 0.00082167 0.00036238 0.00173938 0.37259418 0.05046858 0.30732717 0.02001460 0.04823954 0.03414713 0.15101745 0.01256188
20.50102505 10.01956594 0.00118346 0.00088375 0.00089346 0.01145653 0.36865388 0.04905912 0.30573894 0.01800763 0.04833050 0.03357521 0.15039294 0.01182459
20.60103005 10.01269081 0.00097858 0.00081539 0.00069647 0.00758166 0.36694138 0.04998430 0.31086396 0.02081618 0.04196401 0.03706195 0.14541525 0.01688085
20.70103505 10.00587457 0.00136542 0.00075836 0.00108871 0.01152734 0.36987830 0.04597693 0.30965084 0.02153314 0.03851009 0.03661747 0.14720240 0.01589098
20.80104005 10.00129135 0.00085240 0.00075160 0.00047742 0.00222779 0.37154799 0.05037829 0.31297587 0.02073868 0.03542869 0.04150782 0.14729585 0.01581761
20.90104505 9.99346946 0.00081772 0.00082250 0.00031963 0.00174881 0.37423667 0.04909999 0.30874934 0.02303673 0.03558461 0.04119190 0.15260688 0.01178522
21.00105005 9.97951779 0.00133368 0.00086779 0.00092279 0.01125862 0.37601972 0.04575089 0.29747968 0.02263487 0.04172679 0.03764593 0.15190602 0.01245323
21.10105505 9.96847766 0.00085020 0.00084217 0.00037951 0.00318428 0.37955557 0.04640138 0.29573313 0.02415502 0.04068945 0.03976436 0.15517969 0.01326525
21.20106005 9.96140974 0.00069118 0.00083465 0.00030003 0.00181081 0.38162655 0.04581315 0.30429577 0.02270086 0.03945040 0.03896953 0.15179262 0.01171444
21.30106505 9.95367421 0.00099769 0.00077521 0.00060358 0.00877612 0.37623452 0.05076478 0.30496760 0.02180338 0.03988072 0.03634789 0.14814194 0.01070656
21.40107005 9.94363729 0.00067550 0.00078824 0.00056524 0.00314826 0.37824973 0.05527693 0.30536014 0.01743062 0.04004962 0.03620259 0.14755227 0.01470085
21.50107505 9.93204106 0.00110370 0.00080995 0.00073302 0.00800674 0.37192758 0.05280850 0.30523378 0.01899745 0.03860583 0.03635189 0.15142285 0.01399870
21.60108005 9.91890958 0.00107703 0.00087925 0.00048777 0.00521605 0.36721204 0.05347072 0.30935008 0.02311622 0.04627611 0.03204991 0.15028253 0.01058231
21.70108505 9.90890739 0.00138852 0.00081850 0.00077579 0.00845293 0.37131202 0.05533730 0.30219947 0.02328104 0.04564122 0.03167036 0.14802878 0.01109406
21.80109005 9.89938496 0.00097601 0.00086326 0.00086614 0.00590404 0.37561529 0.05568238 0.29594980 0.01809969 0.04687512 0.03001052 0.14869654 0.02046124
21.90109505 9.89018237 0.00080683 0.00084111 0.00065741 0.00819357 0.37216990 0.05312956 0.30250777 0.01902866 0.04502738 0.03189023 0.14745384 0.01829374
22.00110006 9.87863413 0.00096331 0.00086446 0.00092934 0.01107699 0.37463770 0.05114533 0.30291113 0.01615035 0.04586274 0.02712124 0.14972397 0.01861345
22.10110506 9.86992642 0.00117694 0.00088260 0.00083926 0.00826109 0.37875735 0.05626269 0.29667809 0.01688699 0.04917261 0.02524968 0.15450936 0.01132336
22.20111006 9.85909794 0.00085801 0.00094359 0.00064055 0.00624001 0.38427679 0.05277243 0.29667110 0.01347572 0.04996603 0.02610823 0.15414249 0.01390505
22.30111506 9.84573761 0.00110185 0.00082665 0.00076648 0.00545544 0.38243268 0.05643124 0.29602119 0.01776611 0.04645413 0.02827434 0.14826535 0.01620454
22.40112006 9.83880765 0.00130507 0.00087943 0.00090379 0.01074826 0.37977206 0.05742762 0.29045981 0.01664324 0.05219602 0.02624733 0.14869268 0.01472469
22.50112506 9.82930046 0.00113896 0.00084413 0.00082849 0.00831230 0.38012015 0.05997474 0.28959246 0.01888809 0.05021935 0.03085838 0.14522391 0.01399904
22.60113006 9.81949119 0.00098924 0.00079064 0.00091828 0.00790843 0.38320907 0.05637299 0.29051071 0.01486298 0.04684807 0.03314436 0.14864152 0.01580371
22.70113506 9.81523587 0.00092466 0.00079214 0.00083712 0.00731064 0.38429378 0.05960934 0.28887435 0.01459935 0.04333044 0.03489068 0.15070928 0.01382821
22.80114006 9.80411960 0.00131262 0.00076594 0.00100424 0.00800065 0.37629238 0.05628438 0.28941616 0.02360578 0.04030773 0.03355159 0.15121779 0.01824075
22.90114506 9.79502404 0.00113470 0.00084605 0.00073505 0.00972133 0.37909230 0.05149572 0.28987372 0.01664568 0.04360554 0.03830501 0.15458240 0.01396251
23.00115006 9.78363677 0.00080524 0.00086621 0.00053490 0.00322174 0.37677228 0.05228425 0.29218859 0.01738310 0.04589759 0.04205093 0.15427533 0.01371983
23.10115506 9.77248444 0.00080370 0.00091245 0.00048584 0.00543705 0.37627811 0.04995013 0.29755167 0.01728017 0.04530246 0.03729342 0.15395531 0.01474968
23.20116006 9.76359119 0.00075017 0.00086443 0.00046757 0.00308750 0.37712338 0.04673987 0.29847365 0.01973772 0.04823230 0.03690129 0.15130624 0.01631588
23.30116506 9.75411499 0.00075356 0.00074824 0.00055752 0.00503249 0.38287309 0.06048218 0.29156240 0.01639180 0.04270351 0.03850107 0.14611277 0.01428137
23.40117006 9.74613824 0.00140904 0.00073904 0.00119734 0.01221058 0.38177515 0.05506733 0.29694562 0.01518108 0.04120645 0.03618464 0.14533375 0.01274999
23.50117506 9.73464943 0.00085000 0.00075812 0.00080322 0.00646899 0.38537828 0.05773277 0.29826112 0.01316564 0.04163045 0.03374426 0.14397204 0.01723511
23.60118006 9.72686882 0.00083317 0.00074352 0.00076489 0.00696648 0.37955648 0.05514706 0.30371182 0.01397923 0.03978012 0.03634110 0.14420806 0.01796807
23.70118506 9.70918895 0.00056365 0.00088294 0.00028715 0.00445446 0.38068674 0.04931851 0.30813831 0.01399228 0.04269097 0.03289282 0.14960104 0.01649114
23.80119006 9.69873266 0.00078836 0.00082886 0.00062431 0.00448333 0.38114648 0.04870136 0.30557782 0.01492504 0.03958022 0.03842913 0.14886661 0.01604847
23.90119506 9.69234114 0.00064790 0.00091159 0.00053305 0.00412604 0.38370802 0.04411934 0.30700095 0.01478301 0.04161560 0.03300168 0.15076384 0.01878899
24.00120006 9.67834324 0.00072994 0.00086434 0.00057432 0.00631021 0.38756161 0.04503180 0.30609448 0.01544787 0.04511339 0.03097479 0.14636617 0.01493107
24.10120506 9.66890350 0.00055244 0.00083891 0.00040061 0.00188135 0.38799846 0.04391429 0.30901828 0.01439050 0.04599181 0.03256945 0.15015254 0.01229136
24.20121006 9.66073050 0.00079537 0.00079742 0.00058070 0.00493398 0.38187000 0.04573117 0.30780225 0.01416126 0.04878999 0.03161367 0.15274034 0.01018386
24.30121506 9.64744825 0.00060741 0.00083064 0.00026346 0.00164955 0.37521221 0.04978144 0.30498642 0.01657343 0.04969474 0.03572180 0.15527599 0.00940292
24.40122006 9.63595360 0.00110862 0.00080856 0.00074675 0.00849113 0.37916894 0.04640457 0.30569886 0.01690553 0.04740661 0.03304068 0.14891703 0.01130273
24.50122506 9.62744112 0.00103787 0.00086118 0.00073471 0.00623086 0.37849258 0.04815698 0.30544592 0.01772580 0.04421576 0.03698347 0.14698456 0.01313031
24.60123006 9.62097319 0.00085595 0.00075330 0.00069692 0.00515652 0.37843518 0.04854501 0.30329682 0.01848173 0.04030487 0.04293399 0.14520984 0.01532989
24.70123506 9.61377173 0.00105534 0.00076789 0.00075011 0.00832675 0.38824219 0.05059625 0.29853265 0.01935348 0.03505550 0.03590508 0.14540176 0.01601300
24.80124006 9.60849316 0.00097695 0.00070050 0.00071944 0.00667324 0.38985376 0.05173256 0.30001334 0.02250446 0.03479895 0.03156912 0.14463345 0.01582423
24.90124506 9.60067694 0.00087894 0.00069525 0.00057303 0.00436889 0.38944508 0.05864638 0.30225722 0.01948020 0.03639778 0.02877815 0.14520467 0.01327442
25.00125006 9.59908879 0.00129432 0.00072402 0.00073575 0.00870267 0.38736925 0.05650444 0.30199513 0.02154368 0.03444901 0.02374575 0.15146260 0.01147338
25.10125506 9.58473105 0.00075989 0.00080946 0.00055107 0.00508583 0.39260024 0.05665847 0.30353442 0.01528721 0.03831036 0.02336466 0.14874553 0.01429287
25.20126006 9.57998842 0.00073491 0.00081452 0.00040192 0.00334146 0.38880556 0.05868984 0.30538939 0.01428236 0.04153697 0.02349816 0.14945356 0.01305135
25.30126506 9.57145998 0.00067130 0.00074522 0.00032855 0.00157946 0.38729718 0.06313119 0.30905260 0.01370052 0.03707291 0.02542538 0.14783209 0.01316361
25.40127006 9.56292156 0.00072250 0.00076087 0.00059867 0.00557238 0.38562225 0.04815749 0.31455889 0.01274896 0.04206383 0.02534079 0.14699415 0.01685921
25.50127506 9.55323284 0.00066897 0.00083174 0.00053785 0.00347512 0.38924895 0.04446321 0.31245485 0.01205404 0.05004149 0.02426454 0.14742297 0.01453628
25.60128006 9.54452757 0.00068046 0.00088709 0.00058677 0.00692325 0.38663146 0.04340883 0.30638493 0.00929481 0.05638586 0.02757783 0.14971066 0.01152805
