0.00000000 7.00000000 0.00000000 0.00000000 0.00000000 0.00000000 0.00000000 0.00000000 0.00000000 1.00000000 0.00000000 0.00000000 0.00000000 0.00000000
0.10000500 7.00251721 0.02516385 0.00157012 0.00890293 0.11293150 0.10831025 0.15803097 0.01450992 0.40012042 0.05957821 0.07697222 0.01403150 0.01987811
0.20001000 7.00100537 0.00933839 0.00123736 0.00619833 0.06814558 0.12203183 0.23489331 0.05236842 0.22096470 0.07091455 0.14250164 0.03144785 0.03995806
0.30001500 6.99767502 0.00490258 0.00111746 0.00310378 0.02709942 0.15997190 0.23496686 0.07688788 0.15990415 0.07738877 0.17215558 0.03863398 0.04386763
0.40002000 6.99578095 0.00416454 0.00111747 0.00194848 0.01520815 0.16555047 0.20914163 0.09332054 0.14960814 0.08747263 0.18252153 0.05053889 0.03940752
0.50002500 6.99279401 0.00358265 0.00106961 0.00128322 0.00954784 0.17548597 0.19170455 0.10528289 0.13425701 0.08215268 0.19366065 0.06200884 0.03996409
0.60003000 6.98883194 0.00456585 0.00092756 0.00225467 0.01743885 0.18935539 0.16961948 0.10812911 0.12322716 0.08102999 0.19746843 0.06255795 0.04342557
0.70003500 6.98472977 0.00462948 0.00094146 0.00251181 0.02439812 0.19951677 0.15381964 0.11452213 0.10836566 0.07522033 0.20288825 0.06979930 0.04338705
0.80004000 6.97727524 0.00380740 0.00102309 0.00204800 0.01899496 0.20230698 0.14707422 0.12273368 0.09402575 0.07470349 0.20734480 0.08123276 0.04470487
0.90004500 6.97339087 0.00358711 0.00086955 0.00226060 0.01740957 0.21241616 0.14104298 0.12471094 0.08372797 0.07421272 0.20646251 0.08379064 0.04950925
1.00005000 6.97121248 0.00242152 0.00106314 0.00143187 0.00990229 0.21838584 0.13652151 0.13086846 0.07876741 0.07618466 0.20237793 0.09349790 0.04857747
1.10005500 6.96547937 0.00317473 0.00101149 0.00178643 0.01614357 0.23667319 0.13800228 0.13410208 0.07937967 0.08126890 0.17977433 0.09094435 0.03773900
1.20006000 6.96214852 0.00271031 0.00089468 0.00146983 0.01054996 0.24999302 0.14656561 0.14131701 0.07812992 0.07934695 0.15820942 0.08844834 0.04236495
1.30006500 6.95682161 0.00288241 0.00079988 0.00180359 0.01736490 0.25975395 0.14770139 0.14732864 0.07263849 0.07841910 0.14030189 0.08569843 0.04530734
1.40007000 6.95074961 0.00306243 0.00092304 0.00171906 0.01037590 0.26994619 0.15255931 0.15581004 0.07630191 0.08414825 0.11697863 0.08917247 0.03900276
1.50007500 6.94269585 0.00269036 0.00109814 0.00104781 0.00680049 0.28012301 0.14295025 0.16370389 0.07665876 0.09440387 0.10291887 0.09267108 0.03493346
1.60008000 6.93822135 0.00268745 0.00091296 0.00094952 0.00464390 0.28623181 0.14649706 0.16951621 0.07769727 0.08967108 0.09111030 0.09366794 0.03641450
1.70008500 6.92826875 0.00259011 0.00105934 0.00089635 0.00643147 0.30146023 0.14379037 0.17761855 0.07056306 0.08670099 0.08381800 0.09516089 0.02991063
1.80009000 6.92004265 0.00302441 0.00097960 0.00177127 0.01560909 0.31334347 0.13344958 0.17996642 0.06421867 0.08362778 0.07552297 0.09608273 0.03240400
1.90009500 6.91558691 0.00295959 0.00103632 0.00147620 0.01146638 0.32324600 0.12989355 0.18241103 0.06507563 0.08463421 0.07217406 0.09667245 0.02895459
2.00010001 6.90800391 0.00259088 0.00096786 0.00139376 0.01293409 0.32522218 0.12136088 0.18041058 0.05868998 0.08086861 0.08250338 0.10053077 0.03252703
2.10010501 6.90065155 0.00313361 0.00089331 0.00219104 0.02192545 0.32937631 0.11486831 0.18329371 0.05291532 0.07469644 0.08226992 0.10174023 0.03269635
2.20011001 6.88546952 0.00262017 0.00108103 0.00161231 0.01186168 0.33213277 0.11195109 0.19114791 0.04799441 0.07930700 0.07940220 0.10833129 0.03255815
2.30011501 6.87981625 0.00161411 0.00103219 0.00080967 0.00659000 0.33851567 0.10555544 0.19317372 0.04107537 0.08452337 0.08261357 0.11475505 0.02974184
2.40012001 6.87706644 0.00156219 0.00096190 0.00081801 0.00654722 0.34427838 0.10442468 0.19549703 0.04022948 0.07969633 0.07929039 0.11756636 0.02912803
2.50012501 6.87373530 0.00164011 0.00084332 0.00074446 0.00644605 0.34283822 0.10856794 0.19859013 0.03939052 0.07977470 0.07359831 0.11995362 0.02761261
2.60013001 6.86956813 0.00158679 0.00097560 0.00100357 0.01059198 0.34538184 0.10146622 0.21246886 0.03044508 0.08180529 0.06684847 0.12136842 0.02605790
2.70013501 6.86363538 0.00168755 0.00093536 0.00087691 0.00659551 0.34466968 0.10049577 0.21655681 0.03875230 0.07784871 0.06443367 0.11998945 0.02715828
2.80014001 6.85919021 0.00203627 0.00084364 0.00126157 0.00879889 0.35024435 0.09741168 0.21528914 0.03974673 0.07367956 0.06152327 0.11994331 0.02922158
2.90014501 6.85055916 0.00180599 0.00082719 0.00119638 0.00734393 0.36172172 0.10153552 0.21545692 0.03404250 0.06697891 0.06227411 0.11701526 0.02980158
3.00015001 6.84480124 0.00180821 0.00087310 0.00095790 0.00788028 0.36277438 0.09671881 0.21880344 0.03724435 0.07215873 0.05715069 0.11739036 0.02623977
3.10015501 6.84146030 0.00130380 0.00084464 0.00061655 0.00413765 0.36936535 0.10717485 0.22244296 0.03226031 0.06283171 0.05743630 0.11851535 0.02307054
3.20016001 6.83012400 0.00144061 0.00087538 0.00079322 0.00539421 0.36351719 0.10422090 0.22877064 0.03233157 0.06651580 0.05533370 0.11632099 0.02448581
3.30016501 6.82748831 0.00167721 0.00081790 0.00094279 0.00678536 0.36489500 0.10316464 0.23201384 0.03290275 0.06060600 0.05274060 0.11566725 0.02778664
3.40017001 6.82171387 0.00173572 0.00083220 0.00112086 0.00970076 0.36875509 0.09823386 0.23702341 0.03123379 0.05962425 0.04807409 0.11576505 0.02790092
3.50017501 6.81824033 0.00149345 0.00086238 0.00068969 0.00461790 0.38063221 0.08736526 0.24404849 0.03458171 0.05514636 0.04331222 0.12531056 0.02193978
3.60018001 6.81357765 0.00122613 0.00083949 0.00048699 0.00410875 0.38068674 0.08685407 0.24289161 0.03037440 0.05530908 0.04884545 0.12627308 0.02210421
3.70018501 6.80816313 0.00150471 0.00074479 0.00076627 0.00435768 0.37561861 0.08092441 0.24198159 0.03994488 0.05487916 0.04556090 0.12877586 0.02494114
3.80019001 6.79945185 0.00166893 0.00080365 0.00128797 0.01677983 0.37538115 0.07436724 0.24422366 0.02640313 0.06064802 0.04452888 0.12894353 0.02496402
3.90019501 6.79685124 0.00116213 0.00084232 0.00073613 0.00448611 0.37851651 0.07236002 0.25202504 0.02544342 0.05926118 0.04756987 0.13735496 0.02024232
4.00020001 6.79280894 0.00175288 0.00088150 0.00126686 0.01067120 0.38301570 0.06357144 0.25084529 0.02716409 0.06328171 0.04121497 0.13797579 0.01835856
4.10020501 6.78458330 0.00155652 0.00082967 0.00124689 0.01651764 0.38404775 0.06770687 0.25409897 0.02094361 0.06231942 0.03694730 0.13670419 0.01708116
4.20021001 6.77839775 0.00156636 0.00077883 0.00115474 0.00830505 0.38046099 0.07081057 0.26502155 0.02043471 0.05467334 0.04279358 0.13706528 0.01693499
4.30021501 6.76960685 0.00127544 0.00090459 0.00081053 0.00867799 0.37848934 0.06458664 0.26894556 0.02141403 0.05717588 0.03923123 0.14048464 0.01800415
4.40022001 6.76276074 0.00100001 0.00094232 0.00055774 0.00208546 0.38317031 0.05934171 0.27166211 0.02519469 0.05779264 0.04007188 0.13843261 0.01974851
4.50022501 6.75679425 0.00064611 0.00092149 0.00035948 0.00641904 0.38807572 0.05675398 0.26469580 0.01882794 0.05690071 0.04228676 0.14740628 0.01670667
4.60023001 6.74943303 0.00117767 0.00085090 0.00077952 0.00613850 0.38909944 0.05737721 0.26154926 0.02043043 0.04999099 0.04628762 0.15050941 0.01580905
4.70023501 6.73955434 0.00147191 0.00080087 0.00115970 0.00993413 0.38880256 0.05944136 0.26255905 0.02050723 0.05092307 0.04103268 0.14691444 0.01645298
4.80024001 6.72610235 0.00126966 0.00088124 0.00093285 0.00982668 0.38030470 0.05762251 0.27703464 0.01882743 0.04867128 0.04459360 0.14510814 0.01492727
4.90024501 6.72127606 0.00154414 0.00090296 0.00113928 0.01084400 0.37835057 0.05631610 0.27851965 0.01909830 0.05131556 0.03802500 0.14691126 0.01703319
5.00025001 6.71072888 0.00137672 0.00086890 0.00105898 0.01202128 0.37713533 0.05894267 0.28371161 0.01950937 0.05099832 0.03192176 0.14728585 0.01516923
5.10025501 6.69746132 0.00154337 0.00078734 0.00118054 0.01285169 0.37240577 0.06019544 0.27957425 0.02053259 0.04894138 0.03808350 0.14829125 0.01561287
5.20026001 6.69376364 0.00097024 0.00089205 0.00047490 0.00503104 0.37250009 0.06363751 0.28379041 0.02345409 0.04668407 0.03694472 0.15013338 0.01548748
5.30026501 6.68501748 0.00117648 0.00087804 0.00072774 0.00758311 0.38102603 0.06397443 0.28203239 0.01967807 0.04616347 0.03148789 0.14990007 0.01537228
5.40027001 6.67916705 0.00103795 0.00091285 0.00046968 0.00348451 0.37918530 0.06276200 0.28292711 0.02213942 0.04202674 0.03478353 0.15494799 0.01532291
5.50027501 6.67412134 0.00115113 0.00081497 0.00068970 0.00743435 0.37612136 0.06222694 0.28288493 0.02129918 0.04048429 0.03451883 0.15569445 0.01667986
5.60028001 6.66683967 0.00089819 0.00081995 0.00052232 0.00557113 0.37494930 0.06573358 0.28328454 0.02064571 0.03991908 0.03578221 0.15502713 0.01684688
5.70028501 6.65604131 0.00124520 0.00083855 0.00077130 0.00815321 0.37339172 0.06494069 0.28375921 0.02133967 0.04307691 0.03242063 0.15493361 0.01512930
5.80029001 6.64072433 0.00158212 0.00084191 0.00115626 0.01405097 0.37353404 0.05977988 0.28420051 0.02103918 0.03830572 0.03318033 0.15511782 0.01721127
5.90029501 6.63347088 0.00154744 0.00084948 0.00134399 0.00953360 0.37081833 0.06178510 0.28391830 0.01936594 0.03772153 0.03599537 0.15869236 0.01842855
6.00030002 6.62782257 0.00093999 0.00078560 0.00044320 0.00558213 0.37297894 0.06163472 0.28856413 0.02248817 0.03712644 0.03766018 0.15654489 0.01525161
6.10030502 6.62481395 0.00113675 0.00074909 0.00067307 0.00635560 0.38160890 0.05693807 0.28582471 0.02049302 0.03737563 0.03740824 0.15644167 0.01499525
6.20031002 6.61795844 0.00117209 0.00079859 0.00067877 0.00705070 0.38533585 0.05469853 0.28259149 0.02058156 0.03971967 0.03377317 0.15755440 0.01604518
6.30031502 6.61081029 0.00089482 0.00077551 0.00039932 0.00303264 0.38646725 0.05553649 0.28401589 0.02040262 0.03948016 0.03648511 0.15926119 0.01324901
6.40032002 6.60475593 0.00101591 0.00072867 0.00049993 0.00412194 0.38591524 0.05686378 0.28498751 0.01896701 0.03729966 0.03684047 0.15906893 0.01369097
6.50032502 6.59557758 0.00076925 0.00079173 0.00042718 0.00186476 0.37690534 0.06192661 0.28260418 0.01825279 0.03831040 0.04056897 0.16138836 0.01619044
6.60033002 6.59072776 0.00077571 0.00088553 0.00040920 0.00190398 0.37984251 0.06084296 0.28231493 0.01871577 0.04105904 0.03059797 0.16589799 0.01675440
6.70033502 6.58230955 0.00121260 0.00082801 0.00064696 0.00437472 0.38159680 0.05945263 0.27640076 0.02220010 0.04120100 0.03243997 0.16397343 0.01567302
6.80034002 6.57680886 0.00141381 0.00081359 0.00104119 0.00847249 0.38232379 0.05553757 0.28462001 0.01779967 0.04066085 0.02781420 0.16358177 0.01592108
6.90034502 6.57135238 0.00124907 0.00080459 0.00078481 0.00615547 0.38217824 0.05230232 0.29037951 0.01797782 0.04212078 0.02656924 0.16451688 0.01496127
7.00035002 6.56242178 0.00089412 0.00089047 0.00051785 0.00564461 0.38768047 0.05213836 0.29218762 0.01566366 0.04104859 0.02665610 0.16419285 0.01248530
7.10035502 6.55359844 0.00126777 0.00081786 0.00088391 0.00729438 0.38496861 0.04828922 0.28965853 0.01734391 0.04281954 0.02796596 0.16373546 0.01495485
7.20036002 6.54561737 0.00077026 0.00079057 0.00049755 0.00364006 0.38189864 0.05107628 0.29492876 0.01733374 0.04212395 0.02885683 0.16425807 0.01382527
7.30036502 6.54080986 0.00100430 0.00081502 0.00073232 0.00589256 0.37775944 0.05019442 0.29594141 0.01608153 0.04185948 0.02812194 0.16962466 0.01197292
7.40037002 6.53268850 0.00091651 0.00080474 0.00050273 0.00428533 0.37940945 0.04488371 0.29580355 0.01806968 0.04035041 0.03369211 0.16963185 0.01164992
7.50037502 6.52324842 0.00059741 0.00077113 0.00025556 0.00057580 0.37779590 0.04852559 0.29579941 0.01603043 0.03996477 0.03661880 0.16966879 0.01339641
7.60038002 6.51571279 0.00077645 0.00076968 0.00050745 0.00828927 0.38027509 0.04640363 0.29300480 0.01406546 0.04020156 0.03615878 0.16774887 0.01179896
7.70038502 6.49871813 0.00165718 0.00073302 0.00133578 0.01210515 0.37411166 0.04428011 0.29154209 0.02020693 0.03721705 0.03855411 0.16239618 0.01586074
7.80039002 6.49154676 0.00114860 0.00075640 0.00085280 0.00653472 0.37662376 0.04718000 0.29640068 0.01741158 0.03351265 0.03863302 0.16470652 0.01623929
7.90039502 6.48519923 0.00078032 0.00075989 0.00054838 0.00346673 0.37642812 0.04792511 0.29868403 0.01702215 0.03428758 0.04141428 0.16384038 0.01484302
8.00040002 6.47944546 0.00060138 0.00075193 0.00026446 0.00425429 0.37415843 0.05047790 0.29874541 0.01872442 0.03459029 0.04033653 0.16375394 0.01334102
8.10040502 6.47027423 0.00110642 0.00074235 0.00072915 0.00593931 0.36702333 0.05219380 0.30305944 0.01884167 0.03224676 0.03827070 0.16692813 0.01291894
8.20041002 6.46171965 0.00075452 0.00077750 0.00048619 0.00278233 0.36844507 0.05545807 0.30123705 0.02126894 0.03223318 0.03340629 0.16730719 0.01584367
8.30041502 6.45310589 0.00111821 0.00075256 0.00066531 0.00646099 0.36337121 0.05731535 0.29709983 0.02166386 0.03228754 0.03709820 0.16648886 0.01567809
8.40042002 6.44349408 0.00116379 0.00079458 0.00061086 0.00513719 0.36846137 0.05654349 0.30135073 0.02258825 0.03387660 0.03056368 0.16551671 0.01339274
8.50042502 6.43278230 0.00133761 0.00085108 0.00072194 0.00635843 0.36622643 0.05208433 0.30427485 0.02351469 0.03771176 0.03123967 0.16293587 0.01274333
8.60043002 6.42667812 0.00081876 0.00081273 0.00017441 0.00147935 0.36984539 0.05190812 0.30911010 0.02302956 0.03532827 0.03032877 0.16490351 0.01226103
8.70043502 6.42164195 0.00081520 0.00076987 0.00040485 0.00289311 0.36957467 0.04916512 0.30872959 0.02062896 0.03663604 0.03301062 0.16628983 0.01108215
8.80044002 6.41393694 0.00076794 0.00077831 0.00039674 0.00342107 0.37111907 0.04738018 0.30760188 0.01966945 0.03469061 0.03326561 0.16781014 0.01309901
8.90044502 6.40422620 0.00113732 0.00081863 0.00086004 0.00880940 0.37221797 0.05024177 0.29950260 0.01630692 0.03293208 0.03622765 0.16652871 0.01441691
9.00045002 6.39114366 0.00112591 0.00073642 0.00093466 0.00776428 0.37693395 0.04455313 0.29272259 0.01885277 0.02994451 0.04041703 0.16966253 0.01635221
9.10045502 6.38387871 0.00113978 0.00070440 0.00091404 0.00943463 0.37811323 0.04365349 0.29364247 0.01857842 0.02986608 0.04156555 0.16767382 0.01471408
9.20046002 6.37929835 0.00092271 0.00072489 0.00049521 0.00522510 0.38107641 0.04690060 0.30025044 0.02020364 0.03052624 0.03639803 0.16542202 0.01185471
9.30046502 6.36967971 0.00075807 0.00084288 0.00018539 0.00056386 0.37713593 0.04971461 0.30341466 0.02090516 0.03658769 0.03474379 0.16401884 0.01112911
9.40047002 6.35595114 0.00078334 0.00077259 0.00047158 0.00456990 0.37055099 0.05219847 0.30309172 0.01961339 0.03529471 0.03341575 0.16428999 0.01494757
9.50047502 6.34840674 0.00068395 0.00086825 0.00039390 0.00591043 0.36776793 0.05116716 0.30678972 0.01632476 0.03735314 0.03102974 0.16722096 0.01449006
9.60048002 6.34421864 0.00104683 0.00077579 0.00077211 0.00738006 0.37271371 0.04815989 0.30410003 0.02007357 0.03533098 0.02987490 0.16307949 0.01669262
9.70048502 6.33833088 0.00117780 0.00073034 0.00092390 0.00582322 0.37925380 0.04439943 0.30942535 0.01960374 0.03184126 0.02932178 0.16074926 0.01675013
9.80049002 6.32968665 0.00089749 0.00086316 0.00058130 0.00395380 0.37729507 0.04429051 0.31505871 0.01924325 0.03789596 0.02529911 0.16288710 0.01173454
9.90049502 6.31861052 0.00104104 0.00078554 0.00073927 0.00472796 0.38160411 0.04503640 0.30939253 0.02006248 0.03751850 0.02698268 0.15869933 0.01341017
10.00050003 6.31144341 0.00074368 0.00092071 0.00045670 0.00314743 0.39231618 0.03798131 0.30953462 0.01501511 0.04584124 0.02334492 0.15938726 0.01131084
10.10050503 6.30865221 0.00072996 0.00074937 0.00046127 0.00293867 0.39089667 0.03798890 0.31234360 0.01507417 0.04261433 0.02385210 0.16139603 0.01095493
10.20051003 6.30127416 0.00073734 0.00078743 0.00046035 0.00463624 0.38855402 0.03428909 0.31415376 0.01469056 0.04281406 0.02277941 0.16569073 0.01040701
10.30051503 6.29306057 0.00100127 0.00074489 0.00063533 0.00622945 0.38961807 0.03168080 0.31802031 0.01511178 0.04089298 0.02081716 0.16472376 0.01052420
10.40052003 6.28353749 0.00064421 0.00081930 0.00044685 0.00186553 0.39186213 0.02931023 0.31882663 0.01496145 0.04546729 0.02013744 0.16302465 0.01263429
10.50052503 6.27060635 0.00092227 0.00083458 0.00087389 0.00953388 0.38999254 0.02971526 0.32163964 0.01010913 0.04545656 0.01826478 0.16207668 0.01058079
10.60053003 6.26241471 0.00080983 0.00089416 0.00069932 0.00553922 0.38667443 0.02965424 0.32727306 0.00999140 0.04725657 0.01995389 0.16390178 0.00735209
10.70053503 6.25756589 0.00064961 0.00082746 0.00049884 0.00325179 0.38384542 0.03175916 0.33275449 0.01037545 0.04740998 0.01752696 0.16116265 0.00993820
10.80054003 6.24898463 0.00050877 0.00075826 0.00053822 0.00203172 0.38596081 0.02876281 0.33320801 0.00941659 0.04490548 0.02123367 0.15916744 0.01350822
10.90054503 6.24402650 0.00045429 0.00076309 0.00035482 0.00147652 0.38596808 0.03005581 0.32972373 0.00979104 0.04465225 0.02213090 0.16089285 0.01373662
11.00055003 6.24050534 0.00044972 0.00081413 0.00055840 0.00186421 0.39032480 0.02433549 0.32769860 0.00976636 0.04310154 0.02074857 0.16606092 0.01427725
11.10055503 6.23122901 0.00062921 0.00086209 0.00070783 0.00634971 0.38986221 0.02244786 0.32797083 0.00686718 0.04518803 0.02386328 0.16411683 0.01113492
11.20056003 6.22340954 0.00056317 0.00076591 0.00076720 0.00373981 0.38762540 0.02804836 0.32784909 0.00857239 0.04289652 0.02161164 0.16286308 0.01469743
11.30056503 6.21837438 0.00026041 0.00079088 0.00032438 0.00025593 0.38688440 0.03101394 0.33087008 0.00766496 0.04457923 0.02065096 0.16287542 0.01382944
11.40057003 6.20946784 0.00059661 0.00077784 0.00028905 0.00262012 0.38415304 0.03185554 0.32714672 0.01502275 0.04495845 0.01958601 0.16296395 0.01002993
11.50057503 6.20325324 0.00081275 0.00081190 0.00069745 0.00448592 0.38814351 0.03464719 0.32562989 0.01102717 0.04313117 0.02013064 0.16228353 0.00819888
11.60058003 6.18862110 0.00040936 0.00086920 0.00028536 0.00146429 0.39300814 0.03782401 0.32614611 0.01057817 0.04182913 0.01630321 0.16214742 0.00913560
11.70058503 6.18768970 0.00047268 0.00076669 0.00008896 0.00026750 0.39302027 0.03763300 0.32712498 0.01282199 0.04021234 0.01897641 0.16087572 0.00773946
11.80059003 6.18273286 0.00070404 0.00079518 0.00042535 0.00534959 0.39340366 0.03335222 0.32483958 0.00984802 0.04457417 0.02036920 0.15838741 0.00795159
11.90059503 6.17953602 0.00075514 0.00072528 0.00050705 0.00445677 0.39520121 0.03181622 0.32656307 0.01096062 0.04077510 0.02116288 0.15873534 0.00834131
12.00060003 6.17245930 0.00033942 0.00072207 0.00016354 0.00028701 0.39183569 0.03568546 0.33034530 0.01037788 0.04274628 0.01951732 0.15835067 0.00962937
12.10060503 6.16486174 0.00081528 0.00080882 0.00050807 0.00453948 0.38513360 0.03521992 0.33081797 0.01372252 0.04123002 0.01912896 0.16000959 0.00806578
12.20061003 6.15531360 0.00069857 0.00079547 0.00043405 0.00322494 0.38868401 0.03853628 0.33041471 0.01272844 0.03575371 0.01941067 0.16035210 0.00896704
12.30061503 6.14118558 0.00110463 0.00075209 0.00092092 0.00742972 0.38446174 0.03675265 0.32697474 0.01327866 0.03579961 0.01980053 0.16001181 0.01271289
12.40062003 6.13224595 0.00137070 0.00080151 0.00110372 0.01190591 0.38455384 0.03494757 0.32397170 0.01161594 0.04110470 0.02124475 0.15756825 0.00981141
12.50062503 6.12793173 0.00092925 0.00072984 0.00052110 0.00431109 0.38927799 0.03330351 0.32037681 0.01534503 0.04026632 0.02905271 0.15734904 0.00853731
12.60063003 6.12099061 0.00055249 0.00072281 0.00036515 0.00368576 0.38812102 0.03506053 0.32707403 0.01279548 0.03899725 0.02579307 0.15708489 0.00974753
12.70063503 6.10758755 0.00086449 0.00080883 0.00071370 0.00670849 0.38387912 0.03258156 0.32978706 0.01217887 0.03922265 0.02702946 0.15430235 0.01192342
12.80064003 6.10251036 0.00075211 0.00073305 0.00045841 0.00288266 0.38390493 0.03485505 0.32739164 0.01540836 0.03962773 0.02969738 0.15434265 0.00994603
12.90064503 6.09819733 0.00101067 0.00070460 0.00072729 0.00771761 0.38424283 0.03123213 0.32838436 0.01519412 0.03782258 0.02829193 0.15484562 0.00982626
13.00065003 6.08802830 0.00091299 0.00077525 0.00074998 0.01175917 0.38521432 0.02934849 0.32439720 0.01652360 0.03868596 0.02417231 0.15692727 0.01053346
13.10065503 6.08268066 0.00078420 0.00069053 0.00072926 0.00433938 0.38633008 0.03669811 0.31933305 0.01345124 0.03969440 0.02604005 0.15795194 0.01395774
13.20066003 6.07304951 0.00113234 0.00068559 0.00098424 0.00691945 0.38708588 0.04234908 0.31550690 0.01480593 0.03713708 0.02342331 0.15758456 0.01238565
13.30066503 6.06598646 0.00098312 0.00069410 0.00099686 0.00699809 0.38765361 0.03843312 0.31774593 0.01298616 0.03615866 0.02652488 0.15774770 0.01307777
13.40067003 6.05860325 0.00144908 0.00075359 0.00117719 0.01043031 0.38581172 0.04146868 0.31448886 0.01564917 0.03940659 0.02257851 0.15753925 0.00924705
13.50067503 6.05455755 0.00083235 0.00070545 0.00035449 0.00213919 0.38969028 0.04490865 0.31122427 0.01688422 0.03932565 0.02950606 0.15505434 0.00937505
13.60068003 6.05147831 0.00091593 0.00069948 0.00046670 0.00437793 0.38898738 0.03867273 0.30953307 0.01661767 0.03856842 0.03252416 0.15821164 0.01042488
13.70068503 6.04700279 0.00055434 0.00072074 0.00018359 0.00045080 0.39024611 0.04042605 0.30940681 0.01674934 0.03798262 0.03184491 0.15964372 0.01179096
13.80069003 6.04132291 0.00076713 0.00067458 0.00053869 0.00306608 0.38584080 0.03910391 0.30925214 0.01750044 0.03779620 0.03246700 0.16043628 0.01255675
13.90069503 6.02766441 0.00073600 0.00084680 0.00034265 0.00168854 0.38788593 0.04213392 0.30487973 0.01841654 0.04151472 0.02823153 0.16087283 0.01245082
14.00070004 6.02568040 0.00042345 0.00077696 0.00014293 0.00215866 0.39045766 0.04368491 0.30690106 0.01432665 0.04122498 0.02668764 0.16263934 0.01057576
14.10070504 6.01773836 0.00059329 0.00067658 0.00045390 0.00195214 0.39658614 0.04502031 0.30910849 0.01356216 0.03575352 0.02661241 0.15787526 0.01180579
14.20071004 6.00038245 0.00044892 0.00079261 0.00025466 0.00036700 0.38664233 0.04759230 0.31740700 0.01226816 0.03367120 0.03073680 0.15748686 0.01233216
14.30071504 5.99609343 0.00084065 0.00070796 0.00050595 0.00525123 0.38868896 0.03899147 0.31794965 0.01620988 0.03074446 0.02929881 0.15790896 0.01290200
14.40072004 5.98780318 0.00074458 0.00078322 0.00050912 0.00489949 0.39047298 0.03698141 0.32193069 0.01224452 0.03323055 0.02788980 0.15958256 0.01073107
14.50072504 5.98246940 0.00095046 0.00073877 0.00071812 0.00446803 0.38800037 0.04171543 0.31914277 0.01141720 0.03685494 0.02728472 0.15926315 0.00944604
14.60073004 5.97706411 0.00046223 0.00073268 0.00031635 0.00350727 0.38827177 0.04187858 0.31792480 0.01018692 0.03951205 0.02498496 0.16155870 0.01066368
14.70073504 5.96759363 0.00084954 0.00074367 0.00056370 0.00617818 0.39054865 0.03773547 0.31399097 0.01245091 0.04327675 0.02311447 0.16143997 0.00910773
14.80074004 5.95947347 0.00087613 0.00069498 0.00054930 0.00463482 0.38574981 0.03983540 0.31837754 0.01298867 0.03901496 0.02382833 0.16416271 0.00928734
14.90074504 5.95582453 0.00052833 0.00075049 0.00033800 0.00324153 0.38930997 0.03918287 0.31643255 0.01179538 0.03778146 0.02277832 0.16772552 0.01013558
15.00075004 5.94463932 0.00063882 0.00075576 0.00052635 0.00189684 0.38813468 0.03908252 0.31747540 0.01338985 0.03464057 0.02167727 0.16699358 0.01478835
15.10075504 5.93681572 0.00069735 0.00083692 0.00059415 0.00389187 0.38904414 0.03390830 0.31854453 0.01233614 0.03220735 0.02296567 0.17136706 0.01360652
15.20076004 5.92650173 0.00133602 0.00074694 0.00118856 0.00908085 0.39381293 0.03147961 0.31498421 0.01547753 0.03334067 0.02012313 0.16511525 0.01331430
15.30076504 5.91823554 0.00138170 0.00074100 0.00141321 0.01359228 0.39037977 0.03213794 0.31790227 0.01291809 0.03044742 0.01897379 0.16652954 0.01358300
15.40077004 5.91418026 0.00053216 0.00080831 0.00064994 0.00595359 0.39207863 0.03111872 0.32303993 0.01179054 0.03466749 0.02116157 0.16540565 0.01279348
15.50077504 5.90213158 0.00082279 0.00083825 0.00071210 0.00602205 0.38838150 0.03585779 0.32122032 0.01346125 0.03771928 0.01973628 0.16584065 0.00938774
15.60078004 5.89116115 0.00105028 0.00078470 0.00082671 0.00665465 0.38572508 0.03428489 0.32168921 0.01485240 0.03538342 0.02276205 0.16641759 0.00956901
15.70078504 5.88377264 0.00116081 0.00081886 0.00082172 0.00771679 0.38852791 0.03629487 0.31800286 0.01435806 0.03509678 0.02232393 0.16755359 0.00732381
15.80079004 5.87500739 0.00046469 0.00082857 0.00018690 0.00031475 0.38940455 0.03767209 0.31211082 0.01430121 0.04079960 0.02556098 0.16885646 0.00949939
15.90079504 5.87147927 0.00066382 0.00081851 0.00016969 0.00168243 0.38829256 0.03719809 0.31249808 0.01582020 0.03926632 0.02399907 0.17112453 0.00846670
16.00080004 5.86397370 0.00120633 0.00069325 0.00089122 0.00880735 0.38798187 0.03827035 0.31678278 0.01373656 0.03308533 0.02244616 0.16745677 0.00864203
16.10080504 5.85963862 0.00042843 0.00082588 0.00024773 0.00139492 0.39422501 0.03927818 0.32148894 0.01141383 0.03165171 0.01771278 0.17180845 0.00952414
16.20081004 5.85040059 0.00056203 0.00079853 0.00043690 0.00281909 0.39342804 0.04191981 0.32186644 0.00847096 0.03596398 0.01650389 0.16794301 0.00928730
16.30081504 5.84223661 0.00073388 0.00076598 0.00053702 0.00494755 0.39593521 0.03859373 0.31459017 0.01265346 0.03645930 0.01609001 0.16824935 0.01044436
16.40082004 5.83606452 0.00101771 0.00083528 0.00058926 0.00480716 0.39798361 0.03337993 0.31425392 0.01334719 0.04189044 0.01401083 0.16903676 0.00884792
16.50082504 5.82744146 0.00055542 0.00076014 0.00035583 0.00317784 0.39542435 0.03152911 0.32042823 0.01179267 0.03976312 0.02044945 0.16762416 0.00813969
16.60083004 5.82120447 0.00055174 0.00074532 0.00027239 0.00539673 0.39713095 0.02816749 0.31761128 0.01340022 0.03738862 0.02081365 0.16912382 0.00939778
16.70083504 5.81010091 0.00073079 0.00072864 0.00058034 0.00393463 0.39527785 0.02507883 0.32122213 0.01169310 0.03558624 0.02535150 0.16918514 0.01063081
16.80084004 5.79939954 0.00101623 0.00072459 0.00100548 0.00711175 0.39029005 0.02595149 0.31955534 0.01127598 0.03004250 0.03119901 0.17138752 0.01044005
16.90084504 5.79010634 0.00120615 0.00080105 0.00123391 0.01087137 0.39274615 0.02699195 0.31094977 0.00906539 0.04080828 0.02941468 0.16669475 0.00921654
17.00085004 5.78562554 0.00071756 0.00082656 0.00058295 0.00411163 0.39219550 0.02494427 0.31657039 0.00890348 0.04355716 0.02709552 0.17085039 0.00964459
17.10085504 5.77916005 0.00035661 0.00076908 0.00056619 0.00171525 0.39372444 0.02402459 0.31958566 0.00820547 0.03833548 0.02414596 0.17358534 0.01498594
17.20086004 5.77783151 0.00042631 0.00073349 0.00035629 0.00144275 0.39541087 0.02494084 0.32123720 0.00980050 0.03800713 0.02103103 0.17661131 0.01000227
17.30086504 5.77026091 0.00033684 0.00085646 0.00031360 0.00155985 0.39704250 0.01900326 0.32757060 0.00639147 0.04389065 0.02092142 0.17463979 0.00747356
17.40087004 5.76373380 0.00067028 0.00078192 0.00052962 0.00468315 0.39927511 0.01882933 0.32240820 0.00799263 0.04305045 0.01872377 0.17648432 0.00657122
17.50087504 5.74989295 0.00041359 0.00077903 0.00011784 0.00242675 0.39100478 0.02207296 0.32555745 0.01002812 0.04205344 0.02297792 0.17660530 0.00596281
17.60088004 5.73947193 0.00063369 0.00081604 0.00055060 0.00318390 0.38724537 0.02460843 0.32809779 0.00814432 0.04568933 0.01971393 0.17415147 0.00716513
17.70088504 5.73384887 0.00091896 0.00075027 0.00077706 0.00867703 0.38968617 0.02365837 0.32252389 0.01098358 0.04425153 0.02209138 0.16878814 0.00689363
17.80089004 5.72144742 0.00070334 0.00081304 0.00054509 0.00507535 0.39518507 0.02807187 0.32259673 0.01037067 0.04212547 0.01796162 0.16927970 0.00727205
17.90089504 5.71568907 0.00045692 0.00077930 0.00030471 0.00214801 0.39739231 0.02946078 0.32508213 0.01158820 0.04213391 0.01608606 0.16661235 0.00795532
18.00090005 5.71132078 0.00063637 0.00088957 0.00057798 0.00299461 0.38749546 0.02549840 0.32640068 0.01025544 0.04826045 0.01570096 0.17095384 0.01033624
18.10090505 5.70382805 0.00130156 0.00081579 0.00113408 0.01065096 0.38795875 0.02237572 0.31950256 0.01211212 0.04905792 0.01531565 0.17266499 0.00710991
18.20091005 5.69576383 0.00069430 0.00080602 0.00042188 0.00272401 0.38491875 0.02893335 0.32101087 0.01146340 0.05165613 0.01825550 0.17360823 0.00550755
18.30091505 5.68578902 0.00063210 0.00075924 0.00040502 0.00476379 0.38887253 0.02976358 0.31784403 0.01131118 0.04780807 0.01919839 0.17271613 0.00592594
18.40092005 5.67531137 0.00055033 0.00077117 0.00035401 0.00376033 0.38783215 0.02749355 0.32163438 0.00989564 0.05006112 0.02043667 0.16970118 0.00750946
18.50092505 5.66825939 0.00061871 0.00083367 0.00045705 0.00486257 0.38973145 0.02541175 0.32384639 0.01040412 0.04160184 0.02440070 0.16998665 0.00784510
18.60093005 5.65860389 0.00092762 0.00090912 0.00072124 0.00615206 0.38921410 0.02025992 0.32377267 0.01201314 0.04651723 0.01985073 0.17158688 0.00807528
18.70093505 5.65495006 0.00047490 0.00080324 0.00052912 0.00187528 0.38802040 0.02325357 0.32121042 0.01029756 0.04850554 0.02091193 0.17346041 0.01065764
18.80094005 5.64321005 0.00054684 0.00077545 0.00049479 0.00484846 0.38472262 0.02622592 0.32058829 0.01108666 0.04963690 0.02141358 0.17027674 0.00938374
18.90094505 5.63577033 0.00074698 0.00082530 0.00061925 0.00412763 0.38853846 0.02515788 0.32859083 0.00956042 0.04814263 0.01761598 0.16990279 0.00617186
19.00095005 5.62106872 0.00072249 0.00089666 0.00060106 0.00569024 0.38717320 0.02705942 0.32588920 0.00996346 0.05145169 0.01773941 0.16658925 0.00622390
19.10095505 5.61281358 0.00076110 0.00081461 0.00044190 0.00436169 0.38603088 0.02910341 0.32153002 0.01124990 0.05128428 0.02093625 0.16434021 0.00914575
19.20096005 5.60490745 0.00078655 0.00087923 0.00062272 0.00893872 0.38556400 0.02617805 0.32026602 0.01029074 0.05562918 0.01547134 0.16566157 0.00971189
19.30096505 5.59918421 0.00084600 0.00080598 0.00073640 0.00558641 0.39191952 0.02095794 0.32060972 0.01020447 0.05630371 0.01721690 0.16636107 0.00845189
19.40097005 5.58922169 0.00069630 0.00077038 0.00043547 0.00379809 0.38862044 0.02307723 0.32285616 0.01156673 0.05240226 0.02279672 0.16535075 0.00762945
19.50097505 5.58202185 0.00095975 0.00072971 0.00087434 0.00711395 0.38455372 0.02070634 0.32481230 0.01417508 0.04787508 0.02372888 0.16402920 0.01044166
19.60098005 5.57388781 0.00039250 0.00075802 0.00030630 0.00033667 0.38693272 0.03125476 0.32530602 0.01011568 0.04793946 0.02295785 0.16506377 0.00863625
19.70098505 5.57205370 0.00035669 0.00072775 0.00021412 0.00145474 0.39138603 0.03303777 0.32477695 0.00973093 0.04702311 0.02108151 0.16408616 0.00612425
19.80099005 5.56626746 0.00043093 0.00070589 0.00027279 0.00451386 0.39559659 0.03340379 0.32043958 0.01027031 0.04246041 0.02376694 0.16079754 0.00734138
19.90099505 5.56191603 0.00039159 0.00075804 0.00015020 0.00029683 0.39326689 0.03512847 0.31931307 0.01338542 0.04067578 0.01752881 0.16998622 0.00911869
20.00100005 5.54700100 0.00075379 0.00075732 0.00056271 0.00510271 0.38953208 0.03334158 0.32435678 0.01198251 0.03743941 0.02044189 0.16391441 0.01181481
20.10100505 5.53557371 0.00100606 0.00080711 0.00073726 0.00710573 0.38364145 0.03168486 0.33030267 0.01278899 0.03834323 0.02173363 0.16490555 0.00694348
20.20101005 5.52829380 0.00071463 0.00072554 0.00063337 0.00412719 0.38158229 0.02883449 0.33310489 0.01061833 0.03859570 0.02719333 0.16399159 0.00987866
20.30101505 5.51970092 0.00087713 0.00071666 0.00073731 0.00598750 0.38133778 0.03365905 0.33295508 0.01043565 0.03784071 0.02357584 0.16314977 0.00872753
20.40102005 5.51321743 0.00067609 0.00071587 0.00025372 0.00268978 0.37934232 0.03322853 0.33061428 0.01706959 0.03604227 0.02510286 0.16528526 0.00897943
20.50102505 5.50281039 0.00076032 0.00074053 0.00037977 0.00197155 0.38347303 0.03004099 0.32941352 0.01652189 0.03849672 0.02999619 0.15987619 0.00832929
20.60103005 5.49559348 0.00061765 0.00069490 0.00015144 0.00050854 0.38905227 0.03456463 0.32890934 0.01614817 0.03793900 0.02660989 0.15740449 0.00739968
20.70103505 5.48873313 0.00073742 0.00071388 0.00047874 0.00434948 0.39281985 0.02761586 0.32924319 0.01427780 0.03607546 0.02353816 0.16114761 0.00900254
20.80104005 5.48120023 0.00055708 0.00071094 0.00036192 0.00350873 0.38690654 0.02639775 0.33177833 0.01214255 0.04326520 0.02468837 0.15933898 0.01034358
20.90104505 5.47435652 0.00040101 0.00080416 0.00017333 0.00038627 0.38414583 0.02447613 0.33844318 0.01194793 0.04235192 0.02393566 0.16425491 0.00867968
21.00105005 5.46853174 0.00050879 0.00068869 0.00035571 0.00343429 0.37913971 0.03054401 0.33733962 0.01337638 0.04030970 0.02236592 0.16252229 0.00941489
21.10105505 5.46032081 0.00043459 0.00068203 0.00028248 0.00250383 0.37838824 0.02942189 0.33861002 0.01211168 0.03933886 0.02766436 0.16098085 0.00958117
21.20106005 5.45616671 0.00046739 0.00072025 0.00019181 0.00033708 0.37748011 0.02787199 0.33813592 0.01396062 0.03933499 0.02981543 0.16232873 0.00935567
21.30106505 5.45377705 0.00067442 0.00068775 0.00041066 0.00327584 0.38630654 0.03250449 0.33319713 0.01353972 0.03567309 0.02584766 0.16013549 0.00774720
21.40107005 5.44453139 0.00091440 0.00068231 0.00088734 0.00727936 0.38423007 0.02748162 0.33063962 0.01428928 0.03528904 0.02695796 0.15915896 0.01219003
21.50107505 5.44179345 0.00053308 0.00071518 0.00049664 0.00166372 0.38038051 0.03340358 0.33423351 0.01312711 0.03637722 0.02460847 0.16229358 0.01216739
21.60108005 5.43251401 0.00064674 0.00073971 0.00041987 0.00352650 0.37500976 0.03489760 0.33782089 0.01309957 0.04049411 0.02387593 0.15993552 0.00953378
21.70108505 5.42631416 0.00059735 0.00068089 0.00021523 0.00169737 0.37445718 0.03217557 0.34053377 0.01515711 0.03942907 0.02612402 0.16089909 0.00803335
21.80109005 5.42281397 0.00118447 0.00061343 0.00087360 0.01011908 0.37657084 0.03350073 0.33810820 0.01434227 0.03540765 0.02256412 0.15929988 0.00741573
21.90109505 5.41751474 0.00081678 0.00061099 0.00060680 0.00469193 0.38126569 0.03928583 0.33608993 0.01219490 0.03500012 0.02095483 0.15903327 0.00944893
22.00110006 5.41200610 0.00079347 0.00065944 0.00052475 0.00587570 0.38370919 0.03488456 0.33268794 0.01516279 0.03374838 0.02136165 0.15919505 0.01139707
22.10110506 5.40802379 0.00076153 0.00064829 0.00042575 0.00194003 0.38719537 0.03617914 0.33299419 0.01621399 0.03334902 0.02441710 0.15581313 0.01006246
22.20111006 5.40071671 0.00062757 0.00062580 0.00072515 0.00490101 0.39323559 0.03874493 0.33181074 0.00773647 0.02738242 0.02400289 0.15694545 0.01326199
22.30111506 5.39083619 0.00081918 0.00069681 0.00061238 0.00457224 0.39220577 0.03766274 0.33004915 0.01252481 0.03077942 0.02173841 0.15826884 0.01007024
22.40112006 5.38401274 0.00071316 0.00069928 0.00037862 0.00397200 0.38808545 0.03604246 0.33131091 0.01442515 0.03038096 0.02411085 0.15952339 0.01035775
22.50112506 5.37689426 0.00064335 0.00068446 0.00055109 0.00291727 0.38723048 0.03227241 0.33674838 0.01187314 0.03037440 0.02476064 0.15896228 0.01298210
22.60113006 5.37138432 0.00064224 0.00063972 0.00052290 0.00716915 0.38846712 0.03188935 0.33763674 0.01042668 0.02973850 0.02451556 0.15951793 0.00883412
22.70113506 5.36093973 0.00056826 0.00064251 0.00042121 0.00226740 0.39182181 0.03433567 0.33196179 0.01089699 0.02824047 0.02883629 0.15933342 0.01067418
22.80114006 5.35573722 0.00066935 0.00067297 0.00055606 0.00295693 0.39056825 0.03410689 0.33548856 0.01002166 0.02398319 0.02961840 0.16128703 0.01007072
22.90114506 5.34739506 0.00125062 0.00062329 0.00120931 0.00999086 0.38753772 0.03205056 0.33236666 0.01021337 0.01979624 0.02817450 0.16367610 0.01311078
23.00115006 5.34211113 0.00109329 0.00069521 0.00098550 0.01048634 0.38316126 0.02849755 0.33600161 0.01145604 0.02089608 0.02748388 0.16724584 0.01199740
23.10115506 5.33713581 0.00098560 0.00068841 0.00086907 0.00719125 0.38498345 0.03342939 0.33211291 0.01148965 0.02191063 0.02477267 0.16830460 0.01326238
23.20116006 5.32909651 0.00047004 0.00065091 0.00046446 0.00161249 0.38671203 0.03720773 0.33428130 0.01043922 0.02188183 0.02799239 0.16447392 0.01381367
23.30116506 5.32137420 0.00087028 0.00074130 0.00048693 0.00541222 0.38841558 0.03095802 0.34030831 0.01382332 0.02690006 0.02318719 0.16163475 0.00726205
23.40117006 5.31554825 0.00063817 0.00069337 0.00051412 0.00760037 0.38669012 0.02950848 0.34387036 0.01073364 0.02429965 0.02077695 0.16444651 0.01022827
23.50117506 5.30555038 0.00080920 0.00065820 0.00088078 0.00615330 0.38206609 0.02826667 0.35361559 0.00949049 0.02566725 0.02163464 0.15999288 0.01076491
23.60118006 5.29789559 0.00085641 0.00066029 0.00084238 0.00831013 0.37805780 0.02459420 0.35618962 0.01003283 0.02787720 0.02297088 0.15921510 0.01039317
23.70118506 5.29304268 0.00047174 0.00067994 0.00046123 0.00163351 0.37491455 0.03105331 0.35305672 0.01196383 0.02659805 0.02324373 0.16275074 0.01317265
23.80119006 5.28158679 0.00077835 0.00070417 0.00073831 0.00438471 0.37264855 0.03562238 0.35173322 0.01029961 0.02972385 0.02245413 0.16119022 0.00972251
23.90119506 5.27445866 0.00081990 0.00060413 0.00066976 0.00585577 0.37419737 0.03654467 0.34814994 0.01347887 0.02849906 0.02094781 0.16054950 0.00968321
24.00120006 5.27024478 0.00091978 0.00064793 0.00057143 0.00475280 0.38158104 0.03065236 0.35503097 0.01246522 0.02517938 0.01782660 0.16356068 0.00681182
24.10120506 5.26330265 0.00059328 0.00071176 0.00037071 0.00348656 0.38459503 0.02731024 0.35209591 0.01145618 0.03311386 0.01490485 0.16348345 0.00787818
24.20121006 5.25719390 0.00035758 0.00063577 0.00019219 0.00041551 0.38943847 0.02593855 0.35339485 0.00913381 0.03075617 0.01706049 0.16377474 0.00890186
24.30121506 5.25127567 0.00050344 0.00061848 0.00035883 0.00260657 0.38185636 0.02835914 0.35600165 0.00905405 0.03153603 0.01841779 0.16398748 0.00670017
24.40122006 5.24880029 0.00065826 0.00059477 0.00038462 0.00458998 0.37699894 0.02757311 0.35565494 0.01113313 0.02991568 0.02087358 0.16483567 0.00678731
24.50122506 5.24716678 0.00041156 0.00063080 0.00028171 0.00150313 0.37385795 0.03174580 0.35754487 0.00900800 0.03354487 0.01711966 0.16642150 0.00793014
24.60123006 5.23678860 0.00064910 0.00063427 0.00037571 0.00275981 0.37392865 0.02802295 0.35500098 0.01248470 0.03447306 0.02003554 0.16396305 0.00767219
24.70123506 5.23100884 0.00066671 0.00063746 0.00032116 0.00189766 0.37208619 0.03169387 0.35891004 0.01233171 0.03093378 0.02016407 0.16343252 0.00692482
24.80124006 5.22853379 0.00030053 0.00058796 0.00018792 0.00027034 0.37586087 0.03677116 0.35729112 0.00927573 0.02907023 0.01838912 0.16318982 0.00880521
24.90124506 5.22291410 0.00028761 0.00061845 0.00025926 0.00026190 0.37324365 0.03353847 0.35753419 0.00907261 0.03115269 0.01857144 0.16345102 0.01200871
25.00125006 5.21873576 0.00054856 0.00058181 0.00035752 0.00174077 0.37115878 0.03352597 0.35742276 0.01080894 0.02709950 0.02003579 0.16573715 0.01098244
25.10125506 5.21345115 0.00046237 0.00058397 0.00021362 0.00153448 0.37419500 0.03283709 0.35666753 0.01148902 0.02610955 0.02196993 0.16444395 0.00949348
25.20126006 5.20726856 0.00066620 0.00057805 0.00044737 0.00334368 0.36938379 0.03377099 0.35533436 0.01246465 0.02493707 0.02471352 0.16376673 0.01059360
25.30126506 5.20153164 0.00061207 0.00060118 0.00034731 0.00152906 0.36622409 0.03182705 0.35635845 0.01338401 0.02657303 0.02962584 0.16424325 0.00867466
25.40127006 5.19545383 0.00086107 0.00057022 0.00040251 0.00304425 0.36243617 0.02945608 0.35835572 0.01855284 0.02571597 0.02759154 0.16492193 0.00809171
25.50127506 5.19021203 0.00044581 0.00061543 0.00027769 0.00145946 0.37107671 0.03219631 0.35816594 0.01209957 0.02243511 0.02825589 0.16370681 0.00926528
25.60128006 5.17798043 0.00050300 0.00064120 0.00032184 0.00372939 0.36509286 0.03330418 0.36492885 0.01294854 0.02471943 0.02349138 0.16261766 0.00770166
25.70128506 5.17272928 0.00087225 0.00064665 0.00079942 0.00474400 0.36555363 0.02902173 0.36315612 0.01142799 0.02333979 0.02304642 0.16730380 0.01008820
