0.00000000 4.00000000 0.00000000 0.00000000 0.00000000 0.00000000 0.00000000 0.00000000 0.00000000 1.00000000 0.00000000 0.00000000 0.00000000 0.00000000
0.10000500 4.00218091 0.01736297 0.00084038 0.00573584 0.12028660 0.09505722 0.14129709 0.01825274 0.46676903 0.05257606 0.05908050 0.00327361 0.01946798
0.20001000 4.00242965 0.00799210 0.00096797 0.00440894 0.06259892 0.16961559 0.19907416 0.04718933 0.27092142 0.06518074 0.11435960 0.02504637 0.03264486
0.30001500 4.00217902 0.00371774 0.00084949 0.00203020 0.02656330 0.20350963 0.20689387 0.06213410 0.18442514 0.08061974 0.14468557 0.03688705 0.04768419
0.40002000 4.00079099 0.00381336 0.00076484 0.00232063 0.03342535 0.21066040 0.19325240 0.07624099 0.14149784 0.08720557 0.16212975 0.04512821 0.04356067
0.50002500 4.00016627 0.00339346 0.00076015 0.00146374 0.01403149 0.21979943 0.18782879 0.08170717 0.13113882 0.09060898 0.17477018 0.05312427 0.04137352
0.60003000 3.99964278 0.00375969 0.00068817 0.00190911 0.02668941 0.22176064 0.17210302 0.08615414 0.12258093 0.08786215 0.17601873 0.05953489 0.04093912
0.70003500 3.99762794 0.00316103 0.00074990 0.00189648 0.02354285 0.21960251 0.17601672 0.09405699 0.10205521 0.08581024 0.17102195 0.07178035 0.05030577
0.80004000 3.99583030 0.00262256 0.00091987 0.00139687 0.01454988 0.23721833 0.15972633 0.11352642 0.08796537 0.09409535 0.15784482 0.08224003 0.04789417
0.90004500 3.99454942 0.00221666 0.00079003 0.00140726 0.01497253 0.24813305 0.15747338 0.12313522 0.07024589 0.09716821 0.14916079 0.08877349 0.04652350
1.00005000 3.99345302 0.00221053 0.00075484 0.00148343 0.01719562 0.25763620 0.16510014 0.12326834 0.05997821 0.09415953 0.13700559 0.09618109 0.04502648
1.10005500 3.99255149 0.00207203 0.00072557 0.00144399 0.02321598 0.27017709 0.16393242 0.12715091 0.05184316 0.08702019 0.12876246 0.10092624 0.04272996
1.20006000 3.99035569 0.00187857 0.00078149 0.00119032 0.00911495 0.28431949 0.15963547 0.13158096 0.05726700 0.08564309 0.11700092 0.10567497 0.04591276
1.30006500 3.98837548 0.00215158 0.00071602 0.00140357 0.01638692 0.29008696 0.15788065 0.13703489 0.05348091 0.08328266 0.11579409 0.09887947 0.04290229
1.40007000 3.98686730 0.00210243 0.00072563 0.00136701 0.01529797 0.29334413 0.15457165 0.14378727 0.05185364 0.09394571 0.10359890 0.09619726 0.04320839
1.50007500 3.98373096 0.00176862 0.00071125 0.00106918 0.01205761 0.30248538 0.15743345 0.15080853 0.04815467 0.08698686 0.09604079 0.10300797 0.03947568
1.60008000 3.97989406 0.00195766 0.00067227 0.00124376 0.01296202 0.30819665 0.14397814 0.16929246 0.04706954 0.08531271 0.09339295 0.10052591 0.03539592
1.70008500 3.97779074 0.00224591 0.00066960 0.00154105 0.01990420 0.30742271 0.13662762 0.17951326 0.04879243 0.08814320 0.07596808 0.10225123 0.03692070
1.80009000 3.97506511 0.00189908 0.00070858 0.00132487 0.01642878 0.32033131 0.12633525 0.18800584 0.04184392 0.08389303 0.07641227 0.10706125 0.03575584
1.90009500 3.97509846 0.00172404 0.00066597 0.00103300 0.01147263 0.32751279 0.12605703 0.19909050 0.04566083 0.07780407 0.06925597 0.10692666 0.03279650
2.00010001 3.97274219 0.00137778 0.00071608 0.00084944 0.00757687 0.34315573 0.12196837 0.19936625 0.03970978 0.07843481 0.06113119 0.11232712 0.03338656
2.10010501 3.97192206 0.00134360 0.00065860 0.00091101 0.00790128 0.34983663 0.11951283 0.19935942 0.03632422 0.08076195 0.05280975 0.11538339 0.03519731
2.20011001 3.97011417 0.00138146 0.00057094 0.00083864 0.00549129 0.35895988 0.11381847 0.19725064 0.04152314 0.07312189 0.05577900 0.11809667 0.03316801
2.30011501 3.96710634 0.00154386 0.00059247 0.00105848 0.01023465 0.36025878 0.10858874 0.20400582 0.03754382 0.06958237 0.05146013 0.12356057 0.03157031
2.40012001 3.96206594 0.00135425 0.00054131 0.00093233 0.01024914 0.35833129 0.11067168 0.20605276 0.03384131 0.06954360 0.05840612 0.12153104 0.02854517
2.50012501 3.95746314 0.00122689 0.00053657 0.00080030 0.01265835 0.36831680 0.10230296 0.21284330 0.03152522 0.06247258 0.05685269 0.12383075 0.02663359
2.60013001 3.95589129 0.00123212 0.00054313 0.00077645 0.00844065 0.37266997 0.09481426 0.21494058 0.03268694 0.06470393 0.05706628 0.12714238 0.02498331
2.70013501 3.95471299 0.00101874 0.00060791 0.00060188 0.00915424 0.37718848 0.09032762 0.21735977 0.02669577 0.06694903 0.05646550 0.13389482 0.01973625
2.80014001 3.95497189 0.00082691 0.00056642 0.00048293 0.00378002 0.38222399 0.09342645 0.21789285 0.02056392 0.06401923 0.05588821 0.13729752 0.02303157
2.90014501 3.95386476 0.00064838 0.00052726 0.00042292 0.00194594 0.38718728 0.09073137 0.22052370 0.01997474 0.06002396 0.05326016 0.13973781 0.02501649
3.00015001 3.95162883 0.00094267 0.00047822 0.00065116 0.00603011 0.38880606 0.09624312 0.22353317 0.02072535 0.05743352 0.04624258 0.13574903 0.02316501
3.10015501 3.95002634 0.00079899 0.00053064 0.00055174 0.00528394 0.40130093 0.08701767 0.22790575 0.01846718 0.05199768 0.04361067 0.13826500 0.02426980
3.20016001 3.94676594 0.00082602 0.00052882 0.00066912 0.01035027 0.39502809 0.08413023 0.23605984 0.01547622 0.05748274 0.03614899 0.14090051 0.02239914
3.30016501 3.94646695 0.00086882 0.00043417 0.00052925 0.00522241 0.39781283 0.08428234 0.24750937 0.01578142 0.04952564 0.03758118 0.14071799 0.01973458
3.40017001 3.94184298 0.00092964 0.00043115 0.00071162 0.00763569 0.39375576 0.08186035 0.24329676 0.01853219 0.04700613 0.03759554 0.14351020 0.02473497
3.50017501 3.93709959 0.00112895 0.00048636 0.00080700 0.01033668 0.39305485 0.08573201 0.24162504 0.01696770 0.04765107 0.03410266 0.14918267 0.01892501
3.60018001 3.93579711 0.00097493 0.00047900 0.00072621 0.01067108 0.39411792 0.08632171 0.24311314 0.01671807 0.04683523 0.02978372 0.15145470 0.01880427
3.70018501 3.92986810 0.00113230 0.00053994 0.00074087 0.00885099 0.39408734 0.07212870 0.24780740 0.02076882 0.04654974 0.03237620 0.15501558 0.02000210
3.80019001 3.92270161 0.00101607 0.00051260 0.00059077 0.00764403 0.39433208 0.06970980 0.24823333 0.02232616 0.04443374 0.03275352 0.16048826 0.01795964
3.90019501 3.91795671 0.00078796 0.00051395 0.00066075 0.00676215 0.39725002 0.06409159 0.25339064 0.01530827 0.04706608 0.03161132 0.16177932 0.02077797
4.00020001 3.91588235 0.00059928 0.00052987 0.00025288 0.00443116 0.40254065 0.06293672 0.25512272 0.01921619 0.05267247 0.02708764 0.15913429 0.01547614
4.10020501 3.91387521 0.00059532 0.00048921 0.00038253 0.00401152 0.40518137 0.06587298 0.25728545 0.01534436 0.04958083 0.02708004 0.15946314 0.01471324
4.20021001 3.91310373 0.00071091 0.00044352 0.00040524 0.00397464 0.40603550 0.06264487 0.26099043 0.01720602 0.04792955 0.02330640 0.16260100 0.01375193
4.30021501 3.90972157 0.00043077 0.00046528 0.00027412 0.00043752 0.41399900 0.05507903 0.26070550 0.01562938 0.04648722 0.02540744 0.16434300 0.01674174
4.40022001 3.90574989 0.00041195 0.00047703 0.00029296 0.00377800 0.41528297 0.05287950 0.26234831 0.01169372 0.04586374 0.02823329 0.16402795 0.01471058
4.50022501 3.90458502 0.00047066 0.00045184 0.00025542 0.00191250 0.41783646 0.05376886 0.25907935 0.01439575 0.04735233 0.02681266 0.16528003 0.01238416
4.60023001 3.90095140 0.00051963 0.00046990 0.00034497 0.00542313 0.41908433 0.05058892 0.25760033 0.01144640 0.05075680 0.02580689 0.16608864 0.01187006
4.70023501 3.89603478 0.00066757 0.00043310 0.00050607 0.00647911 0.41826171 0.04988523 0.26131873 0.01164191 0.04402276 0.02571169 0.16796369 0.01310842
4.80024001 3.89565152 0.00042321 0.00047915 0.00030667 0.00160674 0.42400516 0.04667770 0.26852620 0.00979520 0.03859378 0.02444239 0.17239571 0.01274810
4.90024501 3.89254383 0.00041146 0.00045292 0.00025454 0.00233462 0.42359952 0.04741990 0.26592871 0.00991273 0.03867894 0.02479694 0.17733991 0.00886981
5.00025001 3.88603844 0.00061128 0.00047874 0.00046106 0.00857395 0.42533506 0.04109741 0.26246657 0.01224096 0.04199818 0.02107485 0.17572146 0.00994050
5.10025501 3.88026938 0.00045168 0.00049269 0.00024308 0.00348685 0.42048755 0.04526273 0.26340163 0.01014798 0.04466881 0.02429341 0.17694931 0.01011427
5.20026001 3.87334337 0.00056553 0.00046543 0.00040309 0.00635788 0.42490427 0.04389206 0.26449850 0.00872337 0.04228551 0.02025839 0.17784629 0.00979969
5.30026501 3.86585861 0.00048206 0.00048419 0.00036325 0.00680401 0.42648443 0.04294321 0.26767434 0.00837452 0.03537048 0.02007436 0.17998656 0.01095859
5.40027001 3.86379060 0.00045943 0.00041567 0.00038321 0.00778437 0.43241164 0.03872457 0.27161756 0.00704236 0.03191668 0.01674311 0.17963845 0.01286294
5.50027501 3.86332301 0.00049834 0.00040549 0.00053293 0.00364461 0.43514490 0.03861152 0.27215726 0.00783093 0.03243685 0.01276913 0.17985550 0.01611254
5.60028001 3.86059283 0.00040117 0.00042720 0.00030696 0.00177799 0.43404507 0.03665662 0.27402344 0.00950569 0.03099747 0.01784484 0.18250681 0.01150674
5.70028501 3.85926451 0.00025738 0.00042305 0.00011991 0.00216481 0.43876929 0.03343776 0.27425802 0.00902015 0.03150834 0.01699355 0.18304131 0.01000644
5.80029001 3.85631581 0.00037578 0.00037140 0.00018305 0.00174915 0.44008627 0.03081751 0.27941610 0.01054487 0.03001736 0.01698841 0.18010886 0.00934123
5.90029501 3.85258920 0.00052659 0.00037733 0.00034144 0.00500942 0.43551212 0.03432868 0.27677777 0.00923306 0.02733291 0.01730247 0.18599988 0.00725835
6.00030002 3.85049584 0.00023802 0.00039459 0.00006237 0.00014449 0.43555116 0.03448125 0.27844464 0.00826138 0.03298523 0.01588152 0.18662439 0.00693098
6.10030502 3.84565425 0.00030024 0.00038208 0.00014186 0.00164880 0.43716588 0.03187336 0.27964142 0.00859626 0.03398096 0.01527505 0.18482967 0.00616443
6.20031002 3.84592637 0.00021130 0.00034728 0.00006240 0.00012995 0.44219971 0.03487012 0.28238176 0.00787014 0.02601218 0.01299489 0.18705907 0.00586120
6.30031502 3.84432026 0.00033991 0.00032639 0.00026190 0.00564968 0.44195388 0.03222263 0.28174394 0.00632021 0.02258926 0.01129109 0.18938654 0.00791457
6.40032002 3.84071687 0.00046121 0.00035678 0.00036644 0.00452304 0.44028381 0.03051597 0.28531798 0.00600576 0.02126328 0.01258767 0.19077815 0.00753991
6.50032502 3.83862906 0.00030112 0.00036231 0.00023521 0.00199212 0.44058660 0.03162928 0.28128601 0.00546164 0.02123899 0.01404184 0.19452610 0.00833880
6.60033002 3.83747166 0.00022631 0.00032542 0.00011050 0.00014389 0.43981569 0.03164926 0.28364403 0.00636995 0.01994231 0.01614920 0.19427256 0.00735090
6.70033502 3.83437533 0.00022610 0.00030446 0.00006358 0.00012872 0.43901670 0.03443386 0.28585897 0.00637170 0.01846075 0.01679174 0.19235912 0.00598430
6.80034002 3.83111387 0.00024907 0.00033445 0.00011170 0.00202220 0.44040074 0.03240341 0.28844798 0.00606342 0.01871451 0.01495341 0.19010232 0.00619679
6.90034502 3.82736490 0.00031889 0.00032757 0.00014137 0.00177229 0.44041711 0.03068428 0.29048474 0.00781573 0.01981880 0.01504522 0.18695178 0.00622220
7.00035002 3.82747011 0.00032701 0.00030059 0.00016091 0.00184225 0.44078998 0.03098436 0.29019382 0.00708478 0.02116545 0.01356881 0.18755015 0.00603188
7.10035502 3.82371915 0.00042355 0.00033489 0.00020017 0.00210724 0.44000543 0.02612904 0.28698953 0.01158609 0.02226421 0.01416875 0.18840593 0.00738515
7.20036002 3.82120455 0.00035154 0.00037398 0.00022471 0.00329049 0.44033793 0.02304693 0.28897593 0.00739693 0.02760493 0.01486075 0.18870723 0.00482866
7.30036502 3.81681964 0.00027436 0.00033963 0.00020872 0.00198571 0.44082408 0.01867449 0.28796484 0.00632318 0.02646167 0.02025817 0.19040977 0.00627537
7.40037002 3.81310913 0.00017262 0.00033466 0.00009401 0.00014493 0.43889678 0.02101760 0.28912554 0.00633106 0.02737097 0.02282376 0.18827205 0.00541602
7.50037502 3.80914809 0.00020266 0.00036108 0.00008238 0.00016182 0.44047855 0.02237582 0.28869653 0.00750762 0.02792871 0.02079485 0.18653513 0.00487486
7.60038002 3.80655218 0.00024615 0.00035911 0.00012580 0.00162583 0.44156950 0.02155291 0.29214459 0.00665385 0.02617822 0.01772791 0.18774858 0.00406754
7.70038502 3.80421795 0.00030668 0.00031723 0.00018267 0.00194727 0.43899270 0.02129825 0.29346007 0.00742710 0.02560939 0.01660028 0.18762060 0.00623775
7.80039002 3.79874293 0.00053228 0.00031932 0.00044863 0.00872078 0.43449116 0.02199445 0.29693786 0.00689505 0.02241252 0.01558098 0.18583915 0.00582782
7.90039502 3.79519198 0.00053137 0.00035126 0.00040289 0.00498585 0.44024969 0.02434120 0.29658945 0.00612518 0.01772723 0.01456125 0.18908237 0.00505227
8.00040002 3.79248076 0.00046356 0.00032491 0.00029499 0.00321366 0.43818101 0.02657852 0.29522562 0.00813784 0.01884864 0.01624922 0.18741982 0.00506220
8.10040502 3.79074685 0.00035904 0.00030296 0.00016734 0.00187058 0.43709981 0.02941362 0.29649600 0.00823961 0.01668312 0.01723311 0.18741811 0.00471670
8.20041002 3.78678015 0.00033848 0.00031192 0.00020156 0.00379868 0.44066486 0.02581711 0.29517312 0.00656247 0.01663365 0.01820013 0.18721646 0.00508157
8.30041502 3.78370869 0.00023953 0.00034662 0.00013726 0.00175965 0.44562961 0.02203433 0.29745928 0.00553121 0.01882228 0.01537887 0.18774220 0.00491916
8.40042002 3.78276595 0.00027912 0.00030008 0.00013721 0.00153150 0.44289976 0.02213502 0.29711295 0.00718699 0.01876014 0.01770622 0.18692707 0.00502393
8.50042502 3.77951229 0.00037946 0.00032622 0.00022101 0.00344056 0.44326451 0.02291987 0.29428970 0.00845451 0.02064595 0.01587524 0.18547361 0.00470935
8.60043002 3.77421113 0.00033467 0.00031759 0.00019043 0.00147776 0.44127492 0.02889489 0.29273376 0.00728329 0.02190431 0.01538706 0.18576942 0.00443191
8.70043502 3.76840669 0.00030181 0.00033584 0.00005723 0.00021280 0.43881962 0.02743163 0.29318296 0.01032128 0.01978113 0.01730291 0.18788045 0.00437233
8.80044002 3.76240069 0.00050133 0.00031744 0.00021705 0.00567109 0.43592206 0.02319917 0.29684284 0.01327814 0.01700142 0.01902958 0.18391624 0.00410365
8.90044502 3.75965645 0.00055738 0.00028582 0.00050672 0.00465422 0.44647354 0.02220112 0.29623125 0.00794110 0.01372046 0.01827851 0.18128893 0.00786095
9.00045002 3.75725273 0.00041574 0.00027153 0.00033339 0.00349486 0.44686071 0.02565439 0.29163936 0.00893754 0.01339316 0.02150920 0.17983523 0.00765488
9.10045502 3.75386464 0.00038531 0.00029944 0.00030497 0.00329457 0.44618013 0.02602181 0.29573731 0.00822713 0.01554802 0.02001245 0.17623510 0.00775376
9.20046002 3.75052953 0.00048690 0.00031071 0.00045692 0.00548597 0.44537287 0.02640643 0.29126232 0.00827223 0.01497184 0.02165510 0.17608227 0.00923644
9.30046502 3.74896381 0.00026834 0.00029094 0.00012900 0.00026613 0.44901428 0.02943968 0.29288436 0.00918984 0.01337969 0.02085053 0.17643073 0.00785647
9.40047002 3.74751012 0.00043791 0.00029253 0.00019936 0.00405765 0.44970184 0.02479852 0.29246721 0.01221482 0.01110384 0.01873924 0.18043458 0.00555250
9.50047502 3.74654643 0.00030563 0.00030628 0.00012443 0.00153205 0.44948059 0.02619675 0.29640224 0.00952997 0.01326716 0.01542906 0.18254374 0.00488212
9.60048002 3.74312028 0.00020472 0.00032320 0.00014021 0.00024280 0.44869512 0.02283310 0.29704481 0.00830403 0.01749559 0.01402090 0.18244128 0.00825424
9.70048502 3.73869149 0.00029847 0.00035715 0.00015956 0.00374334 0.45599609 0.01920163 0.29805568 0.00706027 0.02106544 0.00968516 0.18052563 0.00385157
9.80049002 3.73667432 0.00039428 0.00029997 0.00029996 0.00471026 0.45631201 0.01821912 0.30242830 0.00634237 0.01837348 0.01055582 0.17858624 0.00347820
9.90049502 3.73498126 0.00014450 0.00029255 0.00004180 0.00009392 0.46117234 0.02241484 0.30203029 0.00564834 0.01632452 0.01027760 0.17818029 0.00337901
10.00050003 3.73010111 0.00032518 0.00029519 0.00012374 0.00178580 0.45483062 0.02162580 0.30194743 0.00903104 0.01335838 0.01321848 0.17956839 0.00388996
10.10050503 3.72428825 0.00033069 0.00035611 0.00017195 0.00368294 0.45064480 0.02519120 0.30051339 0.00688927 0.01724917 0.01321360 0.17723653 0.00452035
10.20051003 3.72149946 0.00025288 0.00033232 0.00016002 0.00164007 0.45185963 0.02466190 0.29871967 0.00624007 0.01940750 0.01409306 0.17568088 0.00695200
10.30051503 3.71879982 0.00035588 0.00030443 0.00025384 0.00353353 0.45180976 0.02365934 0.29759938 0.00590224 0.01878893 0.01600490 0.17549750 0.00629027
10.40052003 3.71756630 0.00029175 0.00029031 0.00015311 0.00183741 0.45566739 0.02428264 0.29766609 0.00640815 0.01983134 0.01399092 0.17454486 0.00503602
10.50052503 3.71569054 0.00023862 0.00027920 0.00005512 0.00019625 0.45854008 0.02624563 0.29833541 0.00793570 0.01961705 0.01077417 0.17322825 0.00455450
10.60053003 3.71211858 0.00041384 0.00028052 0.00026400 0.00568032 0.46052155 0.02664612 0.29423194 0.00578253 0.01953429 0.01088120 0.17143170 0.00433200
10.70053503 3.70941569 0.00026290 0.00030539 0.00016756 0.00166974 0.46432057 0.02635172 0.29277258 0.00656617 0.01978602 0.00870354 0.17281544 0.00627837
10.80054003 3.70834651 0.00061894 0.00030785 0.00048143 0.00680392 0.46589497 0.02120138 0.29255568 0.00799127 0.01880609 0.00748786 0.17243541 0.00541521
10.90054503 3.70251799 0.00026569 0.00033614 0.00022038 0.00176220 0.46737057 0.01976831 0.29272835 0.00676885 0.01931919 0.01031339 0.17224576 0.00890118
11.00055003 3.69961382 0.00035583 0.00027805 0.00031588 0.00347974 0.46602474 0.02345270 0.29512500 0.00572631 0.01540338 0.01225836 0.17116882 0.00641117
11.10055503 3.69649081 0.00033782 0.00024993 0.00022678 0.00322573 0.46319756 0.02105972 0.29953869 0.00745348 0.01499909 0.01573964 0.17001474 0.00395683
11.20056003 3.69562962 0.00047483 0.00023367 0.00031673 0.00503371 0.46678250 0.01890075 0.29672558 0.00859304 0.01458991 0.01480720 0.16966835 0.00387374
11.30056503 3.69426172 0.00049523 0.00024430 0.00040154 0.00595077 0.46746862 0.01974697 0.29818743 0.00728483 0.01291092 0.01424404 0.16918873 0.00387662
11.40057003 3.69446101 0.00043277 0.00026397 0.00028987 0.00309177 0.46699108 0.01935113 0.29758199 0.00779155 0.01288436 0.01366898 0.17227860 0.00537394
11.50057503 3.69346073 0.00030210 0.00030154 0.00012321 0.00172659 0.47044357 0.02029585 0.29200955 0.00846358 0.01673306 0.01302443 0.17251229 0.00406424
11.60058003 3.69129294 0.00030665 0.00029827 0.00010947 0.00164880 0.47104977 0.01873898 0.29192479 0.00926499 0.01646078 0.01188843 0.17426639 0.00404268
11.70058503 3.68859676 0.00033473 0.00025708 0.00015326 0.00151003 0.47118723 0.01949205 0.29241398 0.00893828 0.01451865 0.01365988 0.17362306 0.00391177
11.80059003 3.68751307 0.00027360 0.00026225 0.00018696 0.00147935 0.47185379 0.01853885 0.28909921 0.00840507 0.01423419 0.01552033 0.17455056 0.00559584
11.90059503 3.68484703 0.00024629 0.00030135 0.00026458 0.00182935 0.47035098 0.02051672 0.28634834 0.00553343 0.01613156 0.01376458 0.17686777 0.00784504
12.00060003 3.67500053 0.00027186 0.00032403 0.00026062 0.00314256 0.46829113 0.01756543 0.28889677 0.00504315 0.01561614 0.02076705 0.17487193 0.00494933
12.10060503 3.67230144 0.00020993 0.00029687 0.00020011 0.00372519 0.46639531 0.01610539 0.29074824 0.00528544 0.01562585 0.02021805 0.17493372 0.00625588
12.20061003 3.66865964 0.00017513 0.00034910 0.00007106 0.00010422 0.46756824 0.01819806 0.29136829 0.00658788 0.01839936 0.01539963 0.17631501 0.00546402
12.30061503 3.66663253 0.00020199 0.00035409 0.00005605 0.00019031 0.47121433 0.01780457 0.29150831 0.00690812 0.01751496 0.01219505 0.17740832 0.00464392
12.40062003 3.66389596 0.00032759 0.00029676 0.00018323 0.00158528 0.46894409 0.01710255 0.29337549 0.00766548 0.01546843 0.01510393 0.17591523 0.00403195
12.50062503 3.66183906 0.00038529 0.00030356 0.00041070 0.00458051 0.46825168 0.01586937 0.29538786 0.00519524 0.01540887 0.01052775 0.17664802 0.00703113
12.60063003 3.65930902 0.00018016 0.00029038 0.00016929 0.00165471 0.47271804 0.01858190 0.29744136 0.00423249 0.01402705 0.00928717 0.17552317 0.00589428
12.70063503 3.65484770 0.00034166 0.00029409 0.00032423 0.00322507 0.47403528 0.01722106 0.29436085 0.00571009 0.01176155 0.00913635 0.17754823 0.00604154
12.80064003 3.65340590 0.00015855 0.00027085 0.00011535 0.00016153 0.47888893 0.01838661 0.29624246 0.00531502 0.01161930 0.00735657 0.17297846 0.00850637
12.90064503 3.64926820 0.00031595 0.00027090 0.00029955 0.00326784 0.47490087 0.01687625 0.29962414 0.00341392 0.01159580 0.00838442 0.17560829 0.00544206
13.00065003 3.64401285 0.00030057 0.00026135 0.00032938 0.00498848 0.47391849 0.01668155 0.29671893 0.00307005 0.00975901 0.01281730 0.17534221 0.00581266
13.10065503 3.63911395 0.00047242 0.00029059 0.00030288 0.00325238 0.47007080 0.01419445 0.30116818 0.00881509 0.01373767 0.00848540 0.17473276 0.00447739
13.20066003 3.63576764 0.00045594 0.00027748 0.00037392 0.00701284 0.47151251 0.01743816 0.29569761 0.00553752 0.01378071 0.00990730 0.17473169 0.00327431
13.30066503 3.63043384 0.00022878 0.00029909 0.00017685 0.00545186 0.46786154 0.02177472 0.29637867 0.00354744 0.01504510 0.01000662 0.17641560 0.00281373
13.40067003 3.62458379 0.00017861 0.00028392 0.00020331 0.00143166 0.46730920 0.02009368 0.29735222 0.00362970 0.01411438 0.01152763 0.17694028 0.00693541
13.50067503 3.62425096 0.00025411 0.00030194 0.00015802 0.00144150 0.47073711 0.01511905 0.29536186 0.00654468 0.01616689 0.00984322 0.17943221 0.00463942
13.60068003 3.62245839 0.00026783 0.00028952 0.00019751 0.00322075 0.47081634 0.01504486 0.29499623 0.00441549 0.01648956 0.00968519 0.18140834 0.00316837
13.70068503 3.61927942 0.00043267 0.00031617 0.00036628 0.00621400 0.47903309 0.00927112 0.29450254 0.00471614 0.01645675 0.00881919 0.17769145 0.00218060
13.80069003 3.61718356 0.00025547 0.00032932 0.00030207 0.00411962 0.48017705 0.00504836 0.30045648 0.00267638 0.01635072 0.00780463 0.17868644 0.00379347
13.90069503 3.61601250 0.00021335 0.00031174 0.00015780 0.00156364 0.47783504 0.00431202 0.30047381 0.00283351 0.01831779 0.01105266 0.18106161 0.00186701
14.00070004 3.61255258 0.00018645 0.00028528 0.00010221 0.00200057 0.47479715 0.00840383 0.30229181 0.00385224 0.01958531 0.00794277 0.17904045 0.00151194
14.10070504 3.60890293 0.00018906 0.00029828 0.00014819 0.00334740 0.47248067 0.00997925 0.30154640 0.00336624 0.02124708 0.00730340 0.17842757 0.00166646
14.20071004 3.60519991 0.00013976 0.00028880 0.00009339 0.00408405 0.47225962 0.00923805 0.30201785 0.00346528 0.01881359 0.00589754 0.18062015 0.00308192
14.30071504 3.60302935 0.00013296 0.00029621 0.00014664 0.00142551 0.47822939 0.00683423 0.30152464 0.00127623 0.01884225 0.00770812 0.18110752 0.00247631
14.40072004 3.60048383 0.00006158 0.00030282 0.00003359 0.00004568 0.47606127 0.00702916 0.30092182 0.00349083 0.01740770 0.00907842 0.18330639 0.00226074
14.50072504 3.59789219 0.00008312 0.00028133 0.00006433 0.00200558 0.47545663 0.00964969 0.30072431 0.00146566 0.01446555 0.01090345 0.18307217 0.00182816
14.60073004 3.59526407 0.00019089 0.00027463 0.00016400 0.00340544 0.47448457 0.00871806 0.30362712 0.00200799 0.01324293 0.00996424 0.18237074 0.00154937
14.70073504 3.59274566 0.00006655 0.00028673 0.00003232 0.00005972 0.47333346 0.00879703 0.30672005 0.00198070 0.01177206 0.01150555 0.18388770 0.00155813
14.80074004 3.58849429 0.00007124 0.00028717 0.00006935 0.00006102 0.46877762 0.00869481 0.31185546 0.00248645 0.01209512 0.00897358 0.18298462 0.00364357
14.90074504 3.58504478 0.00019662 0.00027556 0.00013008 0.00169585 0.46402414 0.00836781 0.31285609 0.00409117 0.01177463 0.00815552 0.18506958 0.00336295
15.00075004 3.58162035 0.00019724 0.00024186 0.00014915 0.00174915 0.46224893 0.01305371 0.31052027 0.00382179 0.01150278 0.00816445 0.18548615 0.00286450
15.10075504 3.57718998 0.00018530 0.00028268 0.00002476 0.00017511 0.46129390 0.01026339 0.31400027 0.00850491 0.00979750 0.00697068 0.18662565 0.00187585
15.20076004 3.57280752 0.00042521 0.00028533 0.00023285 0.00363393 0.46150932 0.00875371 0.31015182 0.00922054 0.01221460 0.00649490 0.18583893 0.00123886
15.30076504 3.57199945 0.00011422 0.00027354 0.00009531 0.00210791 0.46534311 0.00892663 0.30963773 0.00549109 0.01194011 0.00838167 0.18480551 0.00288317
15.40077004 3.56725892 0.00008271 0.00029846 0.00006683 0.00008294 0.46147554 0.00822678 0.30903237 0.00451380 0.01301483 0.01180214 0.18817880 0.00322480
15.50077504 3.56459144 0.00018963 0.00022580 0.00020916 0.00174180 0.46055754 0.00828915 0.30839272 0.00462197 0.01095892 0.01386342 0.18586503 0.00508487
15.60078004 3.56002065 0.00021852 0.00028271 0.00021641 0.00145024 0.46437917 0.00948587 0.30160132 0.00377398 0.01463275 0.01446619 0.18510404 0.00438880
15.70078504 3.55812156 0.00009215 0.00028079 0.00009365 0.00008021 0.46586227 0.01487062 0.29984651 0.00314197 0.01099628 0.01127910 0.18901415 0.00444230
15.80079004 3.55401636 0.00020155 0.00029505 0.00016281 0.00143223 0.46067042 0.01318942 0.30148173 0.00538010 0.01487872 0.00969655 0.18667408 0.00593734
15.90079504 3.55070251 0.00027417 0.00027383 0.00023368 0.00350236 0.46001156 0.01715960 0.29830705 0.00362504 0.01599181 0.00961718 0.18741576 0.00358798
16.00080004 3.54760023 0.00020801 0.00029227 0.00009521 0.00024236 0.45953019 0.01636223 0.29617625 0.00702276 0.01561200 0.00924330 0.19038929 0.00482613
16.10080504 3.54669378 0.00034670 0.00026702 0.00032552 0.00476440 0.45782026 0.01804612 0.29620980 0.00366095 0.01586685 0.00805070 0.18983607 0.00480561
16.20081004 3.54454423 0.00020083 0.00026903 0.00012086 0.00028253 0.45897266 0.01797929 0.29411202 0.00638737 0.01610866 0.01126673 0.18853762 0.00576239
16.30081504 3.53905534 0.00013229 0.00030308 0.00010347 0.00014528 0.45396948 0.02033259 0.29998110 0.00464331 0.01797281 0.01088469 0.18577353 0.00575838
16.40082004 3.53613561 0.00026314 0.00029159 0.00016661 0.00141558 0.45192255 0.02016346 0.30013077 0.00658499 0.01782514 0.00848516 0.18782994 0.00492106
16.50082504 3.53338167 0.00031646 0.00027745 0.00020747 0.00510735 0.45179747 0.01907453 0.29832253 0.00677985 0.01583620 0.00824669 0.18976635 0.00426765
16.60083004 3.52634200 0.00028839 0.00026694 0.00013103 0.00416970 0.44992818 0.02330486 0.30006608 0.00820651 0.01260952 0.00898947 0.18712928 0.00491003
16.70083504 3.52069734 0.00042285 0.00032835 0.00042863 0.00415967 0.44459678 0.02620605 0.30117477 0.00635119 0.01289427 0.00813765 0.18900583 0.00629396
16.80084004 3.51903711 0.00038886 0.00027642 0.00037592 0.00489796 0.44913665 0.02391976 0.30157261 0.00518611 0.01278250 0.00987073 0.18623182 0.00536067
16.90084504 3.51755155 0.00025619 0.00028258 0.00014545 0.00196506 0.44800727 0.02490908 0.30489379 0.00645620 0.00979799 0.01159283 0.18701836 0.00467519
17.00085004 3.51261423 0.00027510 0.00030138 0.00019327 0.00148076 0.45665139 0.02196252 0.30573206 0.00567105 0.00740687 0.01019185 0.18590830 0.00422546
17.10085504 3.50961373 0.00039896 0.00032506 0.00031578 0.00480572 0.45432735 0.01816175 0.30311858 0.00443277 0.00967073 0.01249716 0.18855828 0.00338786
17.20086004 3.50604451 0.00021684 0.00029383 0.00023377 0.00367220 0.45319592 0.01832669 0.30238460 0.00391756 0.00833089 0.01431821 0.18779475 0.00731473
17.30086504 3.50274122 0.00025806 0.00031465 0.00015853 0.00147692 0.45095137 0.01774009 0.30655667 0.00419231 0.01218609 0.01403226 0.18799122 0.00414182
17.40087004 3.49820686 0.00015985 0.00031723 0.00004059 0.00208599 0.44756969 0.01648073 0.30482329 0.00602578 0.01196014 0.01531256 0.19132966 0.00389449
17.50087504 3.49437726 0.00019806 0.00029480 0.00012312 0.00161978 0.44677743 0.01918594 0.30722983 0.00457644 0.01018520 0.01444470 0.19151274 0.00385197
17.60088004 3.49132237 0.00018111 0.00028453 0.00010740 0.00014828 0.44927366 0.02039676 0.30399835 0.00687219 0.01039705 0.01508453 0.18804640 0.00520974
17.70088504 3.48942137 0.00019153 0.00027630 0.00006834 0.00013205 0.44806595 0.02076210 0.30369991 0.00730811 0.01236044 0.01435489 0.18759740 0.00518297
17.80089004 3.48815923 0.00028347 0.00024920 0.00010932 0.00160203 0.44624593 0.02032445 0.30546864 0.00863176 0.01189891 0.01288385 0.18813732 0.00416513
17.90089504 3.48328818 0.00052846 0.00026948 0.00048483 0.00801208 0.44282759 0.01632237 0.30443898 0.00695837 0.01328655 0.01219248 0.18917741 0.00550142
18.00090005 3.48200345 0.00028702 0.00028911 0.00022809 0.00386144 0.44673410 0.01777528 0.30866015 0.00557305 0.01344535 0.00793535 0.18887128 0.00633978
18.10090505 3.47893680 0.00021890 0.00029244 0.00014190 0.00164739 0.44432627 0.02042353 0.31025894 0.00409007 0.01513431 0.00934568 0.18998804 0.00413253
18.20091005 3.47407500 0.00029178 0.00028307 0.00014134 0.00357690 0.44276545 0.01927740 0.30851079 0.00647151 0.01671870 0.01047737 0.18772199 0.00376370
18.30091505 3.47266847 0.00015959 0.00031483 0.00002724 0.00009117 0.44425916 0.02014223 0.31030068 0.00501469 0.01801503 0.00914059 0.18911030 0.00342450
18.40092005 3.46860061 0.00033089 0.00027897 0.00015452 0.00389658 0.44440485 0.01714251 0.30974592 0.00698191 0.01445892 0.01224569 0.18711134 0.00324790
18.50092505 3.46525212 0.00030068 0.00025087 0.00013696 0.00198382 0.44490767 0.01918282 0.30731764 0.00671638 0.01425461 0.01661507 0.18526921 0.00306427
18.60093005 3.46216463 0.00029934 0.00025916 0.00027361 0.00491103 0.44263557 0.01671178 0.30437933 0.00425729 0.01282243 0.02174662 0.18590351 0.00580034
18.70093505 3.45431951 0.00027584 0.00028557 0.00019662 0.00208644 0.44350468 0.01464533 0.30005148 0.00603144 0.01290125 0.02728784 0.18525702 0.00747650
18.80094005 3.44871324 0.00036590 0.00025678 0.00032810 0.00728419 0.44594459 0.01716161 0.29727344 0.00551625 0.01125326 0.02594719 0.18127193 0.00739676
18.90094505 3.44857348 0.00027203 0.00024143 0.00022504 0.00199479 0.44399499 0.02310165 0.29993009 0.00756769 0.01125988 0.02336236 0.18057361 0.00747644
19.00095005 3.44620571 0.00022600 0.00024151 0.00010188 0.00016535 0.44749491 0.02284164 0.30141729 0.00836993 0.01116353 0.02200864 0.17968276 0.00628656
19.10095505 3.44299261 0.00040868 0.00028561 0.00025408 0.00347523 0.44372589 0.02396446 0.30076298 0.00796093 0.01499701 0.01948781 0.18022850 0.00444881
19.20096005 3.44025998 0.00050528 0.00023689 0.00021481 0.00395329 0.44041988 0.02639161 0.30237356 0.01269913 0.01131593 0.01792188 0.17965374 0.00431399
19.30096505 3.43400880 0.00043812 0.00030374 0.00024398 0.00359958 0.43545385 0.02521119 0.29962859 0.01192518 0.01691459 0.02009245 0.17969922 0.00648950
19.40097005 3.42971967 0.00039448 0.00029920 0.00018285 0.00348790 0.43508261 0.02770466 0.30498122 0.01118893 0.01610971 0.01467176 0.18152726 0.00436942
19.50097505 3.42930346 0.00045622 0.00029549 0.00025541 0.00357135 0.43720300 0.02566431 0.30883151 0.00924181 0.01261346 0.01283425 0.18505654 0.00397664
19.60098005 3.42917034 0.00058592 0.00027041 0.00034930 0.00696341 0.44013502 0.02701141 0.30978578 0.00738812 0.01271851 0.01159658 0.17909028 0.00410526
19.70098505 3.42590347 0.00028393 0.00030094 0.00014525 0.00194012 0.44327591 0.02852466 0.30861133 0.00547519 0.01481169 0.01166007 0.18100013 0.00397078
19.80099005 3.42249622 0.00036902 0.00028678 0.00020660 0.00321334 0.44455870 0.02681946 0.30785486 0.00660276 0.01270933 0.01425580 0.17859034 0.00453303
19.90099505 3.42054325 0.00029457 0.00027139 0.00006103 0.00025067 0.44705056 0.02916707 0.30572916 0.00854227 0.01131949 0.01512712 0.17762940 0.00455728
20.00100005 3.42008252 0.00034392 0.00025286 0.00011166 0.00210402 0.44898642 0.02726165 0.30503295 0.00940273 0.01143225 0.01173870 0.17829552 0.00503732
20.10100505 3.41862805 0.00026935 0.00025224 0.00012547 0.00173784 0.44894711 0.02640091 0.30843779 0.00654100 0.01280465 0.01139819 0.17755822 0.00552724
20.20101005 3.41695851 0.00036855 0.00022263 0.00021777 0.00333173 0.44711101 0.02557979 0.30864959 0.00748488 0.01082582 0.01326341 0.17719095 0.00575387
20.30101505 3.41434082 0.00028415 0.00030521 0.00006962 0.00120495 0.44739795 0.02284829 0.30723441 0.00715479 0.01250150 0.01288505 0.18256094 0.00555316
20.40102005 3.41072598 0.00026558 0.00027495 0.00016700 0.00218203 0.44611023 0.02248183 0.30454116 0.00652465 0.01439919 0.01490158 0.18067447 0.00747734
20.50102505 3.40817408 0.00025559 0.00024858 0.00026118 0.00344529 0.44820881 0.02067102 0.30812896 0.00613462 0.01082493 0.01302113 0.17858872 0.01021116
20.60103005 3.40671671 0.00020952 0.00023630 0.00033207 0.00163908 0.44679982 0.02173885 0.30826640 0.00578758 0.00968784 0.01514266 0.17700965 0.01315024
20.70103505 3.40350705 0.00023867 0.00023799 0.00028029 0.00154638 0.44534608 0.02406459 0.30657342 0.00562917 0.00975914 0.02064411 0.17608337 0.00959680
20.80104005 3.40305575 0.00028226 0.00024927 0.00025136 0.00309719 0.44725636 0.02258900 0.30581590 0.00602799 0.00934964 0.01927253 0.17932883 0.00647968
20.90104505 3.39691268 0.00047216 0.00029397 0.00042408 0.00547053 0.44971564 0.01912901 0.30312230 0.00619261 0.00958726 0.01947563 0.17928084 0.00683598
21.00105005 3.39060364 0.00032114 0.00031413 0.00023877 0.00189228 0.44685374 0.02324232 0.30600083 0.00778136 0.00973791 0.01702949 0.17909339 0.00749463
21.10105505 3.38811194 0.00033594 0.00029089 0.00034266 0.00529718 0.44881338 0.02299744 0.30586446 0.00515717 0.01386943 0.01320688 0.17516183 0.00866273
21.20106005 3.38658537 0.00036296 0.00026193 0.00025475 0.00195867 0.44841590 0.02747246 0.30578198 0.00771604 0.01512028 0.01065845 0.17441991 0.00757667
21.30106505 3.38234904 0.00028122 0.00024058 0.00027704 0.00203500 0.44906304 0.02848446 0.30395161 0.00777115 0.01402142 0.01074976 0.17272335 0.01040137
21.40107005 3.38048627 0.00032691 0.00025824 0.00014948 0.00606805 0.44723138 0.02524063 0.30378666 0.00873849 0.01417796 0.01423033 0.17454576 0.00524612
21.50107505 3.37844398 0.00031089 0.00027389 0.00021715 0.00182614 0.44459309 0.02616997 0.30692605 0.00704164 0.01596552 0.01397281 0.17624146 0.00646140
21.60108005 3.37346976 0.00041243 0.00028794 0.00032678 0.00315054 0.43973901 0.02034893 0.30654457 0.00890718 0.01975545 0.02013596 0.17367303 0.00671818
21.70108505 3.36993121 0.00023790 0.00034649 0.00022210 0.00161947 0.43516210 0.02425048 0.31064302 0.00564035 0.01982766 0.01875540 0.17602072 0.00727430
21.80109005 3.36945604 0.00032245 0.00031325 0.00028648 0.00285346 0.43568720 0.02369622 0.30653907 0.00626828 0.02364363 0.01972900 0.17381685 0.00684411
21.90109505 3.36408417 0.00027214 0.00034941 0.00020511 0.00178658 0.43871745 0.02335355 0.30774432 0.00684986 0.02127279 0.01521293 0.17591602 0.00831982
22.00110006 3.36157161 0.00026778 0.00035166 0.00018235 0.00178043 0.43946123 0.02835906 0.30581405 0.00547967 0.02489746 0.01402118 0.17347559 0.00590953
22.10110506 3.35985144 0.00021417 0.00030248 0.00006584 0.00011331 0.44321925 0.02886211 0.30615732 0.00733415 0.02311092 0.01198290 0.17321003 0.00542752
22.20111006 3.35582796 0.00019005 0.00035883 0.00019212 0.00218870 0.44563245 0.02348183 0.30447379 0.00595452 0.02482452 0.00961684 0.17271041 0.01037593
22.30111506 3.35276403 0.00016253 0.00033431 0.00011131 0.00016424 0.44309604 0.02421894 0.30882360 0.00537876 0.02656064 0.01028944 0.17318541 0.00767478
22.40112006 3.35139122 0.00041896 0.00028461 0.00035296 0.00491541 0.44050894 0.02573649 0.31108115 0.00402388 0.02482856 0.00953714 0.17329674 0.00501516
22.50112506 3.34492061 0.00054830 0.00032699 0.00039494 0.00688806 0.43765574 0.02622460 0.30991489 0.00616840 0.02643210 0.00785287 0.17367028 0.00392282
22.60113006 3.34188144 0.00021204 0.00030580 0.00009518 0.00215801 0.44383303 0.03086326 0.31031437 0.00524886 0.02583414 0.00391715 0.17171265 0.00550549
22.70113506 3.34021988 0.00022177 0.00028644 0.00008414 0.00214133 0.44173977 0.02934712 0.31196018 0.00629241 0.02230685 0.00796315 0.17170676 0.00595008
22.80114006 3.33788906 0.00022483 0.00032332 0.00013430 0.00165569 0.44591844 0.02763227 0.31139430 0.00445953 0.02247712 0.00629888 0.17388683 0.00559448
22.90114506 3.33724177 0.00024807 0.00027974 0.00016095 0.00179833 0.44476022 0.02724609 0.31287291 0.00403501 0.02233849 0.00726923 0.17374863 0.00524231
23.00115006 3.33432759 0.00033815 0.00026288 0.00027080 0.00363873 0.44157103 0.03023253 0.30947624 0.00362423 0.01937765 0.01340458 0.17331220 0.00449097
23.10115506 3.33162009 0.00037522 0.00027353 0.00021436 0.00317351 0.43955113 0.02643113 0.30786962 0.00711243 0.02091410 0.01606315 0.17339161 0.00463020
23.20116006 3.32841847 0.00045515 0.00028255 0.00030229 0.00548885 0.43796073 0.02779090 0.30599877 0.00683838 0.02234813 0.01414907 0.17340981 0.00497536
23.30116506 3.32607189 0.00036291 0.00029215 0.00025858 0.00324190 0.43685931 0.02596045 0.30734811 0.00657121 0.02039454 0.01815208 0.17510588 0.00545289
23.40117006 3.32571684 0.00018605 0.00027931 0.00006758 0.00020966 0.43228600 0.02589847 0.30608688 0.00631526 0.02181234 0.02340473 0.17553546 0.00791824
23.50117506 3.32359573 0.00023584 0.00028240 0.00014031 0.00161029 0.43598498 0.02675227 0.30139818 0.00616611 0.02164157 0.02312897 0.17469288 0.00796622
23.60118006 3.32090139 0.00027255 0.00031417 0.00024264 0.00184342 0.43568953 0.02098722 0.30212825 0.00640768 0.02357820 0.02530906 0.17428985 0.00893742
23.70118506 3.32011625 0.00033604 0.00028601 0.00009812 0.00028445 0.43463232 0.02379767 0.30230634 0.01188028 0.01990461 0.02268137 0.17687073 0.00692208
23.80119006 3.31751815 0.00029898 0.00028488 0.00017190 0.00196749 0.43925548 0.02214476 0.30406353 0.00825389 0.01999733 0.02325968 0.17439877 0.00590329
23.90119506 3.31556215 0.00031889 0.00025057 0.00021425 0.00187883 0.43534944 0.02354100 0.30239773 0.00882443 0.01959147 0.02574671 0.17441079 0.00747589
24.00120006 3.31098311 0.00026216 0.00028878 0.00011571 0.00024401 0.43455929 0.02844369 0.30040233 0.01021425 0.01938800 0.02185689 0.17736160 0.00686329
24.10120506 3.30859877 0.00025492 0.00028437 0.00008814 0.00018116 0.43686362 0.03231421 0.30174914 0.00930667 0.01652582 0.02151063 0.17457705 0.00634427
24.20121006 3.30573955 0.00028932 0.00026372 0.00006095 0.00017366 0.43495008 0.03790500 0.30522716 0.00915358 0.01473435 0.01722917 0.17482470 0.00518833
24.30121506 3.30349886 0.00030873 0.00029439 0.00005939 0.00019296 0.43078244 0.03718134 0.30532789 0.00917100 0.01844574 0.01766449 0.17514954 0.00542209
24.40122006 3.29898883 0.00038615 0.00032734 0.00015740 0.00185952 0.42353863 0.03480881 0.31110277 0.00834743 0.02371256 0.01500178 0.17531869 0.00543891
24.50122506 3.29626356 0.00031249 0.00032517 0.00005714 0.00024199 0.42700434 0.03301792 0.30729256 0.00939680 0.02670734 0.01579885 0.17467059 0.00517482
24.60123006 3.29338539 0.00042802 0.00029884 0.00026966 0.00286755 0.42505390 0.03269530 0.30553233 0.00673901 0.02754876 0.01531346 0.17756617 0.00568700
24.70123506 3.28756019 0.00020614 0.00028878 0.00011443 0.00016767 0.42326491 0.03407721 0.30724721 0.00552074 0.02672710 0.01800912 0.17647201 0.00790469
24.80124006 3.28447632 0.00038653 0.00028972 0.00030210 0.00349581 0.42634241 0.03516391 0.30449085 0.00504840 0.02514611 0.01603916 0.17573092 0.00756410
24.90124506 3.27953939 0.00037474 0.00036009 0.00027102 0.00344366 0.41886563 0.03715760 0.30712261 0.00433296 0.02739541 0.01614859 0.17825626 0.00627143
25.00125006 3.27843758 0.00022113 0.00032728 0.00007195 0.00013292 0.42484046 0.03779777 0.30650786 0.00586606 0.02742351 0.01548372 0.17490088 0.00642645
25.10125506 3.27721754 0.00022665 0.00031949 0.00011660 0.00020647 0.41952897 0.03520162 0.30634726 0.00566165 0.02813662 0.01970090 0.17566766 0.00888611
25.20126006 3.27508782 0.00034496 0.00030064 0.00015865 0.00200883 0.41855781 0.03257664 0.30501018 0.00738335 0.02920924 0.02044357 0.17692213 0.00708399
25.30126506 3.27248328 0.00049275 0.00031117 0.00036421 0.00514851 0.41999488 0.03162620 0.30425909 0.00577303 0.03045194 0.01588621 0.17698292 0.00870910
25.40127006 3.26888536 0.00036717 0.00030210 0.00023264 0.00298810 0.42196885 0.03512422 0.30802994 0.00771238 0.02681181 0.01544401 0.17488730 0.00613147
25.50127506 3.26538404 0.00048349 0.00034037 0.00036576 0.00495463 0.42251652 0.03372248 0.30989679 0.00675293 0.02552230 0.01420480 0.17572402 0.00551591
25.60128006 3.26219292 0.00051350 0.00033666 0.00034308 0.00499629 0.42656867 0.03587049 0.30067175 0.00847052 0.02594542 0.01399345 0.17647750 0.00581267
25.70128506 3.26035332 0.00040631 0.00031691 0.00021359 0.00541160 0.42480678 0.03517590 0.30605543 0.00894873 0.02435799 0.01449227 0.17446289 0.00535161
