0.00000000 11.00000000 0.00000000 0.00000000 0.00000000 0.00000000 0.00000000 0.00000000 0.00000000 1.00000000 0.00000000 0.00000000 0.00000000 0.00000000
0.20004001 10.99918335 0.08195649 0.00038396 0.01098167 0.09004488 0.00955352 0.28161742 0.00252832 0.13985609 0.00162677 0.28953949 0.00790742 0.08400396
0.40008002 11.01104344 0.02162291 0.00101582 0.02053575 0.05323006 0.01506235 0.32647596 0.01107555 0.22398837 0.00737093 0.25013550 0.00547533 0.06401146
0.60012002 11.06064889 0.03236201 0.00101785 0.00904907 0.08187641 0.01971857 0.13309343 0.01643410 0.42917563 0.00672587 0.17019980 0.01210359 0.08824367
0.80016003 11.11449032 0.02922046 0.00104295 0.01063823 0.06864389 0.02304798 0.16377581 0.01552413 0.07525291 0.01118804 0.53574266 0.01519688 0.05072605
1.00020004 11.12684554 0.02825295 0.00113010 0.01270679 0.07636821 0.02613391 0.13019689 0.01650351 0.21699003 0.01104027 0.35061513 0.01519219 0.11487002
1.20024005 11.17084684 0.03271615 0.00133880 0.00869186 0.08536114 0.02400503 0.15499906 0.02122822 0.30634370 0.01225251 0.24735720 0.01517542 0.09053091
1.40028006 11.14681567 0.01332774 0.00127686 0.01160317 0.06167667 0.03193717 0.32046330 0.02462621 0.14217139 0.01258140 0.30221233 0.01757834 0.06054544
1.60032006 11.12921390 0.02821354 0.00140913 0.01228447 0.07778741 0.02898168 0.29169161 0.02362066 0.18802268 0.01487727 0.25864781 0.01711123 0.05735252
1.80036007 11.06219638 0.03138742 0.00150068 0.01200822 0.06916320 0.03040262 0.10345665 0.02532391 0.39613835 0.01367736 0.23450186 0.02109540 0.06134433
2.00040008 10.99620912 0.01925266 0.00165710 0.01046002 0.05776516 0.03342736 0.14778387 0.02697301 0.15167443 0.01661999 0.40065104 0.01732252 0.11641285
2.20044009 10.95339414 0.03855074 0.00167290 0.01576437 0.08116892 0.03730857 0.09909615 0.02985850 0.29627833 0.01732193 0.30985052 0.01983807 0.05329100
2.40048010 10.93527014 0.03197956 0.00179029 0.01517423 0.06408942 0.04068135 0.15955072 0.03149588 0.41381444 0.01702648 0.15790646 0.02500597 0.04148521
2.60052010 10.94292061 0.02039855 0.00187149 0.01199537 0.07370392 0.04153348 0.34280814 0.03173948 0.09653073 0.02150172 0.28586622 0.02135380 0.05069712
2.80056011 10.94754177 0.02695819 0.00180175 0.01301411 0.05753528 0.04752039 0.11786150 0.03263053 0.44164568 0.01940032 0.14627321 0.02464698 0.07071205
3.00060012 10.95970692 0.03688357 0.00233823 0.01055108 0.07675228 0.05467102 0.13781307 0.03415741 0.34240605 0.02455929 0.19081194 0.02827401 0.06078205
3.20064013 10.96315951 0.01516324 0.00228723 0.01196126 0.05871711 0.05380584 0.22203420 0.03876452 0.11257015 0.02453765 0.35907666 0.03260472 0.06847742
3.40068014 10.97160937 0.02494503 0.00263536 0.01170469 0.06079595 0.05353729 0.15165863 0.04791346 0.24817126 0.02442577 0.26418726 0.03548807 0.07453723
3.60072014 10.99278532 0.02092265 0.00265036 0.01053960 0.06254079 0.06042304 0.15773545 0.04549132 0.20993781 0.02780801 0.30082616 0.02962723 0.07149759
3.80076015 11.00043321 0.01396877 0.00269651 0.00994164 0.05180570 0.06022874 0.17726244 0.04509126 0.12606007 0.02747064 0.37670274 0.03851280 0.07025869
4.00080016 10.99391784 0.02415693 0.00297879 0.00941292 0.05510069 0.05858647 0.14094856 0.04845372 0.28760181 0.03078795 0.22498490 0.03919302 0.07779424
4.20084017 10.96842091 0.01959887 0.00304262 0.00956320 0.05558636 0.05756520 0.16000808 0.05549341 0.30927599 0.03146569 0.19574489 0.03643304 0.06622266
4.40088018 10.93841329 0.01347687 0.00342719 0.01036957 0.05446875 0.05958925 0.26591020 0.05230341 0.14262478 0.03390268 0.28425724 0.03477742 0.04489265
4.60092018 10.89974590 0.02857579 0.00295544 0.01166063 0.05422201 0.06054974 0.14397459 0.05018066 0.33188688 0.03144466 0.18926325 0.03686945 0.05841689
4.80096019 10.86893958 0.02309381 0.00321275 0.01238324 0.05252555 0.06939788 0.10086320 0.05596915 0.22900326 0.03697725 0.32322521 0.03844291 0.05490578
5.00100020 10.86681602 0.02043876 0.00361424 0.01013647 0.05230209 0.06836514 0.11079571 0.06535916 0.17603007 0.03837545 0.33702259 0.04428595 0.07327437
5.20104021 10.86620623 0.02624882 0.00351476 0.01113283 0.05008263 0.06982834 0.09383034 0.07024835 0.35143334 0.04102957 0.18810741 0.04537891 0.04916468
5.40108022 10.88197294 0.01580884 0.00350009 0.01016470 0.05601685 0.07928792 0.23428917 0.06428173 0.15336882 0.04128646 0.25198994 0.04364373 0.04636174
5.60112022 10.89046796 0.01958613 0.00359262 0.01024102 0.05050938 0.07829337 0.18978546 0.06711405 0.24725450 0.04202003 0.19603747 0.04697986 0.04858611
5.80116023 10.89509020 0.02389191 0.00330243 0.01195693 0.05902566 0.07283328 0.11415331 0.07493840 0.29447160 0.04448145 0.18754589 0.04644437 0.06695477
6.00120024 10.88785561 0.01623755 0.00350051 0.00971258 0.05455949 0.07522449 0.15369318 0.07215178 0.16014248 0.04789840 0.29327996 0.04522475 0.06837483
6.20124025 10.88576349 0.01625206 0.00348498 0.00899341 0.04828645 0.08193328 0.13398543 0.06741187 0.17572519 0.04709770 0.30794581 0.04607210 0.06281172
6.40128026 10.88189226 0.01868586 0.00390766 0.00831965 0.04664937 0.08354641 0.11640193 0.07405791 0.23713478 0.04932946 0.25171594 0.05315849 0.05709255
6.60132026 10.87360499 0.01362580 0.00405557 0.00781771 0.03961625 0.08885928 0.16932081 0.08244372 0.18028673 0.05412720 0.25485308 0.04851415 0.05647969
6.80136027 10.87376887 0.01313257 0.00380666 0.00661903 0.03380581 0.09444684 0.17571345 0.08049266 0.18501139 0.04852671 0.25200980 0.05672706 0.04970803
7.00140028 10.85066269 0.02202521 0.00431178 0.00670391 0.03206411 0.10049702 0.10363191 0.07989976 0.33979824 0.05491660 0.15469098 0.05437475 0.04708573
7.20144029 10.83518088 0.01255004 0.00425105 0.00623473 0.03053356 0.10369031 0.17860221 0.07823302 0.17899451 0.05573507 0.24816201 0.05609047 0.04692303
7.40148030 10.80948873 0.01464644 0.00446689 0.00597477 0.03313272 0.10259234 0.15744461 0.08085578 0.20773369 0.06066072 0.24197778 0.05542419 0.03509007
7.60152030 10.79340428 0.02173637 0.00427409 0.00834705 0.03248929 0.10284526 0.09598458 0.08593071 0.25108321 0.05983466 0.23245616 0.05711519 0.04790343
7.80156031 10.79503200 0.01443103 0.00433633 0.00702654 0.03158714 0.10556914 0.11540958 0.08168639 0.14711167 0.05825453 0.32876027 0.06215352 0.04367386
8.00160032 10.79820108 0.01949792 0.00457027 0.00703282 0.03438681 0.11517516 0.08822474 0.07539831 0.26450070 0.06055959 0.21826294 0.06029658 0.05209416
8.20164033 10.81585161 0.01316915 0.00445313 0.00708557 0.03699605 0.10964544 0.16705110 0.08004167 0.21318417 0.06097986 0.21020114 0.05687980 0.04031290
8.40168034 10.81578487 0.01224378 0.00441081 0.00700178 0.03508728 0.10448976 0.18662129 0.08521771 0.18418122 0.06038438 0.21830970 0.05949725 0.04255504
8.60172034 10.81570078 0.01644452 0.00440108 0.00662027 0.03241215 0.11083894 0.14547347 0.08350312 0.24397824 0.05973567 0.19864021 0.05552111 0.04243123
8.80176035 10.80052824 0.01383450 0.00466894 0.00566417 0.03579642 0.11181726 0.12166327 0.08046267 0.20761295 0.06441564 0.24994625 0.05463540 0.04948253
9.00180036 10.77980435 0.01271138 0.00447972 0.00604037 0.03387153 0.10860463 0.11755068 0.08258213 0.15612176 0.05699091 0.30248085 0.06334251 0.05522351
9.20184037 10.77683696 0.01579097 0.00460143 0.00661292 0.02677076 0.10374061 0.10830051 0.08479788 0.21607625 0.06355699 0.26344079 0.05730301 0.04900789
9.40188038 10.76495102 0.01686940 0.00425817 0.00576485 0.03238965 0.10390320 0.13470299 0.09120643 0.24143733 0.06219354 0.20873711 0.05443857 0.04409875
9.60192038 10.76659482 0.01067674 0.00410984 0.00612247 0.03304474 0.10548843 0.20202517 0.08659230 0.15472786 0.06136118 0.23698062 0.05844817 0.04042249
9.80196039 10.75460554 0.01878059 0.00453404 0.00667134 0.03605131 0.10702567 0.12081015 0.08192128 0.27941128 0.06894208 0.17749334 0.05357685 0.04478207
10.00200040 10.74243400 0.01752882 0.00432473 0.00692601 0.03949202 0.10306381 0.12121721 0.08898749 0.23546632 0.06225728 0.21257485 0.06336661 0.04479485
10.20204041 10.73063582 0.01439102 0.00448340 0.00819847 0.03355818 0.09652692 0.14662359 0.09513919 0.16423143 0.07482598 0.25805858 0.06102442 0.04293882
10.40208042 10.72650801 0.01626138 0.00464480 0.00656193 0.03729643 0.10721704 0.10780290 0.08967233 0.22140584 0.07308311 0.23555016 0.05938263 0.04112145
10.60212042 10.73035067 0.01149847 0.00485030 0.00523158 0.03391190 0.11063022 0.12006643 0.08417250 0.16957940 0.07232630 0.27759945 0.06202058 0.04811285
10.80216043 10.73352559 0.01527435 0.00506965 0.00682177 0.03495296 0.10376195 0.11110394 0.09629565 0.20842229 0.07799100 0.23682530 0.05888166 0.04459949
11.00220044 10.74180002 0.01359711 0.00490346 0.00687074 0.03556339 0.10558728 0.13388745 0.10323210 0.21797037 0.07464026 0.20259129 0.05763681 0.04351974
11.20224045 10.74166415 0.01350834 0.00489175 0.00662201 0.03474699 0.11147878 0.15357634 0.09312952 0.20281441 0.07328004 0.20075023 0.06521981 0.03998178
11.40228046 10.72658356 0.01215397 0.00529504 0.00613203 0.03348205 0.11424499 0.14563287 0.09599070 0.19393727 0.08091852 0.21314378 0.06155065 0.03751812
11.60232046 10.71181929 0.01477099 0.00460840 0.00651593 0.03482885 0.11618450 0.12058774 0.10341046 0.20338612 0.07697200 0.21714270 0.06082453 0.04076778
11.80236047 10.69599748 0.01233095 0.00466808 0.00451555 0.03114862 0.11661808 0.10611921 0.10107058 0.17191070 0.08236396 0.25784824 0.06527919 0.04612683
12.00240048 10.69334809 0.01252838 0.00465599 0.00573193 0.03310264 0.11813472 0.10406489 0.09819526 0.16647745 0.08538122 0.26495098 0.06163271 0.04514382
12.20244049 10.68333990 0.01781573 0.00448911 0.00669339 0.03354350 0.13133942 0.09949106 0.09794739 0.24140506 0.07839235 0.18620764 0.06383163 0.03884373
12.40248050 10.68510955 0.01016690 0.00467276 0.00511606 0.02605964 0.13546782 0.17133347 0.09056573 0.16300383 0.08831578 0.20690719 0.06097780 0.03741301
12.60252050 10.68194471 0.01355565 0.00430587 0.00544768 0.02856812 0.12938820 0.14629114 0.09816074 0.20451899 0.08223052 0.18011566 0.07191457 0.03550287
12.80256051 10.67027288 0.01500014 0.00532919 0.00569000 0.03126111 0.13624606 0.10241674 0.10132231 0.22684076 0.09030374 0.17923354 0.06879859 0.03755781
13.00260052 10.66305750 0.01179610 0.00490221 0.00578827 0.03127236 0.14713156 0.12142060 0.09359080 0.15488653 0.09148129 0.23571843 0.06289402 0.03911782
13.20264053 10.65119689 0.01295357 0.00493249 0.00496567 0.02869462 0.14591666 0.09988350 0.09474762 0.18116311 0.09303943 0.22453840 0.06536369 0.04380125
13.40268054 10.64950149 0.01148964 0.00526601 0.00574895 0.02584881 0.14099609 0.10762087 0.10313817 0.15855274 0.09174009 0.23829644 0.07285952 0.03844267
13.60272054 10.64497370 0.01118478 0.00569296 0.00367637 0.02564632 0.14199270 0.11378468 0.10514718 0.18171379 0.09792063 0.20473672 0.07124642 0.03725745
13.80276055 10.64964045 0.01013308 0.00516935 0.00373692 0.02626075 0.14974991 0.12809138 0.10270089 0.18718804 0.09188091 0.19141829 0.07049881 0.03317164
14.00280056 10.64065979 0.01147763 0.00508917 0.00513637 0.03070799 0.14087857 0.12790678 0.09819849 0.19114210 0.09616904 0.18489593 0.07166461 0.03673332
14.20284057 10.62784988 0.01245442 0.00517564 0.00561629 0.03183065 0.12913154 0.12047831 0.10723614 0.18917571 0.09826956 0.19480443 0.06818701 0.03764030
14.40288058 10.61624820 0.01247581 0.00480163 0.00625717 0.03082597 0.13173814 0.11755143 0.11447761 0.17683666 0.09276169 0.21283130 0.06622082 0.03322176
14.60292058 10.59491939 0.01347827 0.00562441 0.00651034 0.03652303 0.12677760 0.09853851 0.10463591 0.17919796 0.10884322 0.21697879 0.06411875 0.03877321
14.80296059 10.58994555 0.01057427 0.00514589 0.00559880 0.03355979 0.13376846 0.10415037 0.10225707 0.14521660 0.09755405 0.24407397 0.07727442 0.04082631
15.00300060 10.59074525 0.01432820 0.00536683 0.00484952 0.03257791 0.12826382 0.09241629 0.11182362 0.20925418 0.10263604 0.18594779 0.07390957 0.03862623
15.20304061 10.59276889 0.01182370 0.00554151 0.00587612 0.03260845 0.12617405 0.13081395 0.11963007 0.18026174 0.10667413 0.17916012 0.06798013 0.03345606
15.40308062 10.59259268 0.01101101 0.00507432 0.00559090 0.03172413 0.13330525 0.13990789 0.11463788 0.16759816 0.09829358 0.18491749 0.07468885 0.03325054
15.60312062 10.58509853 0.01400864 0.00545566 0.00604898 0.03463593 0.13703269 0.10242380 0.10823497 0.20574742 0.10696697 0.17414048 0.07030958 0.03499489
15.80316063 10.58395410 0.01161351 0.00527623 0.00622303 0.03254823 0.13459872 0.10767412 0.11313086 0.16293969 0.10346793 0.21509219 0.07152614 0.03590935
16.00320064 10.57391535 0.01236288 0.00532256 0.00575285 0.03168625 0.12862445 0.09730157 0.11940836 0.16416430 0.10292625 0.22107657 0.07171826 0.03965570
16.20324065 10.57230628 0.01140821 0.00559198 0.00644893 0.03442901 0.12826564 0.09528240 0.11454475 0.16244775 0.10943060 0.22132346 0.07416691 0.03666037
16.40328066 10.57183875 0.01336842 0.00505329 0.00647429 0.03675203 0.13651660 0.09979129 0.10880938 0.17963820 0.10684992 0.19812841 0.07077069 0.03784749
16.60332066 10.57194006 0.01034778 0.00514246 0.00562329 0.03214850 0.13887796 0.12695143 0.11264302 0.17373058 0.10718783 0.18340282 0.06814861 0.03579572
16.80336067 10.56992285 0.01200336 0.00531017 0.00563377 0.03527296 0.13354786 0.12126049 0.11670877 0.17844355 0.11324469 0.17827001 0.06718840 0.03311598
17.00340068 10.56025150 0.01237589 0.00517504 0.00606791 0.03429158 0.13865564 0.10508608 0.11544144 0.18619218 0.10768260 0.18346544 0.07304516 0.03252103
17.20344069 10.55195910 0.01084481 0.00517577 0.00534485 0.03176716 0.14591439 0.11047028 0.11193541 0.16181380 0.10816072 0.20476081 0.06881359 0.03499841
17.40348070 10.53907440 0.01407136 0.00503818 0.00567593 0.02633916 0.14916557 0.09166362 0.11134435 0.17952980 0.11247635 0.19935236 0.06797543 0.03736790
17.60352070 10.53586115 0.01080366 0.00484365 0.00610293 0.02826528 0.14071312 0.10757804 0.11803356 0.14639216 0.10873387 0.22099509 0.07367568 0.03386296
17.80356071 10.53723334 0.01307940 0.00486824 0.00546452 0.02793579 0.14013626 0.10220133 0.11851890 0.18163087 0.11367195 0.19061529 0.06680453 0.03507292
18.00360072 10.53777968 0.01168068 0.00497634 0.00491726 0.02625165 0.14964430 0.11523883 0.11189054 0.18550759 0.11422805 0.17607134 0.06526064 0.03433277
18.20364073 10.53656109 0.01019869 0.00480061 0.00600550 0.02634835 0.15149502 0.12913369 0.10824974 0.15983949 0.11138435 0.18665848 0.07207017 0.03381592
18.40368074 10.52412323 0.01105659 0.00545970 0.00366496 0.03490975 0.14603382 0.10207991 0.11308511 0.18304550 0.11559297 0.17877903 0.07182828 0.03446439
18.60372074 10.51938553 0.01023230 0.00519786 0.00430266 0.02817247 0.14528592 0.10441430 0.11817495 0.16524472 0.11243336 0.20075899 0.07290779 0.03287468
18.80376075 10.50549987 0.01223973 0.00530040 0.00620320 0.03244177 0.15216704 0.09769767 0.11290409 0.15487092 0.11750765 0.20061895 0.07412069 0.03392789
19.00380076 10.49818249 0.01009004 0.00600480 0.00542652 0.02629909 0.15239661 0.09630335 0.11198343 0.14909340 0.12703077 0.20843695 0.07258426 0.03435078
19.20384077 10.49020461 0.01035922 0.00555560 0.00396369 0.02719368 0.15244202 0.08941789 0.12033629 0.17257600 0.12284334 0.18425171 0.07682262 0.03423794
19.40388078 10.48068549 0.00966237 0.00545592 0.00479075 0.03139168 0.15002474 0.11029826 0.12265441 0.16346920 0.12734405 0.17363432 0.07252074 0.02875356
19.60392078 10.47846105 0.01003005 0.00564801 0.00491614 0.02902357 0.15362011 0.11079538 0.12009698 0.16023919 0.12809551 0.17070538 0.07653925 0.03029042
19.80396079 10.46787341 0.01118323 0.00535594 0.00383366 0.03127494 0.15613660 0.09281934 0.11736129 0.17662171 0.12404772 0.16755839 0.08309830 0.03070887
20.00400080 10.45648362 0.00969679 0.00588142 0.00468723 0.02709878 0.15381458 0.10020857 0.12318495 0.14965952 0.13053338 0.18844716 0.07858554 0.02820209
20.20404081 10.44322407 0.01123557 0.00555239 0.00417114 0.02422077 0.15501847 0.09373117 0.12902184 0.16352618 0.12652460 0.18101484 0.07588257 0.03010046
20.40408082 10.43699222 0.00882563 0.00566862 0.00295034 0.01996013 0.15273277 0.09316134 0.12725991 0.14642808 0.13165807 0.19863764 0.08068048 0.03203698
20.60412082 10.42952413 0.00961529 0.00587968 0.00330711 0.02045255 0.16093562 0.09192304 0.12394112 0.15799050 0.13218856 0.18360457 0.08105487 0.02910706
20.80416083 10.42462782 0.00979707 0.00597840 0.00290826 0.01955126 0.15917712 0.09844943 0.12562984 0.17172049 0.13201779 0.16090815 0.08319670 0.03066547
21.00420084 10.41250505 0.01152921 0.00589783 0.00660177 0.02128668 0.15352713 0.11046421 0.12494553 0.14609968 0.13545514 0.17427641 0.08017423 0.02974218
21.20424085 10.40299489 0.01177715 0.00602004 0.00686122 0.02561447 0.16028159 0.09413609 0.12265736 0.15990911 0.13374881 0.16832213 0.08129206 0.02937997
21.40428086 10.39871217 0.00861974 0.00606624 0.00387740 0.02910242 0.16180895 0.08728232 0.12460331 0.15298748 0.14019207 0.17921853 0.07932928 0.02691224
21.60432086 10.38489608 0.00995584 0.00577167 0.00416425 0.02556966 0.16741098 0.08190397 0.12731894 0.14925739 0.13975654 0.18091075 0.07774172 0.03023829
21.80436087 10.38218849 0.00969434 0.00596243 0.00527325 0.02164391 0.16338333 0.08617589 0.12560013 0.13711450 0.14140642 0.19244125 0.07964754 0.03165701
22.00440088 10.37906915 0.01142203 0.00569191 0.00633292 0.02471414 0.16160630 0.08279157 0.12769577 0.15702776 0.13795260 0.17316476 0.08505328 0.02654697
22.20444089 10.37209649 0.00957517 0.00566307 0.00385725 0.02566672 0.16587462 0.09509417 0.12808692 0.16237408 0.13796559 0.15642381 0.08040965 0.02900894
22.40448090 10.36931043 0.00759208 0.00557088 0.00324601 0.02652587 0.16913598 0.11107506 0.12477559 0.14233360 0.13834622 0.16699373 0.07817119 0.02623379
22.60452090 10.36537061 0.01095288 0.00555515 0.00401188 0.02882217 0.16889126 0.08498884 0.12586504 0.16308997 0.13897710 0.15787273 0.08071130 0.03026167
22.80456091 10.36107620 0.01009777 0.00568069 0.00495913 0.02064342 0.16228133 0.08617395 0.13201748 0.14432682 0.13975787 0.18287060 0.08226249 0.02892846
23.00460092 10.35649771 0.00964485 0.00575201 0.00380213 0.01971642 0.17223180 0.08580843 0.13143508 0.14680325 0.14155362 0.17521081 0.07702735 0.03101425
23.20464093 10.34737123 0.00995729 0.00567085 0.00478369 0.02081258 0.17351566 0.09106953 0.12702771 0.14097139 0.13796417 0.17982871 0.07982147 0.02857696
23.40468094 10.34618487 0.00881681 0.00583009 0.00428804 0.01888989 0.16465354 0.09489593 0.13038501 0.14280310 0.13857421 0.17807552 0.08455701 0.02823086
23.60472094 10.33820983 0.01021721 0.00576353 0.00411624 0.02358582 0.16895980 0.09033726 0.13309906 0.16592342 0.13523529 0.15228115 0.07894217 0.03153905
23.80476095 10.33130139 0.00877104 0.00584590 0.00440872 0.02468348 0.17103903 0.09940892 0.13086296 0.15013674 0.13941005 0.16465626 0.07284191 0.02793498
24.00480096 10.32026698 0.00999517 0.00558784 0.00442097 0.02504722 0.16998005 0.09165258 0.12731312 0.15268823 0.13652668 0.16915520 0.07859216 0.02904077
24.20484097 10.31075981 0.01081564 0.00564156 0.00542416 0.02610987 0.16895179 0.08832242 0.12581639 0.14763631 0.13757100 0.17707554 0.08001912 0.02661619
24.40488098 10.30115973 0.00987429 0.00553581 0.00416698 0.03029238 0.16982042 0.08303930 0.12690474 0.15405375 0.13785637 0.17526736 0.07588251 0.02730607
24.60492098 10.29904260 0.00964740 0.00568354 0.00408745 0.02779529 0.16662422 0.08507837 0.12799472 0.13902937 0.13883457 0.18569919 0.07886281 0.03066308
24.80496099 10.29098135 0.01004368 0.00569369 0.00494470 0.02246334 0.16645957 0.08024674 0.12941634 0.15226123 0.14228706 0.17277589 0.08214319 0.03126457
25.00500100 10.28625305 0.01055896 0.00574137 0.00517366 0.02744231 0.17043982 0.08695169 0.13047084 0.16515749 0.13911891 0.15361027 0.07822891 0.02710576
25.20504101 10.28274532 0.00813712 0.00589600 0.00338040 0.02205923 0.17101646 0.10159348 0.13388794 0.14041395 0.14354735 0.16197323 0.07965210 0.02844274
25.40508102 10.27543796 0.00964871 0.00566091 0.00406342 0.01860289 0.16669576 0.08823272 0.13601152 0.15673549 0.13999010 0.16194480 0.08564156 0.02677213
25.60512102 10.26901859 0.00946405 0.00629800 0.00379542 0.01829059 0.16635202 0.08265564 0.13951516 0.14547339 0.14488806 0.17538176 0.08094661 0.02693930
25.80516103 10.26139275 0.00885037 0.00609554 0.00288900 0.01771091 0.17138311 0.07800467 0.13784470 0.14829620 0.14350794 0.17754778 0.08316855 0.02470122
26.00520104 10.26010160 0.00863090 0.00596857 0.00323711 0.01647768 0.16880711 0.08056983 0.13876913 0.14656092 0.14549880 0.17685841 0.08295623 0.02566531
26.20524105 10.25657129 0.00870678 0.00605143 0.00386037 0.01645071 0.16708976 0.08946581 0.13827414 0.14042673 0.14925023 0.17489872 0.08133428 0.02419104
26.40528106 10.24909307 0.01096522 0.00561555 0.00488442 0.01798439 0.16806807 0.08709571 0.13593289 0.16090766 0.14241629 0.15939560 0.08196705 0.02476716
26.60532106 10.24043706 0.00956391 0.00588935 0.00438814 0.02290248 0.17151793 0.09095491 0.13763214 0.14930664 0.14552660 0.16405944 0.07343384 0.02482463
26.80536107 10.23372700 0.00817409 0.00550790 0.00267364 0.02163382 0.17440552 0.08364370 0.13368175 0.15170839 0.14029224 0.16972731 0.08211245 0.02643920
27.00540108 10.22860411 0.00864963 0.00564525 0.00375046 0.01993699 0.16937606 0.08029727 0.12946575 0.14484610 0.14574899 0.17755849 0.08576380 0.02896119
27.20544109 10.22453397 0.00955944 0.00559741 0.00424287 0.02319528 0.17058196 0.07955561 0.13244560 0.15236908 0.14751341 0.17111263 0.07986145 0.02396526
27.40548110 10.22143093 0.00885890 0.00563719 0.00443473 0.02386814 0.17247508 0.08458164 0.13343569 0.14469613 0.14921334 0.17034910 0.07523856 0.02721151
27.60552110 10.21715640 0.00892323 0.00545211 0.00409325 0.02112175 0.17381949 0.08712476 0.13454626 0.13753473 0.15037281 0.17385575 0.07580918 0.02734669
27.80556111 10.20875012 0.01100321 0.00527990 0.00504572 0.02726270 0.17141513 0.07429166 0.13262414 0.16357308 0.14984970 0.15241463 0.07683098 0.03040915
28.00560112 10.20619852 0.01016981 0.00535167 0.00598138 0.03007733 0.17119331 0.08749265 0.13113878 0.14170953 0.14856943 0.16215457 0.07974666 0.02641489
28.20564113 10.19928670 0.01023779 0.00542543 0.00507599 0.03087981 0.17029464 0.08331489 0.12866984 0.14630790 0.15059147 0.16304750 0.07701847 0.02913626
28.40568114 10.19333839 0.00999807 0.00519167 0.00531043 0.03093369 0.16616026 0.07956313 0.13075395 0.14940409 0.14862819 0.16747875 0.07726579 0.02931200
28.60572114 10.18714999 0.01118180 0.00532629 0.00683777 0.03100599 0.17155018 0.07880600 0.13234822 0.14281940 0.14891047 0.17051606 0.07386469 0.02683313
28.80576115 10.18169044 0.01063347 0.00553430 0.00597495 0.02874019 0.16875938 0.07684676 0.13522197 0.14882722 0.15178102 0.16490752 0.07470319 0.02807003
29.00580116 10.18062839 0.00841297 0.00549927 0.00422997 0.02899453 0.16448895 0.08187702 0.13307268 0.13955876 0.15058174 0.17019496 0.08435721 0.02873195
29.20584117 10.17275938 0.01053695 0.00561688 0.00596810 0.03115141 0.16850645 0.07791921 0.13053472 0.15332839 0.15243285 0.15573784 0.08090894 0.02735826
29.40588118 10.16846346 0.01013681 0.00553617 0.00616085 0.03392203 0.17118861 0.08470509 0.13036103 0.14421197 0.14947742 0.15921599 0.07743662 0.02764742
29.60592118 10.16220784 0.00960268 0.00560982 0.00539261 0.02886825 0.16747215 0.08111517 0.12975079 0.14649503 0.15486824 0.16626191 0.07629885 0.02826449
29.80596119 10.15319824 0.00930264 0.00553395 0.00488943 0.02897832 0.16897415 0.07834244 0.13095266 0.13772183 0.15183582 0.17133125 0.08070327 0.03143423
30.00600120 10.14911938 0.01075515 0.00591385 0.00583061 0.03005528 0.17183510 0.07574530 0.13129625 0.14243606 0.15975720 0.16511250 0.07519744 0.02606525
30.20604121 10.14172639 0.01090280 0.00578621 0.00530641 0.03068581 0.17471361 0.07534682 0.13174451 0.14757238 0.15650018 0.15754787 0.07525534 0.02863808
30.40608122 10.13781345 0.00918177 0.00563348 0.00544633 0.02861587 0.17315801 0.08563025 0.13287460 0.13111992 0.15236202 0.16669795 0.08197174 0.02730805
30.60612122 10.13257139 0.01065819 0.00583004 0.00541538 0.03369479 0.17039160 0.07572386 0.13241171 0.15141882 0.15940337 0.14952893 0.07996312 0.02556017
30.80616123 10.13054750 0.00871604 0.00531888 0.00430985 0.03274147 0.17942342 0.08008002 0.13693078 0.14356381 0.15189772 0.15422706 0.07842904 0.02436191
31.00620124 10.12300172 0.00942698 0.00573993 0.00500064 0.02800580 0.18110228 0.07981836 0.13234511 0.13267753 0.15791581 0.16043381 0.07689671 0.03063704
31.20624125 10.11238718 0.01064639 0.00520036 0.00605347 0.03398426 0.18119707 0.06782223 0.13686863 0.13936479 0.14862215 0.16222218 0.08211164 0.02590682
31.40628126 10.10680234 0.01071262 0.00551264 0.00637873 0.03329756 0.17622144 0.07338033 0.14261285 0.13593646 0.15448952 0.15769320 0.07516340 0.02860126
31.60632126 10.09867570 0.01064757 0.00548458 0.00630375 0.03154622 0.17685019 0.07995957 0.13797814 0.13669959 0.15394461 0.15317883 0.07974232 0.02766463
31.80636127 10.09166525 0.00898464 0.00566956 0.00511151 0.03878129 0.17659376 0.08001882 0.13054783 0.13118036 0.15415997 0.15618569 0.08502873 0.02773784
32.00640128 10.08604881 0.01100928 0.00578590 0.00678326 0.03838729 0.17267213 0.07371292 0.13376133 0.14692926 0.15777187 0.14663012 0.08000861 0.02654803
32.20644129 10.07853848 0.01115122 0.00549805 0.00749999 0.03600043 0.17437170 0.08033333 0.13685966 0.13429458 0.15559587 0.15298908 0.07567457 0.02973153
32.40648130 10.06888792 0.01129261 0.00593966 0.00679863 0.03530515 0.17431542 0.07353853 0.13195453 0.13538391 0.16086890 0.15845399 0.07492133 0.03122735
32.60652130 10.06039762 0.01114456 0.00573297 0.00735335 0.03881280 0.17388378 0.07107388 0.12555631 0.13762726 0.15758291 0.16125020 0.08124387 0.02873810
32.80656131 10.04957131 0.01025489 0.00575015 0.00673357 0.04354124 0.16735267 0.07789115 0.12945823 0.12948441 0.16360713 0.15926258 0.07783165 0.02883232
33.00660132 10.04697691 0.01126706 0.00551718 0.00623892 0.03776437 0.16616815 0.07318206 0.13555248 0.14375923 0.16124511 0.15024600 0.07751692 0.03154250
33.20664133 10.04489864 0.01007404 0.00562496 0.00600670 0.03621967 0.16425304 0.08192886 0.13443621 0.13192549 0.16503338 0.15554407 0.07865225 0.03030134
33.40668134 10.04227868 0.01100083 0.00554226 0.00755190 0.04009194 0.16822010 0.07954404 0.13356589 0.13708403 0.15853400 0.14945321 0.08013760 0.02927420
33.60672134 10.04032642 0.01114498 0.00547390 0.00626780 0.03647255 0.17339925 0.07771290 0.13453406 0.13777881 0.16401641 0.14380931 0.07457623 0.03481380
33.80676135 10.03232063 0.01236762 0.00537016 0.00806548 0.04431426 0.17095094 0.07460688 0.12996350 0.13139603 0.15877288 0.15343694 0.07894237 0.03181294
34.00680136 10.02764825 0.01108047 0.00531628 0.00811009 0.04996315 0.16449169 0.07205671 0.13121866 0.12980828 0.16034080 0.15496303 0.08263242 0.03001842
34.20684137 10.02055666 0.01116638 0.00530049 0.00681977 0.03680722 0.17493560 0.08184619 0.12966379 0.13283325 0.15942535 0.15088571 0.07867462 0.03164162
34.40688138 10.01863224 0.01045300 0.00570142 0.00655521 0.03190247 0.18115725 0.07916182 0.13239148 0.13832529 0.16128544 0.14452312 0.07746425 0.03107924
34.60692138 10.01189755 0.00948869 0.00569692 0.00584937 0.03332020 0.17313293 0.08248016 0.13426573 0.12820067 0.16210460 0.15156719 0.08479967 0.02909388
34.80696139 10.01093801 0.01028122 0.00570562 0.00534325 0.03300778 0.17271398 0.07542717 0.13947266 0.13774272 0.16209624 0.14668797 0.08401135 0.02751004
35.00700140 10.00723395 0.00873508 0.00582140 0.00446757 0.02761402 0.18239145 0.08254936 0.13442129 0.13229399 0.16465532 0.14947664 0.07871038 0.02886350
35.20704141 10.00378523 0.00960960 0.00607823 0.00478930 0.02608410 0.18257975 0.08106232 0.13118737 0.12968207 0.16580982 0.15183867 0.08434467 0.02693411
35.40708142 9.99412752 0.00848818 0.00593412 0.00396402 0.02554178 0.17443402 0.07506313 0.13637833 0.13226672 0.16460243 0.15673516 0.08665094 0.02994117
35.60712142 9.99028134 0.00957867 0.00613167 0.00428632 0.02610829 0.17739352 0.07706126 0.13783688 0.12938456 0.16439589 0.15114325 0.08624188 0.03043781
35.80716143 9.98745819 0.00944839 0.00619598 0.00551339 0.02655547 0.18456966 0.08035783 0.13580488 0.13312043 0.16846425 0.14512689 0.07696507 0.02787776
36.00720144 9.98498089 0.00922164 0.00591328 0.00503807 0.03020499 0.18314033 0.08211425 0.13448847 0.13161233 0.16358918 0.14300056 0.08486858 0.02680832
36.20724145 9.98094030 0.00944236 0.00592122 0.00485512 0.02868231 0.18066098 0.08235315 0.13813312 0.12908578 0.16503761 0.14258465 0.08424690 0.02899679
36.40728146 9.97646488 0.00981511 0.00581934 0.00541085 0.02886453 0.18394663 0.07911167 0.14126635 0.12874707 0.17004936 0.14203639 0.07691816 0.02801454
36.60732146 9.97160862 0.00999431 0.00555074 0.00614827 0.03024316 0.18814727 0.07339933 0.13717002 0.12708987 0.16235854 0.14576680 0.08277327 0.03135842
36.80736147 9.96891711 0.00895088 0.00582744 0.00461140 0.02845752 0.18076232 0.07378487 0.13212723 0.12454803 0.17092681 0.15462579 0.08435604 0.03102167
37.00740148 9.96807106 0.00870335 0.00542992 0.00428353 0.02723597 0.18389331 0.07839032 0.14360192 0.12180174 0.16373776 0.14926558 0.08133692 0.03231968
37.20744149 9.96295494 0.00939037 0.00563642 0.00517212 0.02810527 0.18215351 0.07652222 0.14326324 0.13572598 0.17187973 0.13822997 0.07706694 0.02685424
37.40748150 9.95935796 0.00820250 0.00537679 0.00449519 0.02479031 0.18208551 0.08362045 0.13999194 0.12394374 0.16878684 0.14099060 0.08575876 0.03195737
37.60752150 9.95269932 0.00826502 0.00541951 0.00452894 0.02464803 0.18440705 0.08455076 0.13744259 0.12640291 0.16841193 0.14174147 0.08631875 0.02786302
37.80756151 9.94095836 0.00861557 0.00560144 0.00502389 0.02672680 0.18081662 0.07428294 0.14510006 0.12903952 0.17051841 0.14201090 0.07996330 0.03230055
38.00760152 9.93555123 0.00871981 0.00559020 0.00435527 0.02234387 0.18419537 0.07425790 0.14753812 0.12438785 0.16850974 0.15000707 0.08216640 0.02792839
38.20764153 9.92053650 0.00868717 0.00597050 0.00466267 0.02073480 0.18273421 0.07061559 0.14252482 0.12379715 0.17401544 0.14997062 0.08275487 0.03353216
38.40768154 9.91684425 0.00882378 0.00564857 0.00490800 0.02683650 0.18645490 0.07790751 0.14195836 0.12051620 0.16803370 0.14670872 0.08590431 0.02629945
38.60772154 9.91082440 0.00843594 0.00610800 0.00423851 0.03351863 0.18963598 0.07983847 0.14266845 0.12582415 0.17492375 0.12886799 0.07866365 0.02727647
38.80776155 9.90577634 0.00935962 0.00580677 0.00444964 0.02661510 0.18783212 0.07776232 0.14323039 0.12608385 0.17233801 0.13374354 0.08479254 0.02798609
39.00780156 9.89094038 0.00916025 0.00591051 0.00456300 0.02519173 0.18701755 0.07893962 0.14018409 0.12394170 0.17200012 0.13650127 0.08688756 0.02970260
39.20784157 9.88189805 0.00932808 0.00609300 0.00537196 0.02836361 0.18184791 0.07725165 0.14293171 0.12722710 0.17897567 0.13489415 0.08015155 0.02756359
39.40788158 9.87536076 0.00884939 0.00582276 0.00469727 0.02989551 0.18509251 0.07527527 0.14330232 0.11907577 0.17540694 0.14088722 0.08237531 0.02931974
39.60792158 9.87343838 0.00822966 0.00618077 0.00424546 0.02973493 0.18785153 0.06938647 0.14297557 0.11364969 0.18173505 0.14309525 0.08325692 0.02965870
39.80796159 9.86569716 0.01053083 0.00590401 0.00698166 0.02972100 0.18858256 0.06911407 0.14595006 0.11272791 0.17568311 0.13829568 0.08788010 0.02862902
40.00800160 9.86254787 0.00997079 0.00598782 0.00621495 0.03160577 0.18973027 0.07420392 0.14162959 0.12042181 0.17870448 0.13362741 0.08194767 0.02595550
40.20804161 9.85681961 0.01027123 0.00586303 0.00599475 0.02910646 0.19277118 0.07778488 0.13680498 0.12320220 0.17699502 0.13060289 0.08356563 0.02703776
40.40808162 9.85251269 0.00941675 0.00552729 0.00553881 0.02747953 0.19042406 0.07903711 0.14294973 0.12213708 0.16910610 0.13127953 0.08599266 0.03111135
40.60812162 9.84501861 0.00994381 0.00576672 0.00627391 0.02981378 0.18529774 0.07861179 0.14741968 0.12178877 0.17421627 0.13168722 0.07929943 0.02988088
40.80816163 9.84028934 0.00934251 0.00576513 0.00446177 0.02697909 0.19273292 0.07544466 0.14453237 0.11907832 0.17435394 0.13715543 0.07861549 0.03153838
41.00820164 9.83368975 0.00923760 0.00575831 0.00463125 0.02514189 0.19067922 0.07224765 0.14664434 0.11730009 0.17432116 0.13997050 0.08459681 0.02947119
41.20824165 9.82994107 0.00863618 0.00579581 0.00469268 0.02632125 0.18795845 0.07312699 0.14799273 0.11471296 0.17512913 0.13970999 0.08712371 0.02880013
41.40828166 9.82497369 0.00908554 0.00570268 0.00457032 0.02644879 0.19345094 0.07306283 0.14760680 0.12012157 0.17463234 0.13349542 0.08260708 0.02921570
41.60832166 9.82672330 0.00840308 0.00586412 0.00470961 0.02280425 0.19448448 0.07934578 0.15070017 0.12124322 0.17578918 0.12701484 0.08116188 0.02847939
41.80836167 9.81392226 0.00782995 0.00555136 0.00445172 0.02481385 0.19358296 0.08265015 0.14815989 0.11797214 0.17173000 0.13157677 0.08297563 0.02870560
42.00840168 9.80856904 0.00846511 0.00554431 0.00427419 0.02717105 0.19165747 0.07775535 0.15360102 0.12031599 0.17233568 0.13117575 0.07886135 0.02884272
42.20844169 9.80155630 0.00906189 0.00575509 0.00516150 0.02542165 0.19571459 0.07564679 0.15036044 0.11726597 0.17503821 0.13514216 0.07513150 0.03030021
42.40848170 9.79147418 0.00943554 0.00563380 0.00562106 0.02230143 0.19390525 0.07122645 0.14792401 0.11520256 0.17135173 0.14309124 0.08518505 0.02912188
42.60852170 9.78959283 0.00722781 0.00595963 0.00329161 0.02020040 0.19490406 0.07144904 0.14708206 0.11704355 0.17533092 0.14255475 0.08472316 0.03023301
42.80856171 9.78755910 0.00746712 0.00577790 0.00298801 0.02068383 0.20205363 0.07645411 0.14636374 0.12322370 0.17518501 0.13361748 0.08061956 0.02556592
43.00860172 9.78276991 0.00828979 0.00577756 0.00430072 0.02070181 0.20187339 0.08224592 0.14756761 0.11843418 0.17516180 0.13105974 0.07961947 0.02496800
43.20864173 9.77346023 0.00898522 0.00561713 0.00424166 0.02037915 0.19378859 0.08016793 0.14844981 0.12385854 0.17301882 0.13301818 0.08512549 0.02334948
43.40868174 9.76400614 0.00919738 0.00574288 0.00442530 0.02841119 0.19186109 0.07467287 0.14713355 0.12281664 0.17576469 0.13233419 0.08149762 0.02614260
43.60872174 9.76150436 0.00962998 0.00579341 0.00602043 0.02711397 0.19862891 0.07553752 0.14787472 0.11666371 0.17230309 0.13418903 0.08139970 0.02484553
43.80876175 9.75803753 0.00938499 0.00588713 0.00458251 0.02657782 0.20207920 0.07503376 0.14529171 0.11430881 0.17224540 0.13520992 0.08249639 0.02690236
44.00880176 9.75139761 0.00857125 0.00583923 0.00505402 0.03014421 0.19364364 0.07303812 0.14813033 0.11331896 0.17078293 0.14012884 0.08360371 0.02774478
44.20884177 9.74317158 0.01060320 0.00568355 0.00656722 0.03097493 0.19282559 0.07400557 0.14839606 0.11763115 0.16949341 0.13606311 0.08160122 0.02615499
44.40888178 9.73876774 0.00889967 0.00598454 0.00476828 0.02473927 0.20041276 0.08271003 0.14460133 0.12032865 0.17264104 0.12858624 0.07836016 0.02796801
44.60892178 9.73423082 0.00757890 0.00607871 0.00326892 0.02158493 0.20050336 0.08342398 0.14532656 0.12008662 0.17258822 0.13315635 0.07950298 0.02690047
44.80896179 9.72902161 0.00896779 0.00577880 0.00432377 0.02385930 0.19292632 0.07637638 0.14865532 0.12261400 0.17242475 0.13284621 0.08621464 0.02501273
45.00900180 9.72507562 0.00795517 0.00597279 0.00380181 0.01993455 0.19234529 0.07905672 0.14985625 0.11757338 0.17737145 0.13915380 0.08245404 0.02452474
45.20904181 9.72129121 0.00809850 0.00587146 0.00325845 0.01945335 0.19995073 0.07567653 0.14877696 0.11395406 0.17365978 0.14050214 0.08374090 0.02705715
45.40908182 9.71661650 0.00720593 0.00576328 0.00307293 0.02212377 0.19578625 0.07744543 0.14918036 0.11561709 0.17689363 0.14195235 0.08237630 0.02258267
45.60912182 9.71185973 0.00833455 0.00550754 0.00307904 0.01887862 0.19226025 0.07812729 0.14810599 0.12032953 0.17564666 0.13798168 0.08647938 0.02526947
45.80916183 9.71072124 0.00870724 0.00563907 0.00356853 0.02060033 0.19538057 0.08021976 0.14899649 0.12185293 0.17687938 0.13490036 0.07910433 0.02415102
46.00920184 9.70346874 0.00855164 0.00569143 0.00433733 0.02020543 0.20018973 0.08192510 0.14890312 0.11954865 0.17342258 0.13267239 0.07779297 0.02675964
46.20924185 9.70120585 0.00823279 0.00559717 0.00360696 0.01958043 0.19892552 0.08292001 0.14726524 0.11993052 0.17157524 0.13517685 0.08463667 0.02255261
46.40928186 9.69354242 0.00807043 0.00577953 0.00292819 0.02065261 0.19610514 0.08442343 0.14714387 0.11544356 0.17689821 0.13634492 0.08007308 0.02613702
46.60932186 9.68446481 0.00850350 0.00572956 0.00438590 0.02403302 0.19690078 0.07820020 0.14942363 0.11696926 0.17094037 0.13909993 0.08100548 0.02480836
46.80936187 9.67873472 0.00957883 0.00563993 0.00432610 0.02000537 0.19529918 0.07804690 0.14662796 0.11814407 0.17253655 0.14331776 0.07789622 0.02858113
47.00940188 9.67168788 0.00758616 0.00566379 0.00225232 0.01964086 0.19860001 0.08083412 0.14770353 0.12350900 0.17331898 0.13716600 0.07671353 0.02701170
47.20944189 9.66288295 0.00883682 0.00554645 0.00400340 0.02467932 0.19367612 0.08507540 0.14422442 0.12286601 0.17539833 0.13221256 0.07715451 0.02632666
47.40948190 9.65291754 0.00957232 0.00532393 0.00541305 0.02424827 0.18859920 0.09111943 0.14558591 0.12015308 0.17500672 0.13280423 0.07748408 0.02468979
47.60952190 9.64202592 0.00885971 0.00523685 0.00339018 0.02455123 0.19657129 0.07649180 0.14678620 0.12640393 0.17070817 0.13414945 0.07869733 0.02815386
47.80956191 9.63729760 0.00839288 0.00581873 0.00378289 0.02637830 0.19602066 0.07200773 0.14546056 0.12043862 0.17753229 0.13913771 0.08116760 0.02386205
48.00960192 9.63529456 0.00810507 0.00540535 0.00420798 0.02548479 0.19705113 0.07626891 0.14985512 0.11606116 0.17406138 0.13835635 0.07962684 0.02551591
48.20964193 9.63203397 0.00810009 0.00561632 0.00369161 0.02216549 0.19948981 0.07849879 0.15097388 0.11409614 0.17679599 0.13698725 0.07912383 0.02446079
48.40968194 9.62649722 0.00790398 0.00560864 0.00372576 0.02402162 0.19373331 0.07694674 0.14806558 0.11522388 0.18068294 0.13507353 0.08190936 0.02710466
48.60972194 9.62010014 0.00837755 0.00567015 0.00446614 0.02667251 0.19800537 0.07294697 0.14779255 0.11746794 0.18344329 0.12879355 0.08108847 0.02527551
48.80976195 9.60875009 0.00816871 0.00580752 0.00447636 0.02741271 0.19966931 0.07415162 0.14855080 0.11456252 0.18350979 0.12925287 0.07846240 0.02597538
49.00980196 9.60126456 0.00815226 0.00563164 0.00448509 0.02640476 0.19438391 0.07796480 0.14926539 0.11228537 0.18066243 0.12827329 0.08605646 0.02643459
49.20984197 9.59470869 0.00877280 0.00563969 0.00564203 0.03021859 0.19160356 0.07526179 0.14743309 0.11408467 0.17863560 0.13357833 0.08268789 0.02644197
49.40988198 9.59063926 0.00937911 0.00564902 0.00542929 0.03050993 0.19466180 0.07423270 0.14234199 0.11400785 0.18296341 0.13515250 0.07638361 0.02928879
49.60992198 9.58399298 0.00952986 0.00538208 0.00631201 0.03088881 0.19131868 0.07373344 0.14570451 0.11180701 0.17902713 0.13464660 0.08456744 0.02708244
49.80996199 9.57209824 0.00952217 0.00618493 0.00579049 0.03497705 0.19065479 0.06974102 0.14515471 0.11605708 0.18541476 0.12665669 0.08059064 0.02925567
50.01000200 9.56722470 0.01092964 0.00565936 0.00639571 0.03725580 0.19633735 0.07635781 0.14416650 0.11494321 0.18297333 0.12413725 0.07686329 0.02398076
50.21004201 9.56400432 0.00959976 0.00550688 0.00633458 0.03485988 0.19910671 0.08045569 0.14003040 0.11004878 0.18205065 0.12219748 0.08130519 0.02850400
50.41008202 9.56128324 0.01146231 0.00570544 0.00712079 0.03457988 0.19553281 0.07078782 0.14338585 0.11625340 0.18597890 0.12392051 0.08139683 0.02387546
50.61012202 9.55670904 0.00938670 0.00560035 0.00524885 0.03435961 0.19771164 0.06858772 0.14393793 0.11136095 0.18081440 0.13107546 0.08393551 0.02798088
50.81016203 9.55217762 0.00917710 0.00591038 0.00519091 0.03358795 0.20069525 0.07181808 0.14118506 0.10728347 0.19112328 0.13123536 0.07708586 0.02570731
51.01020204 9.55106549 0.00920652 0.00551158 0.00524851 0.03067520 0.20263655 0.07403792 0.14516553 0.11007490 0.18479498 0.12209339 0.08589118 0.02466373
51.21024205 9.55150555 0.00836225 0.00578386 0.00488485 0.02992390 0.19750277 0.07430223 0.14362018 0.10795708 0.19033839 0.12772807 0.08475463 0.02484179
