0.00000000 0.00000000 0.00000000 0.00000000 0.00000000 0.00000000 0.00000000 0.00000000 0.00000000 1.00000000 0.00000000 0.00000000 0.00000000 0.00000000
0.10000500 0.00179470 0.02445992 0.00146313 0.00855181 0.10226521 0.10283708 0.14588162 0.01863342 0.39901666 0.06292089 0.07809578 0.01414549 0.04172900
0.20001000 0.00267614 0.00827295 0.00131238 0.00619418 0.05275815 0.14414360 0.22229393 0.05474932 0.20828047 0.08449182 0.13414526 0.02930289 0.05405506
0.30001500 0.00329370 0.00521812 0.00090914 0.00357264 0.03195894 0.14937112 0.24682662 0.06534347 0.16142262 0.08232881 0.15994439 0.05004747 0.04305668
0.40002000 0.00383845 0.00478192 0.00086727 0.00260734 0.02316754 0.16088948 0.23051849 0.07116790 0.14436823 0.08489901 0.18259773 0.05417634 0.03995876
0.50002500 0.00466476 0.00490629 0.00094538 0.00238009 0.02127742 0.17195525 0.19783113 0.07122133 0.14300161 0.09901386 0.18812151 0.05486419 0.04448195
0.60003000 0.00532861 0.00425201 0.00075309 0.00152685 0.01383201 0.17766344 0.17240480 0.08104452 0.14100995 0.09746704 0.20638247 0.05907190 0.04459191
0.70003500 0.00558164 0.00429852 0.00081267 0.00205154 0.01880198 0.18168139 0.15342769 0.08991987 0.11999004 0.09740954 0.21541112 0.06617654 0.05001910
0.80004000 0.00582282 0.00350266 0.00076608 0.00229668 0.01251751 0.18482863 0.15542232 0.09135870 0.09916690 0.09746207 0.22101520 0.07558451 0.05607874
0.90004500 0.00616892 0.00305443 0.00080608 0.00227176 0.01934552 0.19694083 0.15065989 0.09670584 0.08207985 0.08780723 0.22393500 0.08374001 0.05265354
1.00005000 0.00647922 0.00242223 0.00079261 0.00169017 0.01147801 0.20566068 0.15535355 0.10516330 0.07710046 0.09062481 0.20556449 0.08775859 0.05639109
1.10005500 0.00685775 0.00247568 0.00075592 0.00144711 0.01243459 0.21730300 0.15201434 0.11548306 0.07704403 0.08820072 0.19581046 0.08425729 0.05277380
1.20006000 0.00708751 0.00276026 0.00061880 0.00163100 0.01366763 0.22567932 0.16646263 0.12108835 0.07900940 0.08311005 0.17492893 0.08150348 0.04954015
1.30006500 0.00727860 0.00292712 0.00063800 0.00140886 0.01017977 0.23920876 0.16803767 0.12857968 0.08326454 0.08061638 0.15500358 0.08495717 0.04517845
1.40007000 0.00764612 0.00270373 0.00077679 0.00092930 0.00575818 0.25315527 0.17022123 0.13015660 0.08327314 0.08638323 0.13908158 0.08752811 0.04003284
1.50007500 0.00803496 0.00418366 0.00073590 0.00188685 0.01647767 0.25813109 0.16638585 0.13504653 0.09034592 0.07994646 0.11649396 0.09414002 0.03622609
1.60008000 0.00846081 0.00334144 0.00079411 0.00131691 0.01073179 0.26500748 0.17045756 0.14135119 0.08422583 0.08948145 0.10331975 0.09336576 0.03660671
1.70008500 0.00865656 0.00332819 0.00064998 0.00158751 0.01486263 0.27508411 0.16989020 0.14533877 0.07558135 0.08987838 0.09486710 0.09304876 0.03588302
1.80009000 0.00873280 0.00282193 0.00067407 0.00086526 0.00801168 0.28850936 0.16007276 0.14964797 0.07765983 0.08656021 0.08710283 0.10460839 0.03346570
1.90009500 0.00881388 0.00247757 0.00075377 0.00091446 0.00723917 0.30382878 0.15060447 0.15325207 0.06767817 0.08868149 0.08221728 0.10748389 0.03486890
2.00010001 0.00962682 0.00263877 0.00062886 0.00133609 0.00986854 0.32069216 0.13484548 0.15826208 0.06893228 0.08453702 0.08067436 0.10187988 0.03570447
2.10010501 0.01002215 0.00213923 0.00066556 0.00120067 0.00737869 0.32559316 0.12337384 0.17033867 0.06062544 0.08039819 0.08104683 0.10900442 0.03823531
2.20011001 0.01012465 0.00240525 0.00058718 0.00141638 0.01699902 0.32755744 0.11569165 0.17146759 0.05340514 0.07912334 0.08315246 0.11326445 0.03493010
2.30011501 0.01028053 0.00213072 0.00069746 0.00128910 0.00886528 0.33265080 0.10642607 0.17467678 0.04789898 0.07934203 0.08701240 0.12463293 0.03437743
2.40012001 0.01060285 0.00211635 0.00055678 0.00138008 0.00942311 0.33225603 0.10926343 0.17391556 0.04369497 0.07502212 0.08740898 0.13024950 0.03471309
2.50012501 0.01081449 0.00142937 0.00054191 0.00093568 0.00367750 0.33340894 0.11172838 0.17229719 0.04021916 0.07732807 0.08975312 0.13042388 0.03825678
2.60013001 0.01138110 0.00200526 0.00046527 0.00137069 0.01790641 0.32995138 0.10679527 0.18469589 0.03667187 0.07220386 0.08964454 0.12868360 0.02960596
2.70013501 0.01159725 0.00140708 0.00054483 0.00086317 0.00450909 0.32971237 0.10883802 0.18712793 0.03876204 0.07388759 0.08577410 0.13672728 0.03184650
2.80014001 0.01176449 0.00174506 0.00051343 0.00060560 0.00599918 0.33048574 0.10714968 0.19065960 0.04543428 0.07568748 0.08124631 0.13265376 0.02781991
2.90014501 0.01171988 0.00165515 0.00054651 0.00084808 0.00978934 0.33907277 0.10031764 0.19019907 0.04166277 0.07905183 0.07507697 0.13312981 0.02865004
3.00015001 0.01188501 0.00182292 0.00050729 0.00116066 0.01344111 0.34135011 0.10229579 0.19249908 0.03911242 0.07091717 0.07258322 0.13872635 0.02558388
3.10015501 0.01211117 0.00146031 0.00061674 0.00074005 0.00629931 0.34620100 0.09757227 0.19669521 0.03934936 0.07308187 0.06841470 0.14340518 0.02616401
3.20016001 0.01228380 0.00195779 0.00047662 0.00122105 0.01148638 0.34534152 0.09971388 0.20245214 0.03724571 0.06757726 0.06693584 0.14215247 0.02343935
3.30016501 0.01251029 0.00187102 0.00050923 0.00076265 0.00687281 0.35425715 0.09244969 0.20610551 0.04551223 0.07161320 0.05638569 0.14151491 0.02214591
3.40017001 0.01327016 0.00145212 0.00048491 0.00034663 0.00225474 0.35490070 0.09829687 0.21143508 0.03916300 0.07328959 0.05507322 0.14188971 0.02141342
3.50017501 0.01330973 0.00143210 0.00045135 0.00053715 0.00396666 0.35784546 0.09470624 0.21266704 0.03771084 0.06770478 0.05614719 0.14533137 0.02149981
3.60018001 0.01341089 0.00162203 0.00047308 0.00075143 0.01141334 0.36647262 0.09184502 0.21530546 0.03255627 0.06264571 0.05021454 0.14710313 0.01959737
3.70018501 0.01334257 0.00109649 0.00043206 0.00056947 0.00380892 0.36740080 0.08828668 0.21898802 0.03061255 0.06053599 0.05061481 0.15264313 0.02501107
3.80019001 0.01343746 0.00144880 0.00041118 0.00063992 0.01117853 0.36391618 0.07782539 0.22668715 0.03366133 0.05768851 0.05086408 0.15529698 0.02038195
3.90019501 0.01354931 0.00123815 0.00045934 0.00062060 0.00648127 0.36677148 0.07476193 0.23207220 0.02858181 0.05712996 0.05077543 0.16156702 0.01954081
4.00020001 0.01456645 0.00142142 0.00045330 0.00079115 0.00808438 0.36896135 0.06804385 0.23567721 0.02852409 0.06074495 0.04591791 0.16416318 0.01721720
4.10020501 0.01473764 0.00103997 0.00046096 0.00064874 0.00416088 0.36636861 0.06916414 0.23594564 0.02565323 0.06414666 0.04565852 0.16507813 0.02167452
4.20021001 0.01495638 0.00126454 0.00049346 0.00101866 0.00806115 0.37024695 0.05993695 0.23567959 0.02648567 0.06418839 0.04124425 0.16939161 0.02198879
4.30021501 0.01516401 0.00116642 0.00046329 0.00060072 0.01073027 0.37195604 0.06502542 0.23906657 0.02544582 0.06281536 0.03615691 0.17169874 0.01487443
4.40022001 0.01513394 0.00108809 0.00045254 0.00066294 0.00349630 0.37439100 0.06472465 0.24246439 0.02412468 0.06223737 0.03480928 0.17445470 0.01709406
4.50022501 0.01518173 0.00120578 0.00046953 0.00081588 0.00678369 0.37740746 0.05773101 0.24420439 0.02139960 0.06549082 0.03368194 0.17642779 0.01438209
4.60023001 0.01520171 0.00127761 0.00039244 0.00069110 0.00544581 0.38106269 0.05459921 0.24582624 0.02349173 0.06117426 0.03138829 0.17954438 0.01510626
4.70023501 0.01546337 0.00094229 0.00039373 0.00040316 0.00437765 0.38147836 0.05254985 0.24757989 0.02477000 0.05953951 0.03137358 0.18100851 0.01558348
4.80024001 0.01571710 0.00115835 0.00043342 0.00072963 0.00644382 0.38584187 0.05112947 0.24772285 0.02028875 0.06370592 0.02999106 0.18029594 0.01225892
4.90024501 0.01584870 0.00045049 0.00052899 0.00032423 0.00052645 0.39368054 0.04520895 0.25117854 0.01613296 0.06700014 0.02737548 0.18161179 0.01598144
5.00025001 0.01589340 0.00063914 0.00045783 0.00041928 0.00690309 0.39699647 0.04217313 0.25490157 0.01221426 0.06779297 0.02399576 0.18185117 0.01165533
5.10025501 0.01610831 0.00062055 0.00039175 0.00040336 0.00403328 0.40255813 0.04370977 0.25236913 0.01272476 0.06170337 0.02662742 0.18297761 0.01188085
5.20026001 0.01627301 0.00043117 0.00035173 0.00016986 0.00026203 0.40415160 0.04846629 0.25613868 0.01327648 0.05326462 0.02643658 0.18609337 0.01095760
5.30026501 0.01674394 0.00054990 0.00043307 0.00027318 0.00555156 0.40437047 0.04243553 0.25655684 0.01035765 0.05771304 0.02511603 0.18692658 0.00971615
5.40027001 0.01722117 0.00050702 0.00039423 0.00028915 0.00279851 0.40701018 0.03990786 0.25331103 0.01091469 0.05719508 0.02885295 0.18608948 0.01272982
5.50027501 0.01746263 0.00056647 0.00044032 0.00037324 0.00374674 0.41161464 0.03564570 0.24998315 0.01027949 0.05662615 0.02790442 0.19133573 0.01148395
5.60028001 0.01852134 0.00031664 0.00052046 0.00018986 0.00035742 0.40895206 0.03415503 0.25046823 0.00927430 0.06404580 0.02559092 0.19401345 0.01211584
5.70028501 0.01864878 0.00070461 0.00041186 0.00044371 0.00331879 0.40726657 0.03545143 0.25356607 0.01101478 0.05987739 0.02199049 0.19687811 0.00907619
5.80029001 0.01927933 0.00098229 0.00039029 0.00054815 0.00694659 0.40291301 0.03646096 0.25282815 0.01770652 0.05621688 0.01725335 0.19765167 0.01010214
5.90029501 0.01946749 0.00077770 0.00041499 0.00035368 0.00190797 0.40763434 0.03707808 0.25373961 0.01340649 0.05351516 0.02338807 0.19869589 0.00908801
6.00030002 0.01946395 0.00041158 0.00036781 0.00024246 0.00081264 0.41110195 0.03406637 0.26132267 0.01168401 0.05196621 0.02093645 0.19724135 0.00984648
6.10030502 0.01970190 0.00074405 0.00038065 0.00079835 0.00833087 0.41122656 0.02757731 0.26097317 0.01076165 0.04774850 0.02113033 0.19767111 0.01265745
6.20031002 0.01991106 0.00053648 0.00033884 0.00069116 0.00286267 0.41423265 0.02874226 0.26086273 0.00992276 0.04776494 0.01921796 0.19880085 0.01602671
6.30031502 0.02000007 0.00079156 0.00029913 0.00060310 0.00474347 0.41903188 0.02996335 0.26261208 0.01248409 0.04581872 0.01912529 0.19623820 0.00828913
6.40032002 0.02005475 0.00056469 0.00029818 0.00040612 0.00339341 0.41959578 0.03187238 0.26234701 0.00976840 0.04595557 0.01916230 0.19780346 0.00883272
6.50032502 0.02060332 0.00092910 0.00028851 0.00052560 0.00539434 0.42357428 0.02980963 0.26100824 0.01732195 0.03744734 0.01851788 0.19768163 0.00750150
6.60033002 0.02090669 0.00107648 0.00031296 0.00083879 0.01081540 0.42963680 0.02546306 0.25949662 0.01299803 0.03832425 0.01814900 0.19622939 0.00665924
6.70033502 0.02089304 0.00073087 0.00036161 0.00058217 0.00406956 0.43545384 0.02487059 0.26115940 0.01086885 0.03423708 0.02046888 0.19678808 0.01040909
6.80034002 0.02082515 0.00046925 0.00027309 0.00022400 0.00143807 0.43747952 0.02585204 0.26308209 0.01410779 0.03286441 0.02116515 0.19630089 0.00674370
6.90034502 0.02089168 0.00032811 0.00025008 0.00010338 0.00021633 0.43729106 0.02855128 0.26527147 0.01142820 0.03179109 0.02118962 0.19739629 0.00618307
7.00035002 0.02087658 0.00078172 0.00021258 0.00057794 0.00446762 0.44279333 0.02443351 0.26520490 0.01187566 0.02691180 0.02184348 0.19487740 0.00602007
7.10035502 0.02098520 0.00098120 0.00019762 0.00075255 0.00929853 0.44010117 0.02257724 0.26513668 0.01235147 0.02720720 0.01968326 0.19535732 0.00635575
7.20036002 0.02092240 0.00066886 0.00026911 0.00045676 0.00400423 0.44518229 0.02430356 0.26501080 0.01101957 0.02524511 0.01767903 0.20029269 0.00586798
7.30036502 0.02092971 0.00060617 0.00024944 0.00047347 0.00400532 0.44488748 0.02812029 0.26497067 0.00860420 0.02722056 0.01295037 0.20067185 0.00724019
7.40037002 0.02098798 0.00035042 0.00025455 0.00019219 0.00208195 0.44624395 0.02566304 0.26465151 0.00787815 0.02712534 0.01560975 0.20372465 0.00622449
7.50037502 0.02092252 0.00044240 0.00022738 0.00024939 0.00151621 0.44724947 0.02449033 0.26561833 0.00859234 0.02730639 0.01672603 0.20159844 0.00598331
7.60038002 0.02107987 0.00066072 0.00020071 0.00052739 0.00750348 0.44740714 0.02660128 0.26398838 0.00863196 0.02716691 0.01271073 0.19923686 0.00536444
7.70038502 0.02114549 0.00061095 0.00017026 0.00031771 0.00255361 0.44876350 0.03339484 0.26446290 0.00869281 0.02520378 0.01254378 0.19739956 0.00588630
7.80039002 0.02142160 0.00032211 0.00016839 0.00009222 0.00021497 0.45083331 0.03524555 0.26453924 0.00816087 0.02477838 0.01434196 0.19568068 0.00562232
7.90039502 0.02156756 0.00032861 0.00023410 0.00020792 0.00135219 0.45718813 0.02696783 0.26225690 0.00775384 0.02789700 0.01373448 0.19442387 0.00765513
8.00040002 0.02147047 0.00033848 0.00017994 0.00020898 0.00395619 0.45788534 0.02568043 0.26406180 0.00687136 0.02599006 0.01287701 0.19388286 0.00806756
8.10040502 0.02150120 0.00040345 0.00020886 0.00005436 0.00026718 0.46075976 0.02521259 0.26571709 0.00987680 0.02457852 0.01204837 0.19473576 0.00613725
8.20041002 0.02157177 0.00025019 0.00019618 0.00005738 0.00014482 0.46192763 0.02876876 0.26590635 0.00741557 0.02129017 0.01295781 0.19467966 0.00640547
8.30041502 0.02152788 0.00026712 0.00018963 0.00005201 0.00022369 0.46536029 0.02641254 0.26617680 0.00807467 0.02157435 0.01260440 0.19269894 0.00636558
8.40042002 0.02141252 0.00027236 0.00021843 0.00004659 0.00213194 0.46611329 0.02329811 0.26791769 0.00894522 0.01814142 0.01324140 0.19360918 0.00606438
8.50042502 0.02146274 0.00019357 0.00018226 0.00005427 0.00017659 0.47070546 0.02458898 0.26783789 0.00601679 0.01665854 0.01492976 0.19261585 0.00604003
8.60043002 0.02147667 0.00025038 0.00016282 0.00012406 0.00137303 0.47086249 0.02355605 0.26765938 0.00591401 0.01829729 0.01436877 0.19101802 0.00641371
8.70043502 0.02148673 0.00016794 0.00018683 0.00005325 0.00016411 0.47693833 0.02070862 0.26600562 0.00434167 0.01985001 0.01323036 0.19301921 0.00533406
8.80044002 0.02153648 0.00022414 0.00019776 0.00005348 0.00018927 0.47725121 0.02026384 0.26607992 0.00640558 0.01983151 0.01194379 0.19263960 0.00491989
8.90044502 0.02162262 0.00018674 0.00013908 0.00005571 0.00016112 0.47790511 0.02218118 0.26628538 0.00470269 0.01970880 0.01162862 0.19196163 0.00508395
9.00045002 0.02160442 0.00026291 0.00012405 0.00013677 0.00336195 0.47802302 0.02316049 0.26603311 0.00494275 0.01730549 0.01060643 0.19051433 0.00552870
9.10045502 0.02151014 0.00020851 0.00015321 0.00014822 0.00024788 0.48086539 0.02462857 0.26453058 0.00473523 0.01800955 0.01077106 0.18844127 0.00726054
9.20046002 0.02159847 0.00030569 0.00014051 0.00027606 0.00391704 0.48374892 0.02118740 0.26325694 0.00481911 0.01584788 0.00945134 0.18900574 0.00804336
9.30046502 0.02150597 0.00039279 0.00014592 0.00016791 0.00200325 0.48652418 0.02329912 0.26338641 0.00639390 0.01585144 0.00871692 0.18809206 0.00502611
9.40047002 0.02144114 0.00019698 0.00014121 0.00021424 0.00023130 0.48725811 0.02332334 0.26336417 0.00544053 0.01628062 0.00832976 0.18695589 0.00826386
9.50047502 0.02141441 0.00037875 0.00017023 0.00030397 0.00549973 0.49021121 0.01887948 0.26318329 0.00466181 0.01484653 0.00872653 0.18758875 0.00554973
9.60048002 0.02143638 0.00040639 0.00020018 0.00037525 0.00269603 0.49528127 0.01575593 0.26357426 0.00462319 0.01505145 0.00993051 0.18589284 0.00621270
9.70048502 0.02131529 0.00033877 0.00017342 0.00023457 0.00139709 0.49481814 0.01517649 0.26568783 0.00603950 0.01651118 0.00957492 0.18480944 0.00523865
9.80049002 0.02124387 0.00014863 0.00012747 0.00016677 0.00014700 0.49810080 0.01812955 0.26393463 0.00430587 0.01597552 0.00928240 0.18386158 0.00581979
9.90049502 0.02077906 0.00031128 0.00016052 0.00029647 0.00156760 0.50080441 0.01770172 0.26249281 0.00334184 0.01772277 0.00830988 0.18281949 0.00447121
10.00050003 0.02072339 0.00014624 0.00013005 0.00007999 0.00015402 0.50114422 0.01761005 0.26252815 0.00363272 0.01739682 0.01031159 0.18280077 0.00406539
10.10050503 0.02075464 0.00026070 0.00012378 0.00017364 0.00187943 0.50109675 0.01594953 0.26236235 0.00334534 0.01761679 0.01033969 0.18280034 0.00405167
10.20051003 0.02072966 0.00013857 0.00012627 0.00003705 0.00008673 0.50125300 0.01816436 0.26226074 0.00353176 0.01729853 0.00964777 0.18306146 0.00439377
10.30051503 0.02063097 0.00020048 0.00016562 0.00011594 0.00134086 0.50352799 0.01540814 0.26067964 0.00380430 0.01727261 0.00896204 0.18435414 0.00416824
10.40052003 0.02062313 0.00014236 0.00013876 0.00004097 0.00008858 0.50410171 0.01722015 0.26286870 0.00376806 0.01551180 0.00866048 0.18337903 0.00407940
10.50052503 0.02100995 0.00013094 0.00014538 0.00003006 0.00008979 0.50903052 0.01587398 0.26196913 0.00377402 0.01552948 0.00818672 0.18132549 0.00391450
10.60053003 0.02130669 0.00013161 0.00019186 0.00002451 0.00009318 0.50846078 0.01489765 0.26161502 0.00390638 0.01765298 0.00723634 0.18207935 0.00371033
10.70053503 0.02126330 0.00018869 0.00015021 0.00011934 0.00026735 0.50857293 0.01319038 0.26181581 0.00478218 0.01754948 0.00637197 0.18191157 0.00508010
10.80054003 0.02223570 0.00029830 0.00015639 0.00014482 0.00146229 0.50714638 0.01249102 0.26185795 0.00618164 0.01928392 0.00618893 0.18155535 0.00323299
10.90054503 0.02215579 0.00016166 0.00014134 0.00003252 0.00018350 0.50748736 0.01103293 0.26578362 0.00462615 0.01930479 0.00718952 0.18128289 0.00277372
11.00055003 0.02213712 0.00013915 0.00014402 0.00002050 0.00008859 0.50818107 0.01144200 0.26562136 0.00438692 0.01896813 0.00699566 0.18108543 0.00292717
11.10055503 0.02206405 0.00024094 0.00012895 0.00016482 0.00146979 0.50901468 0.01045023 0.26576958 0.00349981 0.01849761 0.00738270 0.18058919 0.00279171
11.20056003 0.02199777 0.00011240 0.00012506 0.00002616 0.00205778 0.50978403 0.01058048 0.26561946 0.00353333 0.01834490 0.00693763 0.18012654 0.00275220
11.30056503 0.02197046 0.00028785 0.00014366 0.00020304 0.00138251 0.51002541 0.01060112 0.26559624 0.00403117 0.01512904 0.00864233 0.18110565 0.00285198
11.40057003 0.02290660 0.00026927 0.00015695 0.00017242 0.00176630 0.50854183 0.01246520 0.26363380 0.00401123 0.01544927 0.00832595 0.18221816 0.00298964
11.50057503 0.02289219 0.00035757 0.00016396 0.00019478 0.00139799 0.51247381 0.00991074 0.26343905 0.00496162 0.01577462 0.00656258 0.18214856 0.00261472
11.60058003 0.02281797 0.00016445 0.00013881 0.00004708 0.00018282 0.51365070 0.01180292 0.26140779 0.00390475 0.01538283 0.00925857 0.18141987 0.00263942
11.70058503 0.02285576 0.00009609 0.00015873 0.00004422 0.00004979 0.51122030 0.01314315 0.26533738 0.00155582 0.01554407 0.00865917 0.18173952 0.00245176
11.80059003 0.02313248 0.00009947 0.00016144 0.00002945 0.00006505 0.51039797 0.01244661 0.26480336 0.00212617 0.01700792 0.00813282 0.18162931 0.00310042
11.90059503 0.02311879 0.00010337 0.00011741 0.00001843 0.00006660 0.51038213 0.01190926 0.26482602 0.00256989 0.01644983 0.00784262 0.18222461 0.00348983
12.00060003 0.02310451 0.00013832 0.00009409 0.00012925 0.00203061 0.51003996 0.01174087 0.26464583 0.00275487 0.01292977 0.00777558 0.18229035 0.00543050
12.10060503 0.02305989 0.00043807 0.00009796 0.00051924 0.00322851 0.50939729 0.00917000 0.26297353 0.00224834 0.01290584 0.00778521 0.18262538 0.00861062
12.20061003 0.02301584 0.00013500 0.00013208 0.00007735 0.00011502 0.51236563 0.01012777 0.26324869 0.00413141 0.01320533 0.00946028 0.18304827 0.00395318
12.30061503 0.02298463 0.00014701 0.00013605 0.00009045 0.00190585 0.51336104 0.00875763 0.26511820 0.00250740 0.01308021 0.00804646 0.18430450 0.00254520
12.40062003 0.02296165 0.00009503 0.00011656 0.00002596 0.00006137 0.51249947 0.01097372 0.26492890 0.00294397 0.01309094 0.00730560 0.18536414 0.00259435
12.50062503 0.02323562 0.00010670 0.00011941 0.00002121 0.00007124 0.51111652 0.01118593 0.26621053 0.00344354 0.01306549 0.00655059 0.18548805 0.00262078
12.60063003 0.02324491 0.00010371 0.00011448 0.00009662 0.00008767 0.51456411 0.01067647 0.26411305 0.00317059 0.01156690 0.00539549 0.18564145 0.00446945
12.70063503 0.02435035 0.00017199 0.00014136 0.00011529 0.00121475 0.51817980 0.00960989 0.26368978 0.00348945 0.00841031 0.00494131 0.18757875 0.00245732
12.80064003 0.02436212 0.00024759 0.00011543 0.00017756 0.00130871 0.51705610 0.00994880 0.26349066 0.00363064 0.00860129 0.00438412 0.18873653 0.00230258
12.90064503 0.02430293 0.00010601 0.00011324 0.00003485 0.00005846 0.51561663 0.01216706 0.26319677 0.00260134 0.01023552 0.00513290 0.18883784 0.00189939
13.00065003 0.02430109 0.00009036 0.00007948 0.00002691 0.00005907 0.51425338 0.01285847 0.26303695 0.00213878 0.00812872 0.00463643 0.19050147 0.00418998
13.10065503 0.02434465 0.00016361 0.00007050 0.00008391 0.00012269 0.51318491 0.00912166 0.26299593 0.00405697 0.00779972 0.00654828 0.19194893 0.00390288
13.20066003 0.02431903 0.00012784 0.00007210 0.00005857 0.00008944 0.51238538 0.00939490 0.26306580 0.00365779 0.00775127 0.00726961 0.19272544 0.00340185
13.30066503 0.02492609 0.00019543 0.00008208 0.00013760 0.00138150 0.51019508 0.00889737 0.26514753 0.00321601 0.00779517 0.00732035 0.19278015 0.00285174
13.40067003 0.02490046 0.00007887 0.00007960 0.00010925 0.00013946 0.50960643 0.00902645 0.26523065 0.00276686 0.00784347 0.00748570 0.19323985 0.00439340
13.50067503 0.02487273 0.00018860 0.00009558 0.00018791 0.00181319 0.50857499 0.00709555 0.26925308 0.00248087 0.00662412 0.00710266 0.19345222 0.00313122
13.60068003 0.02498248 0.00009330 0.00008821 0.00006817 0.00011889 0.50751476 0.00974112 0.26711797 0.00275452 0.00667897 0.00880078 0.19460009 0.00242322
13.70068503 0.02499242 0.00016906 0.00008497 0.00010619 0.00022623 0.50652049 0.00855981 0.26644989 0.00433546 0.00667105 0.00674082 0.19627361 0.00386244
13.80069003 0.02498372 0.00010165 0.00009108 0.00006263 0.00008477 0.50762902 0.00879370 0.26773550 0.00378313 0.00497480 0.00609947 0.19756960 0.00307466
13.90069503 0.02512537 0.00009184 0.00008267 0.00004513 0.00007903 0.50695979 0.00958018 0.26766064 0.00351515 0.00491547 0.00632873 0.19838143 0.00235994
14.00070004 0.02515354 0.00009305 0.00008075 0.00002944 0.00007010 0.50844073 0.00999465 0.26754015 0.00349140 0.00327736 0.00616481 0.19866101 0.00215656
14.10070504 0.02514644 0.00008098 0.00010525 0.00001784 0.00005567 0.50797393 0.00876375 0.26712149 0.00300508 0.00330267 0.00595688 0.20149666 0.00211979
14.20071004 0.02513750 0.00008461 0.00008104 0.00001456 0.00005609 0.50726593 0.00864411 0.26681774 0.00302863 0.00348111 0.00590468 0.20235418 0.00226731
14.30071504 0.02607497 0.00020499 0.00007314 0.00013428 0.00180998 0.50493280 0.00859257 0.26656907 0.00304617 0.00360868 0.00590047 0.20281632 0.00231154
14.40072004 0.02718509 0.00024461 0.00010493 0.00020022 0.00169477 0.50082068 0.00747967 0.26836532 0.00183542 0.00536180 0.00633911 0.20534727 0.00220619
14.50072504 0.02712832 0.00019318 0.00011194 0.00021831 0.00232082 0.49998974 0.00807593 0.26842862 0.00152664 0.00523889 0.00351329 0.20823081 0.00215184
14.60073004 0.02713173 0.00005019 0.00010108 0.00002621 0.00003302 0.50147354 0.01000042 0.26871229 0.00088925 0.00561805 0.00318310 0.20809504 0.00181780
14.70073504 0.02710540 0.00005615 0.00012416 0.00001556 0.00003747 0.50091577 0.00958065 0.26889697 0.00115161 0.00740737 0.00307133 0.20665573 0.00208723
14.80074004 0.02712170 0.00012692 0.00011098 0.00001265 0.00008575 0.50052966 0.00800891 0.26769793 0.00308192 0.00720191 0.00268916 0.20845952 0.00199469
14.90074504 0.02837230 0.00004996 0.00009611 0.00014331 0.00008018 0.50050713 0.00660123 0.26795758 0.00106880 0.00708034 0.00249416 0.20835884 0.00556236
15.00075004 0.02831148 0.00027973 0.00011188 0.00026827 0.00304396 0.49973686 0.00549285 0.26809127 0.00124228 0.00902596 0.00215663 0.20903403 0.00151627
15.10075504 0.02833156 0.00030052 0.00008942 0.00028567 0.00275781 0.49891456 0.00626050 0.26808319 0.00121695 0.00870048 0.00177254 0.21021235 0.00140601
15.20076004 0.02833989 0.00032652 0.00009128 0.00026570 0.00264226 0.50026377 0.00470972 0.26795182 0.00119836 0.00844923 0.00160768 0.21124390 0.00124975
15.30076504 0.02831833 0.00011037 0.00008953 0.00000790 0.00009643 0.49987909 0.00467386 0.26975255 0.00236780 0.00842067 0.00162937 0.21185817 0.00111427
15.40077004 0.02826094 0.00004707 0.00008989 0.00001455 0.00004983 0.50173503 0.00361207 0.26777478 0.00173426 0.00839766 0.00363598 0.21200264 0.00090624
15.50077504 0.02822505 0.00005437 0.00008445 0.00002064 0.00008177 0.50149964 0.00375776 0.26619753 0.00171553 0.00841205 0.00535564 0.21180633 0.00101429
15.60078004 0.02908493 0.00004864 0.00010379 0.00000761 0.00002978 0.49975129 0.00375178 0.26614674 0.00202197 0.00849279 0.00499050 0.21350539 0.00114972
15.70078504 0.02909233 0.00011982 0.00009558 0.00001561 0.00014008 0.49927047 0.00270344 0.26614650 0.00331920 0.00863960 0.00470396 0.21384785 0.00099789
15.80079004 0.02913854 0.00005040 0.00008956 0.00002168 0.00005641 0.49871046 0.00353780 0.26612402 0.00169614 0.00863649 0.00596816 0.21443946 0.00066940
15.90079504 0.02911177 0.00005046 0.00008350 0.00001011 0.00002358 0.49831345 0.00352596 0.26613804 0.00207892 0.00850786 0.00539375 0.21495716 0.00091722
16.00080004 0.02906653 0.00005658 0.00007881 0.00000719 0.00003084 0.49827421 0.00364622 0.26623746 0.00233028 0.00835877 0.00487073 0.21505075 0.00105816
16.10080504 0.02915840 0.00017715 0.00008924 0.00002537 0.00017599 0.50048566 0.00143017 0.26481665 0.00483640 0.00824291 0.00479869 0.21436554 0.00055622
16.20081004 0.02924388 0.00026516 0.00012156 0.00012948 0.00191063 0.49941922 0.00177152 0.26637895 0.00397845 0.00661316 0.00334467 0.21546711 0.00060010
16.30081504 0.02912354 0.00004790 0.00011182 0.00000531 0.00002111 0.49969092 0.00213714 0.26836713 0.00256886 0.00682948 0.00268300 0.21500064 0.00253668
16.40082004 0.02887416 0.00021062 0.00009129 0.00027018 0.00293448 0.49966458 0.00203054 0.26652209 0.00157985 0.00547746 0.00472479 0.21424458 0.00224954
16.50082504 0.02891703 0.00003374 0.00009205 0.00002584 0.00002124 0.50340275 0.00183755 0.26776622 0.00138715 0.00505214 0.00410423 0.21368685 0.00259026
16.60083004 0.02900725 0.00005073 0.00010812 0.00001950 0.00006839 0.50326246 0.00181038 0.26561665 0.00157269 0.00506161 0.00575170 0.21595116 0.00072661
16.70083504 0.02925146 0.00017821 0.00008815 0.00017134 0.00316707 0.50077329 0.00381220 0.26309935 0.00215833 0.00510176 0.00554494 0.21493744 0.00096791
16.80084004 0.02937066 0.00019008 0.00012640 0.00015894 0.00169559 0.50159129 0.00360732 0.26508662 0.00166710 0.00713097 0.00387169 0.21406472 0.00080928
16.90084504 0.03076001 0.00011224 0.00010616 0.00002090 0.00004184 0.50168950 0.00505404 0.26694749 0.00290229 0.00687969 0.00322476 0.21237716 0.00064394
17.00085004 0.03171346 0.00009462 0.00008627 0.00002002 0.00005979 0.50092356 0.00497019 0.26864168 0.00267648 0.00517744 0.00519190 0.21117105 0.00098702
17.10085504 0.03172720 0.00013784 0.00007680 0.00000894 0.00013966 0.50134954 0.00469597 0.26830657 0.00363414 0.00514880 0.00417306 0.21111830 0.00121040
17.20086004 0.03174547 0.00005036 0.00007909 0.00000591 0.00002639 0.50355647 0.00449374 0.26792853 0.00205685 0.00513371 0.00408512 0.21130219 0.00128163
17.30086504 0.03171311 0.00005337 0.00007464 0.00000912 0.00003157 0.50377280 0.00444490 0.26765459 0.00210555 0.00511586 0.00411813 0.21138211 0.00123735
17.40087004 0.03167133 0.00005287 0.00006945 0.00001075 0.00003341 0.50431209 0.00446651 0.26755450 0.00212075 0.00502050 0.00413436 0.21104345 0.00118136
17.50087504 0.03172216 0.00005146 0.00007083 0.00001079 0.00003385 0.50512601 0.00452562 0.26803909 0.00210731 0.00484452 0.00410868 0.20991955 0.00116229
17.60088004 0.03162523 0.00024185 0.00007146 0.00012372 0.00179759 0.50475862 0.00359261 0.26784246 0.00398918 0.00475360 0.00342308 0.20857386 0.00083197
17.70088504 0.03261146 0.00023865 0.00006815 0.00026019 0.00165844 0.50430226 0.00566964 0.26756081 0.00217232 0.00472760 0.00321373 0.20734118 0.00278703
17.80089004 0.03277577 0.00015483 0.00011079 0.00011683 0.00122424 0.50503319 0.00553611 0.26564069 0.00273822 0.00660866 0.00493873 0.20660667 0.00129105
17.90089504 0.03267686 0.00008224 0.00009003 0.00000567 0.00004560 0.50956036 0.00540091 0.26379889 0.00278657 0.00621715 0.00433510 0.20633358 0.00134392
18.00090005 0.03251648 0.00015131 0.00007429 0.00009187 0.00129744 0.51017092 0.00513920 0.26353688 0.00270617 0.00584544 0.00311046 0.20637247 0.00150355
18.10090505 0.03260924 0.00024352 0.00009477 0.00008249 0.00118196 0.51076903 0.00507936 0.26184512 0.00247500 0.00767690 0.00326138 0.20561418 0.00167629
18.20091005 0.03270716 0.00024365 0.00007495 0.00019802 0.00158641 0.51177064 0.00492662 0.26202651 0.00223143 0.00739809 0.00354724 0.20472981 0.00126663
18.30091505 0.03272688 0.00004836 0.00008848 0.00001154 0.00003123 0.51295493 0.00477938 0.26237628 0.00195021 0.00906742 0.00391917 0.20351289 0.00126010
18.40092005 0.03269307 0.00004355 0.00010166 0.00001060 0.00002780 0.51253332 0.00462374 0.26265719 0.00172770 0.00873293 0.00423325 0.20397489 0.00133336
18.50092505 0.03264095 0.00004181 0.00009505 0.00000957 0.00002719 0.51354118 0.00453893 0.26290369 0.00158237 0.00895588 0.00438342 0.20250420 0.00141670
18.60093005 0.03271372 0.00004613 0.00009721 0.00001319 0.00002523 0.51437149 0.00549995 0.26300004 0.00157377 0.00927211 0.00366490 0.20125915 0.00117683
18.70093505 0.03282466 0.00005020 0.00010304 0.00000947 0.00002966 0.51698848 0.00542510 0.26138854 0.00171991 0.00972723 0.00346540 0.19979272 0.00130027
18.80094005 0.03278587 0.00010377 0.00008514 0.00009288 0.00122836 0.51782684 0.00654541 0.26142938 0.00137698 0.00767641 0.00314369 0.19898224 0.00150891
18.90094505 0.03275087 0.00019468 0.00009825 0.00006950 0.00106446 0.51880726 0.00607158 0.26127409 0.00110047 0.00790286 0.00377399 0.19791753 0.00172531
19.00095005 0.03261313 0.00009150 0.00007245 0.00003534 0.00024334 0.52006445 0.00831570 0.26146620 0.00147578 0.00740280 0.00192390 0.19699410 0.00191444
19.10095505 0.03246595 0.00005137 0.00010089 0.00002525 0.00003871 0.52108566 0.00886224 0.26127281 0.00125516 0.00613070 0.00213981 0.19740995 0.00162745
19.20096005 0.03345567 0.00014282 0.00010415 0.00002362 0.00015751 0.52248180 0.00834569 0.25956698 0.00325435 0.00801616 0.00238145 0.19383091 0.00169456
19.30096505 0.03342894 0.00006459 0.00008875 0.00000632 0.00003887 0.52509545 0.00699587 0.25939608 0.00144220 0.00781964 0.00374664 0.19360008 0.00170551
19.40097005 0.03436773 0.00007623 0.00008128 0.00001904 0.00203981 0.52396095 0.00675426 0.25907393 0.00154079 0.00777546 0.00367793 0.19310838 0.00189194
19.50097505 0.03443492 0.00005820 0.00010910 0.00002065 0.00003244 0.52630977 0.00805777 0.25726083 0.00135793 0.00963305 0.00312979 0.19268726 0.00134321
19.60098005 0.03454405 0.00012315 0.00007774 0.00002112 0.00010353 0.52679704 0.00591600 0.25758376 0.00348408 0.00774296 0.00482640 0.19179850 0.00152571
19.70098505 0.03408480 0.00009133 0.00010896 0.00000958 0.00004888 0.52952944 0.00477782 0.25601455 0.00300692 0.00950288 0.00467981 0.19084418 0.00138567
19.80099005 0.03399218 0.00005688 0.00009274 0.00001032 0.00003822 0.53217656 0.00501511 0.25444468 0.00254326 0.00930174 0.00491254 0.18998428 0.00142368
19.90099505 0.03391155 0.00021174 0.00008337 0.00010302 0.00187996 0.53254991 0.00617935 0.25278191 0.00309220 0.00921670 0.00323361 0.18936810 0.00130011
20.00100005 0.03389723 0.00020724 0.00008648 0.00017121 0.00169263 0.53273320 0.00784578 0.25276425 0.00134489 0.00935319 0.00323435 0.18906289 0.00150390
20.10100505 0.03380847 0.00004593 0.00009587 0.00000942 0.00002561 0.53672930 0.00621861 0.25459044 0.00128853 0.00788698 0.00296824 0.18869741 0.00144366
20.20101005 0.03418765 0.00003713 0.00013707 0.00000845 0.00002721 0.53537409 0.00466547 0.25440834 0.00115883 0.01172734 0.00283467 0.18835316 0.00126825
20.30101505 0.03409458 0.00007172 0.00011087 0.00004501 0.00194463 0.53577452 0.00347878 0.25442804 0.00107890 0.00964282 0.00241753 0.19004376 0.00096343
20.40102005 0.03503496 0.00009483 0.00015626 0.00003157 0.00012525 0.53474153 0.00284155 0.25132417 0.00233541 0.01351166 0.00370257 0.18826639 0.00286882
20.50102505 0.03509424 0.00008342 0.00013255 0.00002855 0.00008639 0.53724040 0.00510758 0.25160824 0.00187548 0.01082900 0.00390140 0.18818981 0.00091718
20.60103005 0.03509929 0.00004413 0.00011043 0.00000889 0.00003214 0.53776174 0.00523087 0.25151445 0.00177809 0.01099521 0.00376014 0.18761818 0.00114574
20.70103505 0.03524914 0.00004415 0.00013144 0.00000746 0.00002794 0.53798315 0.00471232 0.25177534 0.00127945 0.01308449 0.00271575 0.18702558 0.00121293
20.80104005 0.03522038 0.00004883 0.00011267 0.00000836 0.00003319 0.53814184 0.00480745 0.25156025 0.00146077 0.01295959 0.00244109 0.18722564 0.00120031
20.90104505 0.03527847 0.00004838 0.00013244 0.00003185 0.00006788 0.53817358 0.00447162 0.24975840 0.00071478 0.01475341 0.00389698 0.18718217 0.00076851
21.00105005 0.03530602 0.00009579 0.00010777 0.00008615 0.00121655 0.54011266 0.00436519 0.25020717 0.00129974 0.01117658 0.00370502 0.18639582 0.00123156
21.10105505 0.03530608 0.00006540 0.00009175 0.00002888 0.00007052 0.53862181 0.00618967 0.24994834 0.00131716 0.01099911 0.00508840 0.18633899 0.00123997
21.20106005 0.03532050 0.00009489 0.00009124 0.00000807 0.00003194 0.53909936 0.00589981 0.24968427 0.00335087 0.01103901 0.00326194 0.18608612 0.00135249
21.30106505 0.03529916 0.00011565 0.00009318 0.00001246 0.00007460 0.53935347 0.00657453 0.24947645 0.00290443 0.01110305 0.00303971 0.18597384 0.00127861
21.40107005 0.03531575 0.00006812 0.00009429 0.00001279 0.00003654 0.53923873 0.00832015 0.24930079 0.00224214 0.01113138 0.00202721 0.18623480 0.00129303
21.50107505 0.03524093 0.00006710 0.00009256 0.00008657 0.00011334 0.53872401 0.00706475 0.25109500 0.00196074 0.00946990 0.00189277 0.18661854 0.00281473
21.60108005 0.03471590 0.00006721 0.00009546 0.00005260 0.00005136 0.53661266 0.00688566 0.25275416 0.00207291 0.00945118 0.00245973 0.18708654 0.00241052
21.70108505 0.03468870 0.00005543 0.00009603 0.00003925 0.00004343 0.53823006 0.00654418 0.25243679 0.00140826 0.00946428 0.00216864 0.18777284 0.00174081
21.80109005 0.03469415 0.00004802 0.00008793 0.00002620 0.00004002 0.53799673 0.00655110 0.25223463 0.00126250 0.00944272 0.00261071 0.18823799 0.00146146
21.90109505 0.03470943 0.00004018 0.00008336 0.00001528 0.00203186 0.53778301 0.00630509 0.25052958 0.00106541 0.00936308 0.00297533 0.18824097 0.00156685
22.00110006 0.03467862 0.00012321 0.00008203 0.00001642 0.00014248 0.53755575 0.00606638 0.25043682 0.00249931 0.00928382 0.00341403 0.18864159 0.00173816
22.10110506 0.03461791 0.00004018 0.00008248 0.00001627 0.00002308 0.53702961 0.00489277 0.25030543 0.00157481 0.00922960 0.00592268 0.18935288 0.00153022
22.20111006 0.03453656 0.00006662 0.00011636 0.00001525 0.00002824 0.53475581 0.00451230 0.25150905 0.00260257 0.00957885 0.00515309 0.19003994 0.00162194
22.30111506 0.03450806 0.00020469 0.00009775 0.00019301 0.00146817 0.53588395 0.00355630 0.25130539 0.00078234 0.00934156 0.00436501 0.19137135 0.00143048
22.40112006 0.03446749 0.00023591 0.00008169 0.00016922 0.00136249 0.53513772 0.00379208 0.25118622 0.00109825 0.00908793 0.00397731 0.19250645 0.00136475
22.50112506 0.03429937 0.00014958 0.00007880 0.00018904 0.00182600 0.53466877 0.00358154 0.25114871 0.00082478 0.00901698 0.00251086 0.19308674 0.00291820
22.60113006 0.03423764 0.00004561 0.00007954 0.00008522 0.00011009 0.53439026 0.00569255 0.25117011 0.00101858 0.00903547 0.00217582 0.19332462 0.00287213
22.70113506 0.03427471 0.00005136 0.00007818 0.00001368 0.00003184 0.53591379 0.00766628 0.25114845 0.00124857 0.00747485 0.00180929 0.19338473 0.00117898
22.80114006 0.03424393 0.00005928 0.00007741 0.00001147 0.00003688 0.53513546 0.00753722 0.25114932 0.00149065 0.00751866 0.00152777 0.19411915 0.00133675
22.90114506 0.03438735 0.00032841 0.00006356 0.00028268 0.00181210 0.53579263 0.00329353 0.24921796 0.00274594 0.00443937 0.00484798 0.19448648 0.00268936
23.00115006 0.03452944 0.00004773 0.00007195 0.00005205 0.00003666 0.53652717 0.00344016 0.24912829 0.00136835 0.00445720 0.00459095 0.19781538 0.00246409
23.10115506 0.03456626 0.00004855 0.00009734 0.00004438 0.00003934 0.53726911 0.00389449 0.24754446 0.00157383 0.00464851 0.00466708 0.19844059 0.00173232
23.20116006 0.03451160 0.00012433 0.00008357 0.00003452 0.00012469 0.53637568 0.00345343 0.24770596 0.00317929 0.00493401 0.00422210 0.19890078 0.00086164
23.30116506 0.03444912 0.00005372 0.00007435 0.00002222 0.00006760 0.53578224 0.00391713 0.24793275 0.00230012 0.00500762 0.00496327 0.19920304 0.00067593
23.40117006 0.03601975 0.00030394 0.00006522 0.00021251 0.00164541 0.53348235 0.00403426 0.24485109 0.00415094 0.00487655 0.00654282 0.19872480 0.00111014
23.50117506 0.03588732 0.00006250 0.00007559 0.00001133 0.00003319 0.53457306 0.00576377 0.24525380 0.00257459 0.00472194 0.00616971 0.19937561 0.00138490
23.60118006 0.03583667 0.00007273 0.00006871 0.00001071 0.00003347 0.53337751 0.00542570 0.24500424 0.00288129 0.00474154 0.00606493 0.20080800 0.00151116
23.70118506 0.03681040 0.00009685 0.00006569 0.00002522 0.00008399 0.53265202 0.00529575 0.24455021 0.00311417 0.00319633 0.00778559 0.20153575 0.00159843
23.80119006 0.03670034 0.00025532 0.00008907 0.00019759 0.00157679 0.53150595 0.00411682 0.24437268 0.00254164 0.00518003 0.00589823 0.20285227 0.00141361
23.90119506 0.03671803 0.00006823 0.00007343 0.00002049 0.00003256 0.53085210 0.00519007 0.24627864 0.00250245 0.00488591 0.00512711 0.20390992 0.00105910
24.00120006 0.03673547 0.00006362 0.00005645 0.00001356 0.00003574 0.53053434 0.00539973 0.24619763 0.00270719 0.00455389 0.00471528 0.20465768 0.00106489
24.10120506 0.03674036 0.00007031 0.00005582 0.00001022 0.00004107 0.53017222 0.00553362 0.24608457 0.00295891 0.00445324 0.00427833 0.20523415 0.00110754
24.20121006 0.03828780 0.00005409 0.00011835 0.00001640 0.00002705 0.52675116 0.00602675 0.24937305 0.00177352 0.00641946 0.00310979 0.20533797 0.00099239
24.30121506 0.03819215 0.00006578 0.00007744 0.00001791 0.00004720 0.52586354 0.00577396 0.24708385 0.00197090 0.00619817 0.00485829 0.20677701 0.00126597
24.40122006 0.03808235 0.00006524 0.00006853 0.00000737 0.00003771 0.52488814 0.00552422 0.24673767 0.00216142 0.00598373 0.00467385 0.20832193 0.00153019
24.50122506 0.03802107 0.00006640 0.00006719 0.00002213 0.00008119 0.52408276 0.00447996 0.24646362 0.00172809 0.00593328 0.00612104 0.20945315 0.00150118
24.60123006 0.03811994 0.00005349 0.00006666 0.00001982 0.00002766 0.52362937 0.00524382 0.24634034 0.00174550 0.00594563 0.00563819 0.21001799 0.00127151
24.70123506 0.03819620 0.00006416 0.00006570 0.00002374 0.00004741 0.52335648 0.00533827 0.24475233 0.00207884 0.00594350 0.00711252 0.20988200 0.00133505
24.80124006 0.03816853 0.00006707 0.00006504 0.00001453 0.00004038 0.52317517 0.00551500 0.24480162 0.00254466 0.00591499 0.00632308 0.21004318 0.00149527
24.90124506 0.03810696 0.00007541 0.00006497 0.00001164 0.00004795 0.52273486 0.00579287 0.24478579 0.00286296 0.00587039 0.00564936 0.21054400 0.00155982
25.00125006 0.03803308 0.00033349 0.00006544 0.00028013 0.00317959 0.52190293 0.00482921 0.24307124 0.00296428 0.00582486 0.00507432 0.21113553 0.00133898
25.10125506 0.03818234 0.00025505 0.00007322 0.00018317 0.00134933 0.52291249 0.00517315 0.24133268 0.00325036 0.00580681 0.00455399 0.21387481 0.00123495
25.20126006 0.03810426 0.00010685 0.00008802 0.00011437 0.00056856 0.52402014 0.00573270 0.24122998 0.00342334 0.00440262 0.00438253 0.21425924 0.00167164
25.30126506 0.03824597 0.00013261 0.00010256 0.00008564 0.00123847 0.52771389 0.00504818 0.23977931 0.00287524 0.00460781 0.00326695 0.21379642 0.00135291
25.40127006 0.03821590 0.00005834 0.00015080 0.00000716 0.00003735 0.52729305 0.00465964 0.24198006 0.00205280 0.00720617 0.00216089 0.21336991 0.00102382
25.50127506 0.03822455 0.00005391 0.00010709 0.00000825 0.00003516 0.53098398 0.00469595 0.23907868 0.00196503 0.00664404 0.00222539 0.21318622 0.00101631
25.60128006 0.03816318 0.00004949 0.00007841 0.00000859 0.00003165 0.53234259 0.00462153 0.23906010 0.00180835 0.00489353 0.00243483 0.21362537 0.00104556
25.70128506 0.03809014 0.00004509 0.00007265 0.00000827 0.00002761 0.53137977 0.00442397 0.23892358 0.00158828 0.00497299 0.00278064 0.21465102 0.00112613
